omega g0 Ag As phaseint
0.01 0.1 0.0011324 0.0019799 1.7484
0.01 0.2 0.0010073 0.0019026 1.8887
0.01 0.3 0.00088223 0.0018253 2.0689
0.01 0.4 0.00075706 0.0017479 2.3088
0.01 0.5 0.00063185 0.0016705 2.6438
0.01 0.6 0.00050659 0.0015931 3.1447
0.01 0.7 0.00038129 0.0015157 3.9751
0.01 0.8 0.00025594 0.0014382 5.6194
0.01 0.9 0.00013054 0.0013607 10.424
0.01 1.0 5.0905e-06 0.0012832 252.08
0.02 0.1 0.0022799 0.0039833 1.7472
0.02 0.2 0.0020296 0.0038286 1.8864
0.02 0.3 0.0017791 0.0036737 2.0649
0.02 0.4 0.0015285 0.0035188 2.3022
0.02 0.5 0.0012776 0.0033637 2.6328
0.02 0.6 0.0010266 0.0032086 3.1255
0.02 0.7 0.00077536 0.0030533 3.9379
0.02 0.8 0.00052395 0.002898 5.531
0.02 0.9 0.00027235 0.0027425 10.07
0.02 1.0 2.0554e-05 0.0025869 125.86
0.03 0.1 0.0034427 0.0060108 1.746
0.03 0.2 0.003067 0.0057785 1.8841
0.03 0.3 0.002691 0.0055459 2.0609
0.03 0.4 0.0023145 0.0053132 2.2956
0.03 0.5 0.0019376 0.0050802 2.6219
0.03 0.6 0.0015603 0.0048469 3.1064
0.03 0.7 0.0011825 0.0046135 3.9014
0.03 0.8 0.00080434 0.0043798 5.4452
0.03 0.9 0.00042573 0.0041459 9.7382
0.03 1.0 4.6688e-05 0.0039117 83.784
0.04 0.1 0.0046211 0.0080628 1.7448
0.04 0.2 0.00412 0.0077528 1.8817
0.04 0.3 0.0036182 0.0074424 2.0569
0.04 0.4 0.0031155 0.0071315 2.289
0.04 0.5 0.0026122 0.0068203 2.611
0.04 0.6 0.002108 0.0065087 3.0876
0.04 0.7 0.0016031 0.0061966 3.8654
0.04 0.8 0.0010974 0.0058841 5.3617
0.04 0.9 0.000591 0.0055712 9.4268
0.04 1.0 8.3796e-05 0.005258 62.747
0.05 0.1 0.0058156 0.01014 1.7435
0.05 0.2 0.0051889 0.009752 1.8794
0.05 0.3 0.004561 0.0093635 2.053
0.05 0.4 0.0039319 0.0089744 2.2825
0.05 0.5 0.0033016 0.0085847 2.6001
0.05 0.6 0.0026701 0.0081943 3.0689
0.05 0.7 0.0020375 0.0078032 3.8299
0.05 0.8 0.0014036 0.0074115 5.2805
0.05 0.9 0.00076849 0.0070192 9.1337
0.05 1.0 0.0001322 0.0066262 50.124
0.06 0.1 0.0070265 0.012242 1.7423
0.06 0.2 0.006274 0.011777 1.877
0.06 0.3 0.0055198 0.01131 2.049
0.06 0.4 0.0047639 0.010842 2.2759
0.06 0.5 0.0040063 0.010374 2.5894
0.06 0.6 0.003247 0.0099043 3.0503
0.06 0.7 0.0024859 0.0094339 3.7949
0.06 0.8 0.0017231 0.0089625 5.2014
0.06 0.9 0.00095853 0.0084902 8.8576
0.06 1.0 0.00019222 0.008017 41.708
0.07 0.1 0.0082541 0.014371 1.7411
0.07 0.2 0.0073757 0.013827 1.8747
0.07 0.3 0.006495 0.013282 2.045
0.07 0.4 0.005612 0.012736 2.2694
0.07 0.5 0.0047266 0.012188 2.5786
0.07 0.6 0.0038389 0.011639 3.0319
0.07 0.7 0.0029488 0.011089 3.7605
0.07 0.8 0.0020563 0.010538 5.1245
0.07 0.9 0.0011615 0.0099848 8.5968
0.07 1.0 0.00026419 0.0094308 35.697
0.08 0.1 0.0094988 0.016527 1.7399
0.08 0.2 0.0084944 0.015904 1.8723
0.08 0.3 0.007487 0.015281 2.041
0.08 0.4 0.0064765 0.014655 2.2629
0.08 0.5 0.0054629 0.014028 2.5679
0.08 0.6 0.0044463 0.0134 3.0137
0.08 0.7 0.0034265 0.012769 3.7266
0.08 0.8 0.0024037 0.012137 5.0495
0.08 0.9 0.0013776 0.011504 8.3502
0.08 1.0 0.00034848 0.010868 31.188
0.09 0.1 0.010761 0.018709 1.7386
0.09 0.2 0.0096304 0.018009 1.87
0.09 0.3 0.008496 0.017306 2.037
0.09 0.4 0.0073578 0.016602 2.2564
0.09 0.5 0.0062156 0.015895 2.5573
0.09 0.6 0.0050695 0.015186 2.9956
0.09 0.7 0.0039195 0.014475 3.6932
0.09 0.8 0.0027655 0.013762 4.9765
0.09 0.9 0.0016075 0.013047 8.1166
0.09 1.0 0.00044543 0.01233 27.68
0.1 0.1 0.012041 0.02092 1.7374
0.1 0.2 0.010784 0.020141 1.8676
0.1 0.3 0.0095226 0.019359 2.033
0.1 0.4 0.0082563 0.018575 2.2499
0.1 0.5 0.0069851 0.017789 2.5467
0.1 0.6 0.005709 0.017 2.9777
0.1 0.7 0.004428 0.016208 3.6603
0.1 0.8 0.0031421 0.015413 4.9053
0.1 0.9 0.0018513 0.014616 7.8951
0.1 1.0 0.00055544 0.013816 24.874
0.11 0.1 0.013339 0.023159 1.7361
0.11 0.2 0.011956 0.022301 1.8653
0.11 0.3 0.010567 0.021441 2.029
0.11 0.4 0.0091724 0.020577 2.2434
0.11 0.5 0.0077717 0.01971 2.5362
0.11 0.6 0.0063651 0.01884 2.9599
0.11 0.7 0.0049526 0.017967 3.6278
0.11 0.8 0.0035341 0.017091 4.8359
0.11 0.9 0.0021095 0.016211 7.6846
0.11 1.0 0.00067888 0.015328 22.578
0.12 0.1 0.014656 0.025427 1.7348
0.12 0.2 0.013147 0.024491 1.8629
0.12 0.3 0.01163 0.023551 2.025
0.12 0.4 0.010106 0.022607 2.2369
0.12 0.5 0.0085759 0.02166 2.5257
0.12 0.6 0.0070383 0.020709 2.9423
0.12 0.7 0.0054936 0.019754 3.5958
0.12 0.8 0.0039417 0.018795 4.7683
0.12 0.9 0.0023826 0.017832 7.4845
0.12 1.0 0.00081616 0.016866 20.665
0.13 0.1 0.015993 0.027724 1.7336
0.13 0.2 0.014356 0.02671 1.8605
0.13 0.3 0.012712 0.02569 2.021
0.13 0.4 0.011059 0.024667 2.2305
0.13 0.5 0.0093982 0.023639 2.5152
0.13 0.6 0.007729 0.022606 2.9248
0.13 0.7 0.0060515 0.021569 3.5643
0.13 0.8 0.0043654 0.020527 4.7022
0.13 0.9 0.0026709 0.019481 7.2938
0.13 1.0 0.0009677 0.01843 19.045
0.14 0.1 0.017348 0.030053 1.7323
0.14 0.2 0.015585 0.028959 1.8581
0.14 0.3 0.013813 0.02786 2.017
0.14 0.4 0.012031 0.026756 2.224
0.14 0.5 0.010239 0.025647 2.5048
0.14 0.6 0.0084377 0.024533 2.9075
0.14 0.7 0.0066267 0.023413 3.5331
0.14 0.8 0.0048057 0.022288 4.6378
0.14 0.9 0.0029749 0.021157 7.1121
0.14 1.0 0.0011339 0.020022 17.657
0.15 0.1 0.018724 0.032412 1.731
0.15 0.2 0.016834 0.031239 1.8557
0.15 0.3 0.014933 0.030061 2.013
0.15 0.4 0.013022 0.028876 2.2176
0.15 0.5 0.011099 0.027686 2.4945
0.15 0.6 0.0091649 0.026489 2.8903
0.15 0.7 0.0072197 0.025287 3.5025
0.15 0.8 0.0052631 0.024078 4.5748
0.15 0.9 0.003295 0.022863 6.9386
0.15 1.0 0.0013153 0.021641 16.453
0.16 0.1 0.020121 0.034803 1.7297
0.16 0.2 0.018104 0.033552 1.8533
0.16 0.3 0.016074 0.032293 2.009
0.16 0.4 0.014032 0.031028 2.2111
0.16 0.5 0.011978 0.029756 2.4842
0.16 0.6 0.0099109 0.028477 2.8732
0.16 0.7 0.0078309 0.02719 3.4722
0.16 0.8 0.0057379 0.025897 4.5134
0.16 0.9 0.0036318 0.024597 6.7728
0.16 1.0 0.0015123 0.02329 15.4
0.17 0.1 0.021538 0.037227 1.7284
0.17 0.2 0.019394 0.035896 1.8509
0.17 0.3 0.017236 0.034558 2.005
0.17 0.4 0.015064 0.033211 2.2047
0.17 0.5 0.012877 0.031857 2.4739
0.17 0.6 0.010676 0.030495 2.8563
0.17 0.7 0.008461 0.029126 3.4423
0.17 0.8 0.0062308 0.027748 4.4533
0.17 0.9 0.0039856 0.026362 6.6142
0.17 1.0 0.0017254 0.024968 14.471
0.18 0.1 0.022977 0.039685 1.7271
0.18 0.2 0.020706 0.038274 1.8485
0.18 0.3 0.018419 0.036855 2.001
0.18 0.4 0.016116 0.035428 2.1983
0.18 0.5 0.013797 0.033992 2.4637
0.18 0.6 0.011462 0.032547 2.8395
0.18 0.7 0.0091104 0.031093 3.4129
0.18 0.8 0.0067422 0.029629 4.3946
0.18 0.9 0.0043572 0.028157 6.4623
0.18 1.0 0.0019551 0.026676 13.644
0.19 0.1 0.024438 0.042176 1.7258
0.19 0.2 0.02204 0.040686 1.8461
0.19 0.3 0.019623 0.039187 1.997
0.19 0.4 0.01719 0.037678 2.1919
0.19 0.5 0.014738 0.036159 2.4535
0.19 0.6 0.012268 0.034631 2.8229
0.19 0.7 0.0097796 0.033092 3.3838
0.19 0.8 0.0072727 0.031543 4.3373
0.19 0.9 0.0047468 0.029984 6.3167
0.19 1.0 0.0022019 0.028415 12.905
0.2 0.1 0.025922 0.044703 1.7245
0.2 0.2 0.023396 0.043133 1.8436
0.2 0.3 0.02085 0.041553 1.9929
0.2 0.4 0.018285 0.039963 2.1855
0.2 0.5 0.0157 0.038361 2.4434
0.2 0.6 0.013095 0.036749 2.8064
0.2 0.7 0.010469 0.035125 3.3551
0.2 0.8 0.0078228 0.033491 4.2812
0.2 0.9 0.0051552 0.031844 6.1771
0.2 1.0 0.0024663 0.030186 12.239
0.21 0.1 0.027429 0.047265 1.7232
0.21 0.2 0.024775 0.045616 1.8412
0.21 0.3 0.0221 0.043956 1.9889
0.21 0.4 0.019404 0.042283 2.1791
0.21 0.5 0.016685 0.040599 2.4333
0.21 0.6 0.013944 0.038902 2.79
0.21 0.7 0.01118 0.037193 3.3268
0.21 0.8 0.0083931 0.035472 4.2263
0.21 0.9 0.0055829 0.033737 6.043
0.21 1.0 0.0027491 0.03199 11.637
0.22 0.1 0.02896 0.049864 1.7218
0.22 0.2 0.026179 0.048136 1.8387
0.22 0.3 0.023374 0.046394 1.9849
0.22 0.4 0.020545 0.04464 2.1728
0.22 0.5 0.017692 0.042872 2.4232
0.22 0.6 0.014815 0.041091 2.7737
0.22 0.7 0.011912 0.039296 3.2988
0.22 0.8 0.0089842 0.037487 4.1726
0.22 0.9 0.0060305 0.035665 5.9141
0.22 1.0 0.0030506 0.033828 11.089
0.23 0.1 0.030515 0.052501 1.7205
0.23 0.2 0.027606 0.050693 1.8363
0.23 0.3 0.024671 0.04887 1.9809
0.23 0.4 0.02171 0.047034 2.1664
0.23 0.5 0.018723 0.045183 2.4132
0.23 0.6 0.015709 0.043316 2.7575
0.23 0.7 0.012667 0.041435 3.2712
0.23 0.8 0.0095967 0.039539 4.1201
0.23 0.9 0.0064986 0.037627 5.7901
0.23 1.0 0.0033716 0.0357 10.589
0.24 0.1 0.032096 0.055177 1.7191
0.24 0.2 0.029059 0.053289 1.8338
0.24 0.3 0.025994 0.051385 1.9768
0.24 0.4 0.0229 0.049466 2.16
0.24 0.5 0.019778 0.047531 2.4032
0.24 0.6 0.016626 0.04558 2.7415
0.24 0.7 0.013444 0.043612 3.244
0.24 0.8 0.010231 0.041628 4.0686
0.24 0.9 0.0069878 0.039626 5.6708
0.24 1.0 0.0037126 0.037608 10.13
0.25 0.1 0.033702 0.057892 1.7178
0.25 0.2 0.030537 0.055924 1.8314
0.25 0.3 0.027342 0.053939 1.9728
0.25 0.4 0.024116 0.051937 2.1537
0.25 0.5 0.020858 0.049918 2.3933
0.25 0.6 0.017568 0.047882 2.7256
0.25 0.7 0.014245 0.045827 3.2171
0.25 0.8 0.010889 0.043754 4.0182
0.25 0.9 0.0074989 0.041662 5.5558
0.25 1.0 0.0040744 0.039552 9.7075
0.26 0.1 0.035334 0.060648 1.7164
0.26 0.2 0.032042 0.0586 1.8289
0.26 0.3 0.028716 0.056534 1.9687
0.26 0.4 0.025357 0.054449 2.1474
0.26 0.5 0.021963 0.052346 2.3834
0.26 0.6 0.018534 0.050223 2.7098
0.26 0.7 0.01507 0.048081 3.1905
0.26 0.8 0.01157 0.045919 3.9689
0.26 0.9 0.0080324 0.043737 5.445
0.26 1.0 0.0044576 0.041534 9.3176
0.27 0.1 0.036994 0.063446 1.715
0.27 0.2 0.033573 0.061318 1.8264
0.27 0.3 0.030117 0.05917 1.9647
0.27 0.4 0.026624 0.057003 2.141
0.27 0.5 0.023094 0.054814 2.3735
0.27 0.6 0.019527 0.052606 2.6941
0.27 0.7 0.01592 0.050376 3.1642
0.27 0.8 0.012275 0.048124 3.9206
0.27 0.9 0.0085893 0.045851 5.3381
0.27 1.0 0.004863 0.043555 8.9565
0.28 0.1 0.038682 0.066287 1.7136
0.28 0.2 0.035133 0.064079 1.8239
0.28 0.3 0.031546 0.061849 1.9606
0.28 0.4 0.027919 0.059598 2.1347
0.28 0.5 0.024253 0.057325 2.3637
0.28 0.6 0.020545 0.05503 2.6785
0.28 0.7 0.016796 0.052712 3.1383
0.28 0.8 0.013005 0.05037 3.8732
0.28 0.9 0.0091702 0.048005 5.2349
0.28 1.0 0.0052912 0.045616 8.621
0.29 0.1 0.040398 0.069171 1.7122
0.29 0.2 0.036721 0.066883 1.8214
0.29 0.3 0.033003 0.064572 1.9566
0.29 0.4 0.029242 0.062238 2.1283
0.29 0.5 0.025439 0.05988 2.3539
0.29 0.6 0.021591 0.057498 2.663
0.29 0.7 0.017699 0.055091 3.1127
0.29 0.8 0.013761 0.052659 3.8267
0.29 0.9 0.0097758 0.050201 5.1352
0.29 1.0 0.0057432 0.047717 8.3085
0.3 0.1 0.042144 0.072101 1.7108
0.3 0.2 0.038339 0.069733 1.8189
0.3 0.3 0.03449 0.06734 1.9525
0.3 0.4 0.030595 0.064922 2.122
0.3 0.5 0.026654 0.062479 2.3441
0.3 0.6 0.022665 0.06001 2.6476
0.3 0.7 0.018629 0.057514 3.0873
0.3 0.8 0.014543 0.054991 3.7812
0.3 0.9 0.010407 0.05244 5.0389
0.3 1.0 0.0062197 0.049861 8.0167
0.31 0.1 0.043921 0.075078 1.7094
0.31 0.2 0.039987 0.07263 1.8163
0.31 0.3 0.036006 0.070155 1.9484
0.31 0.4 0.031977 0.067653 2.1157
0.31 0.5 0.027898 0.065124 2.3344
0.31 0.6 0.023768 0.062567 2.6324
0.31 0.7 0.019587 0.059982 3.0623
0.31 0.8 0.015353 0.057368 3.7365
0.31 0.9 0.011065 0.054723 4.9456
0.31 1.0 0.0067215 0.052049 7.7437
0.32 0.1 0.045728 0.078103 1.708
0.32 0.2 0.041667 0.075574 1.8138
0.32 0.3 0.037554 0.073017 1.9443
0.32 0.4 0.03339 0.070432 2.1094
0.32 0.5 0.029173 0.067817 2.3247
0.32 0.6 0.024901 0.065172 2.6172
0.32 0.7 0.020575 0.062497 3.0376
0.32 0.8 0.016191 0.059791 3.6927
0.32 0.9 0.01175 0.057052 4.8554
0.32 1.0 0.0072496 0.054281 7.4875
0.33 0.1 0.047568 0.081176 1.7065
0.33 0.2 0.043378 0.078567 1.8112
0.33 0.3 0.039134 0.075928 1.9402
0.33 0.4 0.034834 0.073259 2.1031
0.33 0.5 0.030479 0.070558 2.315
0.33 0.6 0.026065 0.067825 2.6022
0.33 0.7 0.021592 0.06506 3.0131
0.33 0.8 0.017059 0.062261 3.6497
0.33 0.9 0.012464 0.059428 4.7681
0.33 1.0 0.0078049 0.05656 7.2468
0.34 0.1 0.049441 0.084301 1.7051
0.34 0.2 0.045123 0.081612 1.8087
0.34 0.3 0.040747 0.07889 1.9361
0.34 0.4 0.036312 0.076137 2.0967
0.34 0.5 0.031817 0.07335 2.3054
0.34 0.6 0.027261 0.070528 2.5872
0.34 0.7 0.022641 0.067672 2.9889
0.34 0.8 0.017957 0.064781 3.6075
0.34 0.9 0.013207 0.061853 4.6834
0.34 1.0 0.0083884 0.058887 7.0201
0.35 0.1 0.051349 0.087478 1.7036
0.35 0.2 0.046901 0.084708 1.8061
0.35 0.3 0.042393 0.081904 1.932
0.35 0.4 0.037823 0.079066 2.0904
0.35 0.5 0.033189 0.076193 2.2957
0.35 0.6 0.028489 0.073283 2.5723
0.35 0.7 0.023722 0.070336 2.965
0.35 0.8 0.018886 0.067351 3.5661
0.35 0.9 0.01398 0.064327 4.6014
0.35 1.0 0.0090011 0.061263 6.8062
0.36 0.1 0.053291 0.090708 1.7021
0.36 0.2 0.048715 0.087858 1.8035
0.36 0.3 0.044075 0.084972 1.9279
0.36 0.4 0.039369 0.08205 2.0841
0.36 0.5 0.034595 0.079089 2.2862
0.36 0.6 0.029751 0.07609 2.5575
0.36 0.7 0.024836 0.073052 2.9413
0.36 0.8 0.019848 0.069973 3.5254
0.36 0.9 0.014785 0.066853 4.5217
0.36 1.0 0.009644 0.06369 6.6041
0.37 0.1 0.05527 0.093993 1.7006
0.37 0.2 0.050566 0.091063 1.8009
0.37 0.3 0.045793 0.088095 1.9238
0.37 0.4 0.040951 0.085088 2.0778
0.37 0.5 0.036037 0.082041 2.2766
0.37 0.6 0.031049 0.078953 2.5429
0.37 0.7 0.025985 0.075823 2.9179
0.37 0.8 0.020844 0.072649 3.4855
0.37 0.9 0.015622 0.069432 4.4445
0.37 1.0 0.010318 0.066169 6.4128
0.38 0.1 0.057286 0.097336 1.6991
0.38 0.2 0.052453 0.094326 1.7983
0.38 0.3 0.047549 0.091275 1.9196
0.38 0.4 0.04257 0.088183 2.0715
0.38 0.5 0.037515 0.085049 2.2671
0.38 0.6 0.032382 0.081871 2.5283
0.38 0.7 0.027169 0.078649 2.8948
0.38 0.8 0.021874 0.075381 3.4462
0.38 0.9 0.016493 0.072066 4.3695
0.38 1.0 0.011025 0.068703 6.2314
0.39 0.1 0.059341 0.10074 1.6976
0.39 0.2 0.05438 0.097647 1.7957
0.39 0.3 0.049343 0.094514 1.9155
0.39 0.4 0.044227 0.091337 2.0652
0.39 0.5 0.039032 0.088116 2.2575
0.39 0.6 0.033753 0.084848 2.5138
0.39 0.7 0.02839 0.081534 2.8719
0.39 0.8 0.02294 0.07817 3.4076
0.39 0.9 0.017399 0.074757 4.2966
0.39 1.0 0.011766 0.071293 6.0592
0.4 0.1 0.061436 0.1042 1.6961
0.4 0.2 0.056346 0.10103 1.793
0.4 0.3 0.051176 0.097813 1.9113
0.4 0.4 0.045924 0.094552 2.0589
0.4 0.5 0.040587 0.091243 2.2481
0.4 0.6 0.035163 0.087885 2.4993
0.4 0.7 0.02965 0.084478 2.8492
0.4 0.8 0.024043 0.081019 3.3697
0.4 0.9 0.018342 0.077507 4.2257
0.4 1.0 0.012542 0.073941 5.8955
0.41 0.1 0.063572 0.10772 1.6945
0.41 0.2 0.058354 0.10447 1.7904
0.41 0.3 0.053051 0.10118 1.9071
0.41 0.4 0.047662 0.097829 2.0525
0.41 0.5 0.042184 0.094432 2.2386
0.41 0.6 0.036613 0.090984 2.485
0.41 0.7 0.030948 0.087484 2.8268
0.41 0.8 0.025185 0.083929 3.3324
0.41 0.9 0.019322 0.080318 4.1569
0.41 1.0 0.013354 0.07665 5.7396
0.42 0.1 0.06575 0.11131 1.693
0.42 0.2 0.060404 0.10798 1.7877
0.42 0.3 0.054969 0.1046 1.9029
0.42 0.4 0.049443 0.10117 2.0462
0.42 0.5 0.043822 0.097686 2.2291
0.42 0.6 0.038105 0.094148 2.4707
0.42 0.7 0.032288 0.090554 2.8046
0.42 0.8 0.026368 0.086902 3.2958
0.42 0.9 0.020341 0.083192 4.0898
0.42 1.0 0.014205 0.07942 5.5911
0.43 0.1 0.067973 0.11497 1.6914
0.43 0.2 0.062498 0.11156 1.785
0.43 0.3 0.056931 0.1081 1.8987
0.43 0.4 0.051267 0.10458 2.0399
0.43 0.5 0.045504 0.10101 2.2197
0.43 0.6 0.03964 0.097378 2.4566
0.43 0.7 0.03367 0.09369 2.7826
0.43 0.8 0.027592 0.089941 3.2597
0.43 0.9 0.021401 0.086131 4.0246
0.43 1.0 0.015095 0.082255 5.4493
0.44 0.1 0.070242 0.1187 1.6898
0.44 0.2 0.064639 0.1152 1.7823
0.44 0.3 0.058938 0.11166 1.8945
0.44 0.4 0.053137 0.10806 2.0336
0.44 0.5 0.047232 0.1044 2.2103
0.44 0.6 0.041219 0.10068 2.4425
0.44 0.7 0.035096 0.096894 2.7608
0.44 0.8 0.028859 0.093049 3.2243
0.44 0.9 0.022503 0.089137 3.9611
0.44 1.0 0.016025 0.085157 5.3139
0.45 0.1 0.072557 0.12249 1.6882
0.45 0.2 0.066826 0.11892 1.7796
0.45 0.3 0.060993 0.11529 1.8903
0.45 0.4 0.055054 0.11161 2.0272
0.45 0.5 0.049006 0.10786 2.2009
0.45 0.6 0.042845 0.10405 2.4284
0.45 0.7 0.036568 0.10017 2.7393
0.45 0.8 0.030171 0.096226 3.1894
0.45 0.9 0.023649 0.092213 3.8992
0.45 1.0 0.016999 0.088129 5.1843
0.46 0.1 0.074922 0.12636 1.6866
0.46 0.2 0.069063 0.12271 1.7768
0.46 0.3 0.063096 0.119 1.886
0.46 0.4 0.057019 0.11523 2.0209
0.46 0.5 0.050828 0.11139 2.1916
0.46 0.6 0.044519 0.10749 2.4145
0.46 0.7 0.038088 0.10352 2.7179
0.46 0.8 0.03153 0.099477 3.155
0.46 0.9 0.024841 0.095362 3.8389
0.46 1.0 0.018017 0.091172 5.0603
0.47 0.1 0.077337 0.13031 1.6849
0.47 0.2 0.07135 0.12658 1.7741
0.47 0.3 0.065251 0.12279 1.8818
0.47 0.4 0.059036 0.11893 2.0145
0.47 0.5 0.052701 0.115 2.1822
0.47 0.6 0.046243 0.11101 2.4006
0.47 0.7 0.039656 0.10694 2.6968
0.47 0.8 0.032937 0.1028 3.1212
0.47 0.9 0.026081 0.098586 3.78
0.47 1.0 0.019082 0.09429 4.9414
0.48 0.1 0.079805 0.13434 1.6833
0.48 0.2 0.07369 0.13053 1.7713
0.48 0.3 0.067458 0.12665 1.8775
0.48 0.4 0.061105 0.12271 2.0082
0.48 0.5 0.054626 0.1187 2.1729
0.48 0.6 0.048019 0.11461 2.3868
0.48 0.7 0.041277 0.11045 2.6758
0.48 0.8 0.034395 0.10621 3.0879
0.48 0.9 0.02737 0.10189 3.7227
0.48 1.0 0.020194 0.097485 4.8273
0.49 0.1 0.082328 0.13844 1.6816
0.49 0.2 0.076085 0.13456 1.7685
0.49 0.3 0.06972 0.1306 1.8732
0.49 0.4 0.063228 0.12657 2.0018
0.49 0.5 0.056606 0.12247 2.1635
0.49 0.6 0.049848 0.11829 2.373
0.49 0.7 0.04295 0.11403 2.655
0.49 0.8 0.035906 0.1097 3.0551
0.49 0.9 0.028711 0.10527 3.6667
0.49 1.0 0.021358 0.10076 4.7178
0.5 0.1 0.084907 0.14264 1.6799
0.5 0.2 0.078536 0.13867 1.7657
0.5 0.3 0.072038 0.13463 1.8689
0.5 0.4 0.065409 0.13052 1.9954
0.5 0.5 0.058642 0.12633 2.1542
0.5 0.6 0.051734 0.12206 2.3593
0.5 0.7 0.044679 0.11771 2.6345
0.5 0.8 0.037472 0.11327 3.0228
0.5 0.9 0.030105 0.10874 3.612
0.5 1.0 0.022574 0.10412 4.6125
0.51 0.1 0.087545 0.14692 1.6782
0.51 0.2 0.081047 0.14287 1.7629
0.51 0.3 0.074416 0.13875 1.8646
0.51 0.4 0.067648 0.13456 1.989
0.51 0.5 0.060738 0.13028 2.1449
0.51 0.6 0.053679 0.12592 2.3457
0.51 0.7 0.046466 0.12147 2.6141
0.51 0.8 0.039094 0.11693 2.9909
0.51 0.9 0.031556 0.1123 3.5586
0.51 1.0 0.023845 0.10757 4.5112
0.52 0.1 0.090244 0.15129 1.6765
0.52 0.2 0.083619 0.14717 1.76
0.52 0.3 0.076856 0.14297 1.8602
0.52 0.4 0.069949 0.13868 1.9826
0.52 0.5 0.062894 0.13432 2.1356
0.52 0.6 0.055684 0.12986 2.3321
0.52 0.7 0.048314 0.12532 2.5938
0.52 0.8 0.040777 0.12068 2.9595
0.52 0.9 0.033066 0.11594 3.5065
0.52 1.0 0.025173 0.11111 4.4136
0.53 0.1 0.093007 0.15576 1.6747
0.53 0.2 0.086255 0.15156 1.7571
0.53 0.3 0.079359 0.14728 1.8558
0.53 0.4 0.072314 0.14291 1.9762
0.53 0.5 0.065114 0.13845 2.1263
0.53 0.6 0.057753 0.13391 2.3186
0.53 0.7 0.050225 0.12927 2.5738
0.53 0.8 0.042521 0.12453 2.9286
0.53 0.9 0.034637 0.11969 3.4555
0.53 1.0 0.026562 0.11474 4.3196
0.54 0.1 0.095837 0.16033 1.6729
0.54 0.2 0.088958 0.15605 1.7542
0.54 0.3 0.08193 0.15169 1.8514
0.54 0.4 0.074746 0.14723 1.9698
0.54 0.5 0.067401 0.14269 2.117
0.54 0.6 0.059889 0.13805 2.3052
0.54 0.7 0.052201 0.13332 2.5539
0.54 0.8 0.044331 0.12848 2.8981
0.54 0.9 0.036272 0.12353 3.4056
0.54 1.0 0.028014 0.11847 4.229
0.55 0.1 0.098735 0.165 1.6711
0.55 0.2 0.09173 0.16064 1.7513
0.55 0.3 0.084569 0.1562 1.847
0.55 0.4 0.077248 0.15166 1.9634
0.55 0.5 0.069758 0.14703 2.1078
0.55 0.6 0.062093 0.1423 2.2918
0.55 0.7 0.054246 0.13747 2.5342
0.55 0.8 0.046209 0.13253 2.868
0.55 0.9 0.037974 0.12747 3.3569
0.55 1.0 0.029532 0.12231 4.1415
0.56 0.1 0.10171 0.16978 1.6693
0.56 0.2 0.094575 0.16535 1.7483
0.56 0.3 0.087282 0.16082 1.8426
0.56 0.4 0.079822 0.1562 1.9569
0.56 0.5 0.072187 0.15148 2.0985
0.56 0.6 0.06437 0.14666 2.2784
0.56 0.7 0.056363 0.14173 2.5146
0.56 0.8 0.048159 0.13669 2.8383
0.56 0.9 0.039747 0.13153 3.3092
0.56 1.0 0.031119 0.12625 4.057
0.57 0.1 0.10475 0.17467 1.6675
0.57 0.2 0.097495 0.17016 1.7453
0.57 0.3 0.09007 0.16556 1.8381
0.57 0.4 0.082472 0.16085 1.9504
0.57 0.5 0.074692 0.15605 2.0892
0.57 0.6 0.066723 0.15113 2.2651
0.57 0.7 0.058556 0.1461 2.4951
0.57 0.8 0.050182 0.14096 2.809
0.57 0.9 0.041593 0.1357 3.2624
0.57 1.0 0.032778 0.1303 3.9753
0.58 0.1 0.10788 0.17968 1.6656
0.58 0.2 0.10049 0.17509 1.7423
0.58 0.3 0.092938 0.17041 1.8336
0.58 0.4 0.085201 0.16562 1.9439
0.58 0.5 0.077276 0.16073 2.0799
0.58 0.6 0.069154 0.15572 2.2518
0.58 0.7 0.060827 0.1506 2.4759
0.58 0.8 0.052285 0.14535 2.78
0.58 0.9 0.043517 0.13998 3.2167
0.58 1.0 0.034514 0.13448 3.8962
0.59 0.1 0.11108 0.18481 1.6637
0.59 0.2 0.10358 0.18015 1.7393
0.59 0.3 0.095889 0.17539 1.8291
0.59 0.4 0.088014 0.17052 1.9374
0.59 0.5 0.079944 0.16553 2.0706
0.59 0.6 0.071669 0.16044 2.2386
0.59 0.7 0.063181 0.15522 2.4567
0.59 0.8 0.054469 0.14987 2.7515
0.59 0.9 0.045523 0.14439 3.1718
0.59 1.0 0.03633 0.13877 3.8197
0.6 0.1 0.11438 0.19007 1.6618
0.6 0.2 0.10675 0.18533 1.7362
0.6 0.3 0.098927 0.18049 1.8245
0.6 0.4 0.090914 0.17554 1.9308
0.6 0.5 0.082699 0.17047 2.0613
0.6 0.6 0.074271 0.16528 2.2254
0.6 0.7 0.065622 0.15996 2.4377
0.6 0.8 0.056739 0.15452 2.7233
0.6 0.9 0.047613 0.14893 3.1279
0.6 1.0 0.038231 0.1432 3.7456
0.61 0.1 0.11776 0.19546 1.6598
0.61 0.2 0.11 0.19065 1.7331
0.61 0.3 0.10206 0.18573 1.8199
0.61 0.4 0.093906 0.1807 1.9242
0.61 0.5 0.085545 0.17554 2.052
0.61 0.6 0.076965 0.17026 2.2122
0.61 0.7 0.068154 0.16485 2.4188
0.61 0.8 0.059101 0.1593 2.6954
0.61 0.9 0.049794 0.15361 3.0848
0.61 1.0 0.040221 0.14776 3.6738
0.62 0.1 0.12124 0.20099 1.6578
0.62 0.2 0.11336 0.19611 1.73
0.62 0.3 0.10528 0.19111 1.8153
0.62 0.4 0.096993 0.186 1.9176
0.62 0.5 0.088488 0.18076 2.0427
0.62 0.6 0.079754 0.17538 2.1991
0.62 0.7 0.070781 0.16988 2.4
0.62 0.8 0.061557 0.16423 2.6678
0.62 0.9 0.052069 0.15842 3.0426
0.62 1.0 0.042304 0.15247 3.6041
0.63 0.1 0.12482 0.20667 1.6558
0.63 0.2 0.11681 0.20172 1.7268
0.63 0.3 0.10861 0.19664 1.8106
0.63 0.4 0.10018 0.19145 1.911
0.63 0.5 0.091532 0.18612 2.0334
0.63 0.6 0.082645 0.18066 2.1859
0.63 0.7 0.07351 0.17505 2.3814
0.63 0.8 0.064115 0.1693 2.6406
0.63 0.9 0.054445 0.16339 3.0011
0.63 1.0 0.044486 0.15732 3.5364
0.64 0.1 0.1285 0.21251 1.6538
0.64 0.2 0.12038 0.20748 1.7236
0.64 0.3 0.11204 0.20233 1.8059
0.64 0.4 0.10348 0.19705 1.9043
0.64 0.5 0.094682 0.19164 2.024
0.64 0.6 0.085643 0.18609 2.1729
0.64 0.7 0.076346 0.18039 2.3628
0.64 0.8 0.066778 0.17454 2.6137
0.64 0.9 0.056925 0.16852 2.9604
0.64 1.0 0.046773 0.16233 3.4707
0.65 0.1 0.13229 0.2185 1.6517
0.65 0.2 0.12405 0.21341 1.7204
0.65 0.3 0.11558 0.20818 1.8012
0.65 0.4 0.10688 0.20282 1.8976
0.65 0.5 0.097945 0.19733 2.0147
0.65 0.6 0.088753 0.19169 2.1598
0.65 0.7 0.079293 0.18589 2.3444
0.65 0.8 0.069554 0.17994 2.587
0.65 0.9 0.059518 0.17382 2.9204
0.65 1.0 0.04917 0.16751 3.4068
0.66 0.1 0.1362 0.22467 1.6495
0.66 0.2 0.12784 0.2195 1.7171
0.66 0.3 0.11924 0.2142 1.7964
0.66 0.4 0.11041 0.20877 1.8909
0.66 0.5 0.10133 0.20319 2.0053
0.66 0.6 0.091981 0.19746 2.1467
0.66 0.7 0.08236 0.19157 2.326
0.66 0.8 0.072448 0.18552 2.5607
0.66 0.9 0.062228 0.17929 2.8811
0.66 1.0 0.051685 0.17287 3.3447
0.67 0.1 0.14023 0.23102 1.6474
0.67 0.2 0.13175 0.22578 1.7137
0.67 0.3 0.12303 0.22041 1.7916
0.67 0.4 0.11406 0.2149 1.8841
0.67 0.5 0.10483 0.20923 1.9959
0.67 0.6 0.095336 0.20342 2.1337
0.67 0.7 0.085552 0.19743 2.3078
0.67 0.8 0.075467 0.19128 2.5346
0.67 0.9 0.065064 0.18494 2.8425
0.67 1.0 0.054324 0.17841 3.2843
0.68 0.1 0.1444 0.23756 1.6452
0.68 0.2 0.13579 0.23225 1.7104
0.68 0.3 0.12694 0.22681 1.7867
0.68 0.4 0.11784 0.22122 1.8773
0.68 0.5 0.10847 0.21547 1.9864
0.68 0.6 0.098823 0.20957 2.1206
0.68 0.7 0.088878 0.20349 2.2896
0.68 0.8 0.07862 0.19724 2.5088
0.68 0.9 0.068032 0.1908 2.8045
0.68 1.0 0.057095 0.18415 3.2254
0.69 0.1 0.14869 0.24429 1.6429
0.69 0.2 0.13997 0.23892 1.7069
0.69 0.3 0.131 0.23341 1.7818
0.69 0.4 0.12176 0.22774 1.8704
0.69 0.5 0.11225 0.22192 1.977
0.69 0.6 0.10245 0.21593 2.1076
0.69 0.7 0.092345 0.20976 2.2715
0.69 0.8 0.081915 0.20341 2.4832
0.69 0.9 0.071142 0.19686 2.7671
0.69 1.0 0.060007 0.1901 3.168
0.7 0.1 0.15314 0.25124 1.6406
0.7 0.2 0.1443 0.24581 1.7035
0.7 0.3 0.1352 0.24023 1.7768
0.7 0.4 0.12583 0.23449 1.8635
0.7 0.5 0.11618 0.22858 1.9674
0.7 0.6 0.10623 0.22251 2.0946
0.7 0.7 0.095963 0.21625 2.2535
0.7 0.8 0.08536 0.2098 2.4578
0.7 0.9 0.074402 0.20314 2.7304
0.7 1.0 0.063069 0.19628 3.1121
0.71 0.1 0.15774 0.25842 1.6383
0.71 0.2 0.14878 0.25292 1.6999
0.71 0.3 0.13956 0.24727 1.7718
0.71 0.4 0.13006 0.24146 1.8565
0.71 0.5 0.12027 0.23548 1.9579
0.71 0.6 0.11017 0.22932 2.0815
0.71 0.7 0.09974 0.22297 2.2355
0.71 0.8 0.088965 0.21642 2.4327
0.71 0.9 0.077823 0.20967 2.6941
0.71 1.0 0.066291 0.20268 3.0575
0.72 0.1 0.1625 0.26584 1.6359
0.72 0.2 0.15343 0.26028 1.6964
0.72 0.3 0.14409 0.25456 1.7667
0.72 0.4 0.13446 0.24868 1.8494
0.72 0.5 0.12453 0.24262 1.9483
0.72 0.6 0.11428 0.23638 2.0684
0.72 0.7 0.10369 0.22994 2.2176
0.72 0.8 0.092742 0.2233 2.4077
0.72 0.9 0.081415 0.21644 2.6584
0.72 1.0 0.069684 0.20935 3.0042
0.73 0.1 0.16744 0.27351 1.6334
0.73 0.2 0.15826 0.26789 1.6927
0.73 0.3 0.1488 0.26211 1.7615
0.73 0.4 0.13904 0.25616 1.8423
0.73 0.5 0.12897 0.25002 1.9386
0.73 0.6 0.11857 0.2437 2.0553
0.73 0.7 0.10782 0.23718 2.1997
0.73 0.8 0.096702 0.23044 2.383
0.73 0.9 0.085191 0.22348 2.6233
0.73 1.0 0.073261 0.21628 2.9521
0.74 0.1 0.17257 0.28145 1.6309
0.74 0.2 0.16328 0.27578 1.689
0.74 0.3 0.1537 0.26993 1.7563
0.74 0.4 0.14381 0.26391 1.8352
0.74 0.5 0.1336 0.25771 1.9289
0.74 0.6 0.12306 0.25131 2.0422
0.74 0.7 0.11215 0.2447 2.1819
0.74 0.8 0.10086 0.23787 2.3584
0.74 0.9 0.089164 0.23081 2.5886
0.74 1.0 0.077035 0.22349 2.9012
0.75 0.1 0.1779 0.28969 1.6284
0.75 0.2 0.1685 0.28396 1.6852
0.75 0.3 0.1588 0.27805 1.751
0.75 0.4 0.14879 0.27197 1.8279
0.75 0.5 0.13844 0.26569 1.9191
0.75 0.6 0.12775 0.25922 2.0291
0.75 0.7 0.11669 0.25252 2.1641
0.75 0.8 0.10523 0.2456 2.334
0.75 0.9 0.093349 0.23844 2.5543
0.75 1.0 0.081021 0.23102 2.8514
0.76 0.1 0.18345 0.29824 1.6257
0.76 0.2 0.17394 0.29245 1.6814
0.76 0.3 0.16412 0.28649 1.7456
0.76 0.4 0.15399 0.28034 1.8206
0.76 0.5 0.14351 0.274 1.9093
0.76 0.6 0.13267 0.26745 2.0159
0.76 0.7 0.12145 0.26068 2.1463
0.76 0.8 0.10982 0.25367 2.3097
0.76 0.9 0.097762 0.24641 2.5205
0.76 1.0 0.085237 0.23888 2.8026
0.77 0.1 0.18923 0.30712 1.623
0.77 0.2 0.17961 0.30129 1.6774
0.77 0.3 0.16968 0.29527 1.7401
0.77 0.4 0.15943 0.28907 1.8132
0.77 0.5 0.14882 0.28266 1.8993
0.77 0.6 0.13784 0.27603 2.0026
0.77 0.7 0.12646 0.26918 2.1285
0.77 0.8 0.11467 0.26209 2.2856
0.77 0.9 0.10242 0.25473 2.4871
0.77 1.0 0.0897 0.2471 2.7548
0.78 0.1 0.19526 0.31637 1.6202
0.78 0.2 0.18554 0.31049 1.6734
0.78 0.3 0.1755 0.30442 1.7346
0.78 0.4 0.16512 0.29816 1.8056
0.78 0.5 0.15439 0.29169 1.8893
0.78 0.6 0.14327 0.28499 1.9893
0.78 0.7 0.13174 0.27807 2.1108
0.78 0.8 0.11978 0.27089 2.2616
0.78 0.9 0.10735 0.26344 2.454
0.78 1.0 0.094433 0.25571 2.7079
0.79 0.1 0.20157 0.326 1.6174
0.79 0.2 0.19175 0.32008 1.6693
0.79 0.3 0.1816 0.31397 1.7289
0.79 0.4 0.1711 0.30765 1.798
0.79 0.5 0.16024 0.30112 1.8792
0.79 0.6 0.14898 0.29436 1.9759
0.79 0.7 0.1373 0.28736 2.0929
0.79 0.8 0.12518 0.2801 2.2377
0.79 0.9 0.11257 0.27257 2.4213
0.79 1.0 0.099458 0.26474 2.6618
0.8 0.1 0.20817 0.33606 1.6144
0.8 0.2 0.19825 0.3301 1.6651
0.8 0.3 0.188 0.32394 1.7231
0.8 0.4 0.17739 0.31758 1.7903
0.8 0.5 0.1664 0.31099 1.869
0.8 0.6 0.155 0.30418 1.9624
0.8 0.7 0.14318 0.29711 2.0751
0.8 0.8 0.13089 0.28977 2.2138
0.8 0.9 0.11811 0.28215 2.3889
0.8 1.0 0.1048 0.27423 2.6166
0.81 0.1 0.21509 0.34659 1.6113
0.81 0.2 0.20508 0.34059 1.6607
0.81 0.3 0.19473 0.33439 1.7172
0.81 0.4 0.18401 0.32798 1.7824
0.81 0.5 0.1729 0.32135 1.8586
0.81 0.6 0.16137 0.31447 1.9488
0.81 0.7 0.1494 0.30734 2.0572
0.81 0.8 0.13695 0.29993 2.1901
0.81 0.9 0.124 0.29224 2.3567
0.81 1.0 0.1105 0.28422 2.5721
0.82 0.1 0.22237 0.35762 1.6082
0.82 0.2 0.21227 0.35159 1.6563
0.82 0.3 0.20182 0.34536 1.7112
0.82 0.4 0.19099 0.33891 1.7745
0.82 0.5 0.17976 0.33223 1.8481
0.82 0.6 0.16811 0.3253 1.9351
0.82 0.7 0.156 0.31811 2.0392
0.82 0.8 0.1434 0.31064 2.1663
0.82 0.9 0.13027 0.30286 2.3248
0.82 1.0 0.11658 0.29476 2.5283
0.83 0.1 0.23004 0.3692 1.6049
0.83 0.2 0.21986 0.36315 1.6517
0.83 0.3 0.20931 0.35689 1.705
0.83 0.4 0.19838 0.35041 1.7663
0.83 0.5 0.18704 0.34368 1.8375
0.83 0.6 0.17526 0.33671 1.9212
0.83 0.7 0.16301 0.32947 2.0211
0.83 0.8 0.15026 0.32193 2.1425
0.83 0.9 0.13697 0.31409 2.2932
0.83 1.0 0.12309 0.30591 2.4851
0.84 0.1 0.23815 0.38139 1.6015
0.84 0.2 0.22788 0.37533 1.647
0.84 0.3 0.21725 0.36904 1.6987
0.84 0.4 0.20622 0.36253 1.758
0.84 0.5 0.19477 0.35578 1.8267
0.84 0.6 0.18287 0.34877 1.9072
0.84 0.7 0.17049 0.34148 2.003
0.84 0.8 0.15759 0.33389 2.1187
0.84 0.9 0.14413 0.32598 2.2617
0.84 1.0 0.13008 0.31773 2.4425
0.85 0.1 0.24673 0.39427 1.598
0.85 0.2 0.23639 0.38819 1.6421
0.85 0.3 0.22568 0.38189 1.6922
0.85 0.4 0.21455 0.37536 1.7495
0.85 0.5 0.203 0.36858 1.8157
0.85 0.6 0.19099 0.36154 1.893
0.85 0.7 0.17848 0.35421 1.9846
0.85 0.8 0.16544 0.34658 2.0949
0.85 0.9 0.15183 0.33861 2.2303
0.85 1.0 0.1376 0.33029 2.4004
0.86 0.1 0.25586 0.4079 1.5943
0.86 0.2 0.24545 0.40182 1.6371
0.86 0.3 0.23466 0.39552 1.6855
0.86 0.4 0.22345 0.38898 1.7408
0.86 0.5 0.2118 0.38218 1.8045
0.86 0.6 0.19968 0.37511 1.8786
0.86 0.7 0.18705 0.36776 1.9661
0.86 0.8 0.17387 0.36008 2.071
0.86 0.9 0.16011 0.35207 2.1989
0.86 1.0 0.14571 0.3437 2.3587
0.87 0.1 0.26559 0.42239 1.5904
0.87 0.2 0.25512 0.41631 1.6318
0.87 0.3 0.24426 0.41001 1.6786
0.87 0.4 0.23297 0.40347 1.7318
0.87 0.5 0.22123 0.39667 1.793
0.87 0.6 0.20901 0.38959 1.864
0.87 0.7 0.19627 0.38222 1.9474
0.87 0.8 0.18297 0.37452 2.0469
0.87 0.9 0.16907 0.36647 2.1676
0.87 1.0 0.15451 0.35805 2.3174
0.88 0.1 0.27601 0.43784 1.5863
0.88 0.2 0.26549 0.43178 1.6263
0.88 0.3 0.25457 0.4255 1.6714
0.88 0.4 0.24321 0.41897 1.7226
0.88 0.5 0.2314 0.41217 1.7812
0.88 0.6 0.21909 0.4051 1.849
0.88 0.7 0.20624 0.39771 1.9284
0.88 0.8 0.19282 0.39 2.0226
0.88 0.9 0.17879 0.38194 2.1363
0.88 1.0 0.16407 0.37348 2.2763
0.89 0.1 0.28723 0.4544 1.582
0.89 0.2 0.27667 0.44838 1.6206
0.89 0.3 0.2657 0.44212 1.664
0.89 0.4 0.25428 0.43561 1.7131
0.89 0.5 0.2424 0.42884 1.7692
0.89 0.6 0.23001 0.42178 1.8338
0.89 0.7 0.21707 0.4144 1.9091
0.89 0.8 0.20355 0.40669 1.998
0.89 0.9 0.18939 0.39862 2.1048
0.89 1.0 0.17453 0.39015 2.2354
0.9 0.1 0.29937 0.47224 1.5774
0.9 0.2 0.28878 0.46626 1.6146
0.9 0.3 0.27777 0.46005 1.6562
0.9 0.4 0.26631 0.45359 1.7032
0.9 0.5 0.25437 0.44685 1.7567
0.9 0.6 0.24192 0.43982 1.8181
0.9 0.7 0.2289 0.43248 1.8894
0.9 0.8 0.21529 0.42479 1.9731
0.9 0.9 0.20102 0.41673 2.0731
0.9 1.0 0.18604 0.40827 2.1945
0.91 0.1 0.3126 0.49158 1.5726
0.91 0.2 0.30199 0.48567 1.6082
0.91 0.3 0.29096 0.47953 1.6481
0.91 0.4 0.27947 0.47312 1.6929
0.91 0.5 0.26749 0.46645 1.7438
0.91 0.6 0.25499 0.45947 1.8019
0.91 0.7 0.24191 0.45217 1.8692
0.91 0.8 0.22822 0.44453 1.9478
0.91 0.9 0.21386 0.43651 2.0411
0.91 1.0 0.19878 0.42808 2.1536
0.92 0.1 0.32712 0.51271 1.5673
0.92 0.2 0.31652 0.50689 1.6015
0.92 0.3 0.30548 0.50083 1.6395
0.92 0.4 0.29398 0.49452 1.6821
0.92 0.5 0.28199 0.48793 1.7303
0.92 0.6 0.26945 0.48103 1.7852
0.92 0.7 0.25634 0.47381 1.8484
0.92 0.8 0.24259 0.46624 1.9219
0.92 0.9 0.22817 0.45829 2.0086
0.92 1.0 0.213 0.44992 2.1123
0.93 0.1 0.34323 0.53601 1.5617
0.93 0.2 0.33266 0.53031 1.5942
0.93 0.3 0.32164 0.52438 1.6303
0.93 0.4 0.31015 0.51818 1.6707
0.93 0.5 0.29816 0.5117 1.7162
0.93 0.6 0.28562 0.50493 1.7678
0.93 0.7 0.2725 0.49782 1.8269
0.93 0.8 0.25873 0.49036 1.8953
0.93 0.9 0.24426 0.48251 1.9754
0.93 1.0 0.22904 0.47424 2.0706
0.94 0.1 0.36133 0.56202 1.5554
0.94 0.2 0.3508 0.55648 1.5863
0.94 0.3 0.33984 0.5507 1.6205
0.94 0.4 0.32839 0.54466 1.6586
0.94 0.5 0.31644 0.53834 1.7013
0.94 0.6 0.30393 0.53173 1.7495
0.94 0.7 0.29083 0.52478 1.8044
0.94 0.8 0.27707 0.51748 1.8677
0.94 0.9 0.2626 0.50979 1.9413
0.94 1.0 0.24736 0.50167 2.0281
0.95 0.1 0.38198 0.59151 1.5485
0.95 0.2 0.37155 0.58618 1.5776
0.95 0.3 0.36067 0.58061 1.6098
0.95 0.4 0.34932 0.57478 1.6454
0.95 0.5 0.33745 0.56868 1.6853
0.95 0.6 0.32501 0.56228 1.73
0.95 0.7 0.31198 0.55556 1.7808
0.95 0.8 0.29828 0.54848 1.8388
0.95 0.9 0.28386 0.54101 1.9059
0.95 1.0 0.26866 0.53311 1.9843
0.96 0.1 0.40611 0.62569 1.5407
0.96 0.2 0.39582 0.62063 1.5679
0.96 0.3 0.38509 0.61534 1.5979
0.96 0.4 0.37388 0.60981 1.631
0.96 0.5 0.36215 0.604 1.6678
0.96 0.6 0.34986 0.5979 1.709
0.96 0.7 0.33695 0.59148 1.7554
0.96 0.8 0.32339 0.58472 1.8081
0.96 0.9 0.30909 0.57757 1.8686
0.96 1.0 0.29401 0.57 1.9387
0.97 0.1 0.43526 0.66661 1.5315
0.97 0.2 0.4252 0.66193 1.5568
0.97 0.3 0.41469 0.65703 1.5844
0.97 0.4 0.40371 0.65189 1.6148
0.97 0.5 0.39221 0.6465 1.6483
0.97 0.6 0.38015 0.64082 1.6857
0.97 0.7 0.36748 0.63484 1.7275
0.97 0.8 0.35415 0.62853 1.7747
0.97 0.9 0.34009 0.62184 1.8284
0.97 1.0 0.32524 0.61475 1.8902
0.98 0.1 0.4725 0.71832 1.5202
0.98 0.2 0.4628 0.71419 1.5432
0.98 0.3 0.45266 0.70985 1.5682
0.98 0.4 0.44205 0.7053 1.5955
0.98 0.5 0.43093 0.70051 1.6256
0.98 0.6 0.41927 0.69547 1.6588
0.98 0.7 0.407 0.69015 1.6957
0.98 0.8 0.39408 0.68451 1.737
0.98 0.9 0.38044 0.67853 1.7835
0.98 1.0 0.36601 0.67217 1.8365
0.99 0.1 0.52593 0.79142 1.5048
0.99 0.2 0.51685 0.78818 1.525
0.99 0.3 0.50735 0.78478 1.5468
0.99 0.4 0.49742 0.7812 1.5705
0.99 0.5 0.487 0.77743 1.5964
0.99 0.6 0.47605 0.77345 1.6247
0.99 0.7 0.46454 0.76923 1.6559
0.99 0.8 0.4524 0.76476 1.6904
0.99 0.9 0.43958 0.76 1.7289
0.99 1.0 0.426 0.75493 1.7721
1.0 0.1 0.68318 0.99978 1.4634
1.0 0.2 0.67653 0.99978 1.4778
1.0 0.3 0.66959 0.99978 1.4931
1.0 0.4 0.66233 0.99978 1.5095
1.0 0.5 0.65474 0.99978 1.527
1.0 0.6 0.64678 0.99978 1.5458
1.0 0.7 0.63841 0.99978 1.566
1.0 0.8 0.62961 0.99979 1.5879
1.0 0.9 0.62034 0.99979 1.6117
1.0 1.0 0.61054 0.99979 1.6376
