alpha phi_iso phi_ray phi_vec g0=0.1 g0=0.2 g0=0.3 g0=0.4 g0=0.5 g0=0.6 g0=0.7 g0=0.8 g0=0.9 g0=1.0
0.0 1.0 1.0 1.0 1.0 1.0 1.0 1.0 1.0 1.0 1.0 1.0 1.0 1.0
0.0174532925199 0.99964 0.99949 0.999488125279 0.999657 0.999678 0.999704 0.999738 0.999786 0.999855 0.999965 1.00017 1.00068 1.00422
0.0349065850399 0.998638 0.998037 0.998031344378 0.998705 0.998787 0.998892 0.999029 0.999218 0.999493 0.999933 1.00075 1.00279 1.01687
0.0523598775598 0.997109 0.995762 0.995747507228 0.997258 0.997442 0.997676 0.997984 0.998406 0.999022 1.00001 1.00183 1.00639 1.03791
0.0698131700798 0.995143 0.992759 0.992730331974 0.995406 0.995731 0.996145 0.996688 0.997435 0.998525 1.00027 1.0035 1.01156 1.06731
0.0872664625997 0.992797 0.98909 0.989041744092 0.993205 0.993711 0.994353 0.995198 0.996358 0.998051 1.00076 1.00578 1.01831 1.10496
0.10471975512 0.990107 0.984795 0.984722282428 0.990691 0.991415 0.992334 0.993543 0.995205 0.997631 1.00151 1.0087 1.02664 1.15077
0.12217304764 0.987097 0.979905 0.979802462834 0.987887 0.988866 0.990111 0.991747 0.993996 0.99728 1.00253 1.01227 1.03656 1.20462
0.13962634016 0.983787 0.974447 0.9743087792 0.984813 0.986084 0.9877 0.989826 0.992747 0.997012 1.00383 1.01648 1.04804 1.26637
0.157079632679 0.980194 0.968445 0.968266193241 0.981485 0.983084 0.985118 0.987793 0.991468 0.996837 1.00542 1.02134 1.06107 1.33588
0.174532925199 0.976335 0.961924 0.961698709058 0.977918 0.979881 0.982377 0.98566 0.990172 0.996762 1.0073 1.02685 1.07561 1.41298
0.191986217719 0.972223 0.954907 0.954629820029 0.974127 0.976487 0.97949 0.983439 0.988865 0.996793 1.00947 1.03298 1.09165 1.4975
0.209439510239 0.967873 0.947416 0.947082444963 0.970125 0.972916 0.976467 0.981138 0.987557 0.996934 1.01193 1.03974 1.10914 1.58925
0.226892802759 0.963297 0.939474 0.939078864266 0.965923 0.969178 0.973319 0.978766 0.986252 0.997188 1.01468 1.04712 1.12806 1.68805
0.244346095279 0.958508 0.931102 0.930640911456 0.961532 0.965282 0.970053 0.976329 0.984955 0.997557 1.01771 1.05509 1.14836 1.79367
0.261799387799 0.953514 0.922323 0.921790100849 0.956963 0.961239 0.966679 0.973835 0.983671 0.998041 1.02102 1.06365 1.17002 1.90592
0.279252680319 0.948328 0.913155 0.912547436033 0.952224 0.957055 0.963201 0.971287 0.982401 0.998639 1.0246 1.07278 1.19297 2.02456
0.296705972839 0.942957 0.903621 0.902933729078 0.947324 0.952738 0.959627 0.96869 0.981148 0.99935 1.02846 1.08246 1.21719 2.14937
0.314159265359 0.937411 0.893741 0.892969472846 0.942271 0.948296 0.955962 0.966048 0.979913 1.00017 1.03256 1.09267 1.24262 2.28011
0.331612557879 0.931698 0.883533 0.882674841 0.937072 0.943733 0.952211 0.963364 0.978696 1.0011 1.03692 1.10338 1.26921 2.41653
0.349065850399 0.925826 0.873019 0.872069943359 0.931733 0.939057 0.948378 0.96064 0.977496 1.00212 1.04151 1.11459 1.29691 2.5584
0.366519142919 0.919803 0.862218 0.861174506698 0.926263 0.934273 0.944466 0.957877 0.976313 1.00325 1.04633 1.12626 1.32568 2.70546
0.383972435439 0.913634 0.851148 0.850008193954 0.920666 0.929384 0.94048 0.955078 0.975146 1.00447 1.05136 1.13837 1.35546 2.85744
0.401425727959 0.907328 0.83983 0.838590285016 0.914948 0.924397 0.936422 0.952243 0.973993 1.00577 1.0566 1.1509 1.38618 3.0141
0.418879020479 0.90089 0.828282 0.826940059777 0.909115 0.919314 0.932294 0.949372 0.97285 1.00716 1.06202 1.16382 1.41781 3.17516
0.436332312999 0.894326 0.816523 0.815076351241 0.903171 0.91414 0.9281 0.946466 0.971717 1.00861 1.06762 1.17711 1.45028 3.34035
0.453785605519 0.887642 0.804571 0.803017992416 0.897122 0.908878 0.92384 0.943526 0.97059 1.01014 1.07338 1.19074 1.48353 3.5094
0.471238898038 0.880844 0.792444 0.790783433262 0.890972 0.903532 0.919517 0.940549 0.969465 1.01172 1.07929 1.20468 1.51751 3.68205
0.488692190558 0.873936 0.78016 0.77839093222 0.884725 0.898104 0.915132 0.937536 0.968339 1.01335 1.08533 1.2189 1.55216 3.85801
0.506145483078 0.866925 0.767738 0.765858428527 0.878386 0.892598 0.910686 0.934487 0.967209 1.01502 1.09149 1.23339 1.58743 4.03701
0.523598775598 0.859815 0.755194 0.753203606055 0.871957 0.887015 0.906181 0.931399 0.96607 1.01673 1.09776 1.24811 1.62324 4.21877
0.541052068118 0.85261 0.742546 0.740444020996 0.865444 0.88136 0.901617 0.928271 0.964918 1.01847 1.10411 1.26303 1.65954 4.40302
0.558505360638 0.845316 0.729811 0.727596654977 0.858849 0.875633 0.896995 0.925103 0.963749 1.02022 1.11054 1.27813 1.69627 4.58947
0.575958653158 0.837937 0.717004 0.714678361942 0.852177 0.869837 0.892315 0.921892 0.962558 1.02198 1.11702 1.29337 1.73338 4.77784
0.593411945678 0.830476 0.704142 0.701705548951 0.845429 0.863974 0.887578 0.918637 0.96134 1.02374 1.12354 1.30874 1.7708 4.96787
0.610865238198 0.822938 0.691242 0.688694303858 0.83861 0.858046 0.882784 0.915336 0.960092 1.02549 1.13009 1.32419 1.80847 5.15927
0.628318530718 0.815328 0.678318 0.675660459159 0.831722 0.852054 0.877934 0.911987 0.958808 1.02723 1.13665 1.3397 1.84633 5.35177
0.645771823238 0.807649 0.665386 0.662619272779 0.824769 0.846001 0.873026 0.908588 0.957482 1.02893 1.1432 1.35525 1.88433 5.54509
0.663225115758 0.799904 0.65246 0.649585747283 0.817752 0.839887 0.868062 0.905136 0.956111 1.0306 1.14974 1.37081 1.9224 5.73896
0.680678408278 0.792098 0.639554 0.63657443835 0.810675 0.833714 0.863041 0.901631 0.954689 1.03222 1.15623 1.38634 1.96049 5.93311
0.698131700798 0.784233 0.626683 0.623599390934 0.80354 0.827484 0.857963 0.898068 0.953211 1.03379 1.16267 1.40183 1.99854 6.12727
0.715584993318 0.776314 0.61386 0.610674394626 0.79635 0.821198 0.852827 0.894447 0.951673 1.0353 1.16904 1.41723 2.03649 6.32118
0.733038285838 0.768344 0.601098 0.597812600609 0.789106 0.814857 0.847634 0.890765 0.950068 1.03673 1.17533 1.43254 2.07428 6.51458
0.750491578358 0.760325 0.588409 0.585026777023 0.781812 0.808461 0.842383 0.887019 0.948393 1.03808 1.18152 1.44771 2.11185 6.7072
0.767944870878 0.752262 0.575806 0.572329308965 0.77447 0.802013 0.837073 0.883208 0.946641 1.03934 1.1876 1.46272 2.14916 6.89879
0.785398163397 0.744157 0.563301 0.559731879281 0.767082 0.795513 0.831705 0.879328 0.944809 1.0405 1.19354 1.47754 2.18615 7.0891
0.802851455917 0.736014 0.550903 0.547245915456 0.759649 0.788963 0.826277 0.875378 0.94289 1.04155 1.19934 1.49216 2.22275 7.27788
0.820304748437 0.727834 0.538625 0.534882206569 0.752174 0.782362 0.820789 0.871355 0.940881 1.04248 1.20498 1.50653 2.25893 7.46488
0.837758040957 0.719622 0.526476 0.522651094814 0.74466 0.775713 0.815242 0.867257 0.938777 1.04329 1.21045 1.52065 2.29462 7.64987
0.855211333477 0.711379 0.514466 0.510562283975 0.737107 0.769016 0.809633 0.863082 0.936573 1.04397 1.21573 1.53448 2.32978 7.83262
0.872664625997 0.703109 0.502603 0.498625158636 0.729518 0.762271 0.803964 0.858827 0.934263 1.0445 1.22082 1.548 2.36436 8.01289
0.890117918517 0.694815 0.490897 0.486848464973 0.721894 0.75548 0.798233 0.854491 0.931845 1.04488 1.22568 1.56119 2.3983 8.19045
0.907571211037 0.686498 0.479356 0.475240374594 0.714239 0.748644 0.79244 0.850071 0.929313 1.04511 1.23032 1.57402 2.43156 8.3651
0.925024503557 0.678162 0.467987 0.463808612225 0.706552 0.741763 0.786584 0.845565 0.926663 1.04517 1.23472 1.58647 2.4641 8.5366
0.942477796077 0.669809 0.456798 0.452560328024 0.698836 0.734838 0.780666 0.840971 0.92389 1.04506 1.23887 1.59851 2.49586 8.70477
0.959931088597 0.661442 0.445794 0.441502161423 0.691094 0.72787 0.774685 0.836288 0.920992 1.04477 1.24275 1.61014 2.5268 8.86938
0.977384381117 0.653062 0.434983 0.430640241129 0.683325 0.72086 0.76864 0.831513 0.917964 1.0443 1.24636 1.62132 2.55689 9.03025
0.994837673637 0.644672 0.424368 0.419980121283 0.675533 0.713808 0.762531 0.826645 0.914802 1.04363 1.24968 1.63204 2.58607 9.18719
1.01229096616 0.636275 0.413956 0.40952678146 0.667718 0.706716 0.756358 0.821682 0.911502 1.04276 1.2527 1.64228 2.61431 9.34
1.02974425868 0.627873 0.403751 0.39928481819 0.659883 0.699584 0.750121 0.816623 0.908062 1.04169 1.25541 1.65201 2.64157 9.48852
1.0471975512 0.619468 0.393757 0.389258125756 0.652028 0.692413 0.743819 0.811465 0.904478 1.0404 1.2578 1.66123 2.66781 9.63257
1.06465084372 0.611062 0.383977 0.379450279236 0.644157 0.685203 0.737452 0.806208 0.900746 1.0389 1.25986 1.66991 2.693 9.77198
1.08210413624 0.602657 0.374414 0.369864151462 0.636269 0.677956 0.731021 0.80085 0.896864 1.03717 1.26159 1.67803 2.7171 9.9066
1.09955742876 0.594256 0.365071 0.360502296063 0.628366 0.670672 0.724525 0.795391 0.89283 1.03522 1.26297 1.68559 2.74008 10.0363
1.11701072128 0.58586 0.35595 0.351366564417 0.620451 0.663353 0.717964 0.789828 0.88864 1.03304 1.26399 1.69257 2.7619 10.1608
1.1344640138 0.577472 0.347052 0.342458488703 0.612524 0.655999 0.711339 0.784161 0.884292 1.03061 1.26465 1.69894 2.78255 10.2802
1.15191730632 0.569093 0.338378 0.33377902653 0.604588 0.648611 0.704649 0.77839 0.879783 1.02795 1.26494 1.70471 2.80198 10.3942
1.16937059884 0.560726 0.329928 0.325328752465 0.596643 0.64119 0.697895 0.772514 0.875113 1.02504 1.26485 1.70985 2.82018 10.5027
1.18682389136 0.552372 0.321703 0.317107666508 0.588691 0.633737 0.691077 0.766531 0.870279 1.02189 1.26438 1.71436 2.83711 10.6056
1.20427718388 0.544033 0.313703 0.309115449455 0.580734 0.626253 0.684195 0.760441 0.865279 1.01848 1.26352 1.71822 2.85276 10.7028
1.2217304764 0.535711 0.305927 0.301351271378 0.572772 0.618738 0.67725 0.754245 0.860112 1.01482 1.26226 1.72143 2.8671 10.7942
1.23918376892 0.527408 0.298373 0.293813919302 0.564809 0.611195 0.670242 0.747941 0.854777 1.0109 1.2606 1.72397 2.88012 10.8797
1.25663706144 0.519125 0.291041 0.28650166953 0.556844 0.603624 0.663172 0.741531 0.849272 1.00672 1.25854 1.72584 2.89179 10.9592
1.27409035396 0.510865 0.283927 0.27941260684 0.548879 0.596026 0.65604 0.735012 0.843597 1.00227 1.25607 1.72702 2.9021 11.0327
1.29154364648 0.502629 0.27703 0.272544241445 0.540917 0.588402 0.648848 0.728387 0.837752 0.997569 1.25318 1.72752 2.91103 11.0999
1.308996939 0.494419 0.270348 0.265893764353 0.532957 0.580754 0.641595 0.721655 0.831735 0.992598 1.24988 1.72732 2.91857 11.161
1.32645023152 0.486237 0.263876 0.259458175054 0.525003 0.573082 0.634283 0.714816 0.825548 0.98736 1.24617 1.72643 2.92471 11.2158
1.34390352404 0.478083 0.257613 0.253233962307 0.517054 0.565388 0.626913 0.707872 0.819188 0.981856 1.24203 1.72482 2.92944 11.2643
1.36135681656 0.46996 0.251553 0.247217295671 0.509113 0.557673 0.619485 0.700822 0.812658 0.976084 1.23747 1.72252 2.93274 11.3065
1.37881010908 0.461869 0.245694 0.241404280864 0.501182 0.549939 0.612001 0.693668 0.805957 0.970045 1.23249 1.7195 2.93462 11.3423
1.3962634016 0.453812 0.24003 0.235790385195 0.493261 0.542186 0.604463 0.686411 0.799086 0.963739 1.22709 1.71577 2.93507 11.3716
1.41371669412 0.445791 0.234559 0.230371139816 0.485352 0.534416 0.59687 0.679051 0.792046 0.957166 1.22126 1.71133 2.93408 11.3945
1.43116998664 0.437806 0.229274 0.225141692834 0.477456 0.526631 0.589224 0.671589 0.784837 0.950326 1.21501 1.70617 2.93166 11.411
1.44862327916 0.42986 0.224171 0.220096936994 0.469575 0.518831 0.581528 0.664028 0.777462 0.943223 1.20834 1.70031 2.92779 11.421
1.46607657168 0.421954 0.219245 0.215231573516 0.461711 0.511019 0.573782 0.656369 0.769922 0.935856 1.20125 1.69373 2.9225 11.4245
1.4835298642 0.414089 0.21449 0.210540239782 0.453865 0.503195 0.565987 0.648613 0.762217 0.928227 1.19374 1.68644 2.91577 11.4216
1.50098315672 0.406266 0.209902 0.20601719013 0.446037 0.495362 0.558147 0.640761 0.754351 0.920339 1.18582 1.67845 2.90761 11.4123
1.51843644924 0.398488 0.205473 0.201656678896 0.438231 0.487521 0.550261 0.632817 0.746326 0.912194 1.17748 1.66976 2.89803 11.3966
1.53588974176 0.390754 0.2012 0.197452832736 0.430447 0.479674 0.542332 0.624781 0.738143 0.903795 1.16874 1.66038 2.88704 11.3745
1.55334303427 0.383068 0.197075 0.193399522944 0.422687 0.471821 0.534362 0.616656 0.729805 0.895145 1.15959 1.6503 2.87464 11.3461
1.57079632679 0.37543 0.193093 0.189490748493 0.414951 0.463965 0.526353 0.608445 0.721314 0.886247 1.15004 1.63954 2.86086 11.3113
1.58824961931 0.367841 0.189248 0.185720189155 0.407243 0.456108 0.518307 0.600149 0.712675 0.877105 1.14009 1.6281 2.84569 11.2704
1.60570291183 0.360303 0.185533 0.182081716222 0.399563 0.448252 0.510225 0.59177 0.703889 0.867723 1.12975 1.61599 2.82916 11.2232
1.62315620435 0.352817 0.181943 0.178568817943 0.391912 0.440397 0.50211 0.583313 0.69496 0.858105 1.11903 1.60322 2.81128 11.17
1.64060949687 0.345384 0.178471 0.175175365611 0.384293 0.432546 0.493964 0.574779 0.685891 0.848255 1.10793 1.5898 2.79207 11.1107
1.65806278939 0.338005 0.175111 0.171894911315 0.376706 0.424701 0.48579 0.566171 0.676687 0.838178 1.09646 1.57574 2.77154 11.0454
1.67551608191 0.330682 0.171857 0.168721198668 0.369153 0.416863 0.477589 0.557492 0.66735 0.82788 1.08462 1.56104 2.74972 10.9743
1.69296937443 0.323416 0.168704 0.165647843598 0.361636 0.409035 0.469364 0.548745 0.657886 0.817366 1.07243 1.54573 2.72663 10.8974
1.71042266695 0.316208 0.165643 0.162668653559 0.354157 0.401218 0.461118 0.539934 0.648297 0.80664 1.05989 1.52981 2.70229 10.8147
1.72787595947 0.309059 0.162671 0.159777372162 0.346716 0.393415 0.452853 0.531062 0.638588 0.79571 1.047 1.5133 2.67672 10.7265
1.74532925199 0.30197 0.15978 0.156967998382 0.339315 0.385627 0.444572 0.522131 0.628765 0.784581 1.03378 1.4962 2.64995 10.6328
1.76278254451 0.294943 0.156965 0.15423440351 0.331956 0.377856 0.436277 0.513146 0.618831 0.77326 1.02024 1.47854 2.62201 10.5337
1.78023583703 0.287978 0.15422 0.151570650362 0.32464 0.370105 0.427971 0.50411 0.608791 0.761752 1.00639 1.46033 2.59292 10.4294
1.79768912955 0.281077 0.151539 0.148970993276 0.317369 0.362375 0.419657 0.495027 0.59865 0.750065 0.992226 1.44158 2.56271 10.3199
1.81514242207 0.27424 0.148917 0.146429750429 0.310144 0.354669 0.411338 0.485901 0.588414 0.738207 0.977772 1.42231 2.53142 10.2054
1.83259571459 0.267468 0.146349 0.143941367681 0.302967 0.346988 0.403016 0.476735 0.578087 0.726183 0.963034 1.40253 2.49907 10.0861
1.85004900711 0.260764 0.143828 0.141500482412 0.295839 0.339335 0.394695 0.467534 0.567675 0.714002 0.948022 1.38227 2.4657 9.962
1.86750229963 0.254127 0.141351 0.139101923527 0.288762 0.331712 0.386377 0.458301 0.557184 0.701671 0.932749 1.36153 2.43134 9.83334
1.88495559215 0.247559 0.138912 0.136740647609 0.281738 0.324122 0.378065 0.44904 0.546618 0.689198 0.917225 1.34034 2.39602 9.70025
1.90240888467 0.24106 0.136506 0.134411802766 0.274767 0.316565 0.369763 0.439757 0.535985 0.676591 0.901462 1.31872 2.35978 9.56286
1.91986217719 0.234632 0.134129 0.132110792468 0.267852 0.309046 0.361474 0.430454 0.525289 0.663859 0.885472 1.29669 2.32266 9.42135
1.93731546971 0.228275 0.131776 0.129833147865 0.260993 0.301564 0.3532 0.421137 0.514537 0.651009 0.869267 1.27426 2.28469 9.27587
1.95476876223 0.221991 0.129444 0.127574655472 0.254193 0.294124 0.344945 0.411809 0.503734 0.63805 0.852859 1.25145 2.24591 9.12658
1.97222205475 0.21578 0.127129 0.125331421006 0.247453 0.286728 0.336712 0.402476 0.492887 0.624992 0.836262 1.22829 2.20636 8.97366
1.98967534727 0.209644 0.124826 0.123099677866 0.240774 0.279376 0.328504 0.393141 0.482002 0.611842 0.819489 1.20479 2.16608 8.81727
2.00712863979 0.203582 0.122532 0.120875850973 0.234159 0.272073 0.320325 0.38381 0.471086 0.59861 0.802552 1.18097 2.12512 8.65759
2.02458193231 0.197597 0.120245 0.11865668445 0.227607 0.264819 0.312178 0.374486 0.460145 0.585304 0.785465 1.15687 2.0835 8.4948
2.04203522483 0.191688 0.117961 0.116439177785 0.221122 0.257618 0.304066 0.365175 0.449185 0.571935 0.768241 1.13249 2.04127 8.32907
2.05948851735 0.185857 0.115678 0.114220585829 0.214703 0.250472 0.295993 0.355881 0.438214 0.558511 0.750894 1.10786 1.99848 8.16059
2.07694180987 0.180104 0.113392 0.111998418794 0.208354 0.243383 0.287961 0.34661 0.427236 0.545041 0.733438 1.08301 1.95517 7.98955
2.09439510239 0.174431 0.111103 0.109770314573 0.202075 0.236352 0.279974 0.337364 0.416261 0.531536 0.715887 1.05795 1.91137 7.81613
2.11184839491 0.168838 0.108807 0.107534294106 0.195868 0.229384 0.272036 0.328151 0.405293 0.518005 0.698255 1.03271 1.86715 7.64052
2.12930168743 0.163325 0.106503 0.105288697534 0.189734 0.222479 0.264151 0.318974 0.39434 0.504457 0.680557 1.00731 1.82252 7.46292
2.14675497995 0.157894 0.10419 0.103031992681 0.183675 0.215641 0.25632 0.309838 0.383409 0.490903 0.662806 0.981772 1.77756 7.28351
2.16420827247 0.152545 0.101867 0.100762966573 0.177692 0.208871 0.248548 0.300748 0.372507 0.477351 0.645018 0.956121 1.73229 7.10249
2.18166156499 0.147279 0.0995317 0.098480661599 0.171786 0.202171 0.240839 0.291709 0.36164 0.463813 0.627206 0.930379 1.68676 6.92006
2.19911485751 0.142097 0.0971844 0.0961843116718 0.165959 0.195545 0.233195 0.282726 0.350815 0.450297 0.609386 0.904571 1.64102 6.73642
2.21656815003 0.136999 0.0948245 0.0938735337467 0.160213 0.188994 0.22562 0.273803 0.34004 0.436814 0.591572 0.87872 1.59512 6.55176
2.23402144255 0.131987 0.0924516 0.0915481363017 0.154548 0.182521 0.218118 0.264947 0.32932 0.423373 0.573778 0.852848 1.54909 6.36627
2.25147473507 0.12706 0.090066 0.089208055496 0.148967 0.176128 0.210691 0.25616 0.318664 0.409985 0.55602 0.826981 1.50299 6.18017
2.26892802759 0.122219 0.0876677 0.0868536743737 0.14347 0.169817 0.203344 0.247449 0.308078 0.396659 0.538312 0.80114 1.45686 5.99365
2.28638132011 0.117465 0.0852574 0.08448543982 0.138058 0.16359 0.196079 0.238818 0.297569 0.383405 0.520668 0.775351 1.41074 5.8069
2.30383461263 0.112799 0.0828356 0.0821041817637 0.132734 0.15745 0.1889 0.230272 0.287144 0.370233 0.503104 0.749635 1.36469 5.62013
2.32128790515 0.108221 0.0804035 0.0797107939746 0.127498 0.151398 0.18181 0.221816 0.276809 0.357154 0.485634 0.724018 1.31875 5.43354
2.33874119767 0.103732 0.077962 0.0773064255855 0.122352 0.145438 0.174813 0.213455 0.266572 0.344176 0.468272 0.698522 1.27295 5.24732
2.35619449019 0.0993318 0.0755127 0.0748926087729 0.117297 0.13957 0.167911 0.205193 0.25644 0.331309 0.451034 0.673171 1.22736 5.06167
2.37364778271 0.0950218 0.073057 0.072470811873 0.112335 0.133798 0.161109 0.197035 0.246418 0.318564 0.433933 0.647987 1.18201 4.87678
2.39110107523 0.0908022 0.0705966 0.0700428224254 0.107466 0.128124 0.154409 0.188986 0.236514 0.30595 0.416984 0.622994 1.13695 4.69286
2.40855436775 0.0866735 0.0681336 0.0676106833323 0.102691 0.122548 0.147814 0.18105 0.226734 0.293476 0.400201 0.598215 1.09222 4.5101
2.42600766027 0.0826363 0.06567 0.0651765013369 0.0980127 0.117074 0.141329 0.173232 0.217086 0.281152 0.383598 0.573672 1.04787 4.32868
2.44346095279 0.078691 0.063208 0.0627425747043 0.0934313 0.111704 0.134954 0.165537 0.207574 0.268987 0.367189 0.549388 1.00393 4.1488
2.46091424531 0.0748382 0.0607501 0.0603113932217 0.0889482 0.10644 0.128695 0.157969 0.198207 0.25699 0.350988 0.525385 0.960466 3.97065
2.47836753783 0.0710783 0.0582988 0.0578855105171 0.0845645 0.101282 0.122553 0.150533 0.18899 0.245171 0.335008 0.501685 0.917503 3.79441
2.49582083035 0.0674116 0.0558568 0.0554676717406 0.0802813 0.0962348 0.116533 0.143232 0.179929 0.233539 0.319263 0.47831 0.875089 3.62027
2.51327412287 0.0638388 0.0534269 0.0530608135642 0.0760998 0.0912985 0.110636 0.136071 0.171031 0.222103 0.303767 0.45528 0.833265 3.44841
2.53072741539 0.0603601 0.0510121 0.0506677449786 0.0720209 0.0864754 0.104866 0.129055 0.162302 0.21087 0.288532 0.432618 0.792072 3.279
2.54818070791 0.056976 0.0486152 0.0482916580189 0.0680458 0.0817674 0.099225 0.122187 0.153747 0.199851 0.273571 0.410343 0.751551 3.11223
2.56563400043 0.0536869 0.0462395 0.0459356808792 0.0641754 0.0771762 0.0937165 0.115472 0.145373 0.189053 0.258897 0.388477 0.711741 2.94827
2.58308729295 0.0504931 0.0438881 0.0436030055946 0.0604106 0.0727036 0.0883431 0.108913 0.137185 0.178485 0.244522 0.367039 0.67268 2.78728
2.60054058547 0.0473951 0.0415641 0.0412968880405 0.0567526 0.0683513 0.0831073 0.102515 0.129189 0.168154 0.230458 0.346048 0.634408 2.62944
2.61799387799 0.0443931 0.039271 0.0390207756147 0.0532022 0.0641209 0.0780117 0.0962812 0.121391 0.15807 0.216718 0.325524 0.596962 2.47491
2.63544717051 0.0414874 0.0370121 0.0367779241929 0.0497603 0.0600141 0.0730588 0.0902154 0.113795 0.148239 0.203312 0.305486 0.560377 2.32384
2.65290046303 0.0386785 0.0347906 0.0345717811727 0.0464278 0.0560325 0.0682512 0.0843212 0.106407 0.138669 0.190253 0.285952 0.52469 2.17639
2.67035375555 0.0359665 0.0326099 0.0324057301113 0.0432055 0.0521775 0.0635912 0.0786022 0.0992323 0.129367 0.17755 0.26694 0.489935 2.03272
2.68780704807 0.0333518 0.0304735 0.0302832822469 0.0400942 0.0484507 0.0590811 0.0730618 0.0922756 0.120342 0.165216 0.248466 0.456146 1.89297
2.70526034059 0.0308345 0.0283847 0.0282076934554 0.0370948 0.0448535 0.0547232 0.0677033 0.0855417 0.111598 0.153259 0.230549 0.423356 1.75728
2.72271363311 0.0284151 0.0263467 0.0261824749749 0.0342079 0.0413872 0.0505196 0.0625299 0.0790353 0.103144 0.141691 0.213203 0.391596 1.62579
2.74016692563 0.0260936 0.024363 0.0242108826813 0.0314343 0.0380531 0.0464725 0.0575447 0.0727607 0.0949864 0.130522 0.196445 0.360897 1.49864
2.75762021815 0.0238704 0.0224368 0.0222962362908 0.0287747 0.0348526 0.0425837 0.0527506 0.0667224 0.0871303 0.119759 0.18029 0.331288 1.37595
2.77507351067 0.0217456 0.0205714 0.0204418555197 0.0262297 0.0317867 0.0388552 0.0481506 0.0609245 0.0795824 0.109413 0.164752 0.302799 1.25786
2.79252680319 0.0197193 0.0187697 0.0186508047216 0.0237999 0.0288568 0.035289 0.0437474 0.0553709 0.0723484 0.0994917 0.149846 0.275456 1.14447
2.80998009571 0.0177918 0.017035 0.0169262759314 0.021486 0.0260639 0.0318866 0.0395435 0.0500654 0.0654337 0.0900039 0.135584 0.249285 1.03591
2.82743338823 0.0159631 0.0153702 0.0152712058212 0.0192884 0.0234089 0.0286498 0.0355415 0.0450117 0.0588436 0.0809573 0.12198 0.224312 0.932273
2.84488668075 0.0142335 0.0137783 0.0136885949039 0.0172076 0.0208929 0.0255802 0.0317437 0.0402131 0.0525831 0.0723594 0.109046 0.20056 0.833677
2.86233997327 0.012603 0.0122619 0.0121810606481 0.0152442 0.0185169 0.0226792 0.0281523 0.0356729 0.046657 0.0642173 0.0967925 0.178051 0.740214
2.87979326579 0.0110718 0.0108237 0.0107514758852 0.0133985 0.0162815 0.0199482 0.0247694 0.0313941 0.0410696 0.0565376 0.0852312 0.156806 0.651978
2.89724655831 0.00963977 0.00946637 0.00940226656186 0.011671 0.0141877 0.0173884 0.0215969 0.0273796 0.0358251 0.0493266 0.074372 0.136846 0.569055
2.91469985083 0.0083071 0.00819222 0.00813579478382 0.0100619 0.0122361 0.0150011 0.0186367 0.0236319 0.0309273 0.04259 0.0642243 0.118189 0.491526
2.93215314335 0.00707379 0.00700353 0.00695448649766 0.00857163 0.0104274 0.0127874 0.0158903 0.0201536 0.0263799 0.0363334 0.0547968 0.100852 0.419467
2.94960643587 0.00593985 0.00590241 0.00586025692434 0.0072004 0.00876212 0.0107481 0.0133592 0.0169468 0.0221861 0.0305615 0.0460976 0.0848504 0.352945
2.96705972839 0.00490525 0.00489081 0.0048552128069 0.00594844 0.00724082 0.00888426 0.0110449 0.0140135 0.0183488 0.0252789 0.0381339 0.0701988 0.292025
2.98451302091 0.00396996 0.00397053 0.00394101400352 0.00481592 0.00586392 0.00719655 0.00894854 0.0113556 0.0148706 0.0204896 0.0309123 0.05691 0.236762
3.00196631343 0.00313392 0.00314317 0.00311925653165 0.00380297 0.00463177 0.00568563 0.00707108 0.00897448 0.011754 0.0161972 0.0244386 0.0449954 0.187206
3.01941960595 0.00239703 0.00241017 0.00239140872737 0.00290964 0.00354464 0.00435203 0.00541343 0.00687159 0.0090009 0.0124046 0.0187178 0.0344649 0.143402
3.03687289847 0.00175916 0.00177277 0.00175861972324 0.00213598 0.00260273 0.00319617 0.00397629 0.00504799 0.00661292 0.00911438 0.0137541 0.0253268 0.105385
3.05432619099 0.00122017 0.00123201 0.00122191097044 0.00148193 0.00180614 0.00221835 0.00276019 0.00350453 0.0045914 0.00632868 0.00955094 0.017588 0.073187
3.07177948351 0.000779873 0.000788752 0.000782112398062 0.000947409 0.00115491 0.00141871 0.00176546 0.00224179 0.00293729 0.00404896 0.00611082 0.0112535 0.0468295
3.08923277603 0.000438024 0.000443626 0.000439798572382 0.000532246 0.000648937 0.000797282 0.000992264 0.00126009 0.00165115 0.00227619 0.00343545 0.00632683 0.0263286
3.10668606855 0.000194345 0.00019705 0.000195288696896 0.000236203 0.000288039 0.000353931 0.000440535 0.000559489 0.000733168 0.00101075 0.00152558 0.00280962 0.0116921
3.12413936107 4.84879e-05 4.92044e-05 4.87742937e-05 5.89441e-05 7.18918e-05 8.83495e-05 0.000109979 0.000139686 0.000183057 0.000252374 0.00038093 0.000701556 0.00291951
3.14159265359 0.0 0.0 0.0 0.0 0.0 0.0 0.0 0.0 0.0 0.0 0.0 0.0 0.0
