alpha phi_iso phi_ray phi_vec g0=0.1 g0=0.2 g0=0.3 g0=0.4 g0=0.5 g0=0.6 g0=0.7 g0=0.8 g0=0.9 g0=1.0
0.0 1.0 1.0 1.0 1.0 1.0 1.0 1.0 1.0 1.0 1.0 1.0 1.0 1.0
0.0174532925199 0.999643 0.999493 0.999491099049 0.99966 0.99968 0.999706 0.99974 0.999786 0.999853 0.999958 1.00015 1.00059 1.00293
0.0349065850399 0.998648 0.99805 0.998042046047 0.998714 0.998796 0.998899 0.999033 0.999217 0.999482 0.9999 1.00065 1.00243 1.01173
0.0523598775598 0.997129 0.99579 0.99576933859 0.997277 0.997459 0.997689 0.99799 0.9984 0.998993 0.999927 1.00161 1.00559 1.02637
0.0698131700798 0.995175 0.992806 0.992765416976 0.995435 0.995756 0.996162 0.996693 0.997417 0.998465 1.00011 1.00309 1.01012 1.04683
0.0872664625997 0.992841 0.989158 0.989091451573 0.993244 0.993742 0.994372 0.995197 0.996321 0.997946 1.00051 1.00513 1.01604 1.07305
0.10471975512 0.990163 0.984889 0.984787705267 0.99074 0.991452 0.992353 0.993532 0.99514 0.997466 1.00113 1.00775 1.02336 1.10496
0.12217304764 0.987165 0.980027 0.979884443695 0.987945 0.988907 0.990126 0.99172 0.993895 0.997042 1.002 1.01096 1.03208 1.14247
0.13962634016 0.983867 0.9746 0.974408006635 0.984878 0.986127 0.987708 0.989778 0.992601 0.996685 1.00312 1.01475 1.04217 1.1855
0.157079632679 0.980285 0.968632 0.968383136133 0.981557 0.983127 0.985116 0.987718 0.991269 0.996406 1.0045 1.01913 1.05363 1.23395
0.174532925199 0.976437 0.962147 0.961833889489 0.977996 0.979922 0.982361 0.985554 0.98991 0.996213 1.00614 1.0241 1.06643 1.2877
0.191986217719 0.972336 0.955169 0.954783593614 0.974209 0.976524 0.979457 0.983295 0.988533 0.996112 1.00805 1.02964 1.08054 1.34663
0.209439510239 0.967996 0.947719 0.947255027622 0.97021 0.972947 0.976414 0.980952 0.987145 0.996106 1.01022 1.03576 1.09595 1.41061
0.226892802759 0.963429 0.939819 0.939270514134 0.966011 0.9692 0.973242 0.978532 0.985753 0.9962 1.01266 1.04243 1.11261 1.47951
0.244346095279 0.958648 0.931493 0.930851782324 0.961621 0.965294 0.96995 0.976043 0.98436 0.996395 1.01536 1.04965 1.13051 1.55319
0.261799387799 0.953662 0.92276 0.922020241823 0.957051 0.961238 0.966545 0.97349 0.982972 0.996692 1.01831 1.05741 1.14959 1.63149
0.279252680319 0.948483 0.913641 0.912796891413 0.95231 0.957039 0.963033 0.970879 0.98159 0.99709 1.02151 1.06568 1.16983 1.71427
0.296705972839 0.943119 0.904157 0.903202501631 0.947406 0.952706 0.959423 0.968214 0.980218 0.997587 1.02496 1.07446 1.19118 1.80136
0.314159265359 0.937578 0.894327 0.893257477815 0.942349 0.948244 0.955718 0.9655 0.978855 0.998183 1.02864 1.08372 1.2136 1.89259
0.331612557879 0.93187 0.884173 0.882982042708 0.937144 0.943661 0.951923 0.962738 0.977504 0.998872 1.03255 1.09345 1.23705 1.9878
0.349065850399 0.926003 0.873713 0.872396190802 0.931798 0.938962 0.948044 0.959931 0.976163 0.999653 1.03667 1.10363 1.26149 2.08681
0.366519142919 0.919982 0.862967 0.861519642696 0.926319 0.934153 0.944083 0.957083 0.974833 1.00052 1.041 1.11422 1.28687 2.18944
0.383972435439 0.913816 0.851953 0.850372027685 0.920713 0.929238 0.940045 0.954193 0.973512 1.00147 1.04553 1.12523 1.31313 2.29553
0.401425727959 0.907511 0.840692 0.838972655521 0.914984 0.924222 0.935932 0.951263 0.972198 1.0025 1.05024 1.13661 1.34024 2.40487
0.418879020479 0.901074 0.829201 0.827340653357 0.909139 0.919108 0.931748 0.948295 0.97089 1.00359 1.05513 1.14835 1.36815 2.51729
0.436332312999 0.89451 0.8175 0.815494965747 0.903182 0.913902 0.927494 0.945287 0.969586 1.00475 1.06017 1.16042 1.3968 2.63259
0.453785605519 0.887826 0.805607 0.803454354648 0.897118 0.908607 0.923172 0.942241 0.968282 1.00597 1.06537 1.17281 1.42614 2.7506
0.471238898038 0.881026 0.793539 0.79123717117 0.890953 0.903225 0.918785 0.939156 0.966975 1.00724 1.07069 1.18548 1.45612 2.8711
0.488692190558 0.874117 0.781314 0.778861766424 0.88469 0.897761 0.914334 0.936032 0.965664 1.00855 1.07614 1.19841 1.48669 2.99392
0.506145483078 0.867103 0.768951 0.766345989376 0.878333 0.892217 0.909821 0.932868 0.964343 1.0099 1.0817 1.21157 1.5178 3.11886
0.523598775598 0.859989 0.756466 0.753707597693 0.871886 0.886595 0.905245 0.929663 0.96301 1.01127 1.08734 1.22494 1.5494 3.24571
0.541052068118 0.852781 0.743877 0.740963983845 0.865354 0.880899 0.90061 0.926416 0.96166 1.01267 1.09307 1.2385 1.58142 3.37429
0.558505360638 0.845482 0.7312 0.728132220757 0.858739 0.87513 0.895914 0.923126 0.96029 1.01408 1.09886 1.25222 1.61382 3.50441
0.575958653158 0.838097 0.718451 0.715229061805 0.852045 0.869292 0.89116 0.919792 0.958895 1.01549 1.1047 1.26606 1.64655 3.63585
0.593411945678 0.83063 0.705647 0.702271032119 0.845276 0.863385 0.886347 0.916411 0.957471 1.0169 1.11057 1.28001 1.67955 3.76844
0.610865238198 0.823086 0.692804 0.689274109034 0.838435 0.857412 0.881476 0.912983 0.956014 1.0183 1.11646 1.29404 1.71276 3.90197
0.628318530718 0.815469 0.679936 0.676254087288 0.831524 0.851375 0.876547 0.909505 0.954518 1.01967 1.12236 1.30812 1.74614 4.03625
0.645771823238 0.807782 0.667058 0.663226259472 0.824546 0.845275 0.87156 0.905976 0.95298 1.02102 1.12825 1.32223 1.77963 4.17109
0.663225115758 0.800029 0.654186 0.650205598632 0.817505 0.839114 0.866515 0.902393 0.951395 1.02232 1.13411 1.33634 1.81318 4.30629
0.680678408278 0.792214 0.641334 0.637206621318 0.810403 0.832894 0.861413 0.898756 0.949757 1.02358 1.13994 1.35042 1.84674 4.44167
0.698131700798 0.78434 0.628514 0.624243433235 0.803242 0.826615 0.856253 0.895061 0.948063 1.02478 1.1457 1.36445 1.88025 4.57703
0.715584993318 0.776412 0.615742 0.611329683593 0.796026 0.82028 0.851035 0.891306 0.946308 1.02592 1.1514 1.3784 1.91366 4.71219
0.733038285838 0.768431 0.603028 0.598478656403 0.788757 0.813889 0.84576 0.88749 0.944487 1.02699 1.15702 1.39225 1.94692 4.84696
0.750491578358 0.760403 0.590387 0.585703042235 0.781436 0.807444 0.840426 0.883611 0.942594 1.02797 1.16254 1.40597 1.97999 4.98116
0.767944870878 0.752329 0.57783 0.573015166463 0.774066 0.800946 0.835033 0.879666 0.940626 1.02886 1.16794 1.41954 2.01281 5.11462
0.785398163397 0.744212 0.565369 0.560426806663 0.766651 0.794397 0.829581 0.875653 0.938578 1.02966 1.17322 1.43293 2.04532 5.24715
0.802851455917 0.736057 0.553013 0.547949283921 0.75919 0.787796 0.824071 0.87157 0.936445 1.03035 1.17836 1.44612 2.0775 5.37857
0.820304748437 0.727866 0.540776 0.535593371524 0.751688 0.781145 0.818501 0.867414 0.934222 1.03093 1.18335 1.45909 2.10928 5.50872
0.837758040957 0.719641 0.528665 0.523369477565 0.744145 0.774446 0.81287 0.863185 0.931906 1.03138 1.18817 1.4718 2.14062 5.63743
0.855211333477 0.711386 0.516691 0.511287279745 0.736564 0.767698 0.80718 0.858879 0.929491 1.0317 1.19281 1.48425 2.17147 5.76453
0.872664625997 0.703104 0.504863 0.499356136217 0.728947 0.760904 0.801429 0.854494 0.926973 1.03189 1.19725 1.4964 2.20179 5.88986
0.890117918517 0.694796 0.49319 0.48758476604 0.721295 0.754063 0.795617 0.85003 0.924349 1.03193 1.20149 1.50823 2.23154 6.01326
0.907571211037 0.686466 0.481679 0.475981340481 0.713611 0.747177 0.789744 0.845483 0.921613 1.03181 1.20551 1.51973 2.26066 6.13458
0.925024503557 0.678117 0.470338 0.46455361996 0.705896 0.740247 0.783809 0.840851 0.918762 1.03154 1.2093 1.53087 2.28913 6.25366
0.942477796077 0.66975 0.459174 0.453308725802 0.698152 0.733274 0.777813 0.836134 0.915792 1.0311 1.21284 1.54163 2.3169 6.37036
0.959931088597 0.661368 0.448194 0.442253277191 0.690381 0.726257 0.771754 0.831329 0.912699 1.03048 1.21614 1.55199 2.34393 6.48454
0.977384381117 0.652975 0.437403 0.431393391162 0.682584 0.719199 0.765633 0.826434 0.90948 1.02969 1.21916 1.56193 2.37018 6.59605
0.994837673637 0.644571 0.426808 0.420734636959 0.674764 0.712101 0.759449 0.821448 0.90613 1.02871 1.22192 1.57144 2.39562 6.70476
1.01229096616 0.63616 0.416412 0.41028199038 0.666922 0.704962 0.753202 0.816369 0.902647 1.02754 1.22438 1.58049 2.4202 6.81055
1.02974425868 0.627743 0.406221 0.400040016377 0.659059 0.697783 0.746892 0.811197 0.899028 1.02616 1.22656 1.58907 2.4439 6.91328
1.0471975512 0.619324 0.396239 0.390012686461 0.651177 0.690567 0.740519 0.805929 0.895268 1.02459 1.22842 1.59717 2.46668 7.01283
1.06465084372 0.610903 0.386468 0.380203515644 0.643278 0.683313 0.734083 0.800563 0.891366 1.0228 1.22998 1.60476 2.4885 7.10909
1.08210413624 0.602484 0.376912 0.370615379847 0.635364 0.676023 0.727584 0.795101 0.887318 1.0208 1.23121 1.61183 2.50935 7.20195
1.09955742876 0.594068 0.367573 0.361250789794 0.627435 0.668696 0.721022 0.789539 0.883123 1.01859 1.2321 1.61837 2.52918 7.2913
1.11701072128 0.585658 0.358453 0.352111662765 0.619494 0.661335 0.714396 0.783877 0.878776 1.01614 1.23266 1.62436 2.54798 7.37703
1.1344640138 0.577255 0.349554 0.343199505196 0.611542 0.653941 0.707708 0.778114 0.874278 1.01347 1.23288 1.62979 2.5657 7.45906
1.15191730632 0.568861 0.340877 0.334515367024 0.60358 0.646513 0.700958 0.77225 0.869624 1.01057 1.23274 1.63464 2.58234 7.53728
1.16937059884 0.560479 0.332422 0.326059659096 0.595611 0.639053 0.694145 0.766283 0.864813 1.00744 1.23224 1.63891 2.59786 7.61162
1.18682389136 0.552111 0.32419 0.317832564009 0.587635 0.631563 0.68727 0.760214 0.859845 1.00406 1.23137 1.64259 2.61224 7.68198
1.20427718388 0.543757 0.31618 0.30983362527 0.579654 0.624042 0.680333 0.754042 0.854716 1.00044 1.23014 1.64566 2.62547 7.7483
1.2217304764 0.535421 0.308391 0.302062066834 0.571669 0.616493 0.673335 0.747766 0.849426 0.99658 1.22852 1.64811 2.63751 7.8105
1.23918376892 0.527104 0.300823 0.294516656167 0.563683 0.608916 0.666277 0.741387 0.843974 0.99247 1.22653 1.64994 2.64837 7.86851
1.25663706144 0.518807 0.293474 0.287195795532 0.555696 0.601312 0.659158 0.734904 0.838359 0.988111 1.22415 1.65114 2.65801 7.92228
1.27409035396 0.510533 0.286341 0.280097430703 0.54771 0.593683 0.651981 0.728317 0.83258 0.9835 1.22138 1.6517 2.66642 7.97175
1.29154364648 0.502284 0.279423 0.273219187903 0.539727 0.586029 0.644744 0.721627 0.826637 0.978636 1.21822 1.65162 2.67359 8.01686
1.308996939 0.49406 0.272717 0.266558282511 0.531748 0.578351 0.63745 0.714835 0.820529 0.973519 1.21466 1.65089 2.67952 8.05758
1.32645023152 0.485864 0.266221 0.26011156471 0.523774 0.570652 0.630099 0.707939 0.814255 0.968146 1.21071 1.6495 2.68418 8.09386
1.34390352404 0.477697 0.25993 0.253875702084 0.515807 0.562932 0.622692 0.700942 0.807818 0.962517 1.20635 1.64745 2.68757 8.12567
1.36135681656 0.46956 0.253842 0.247846860072 0.507848 0.555193 0.61523 0.693844 0.801215 0.956633 1.2016 1.64474 2.68968 8.15298
1.37881010908 0.461457 0.247951 0.242021021517 0.499899 0.547435 0.607715 0.686645 0.794449 0.950492 1.19644 1.64137 2.6905 8.17577
1.3962634016 0.453387 0.242256 0.236393849712 0.491962 0.53966 0.600147 0.679347 0.787519 0.944095 1.19089 1.63733 2.69004 8.19401
1.41371669412 0.445353 0.23675 0.230960779705 0.484037 0.53187 0.592527 0.671951 0.780427 0.937443 1.18493 1.63262 2.68829 8.2077
1.43116998664 0.437357 0.231429 0.225717018295 0.476126 0.524066 0.584858 0.664457 0.773174 0.930537 1.17857 1.62725 2.68525 8.21682
1.44862327916 0.429398 0.226289 0.220657407086 0.468231 0.516249 0.57714 0.656868 0.76576 0.923377 1.17181 1.62121 2.68091 8.22138
1.46607657168 0.42148 0.221324 0.21577683333 0.460354 0.508421 0.569374 0.649185 0.758189 0.915966 1.16465 1.61451 2.67528 8.22137
1.4835298642 0.413604 0.216529 0.211069773434 0.452495 0.500584 0.561564 0.641409 0.75046 0.908305 1.15709 1.60715 2.66837 8.2168
1.50098315672 0.40577 0.211899 0.206530566856 0.444656 0.492738 0.553709 0.633542 0.742576 0.900397 1.14915 1.59913 2.66017 8.20768
1.51843644924 0.397981 0.207428 0.202153553056 0.436838 0.484886 0.545812 0.625586 0.73454 0.892243 1.14081 1.59045 2.6507 8.19404
1.53588974176 0.390237 0.20311 0.197932797594 0.429044 0.477029 0.537875 0.617543 0.726353 0.883846 1.13208 1.58112 2.63996 8.1759
1.55334303427 0.382541 0.19894 0.193862274732 0.421275 0.469168 0.529899 0.609416 0.718017 0.87521 1.12297 1.57115 2.62796 8.15327
1.57079632679 0.374893 0.194912 0.189935913083 0.413531 0.461306 0.521886 0.601205 0.709537 0.866338 1.11348 1.56054 2.6147 8.1262
1.58824961931 0.367295 0.19102 0.186147458661 0.405815 0.453444 0.513838 0.592915 0.700913 0.857232 1.10361 1.5493 2.60021 8.09472
1.60570291183 0.359747 0.187258 0.18249079443 0.398128 0.445584 0.505758 0.584546 0.692151 0.847898 1.09338 1.53743 2.5845 8.05887
1.62315620435 0.352253 0.18362 0.178959529456 0.390471 0.437727 0.497648 0.576102 0.683251 0.838339 1.08278 1.52495 2.56757 8.01871
1.64060949687 0.344811 0.180099 0.175547364103 0.382847 0.429876 0.489509 0.567586 0.674219 0.82856 1.07182 1.51186 2.54945 7.97427
1.65806278939 0.337425 0.17669 0.172248090035 0.375256 0.422032 0.481344 0.559 0.665058 0.818565 1.06051 1.49817 2.53015 7.92563
1.67551608191 0.330094 0.173386 0.169055316319 0.3677 0.414197 0.473155 0.550347 0.655771 0.808359 1.04885 1.48389 2.50969 7.87283
1.69296937443 0.322821 0.170182 0.165962788969 0.360181 0.406374 0.464945 0.541631 0.646362 0.797948 1.03686 1.46904 2.48808 7.81594
1.71042266695 0.315606 0.167071 0.162964299649 0.3527 0.398563 0.456715 0.532853 0.636835 0.787336 1.02454 1.45362 2.46536 7.75503
1.72787595947 0.308451 0.164048 0.160053685672 0.345258 0.390767 0.44847 0.524019 0.627196 0.77653 1.01189 1.43765 2.44154 7.69017
1.74532925199 0.301356 0.161106 0.157224830002 0.337858 0.382988 0.44021 0.51513 0.617447 0.765536 0.998936 1.42114 2.41665 7.62144
1.76278254451 0.294323 0.15824 0.154471752551 0.3305 0.375228 0.43194 0.50619 0.607593 0.754359 0.985672 1.4041 2.3907 7.54892
1.78023583703 0.287353 0.155445 0.151788518879 0.323186 0.367488 0.423661 0.497204 0.59764 0.743006 0.972112 1.38654 2.36373 7.4727
1.79768912955 0.280447 0.152713 0.149169422795 0.315917 0.359772 0.415375 0.488174 0.587592 0.731484 0.958265 1.36849 2.33576 7.39286
1.81514242207 0.273606 0.150041 0.146608803758 0.308696 0.35208 0.407087 0.479104 0.577454 0.719799 0.944142 1.34995 2.30681 7.3095
1.83259571459 0.266831 0.147422 0.144101138175 0.301524 0.344416 0.398799 0.469998 0.567231 0.707959 0.929751 1.33095 2.27693 7.22271
1.85004900711 0.260123 0.144852 0.141641039401 0.294401 0.336781 0.390513 0.46086 0.556929 0.69597 0.915104 1.31149 2.24612 7.13259
1.86750229963 0.253483 0.142325 0.139223440339 0.287331 0.329177 0.382233 0.451694 0.546552 0.68384 0.900211 1.2916 2.21444 7.03924
1.88495559215 0.246912 0.139837 0.136843273891 0.280313 0.321607 0.373962 0.442504 0.536106 0.671577 0.885083 1.27128 2.1819 6.94277
1.90240888467 0.240412 0.137383 0.134495792506 0.27335 0.314072 0.365702 0.433293 0.525598 0.659189 0.869731 1.25057 2.14854 6.84329
1.91986217719 0.233982 0.134959 0.132176294282 0.266444 0.306576 0.357456 0.424067 0.515032 0.646683 0.854166 1.22947 2.11439 6.74091
1.93731546971 0.227625 0.132559 0.129880533813 0.259595 0.299119 0.349228 0.41483 0.504414 0.634068 0.838401 1.20801 2.07949 6.63574
1.95476876223 0.22134 0.130181 0.127604174394 0.252805 0.291704 0.341021 0.405585 0.493751 0.621351 0.822448 1.1862 2.04387 6.5279
1.97222205475 0.215129 0.12782 0.125343381464 0.246076 0.284334 0.332838 0.396337 0.483048 0.608542 0.806318 1.16406 2.00756 6.41751
1.98967534727 0.208993 0.125473 0.123094411763 0.23941 0.277011 0.324683 0.38709 0.472312 0.595648 0.790024 1.14161 1.9706 6.30469
2.00712863979 0.202932 0.123136 0.120853750275 0.232806 0.269737 0.316557 0.37785 0.461548 0.582679 0.773578 1.11888 1.93304 6.18956
2.02458193231 0.196948 0.120807 0.118618201535 0.226268 0.262514 0.308465 0.36862 0.450763 0.569643 0.756994 1.09587 1.89489 6.07226
2.04203522483 0.191041 0.118481 0.116384707024 0.219797 0.255344 0.30041 0.359405 0.439964 0.55655 0.740284 1.07262 1.85621 5.95291
2.05948851735 0.185212 0.116157 0.11415052777 0.213394 0.248231 0.292395 0.350209 0.429156 0.543407 0.723462 1.04914 1.81703 5.83164
2.07694180987 0.179463 0.113833 0.111913244348 0.20706 0.241175 0.284423 0.341038 0.418346 0.530225 0.70654 1.02545 1.77739 5.70858
2.09439510239 0.173792 0.111505 0.109670574282 0.200798 0.234179 0.276498 0.331896 0.407541 0.517013 0.689533 1.00158 1.73733 5.58387
2.11184839491 0.168203 0.109172 0.107420554641 0.194607 0.227247 0.268623 0.322787 0.396746 0.503779 0.672453 0.977544 1.69688 5.45763
2.12930168743 0.162694 0.106833 0.105161450744 0.188491 0.220378 0.260802 0.313716 0.38597 0.490533 0.655315 0.953364 1.6561 5.33002
2.14675497995 0.157268 0.104486 0.102891847455 0.18245 0.213577 0.253037 0.304689 0.375218 0.477285 0.638132 0.929062 1.61501 5.20116
2.16420827247 0.151924 0.102129 0.100610466588 0.176486 0.206846 0.245332 0.295709 0.364498 0.464044 0.620918 0.904661 1.57366 5.0712
2.18166156499 0.146664 0.0997619 0.0983163951516 0.1706 0.200186 0.23769 0.286782 0.353815 0.45082 0.603687 0.880182 1.53209 4.94026
2.19911485751 0.141488 0.0973841 0.0960089940528 0.164793 0.1936 0.230115 0.277913 0.343176 0.437621 0.586452 0.855647 1.49034 4.8085
2.21656815003 0.136397 0.0949949 0.0936877611467 0.159068 0.187089 0.22261 0.269105 0.332589 0.424458 0.569229 0.831078 1.44845 4.67606
2.23402144255 0.131391 0.0925943 0.0913525138351 0.153424 0.180658 0.215178 0.260364 0.32206 0.41134 0.552031 0.806498 1.40646 4.54306
2.25147473507 0.126471 0.0901821 0.0890033434172 0.147865 0.174306 0.207823 0.251694 0.311595 0.398277 0.534871 0.781929 1.36442 4.40967
2.26892802759 0.121638 0.0877587 0.08664052379 0.14239 0.168038 0.200548 0.243101 0.301202 0.385278 0.517765 0.757393 1.32236 4.27601
2.28638132011 0.116893 0.0853246 0.0842645570985 0.137001 0.161854 0.193357 0.234589 0.290887 0.372352 0.500726 0.732911 1.28033 4.14223
2.30383461263 0.112236 0.0828805 0.0818762193845 0.131701 0.155758 0.186251 0.226163 0.280656 0.35951 0.483768 0.708507 1.23837 4.00846
2.32128790515 0.107667 0.0804273 0.0794764692883 0.126489 0.149751 0.179236 0.217827 0.270517 0.346761 0.466905 0.684202 1.19652 3.87487
2.33874119767 0.103187 0.0779662 0.0770665393471 0.121367 0.143835 0.172313 0.209587 0.260476 0.334114 0.450151 0.660018 1.15481 3.74157
2.35619449019 0.098797 0.0754985 0.0746477990468 0.116336 0.138013 0.165487 0.201446 0.25054 0.321579 0.43352 0.635978 1.1133 3.60871
2.37364778271 0.0944974 0.0730258 0.0722218461208 0.111399 0.132286 0.15876 0.193409 0.240715 0.309165 0.417025 0.612102 1.07202 3.47644
2.39110107523 0.0902885 0.0705498 0.0697904609009 0.106555 0.126657 0.152136 0.185481 0.231007 0.296881 0.400681 0.588413 1.03102 3.34488
2.40855436775 0.0861709 0.0680724 0.0673556063168 0.101806 0.121128 0.145617 0.177667 0.221423 0.284736 0.3845 0.564932 0.990319 3.21419
2.42600766027 0.0821451 0.0655957 0.0649194735459 0.0971535 0.1157 0.139207 0.16997 0.21197 0.272741 0.368497 0.54168 0.949976 3.08448
2.44346095279 0.0782117 0.0631219 0.0624842994151 0.0925983 0.110377 0.132908 0.162396 0.202653 0.260902 0.352684 0.518678 0.910024 2.95591
2.46091424531 0.074371 0.0606534 0.0600525946485 0.0881416 0.105159 0.126725 0.154949 0.19348 0.249231 0.337076 0.495948 0.870502 2.8286
2.47836753783 0.0706235 0.0581928 0.0576269156197 0.0837846 0.100048 0.120659 0.147632 0.184455 0.237734 0.321684 0.47351 0.831449 2.70268
2.49582083035 0.0669696 0.0557426 0.0552100013006 0.0795283 0.0950469 0.114714 0.140451 0.175586 0.226422 0.306522 0.451383 0.792903 2.57829
2.51327412287 0.0634098 0.0533057 0.0528047276113 0.0753737 0.0901571 0.108892 0.133409 0.166878 0.215302 0.291602 0.42959 0.754902 2.45556
2.53072741539 0.0599444 0.050885 0.0504139704723 0.071322 0.0853804 0.103196 0.12651 0.158336 0.204384 0.276936 0.408148 0.717482 2.3346
2.54818070791 0.0565739 0.0484833 0.0480408340516 0.067374 0.0807187 0.0976294 0.119759 0.149968 0.193674 0.262538 0.387077 0.680679 2.21555
2.56563400043 0.0532986 0.0461038 0.0456884225171 0.0635309 0.0761736 0.0921945 0.113159 0.141777 0.183182 0.248419 0.366397 0.64453 2.09853
2.58308729295 0.0501189 0.0437496 0.0433599769853 0.0597934 0.0717468 0.0868938 0.106715 0.133771 0.172916 0.23459 0.346126 0.60907 1.98366
2.60054058547 0.0470351 0.0414239 0.041058738573 0.0561627 0.06744 0.0817301 0.100429 0.125954 0.162882 0.221064 0.326283 0.574332 1.87105
2.61799387799 0.0440474 0.0391299 0.0387880396956 0.0526395 0.0632548 0.0767058 0.0943065 0.118332 0.15309 0.207852 0.306885 0.540351 1.76083
2.63544717051 0.0411564 0.036871 0.0365511671192 0.0492247 0.0591928 0.0718233 0.0883502 0.110909 0.143545 0.194964 0.28795 0.507159 1.6531
2.65290046303 0.0383621 0.0346503 0.0343515902082 0.0459192 0.0552554 0.0670851 0.0825637 0.103691 0.134257 0.182412 0.269495 0.474788 1.54797
2.67035375555 0.0356649 0.0324713 0.0321925957285 0.0427238 0.0514442 0.0624934 0.0769504 0.0966833 0.12523 0.170206 0.251537 0.443269 1.44556
2.68780704807 0.0330651 0.0303373 0.030077607395 0.0396392 0.0477605 0.0580504 0.0715136 0.0898898 0.116474 0.158355 0.234092 0.412632 1.34596
2.70526034059 0.0305628 0.0282515 0.0280100032726 0.0366661 0.0442058 0.0537583 0.0662566 0.0833153 0.107993 0.146871 0.217175 0.382908 1.24928
2.72271363311 0.0281584 0.0262173 0.0259931614266 0.0338054 0.0407813 0.0496192 0.0611824 0.0769644 0.0997948 0.135762 0.200802 0.354123 1.15561
2.74016692563 0.0258519 0.0242379 0.0240303229736 0.0310577 0.0374882 0.0456351 0.0562939 0.0708412 0.0918852 0.125038 0.184987 0.326307 1.06506
2.75762021815 0.0236436 0.0223165 0.0221247746796 0.0284235 0.0343279 0.0418079 0.051594 0.06495 0.0842703 0.114707 0.169744 0.299484 0.977697
2.77507351067 0.0215336 0.0204563 0.0202797576613 0.0259036 0.0313014 0.0381395 0.0470855 0.0592947 0.0769557 0.104778 0.155087 0.273681 0.893624
2.79252680319 0.0195221 0.0186604 0.0184983760865 0.0234984 0.0284098 0.0346315 0.0427709 0.053879 0.069947 0.0952591 0.141029 0.248922 0.812922
2.80998009571 0.0176092 0.0169318 0.0167836428242 0.0212085 0.0256541 0.0312856 0.0386527 0.0487066 0.0632494 0.0861584 0.127583 0.22523 0.735671
2.82743338823 0.015795 0.0152734 0.0151385250938 0.0190345 0.0230354 0.0281035 0.0347333 0.0437809 0.0568678 0.0774829 0.114759 0.202627 0.661947
2.84488668075 0.0140796 0.0136881 0.0135659444652 0.0169766 0.0205545 0.0250866 0.031015 0.0391051 0.0508069 0.0692399 0.10257 0.181135 0.591823
2.86233997327 0.0124631 0.0121786 0.0120685942606 0.0150355 0.0182123 0.0222362 0.0274997 0.0346823 0.0450712 0.0614359 0.0910253 0.160773 0.525367
2.87979326579 0.0109455 0.0107475 0.0106490765032 0.0132113 0.0160095 0.0195536 0.0241894 0.0305154 0.0396649 0.054077 0.0801357 0.14156 0.462643
2.89724655831 0.00952682 0.00939721 0.00930990191697 0.0115046 0.0139468 0.0170401 0.021086 0.0266069 0.0345918 0.0471692 0.0699102 0.123514 0.403713
2.91469985083 0.00820705 0.00813016 0.00805339862799 0.00991541 0.0120249 0.0146967 0.0181912 0.0229594 0.0298555 0.0407178 0.0603573 0.10665 0.348631
2.93215314335 0.00698619 0.00694853 0.00688175781364 0.00844415 0.0102444 0.0125243 0.0155063 0.019575 0.0254594 0.0347277 0.0514851 0.0909838 0.297449
2.94960643587 0.00586417 0.00585435 0.00579703370273 0.00709097 0.00860571 0.010524 0.0130328 0.0164559 0.0214063 0.0292035 0.0433008 0.0765289 0.250216
2.96705972839 0.00484092 0.00484953 0.00480109792595 0.005856 0.00710927 0.00869634 0.0107719 0.0136038 0.0176991 0.0241493 0.0358109 0.0632977 0.206973
2.98451302091 0.00391634 0.00393577 0.00389559386636 0.00473935 0.00575543 0.00704208 0.00872469 0.0110203 0.01434 0.0195685 0.0290212 0.0513012 0.16776
3.00196631343 0.00309029 0.00311462 0.00308211925748 0.00374106 0.00454445 0.00556171 0.00689199 0.00870683 0.0113312 0.0154645 0.0229369 0.0405492 0.132608
3.01941960595 0.00236261 0.00238743 0.00236190663658 0.00286111 0.0034765 0.00425567 0.00527453 0.00666448 0.00867438 0.0118397 0.0175622 0.0310497 0.101548
3.03687289847 0.00173308 0.00175539 0.00173614289143 0.00209944 0.00255167 0.00312422 0.00387287 0.00489414 0.00637088 0.0086965 0.0129008 0.0228097 0.0746028
3.05432619099 0.00120148 0.00121944 0.0012057410126 0.00145591 0.00176995 0.00216753 0.00268736 0.00339645 0.00442175 0.00603636 0.0089552 0.0158344 0.0517911
3.07177948351 0.000767499 0.000780367 0.000771340093511 0.000930303 0.00113123 0.0013856 0.00171816 0.00217178 0.00282764 0.00386045 0.00572747 0.0101277 0.0331265
3.08923277603 0.000430814 0.0004387 0.000433487928507 0.000522348 0.00063531 0.0007783 0.000965235 0.0012202 0.00158883 0.0021693 0.00321858 0.00569148 0.0186166
3.10668606855 0.000191017 0.000194757 0.000192367115704 0.000231667 0.000281829 0.000345319 0.000428315 0.000541509 0.000705154 0.000962829 0.0014286 0.00252628 0.00826343
3.12413936107 4.76199e-05 4.86006e-05 4.79776551033e-05 5.77706e-05 7.02947e-05 8.61452e-05 0.000106864 0.000135118 0.000175963 0.000240274 0.000356517 0.000630457 0.00206221
3.14159265359 0.0 0.0 0.0 0.0 0.0 0.0 0.0 0.0 0.0 0.0 0.0 0.0 0.0
