alpha phi_iso phi_ray phi_vec g0=0.1 g0=0.2 g0=0.3 g0=0.4 g0=0.5 g0=0.6 g0=0.7 g0=0.8 g0=0.9 g0=1.0
0.0 1.0 1.0 1.0 1.0 1.0 1.0 1.0 1.0 1.0 1.0 1.0 1.0 1.0
0.0174532925199 0.999696 0.999566 0.999550267706 0.99971 0.999727 0.999746 0.999769 0.999796 0.999831 0.999876 0.999936 1.00002 1.00015
0.0349065850399 0.998841 0.998326 0.998260540792 0.998895 0.998959 0.999033 0.999122 0.99923 0.999365 0.999539 0.999773 1.0001 1.00061
0.0523598775598 0.997514 0.996374 0.996218973898 0.997633 0.997771 0.997934 0.998127 0.998364 0.99866 0.999041 0.999552 1.00028 1.00139
0.0698131700798 0.995781 0.993783 0.993495659838 0.995986 0.996224 0.996504 0.996839 0.997248 0.99776 0.99842 0.999307 1.00056 1.0025
0.0872664625997 0.993681 0.990602 0.990138123119 0.993992 0.994354 0.99478 0.99529 0.995913 0.996693 0.9977 0.999055 1.00098 1.00393
0.10471975512 0.991242 0.986865 0.986178974374 0.991679 0.992187 0.992785 0.993503 0.99438 0.995479 0.996899 0.998809 1.00152 1.00569
0.12217304764 0.988484 0.982597 0.981643875999 0.989065 0.98974 0.990538 0.991494 0.992664 0.99413 0.996027 0.998579 1.0022 1.00778
0.13962634016 0.985421 0.977821 0.97655581523 0.986164 0.987029 0.98805 0.989276 0.990776 0.992658 0.995092 0.998369 1.00303 1.01019
0.157079632679 0.98207 0.972557 0.970936797809 0.982992 0.984067 0.985336 0.98686 0.988727 0.991071 0.994103 0.998187 1.00399 1.01292
0.174532925199 0.978443 0.966828 0.964808350706 0.979562 0.980866 0.982408 0.98426 0.986529 0.989378 0.993066 0.998036 1.0051 1.01597
0.191986217719 0.974554 0.960653 0.958191605898 0.975886 0.977439 0.979275 0.981483 0.984188 0.987587 0.991988 0.997919 1.00636 1.01934
0.209439510239 0.970415 0.954051 0.951107342266 0.971975 0.973795 0.975949 0.978539 0.981714 0.985704 0.990872 0.997839 1.00775 1.02301
0.226892802759 0.966035 0.947042 0.943576003546 0.96784 0.969946 0.972438 0.975436 0.979113 0.983734 0.989723 0.997798 1.00929 1.02698
0.244346095279 0.961427 0.939644 0.935617752195 0.96349 0.965899 0.968751 0.972182 0.976392 0.981684 0.988544 0.997795 1.01097 1.03123
0.261799387799 0.9566 0.931875 0.927252469388 0.958936 0.961665 0.964896 0.968784 0.973557 0.979558 0.987338 0.997832 1.01277 1.03577
0.279252680319 0.951564 0.923754 0.918499814866 0.954187 0.957251 0.96088 0.965249 0.970613 0.977359 0.986107 0.997908 1.01472 1.04059
0.296705972839 0.946327 0.915298 0.909379268831 0.949249 0.952664 0.956711 0.961583 0.967565 0.975091 0.984852 0.998022 1.01678 1.04566
0.314159265359 0.940897 0.906525 0.899910102017 0.944132 0.947913 0.952393 0.95779 0.964418 0.972757 0.983574 0.998172 1.01897 1.05099
0.331612557879 0.935283 0.897451 0.890111453498 0.938842 0.943003 0.947935 0.953876 0.961174 0.970358 0.982273 0.998355 1.02127 1.05655
0.349065850399 0.929492 0.888094 0.880002282804 0.933387 0.937941 0.94334 0.949845 0.957838 0.967898 0.98095 0.99857 1.02368 1.06234
0.366519142919 0.923532 0.87847 0.86960141182 0.927773 0.932733 0.938615 0.945703 0.954413 0.965377 0.979604 0.998813 1.02618 1.06834
0.383972435439 0.917409 0.868596 0.858927482886 0.922007 0.927386 0.933764 0.941452 0.950901 0.962796 0.978234 0.99908 1.02879 1.07455
0.401425727959 0.911131 0.858488 0.847999006683 0.916095 0.921903 0.928792 0.937097 0.947305 0.960157 0.97684 0.999368 1.03148 1.08094
0.418879020479 0.904703 0.848163 0.836834296394 0.910043 0.916291 0.923704 0.93264 0.943626 0.95746 0.975419 0.999673 1.03424 1.0875
0.436332312999 0.898132 0.837635 0.825451503616 0.903856 0.910554 0.918502 0.928085 0.939867 0.954706 0.97397 0.999989 1.03708 1.09422
0.453785605519 0.891424 0.826922 0.813868576466 0.897539 0.904698 0.913192 0.923435 0.93603 0.951894 0.972491 1.00031 1.03997 1.10108
0.471238898038 0.884585 0.816037 0.802103253596 0.891099 0.898726 0.907777 0.918692 0.932115 0.949024 0.970979 1.00064 1.04292 1.10807
0.488692190558 0.87762 0.804997 0.79017307018 0.884541 0.892643 0.90226 0.913859 0.928125 0.946096 0.969433 1.00096 1.04591 1.11518
0.506145483078 0.870536 0.793817 0.778095304047 0.877868 0.886454 0.896645 0.908939 0.924059 0.94311 0.967849 1.00128 1.04893 1.12238
0.523598775598 0.863336 0.782511 0.76588699364 0.871085 0.880161 0.890935 0.903932 0.91992 0.940064 0.966226 1.00157 1.05198 1.12966
0.541052068118 0.856026 0.771093 0.753564908091 0.864198 0.873769 0.885132 0.898842 0.915707 0.936957 0.964558 1.00185 1.05504 1.137
0.558505360638 0.848612 0.759579 0.741145529264 0.857211 0.867282 0.879241 0.893669 0.911421 0.933789 0.962845 1.00211 1.0581 1.14439
0.575958653158 0.841098 0.747981 0.728645033805 0.850127 0.860703 0.873262 0.888417 0.907062 0.930559 0.961082 1.00233 1.06115 1.15182
0.593411945678 0.833488 0.736314 0.716079293141 0.84295 0.854036 0.8672 0.883085 0.902631 0.927265 0.959266 1.00251 1.06419 1.15926
0.610865238198 0.825788 0.724592 0.703463837569 0.835686 0.847283 0.861056 0.877676 0.898128 0.923905 0.957393 1.00265 1.0672 1.1667
0.628318530718 0.818001 0.712826 0.690813850275 0.828338 0.840449 0.854832 0.872192 0.893554 0.920479 0.95546 1.00274 1.07017 1.17412
0.645771823238 0.810133 0.70103 0.678144155362 0.820909 0.833535 0.848532 0.866632 0.888907 0.916984 0.953464 1.00277 1.0731 1.18151
0.663225115758 0.802187 0.689216 0.665469187928 0.813403 0.826545 0.842156 0.860998 0.884188 0.91342 0.9514 1.00274 1.07596 1.18884
0.680678408278 0.794168 0.677396 0.652803000049 0.805823 0.819483 0.835708 0.855293 0.879397 0.909783 0.949266 1.00263 1.07876 1.19611
0.698131700798 0.786079 0.665583 0.640159230859 0.798174 0.812349 0.829188 0.849515 0.874534 0.906073 0.947056 1.00246 1.08148 1.2033
0.715584993318 0.777924 0.653787 0.62755111253 0.790458 0.805148 0.8226 0.843667 0.869598 0.902288 0.944768 1.00219 1.08411 1.21039
0.733038285838 0.769708 0.64202 0.614991434367 0.782679 0.797883 0.815944 0.837749 0.864588 0.898426 0.942398 1.00184 1.08664 1.21736
0.750491578358 0.761434 0.630292 0.602492548793 0.77484 0.790554 0.809223 0.831762 0.859506 0.894485 0.939942 1.00139 1.08906 1.22421
0.767944870878 0.753105 0.618613 0.590066347408 0.766944 0.783166 0.802438 0.825707 0.85435 0.890464 0.937396 1.00084 1.09136 1.2309
0.785398163397 0.744727 0.606994 0.577724278943 0.758995 0.77572 0.795592 0.819584 0.84912 0.88636 0.934756 1.00019 1.09353 1.23744
0.802851455917 0.7363 0.595444 0.565477295402 0.750994 0.768219 0.788684 0.813395 0.843815 0.882171 0.93202 0.999413 1.09556 1.24379
0.820304748437 0.727831 0.583971 0.553335887963 0.742946 0.760665 0.781718 0.80714 0.838436 0.877897 0.929182 0.998521 1.09744 1.24996
0.837758040957 0.719321 0.572585 0.541310063046 0.734852 0.75306 0.774695 0.800819 0.832981 0.873534 0.926241 0.997501 1.09917 1.25591
0.855211333477 0.710773 0.561295 0.529409312387 0.726716 0.745407 0.767616 0.794434 0.82745 0.869082 0.923192 0.99635 1.10072 1.26165
0.872664625997 0.702193 0.550107 0.517642660914 0.718541 0.737707 0.760483 0.787984 0.821843 0.864539 0.920031 0.99506 1.10211 1.26715
0.890117918517 0.693581 0.53903 0.506018612886 0.710329 0.729964 0.753296 0.781471 0.81616 0.859903 0.916757 0.993627 1.1033 1.2724
0.907571211037 0.684942 0.52807 0.494545163863 0.702083 0.722178 0.746059 0.774896 0.8104 0.855172 0.913364 0.992045 1.1043 1.27739
0.925024503557 0.676279 0.517234 0.483229824645 0.693805 0.714353 0.738771 0.768258 0.804563 0.850345 0.909851 0.990309 1.1051 1.2821
0.942477796077 0.667594 0.506529 0.472079573393 0.685498 0.706489 0.731434 0.761558 0.798648 0.84542 0.906213 0.988413 1.10569 1.28652
0.959931088597 0.658891 0.495959 0.461100897521 0.677165 0.698589 0.724051 0.754798 0.792655 0.840396 0.902449 0.986353 1.10607 1.29065
0.977384381117 0.650172 0.485532 0.450299763777 0.668807 0.690656 0.716621 0.747977 0.786585 0.835272 0.898555 0.984124 1.10621 1.29446
0.994837673637 0.641441 0.475251 0.439681642177 0.660428 0.68269 0.709147 0.741097 0.780436 0.830046 0.894529 0.98172 1.10612 1.29794
1.01229096616 0.632699 0.465121 0.429251494037 0.652029 0.674694 0.701629 0.734157 0.774209 0.824717 0.890368 0.979139 1.1058 1.30109
1.02974425868 0.62395 0.455147 0.419013783944 0.643614 0.66667 0.69407 0.72716 0.767903 0.819284 0.88607 0.976375 1.10522 1.30389
1.0471975512 0.615197 0.445332 0.408972479755 0.635184 0.658619 0.68647 0.720105 0.761519 0.813746 0.881632 0.973425 1.1044 1.30634
1.06465084372 0.606441 0.435679 0.399131052596 0.626742 0.650544 0.678832 0.712993 0.755057 0.808102 0.877053 0.970285 1.10331 1.30842
1.08210413624 0.597687 0.426191 0.389492500802 0.618289 0.642446 0.671155 0.705826 0.748516 0.802352 0.87233 0.966951 1.10196 1.31012
1.09955742876 0.588935 0.416872 0.380059331962 0.609829 0.634327 0.663442 0.698603 0.741896 0.796494 0.867461 0.96342 1.10033 1.31144
1.11701072128 0.580189 0.407723 0.370833592845 0.601363 0.626189 0.655694 0.691326 0.735199 0.790528 0.862445 0.959688 1.09844 1.31237
1.1344640138 0.571451 0.398746 0.361816869395 0.592893 0.618034 0.647913 0.683996 0.728424 0.784453 0.85728 0.955754 1.09626 1.3129
1.15191730632 0.562723 0.389943 0.353010286737 0.584421 0.609863 0.640099 0.676613 0.721572 0.77827 0.851966 0.951614 1.09379 1.31302
1.16937059884 0.554008 0.381314 0.344414551065 0.575951 0.601679 0.632254 0.669179 0.714643 0.771977 0.8465 0.947267 1.09104 1.31272
1.18682389136 0.545308 0.37286 0.336029907751 0.567483 0.593482 0.62438 0.661694 0.707637 0.765575 0.840882 0.942709 1.08799 1.312
1.20427718388 0.536626 0.364583 0.327856201194 0.559019 0.585276 0.616478 0.65416 0.700555 0.759063 0.835112 0.937939 1.08465 1.31086
1.2217304764 0.527963 0.356481 0.319892868832 0.550563 0.577061 0.60855 0.646577 0.693399 0.752443 0.829187 0.932955 1.08101 1.30929
1.23918376892 0.519322 0.348554 0.312138953113 0.542115 0.568839 0.600597 0.638948 0.686167 0.745713 0.823109 0.927756 1.07706 1.30727
1.25663706144 0.510705 0.340803 0.304593113464 0.533678 0.560612 0.59262 0.631272 0.678862 0.738874 0.816876 0.922342 1.07282 1.30482
1.27409035396 0.502114 0.333225 0.297253644244 0.525254 0.552383 0.584622 0.623552 0.671484 0.731928 0.810489 0.91671 1.06826 1.30192
1.29154364648 0.493552 0.32582 0.290118486718 0.516844 0.544152 0.576603 0.615789 0.664035 0.724873 0.803947 0.910861 1.0634 1.29858
1.308996939 0.485019 0.318587 0.283185252989 0.50845 0.535921 0.568565 0.607983 0.656514 0.717712 0.797251 0.904793 1.05823 1.29479
1.32645023152 0.476519 0.311523 0.276451220019 0.500075 0.527692 0.560509 0.600137 0.648924 0.710445 0.790402 0.898508 1.05274 1.29054
1.34390352404 0.468053 0.304627 0.269913365534 0.491721 0.519468 0.552439 0.592251 0.641266 0.703072 0.7834 0.892005 1.04695 1.28584
1.36135681656 0.459623 0.297896 0.263568391964 0.483388 0.511249 0.544354 0.584328 0.633541 0.695596 0.776246 0.885285 1.04085 1.28069
1.37881010908 0.451231 0.291329 0.257412708489 0.47508 0.503037 0.536257 0.576369 0.62575 0.688016 0.76894 0.878348 1.03444 1.27508
1.3962634016 0.44288 0.284921 0.251442478915 0.466797 0.494835 0.52815 0.568375 0.617896 0.680336 0.761485 0.871196 1.02771 1.26902
1.41371669412 0.43457 0.278671 0.245653621677 0.458542 0.486643 0.520033 0.560348 0.609978 0.672556 0.753881 0.863829 1.02068 1.26251
1.43116998664 0.426303 0.272575 0.240041845745 0.450316 0.478464 0.511909 0.55229 0.602 0.664677 0.746131 0.85625 1.01335 1.25554
1.44862327916 0.418082 0.26663 0.234602644638 0.442121 0.4703 0.503781 0.544203 0.593963 0.656702 0.738235 0.84846 1.0057 1.24812
1.46607657168 0.409908 0.260833 0.229331326352 0.43396 0.462152 0.495648 0.536088 0.585869 0.648633 0.730196 0.840461 0.997759 1.24026
1.4835298642 0.401783 0.25518 0.224223037295 0.425832 0.454022 0.487514 0.527948 0.57772 0.640471 0.722017 0.832255 0.989513 1.23195
1.50098315672 0.393708 0.249667 0.219272774256 0.417742 0.445912 0.479379 0.519783 0.569517 0.632219 0.713699 0.823846 0.980971 1.2232
1.51843644924 0.385685 0.244291 0.214475384409 0.409689 0.437824 0.471247 0.511597 0.561264 0.623879 0.705244 0.815235 0.972134 1.21401
1.53588974176 0.377717 0.239047 0.209825613186 0.401677 0.429758 0.463119 0.503391 0.552961 0.615453 0.696657 0.806426 0.963007 1.20439
1.55334303427 0.369803 0.233932 0.205318098297 0.393705 0.421718 0.454996 0.495168 0.544612 0.606945 0.687939 0.797422 0.953594 1.19434
1.57079632679 0.361947 0.228941 0.200947411616 0.385777 0.413705 0.446881 0.486929 0.536219 0.598355 0.679093 0.788228 0.943898 1.18387
1.58824961931 0.354148 0.22407 0.196708041236 0.377893 0.405721 0.438776 0.478676 0.527784 0.589688 0.670123 0.778845 0.933924 1.17298
1.60570291183 0.34641 0.219316 0.192594445323 0.370056 0.397767 0.430682 0.470412 0.519309 0.580946 0.661031 0.769279 0.923678 1.16168
1.62315620435 0.338733 0.214673 0.188601046136 0.362267 0.389845 0.422602 0.46214 0.510798 0.572133 0.651823 0.759534 0.913165 1.14998
1.64060949687 0.331119 0.210138 0.184722241997 0.354528 0.381958 0.414538 0.453861 0.502253 0.563251 0.642501 0.749615 0.902391 1.13788
1.65806278939 0.32357 0.205706 0.180952449178 0.34684 0.374107 0.406491 0.445577 0.493677 0.554304 0.633069 0.739526 0.891361 1.1254
1.67551608191 0.316086 0.201373 0.177286095924 0.339205 0.366293 0.398465 0.437292 0.485072 0.545294 0.623532 0.729272 0.880082 1.11253
1.69296937443 0.308669 0.197135 0.173717640402 0.331624 0.358519 0.39046 0.429008 0.476442 0.536226 0.613893 0.718859 0.86856 1.0993
1.71042266695 0.30132 0.192987 0.170241600627 0.324099 0.350786 0.382479 0.420727 0.467789 0.527103 0.604157 0.708291 0.856803 1.0857
1.72787595947 0.294041 0.188925 0.166852548474 0.316631 0.343097 0.374525 0.412451 0.459117 0.517929 0.594328 0.697575 0.844817 1.07175
1.74532925199 0.286833 0.184945 0.163545133622 0.309222 0.335452 0.366599 0.404184 0.450428 0.508707 0.58441 0.686715 0.83261 1.05747
1.76278254451 0.279697 0.181043 0.160314107489 0.301874 0.327854 0.358703 0.395927 0.441726 0.499441 0.57441 0.675719 0.82019 1.04285
1.78023583703 0.272634 0.177214 0.157154317246 0.294588 0.320305 0.35084 0.387685 0.433014 0.490135 0.564331 0.664592 0.807565 1.02791
1.79768912955 0.265646 0.173456 0.154060729761 0.287365 0.312806 0.343012 0.379458 0.424295 0.480794 0.554179 0.653341 0.794743 1.01266
1.81514242207 0.258733 0.169763 0.15102843758 0.280207 0.305359 0.335221 0.37125 0.415572 0.471421 0.543958 0.641971 0.781732 0.997113
1.83259571459 0.251898 0.166133 0.148052682864 0.273116 0.297967 0.32747 0.363064 0.40685 0.46202 0.533674 0.630491 0.768541 0.981282
1.85004900711 0.24514 0.162561 0.145128845427 0.266092 0.29063 0.31976 0.354902 0.398131 0.452596 0.523332 0.618906 0.75518 0.965177
1.86750229963 0.238461 0.159044 0.142252484619 0.259137 0.28335 0.312093 0.346768 0.389418 0.443153 0.512938 0.607224 0.741657 0.948812
1.88495559215 0.231863 0.155578 0.139419315395 0.252252 0.27613 0.304473 0.338663 0.380716 0.433696 0.502498 0.595452 0.727982 0.932199
1.90240888467 0.225345 0.152161 0.13662524422 0.24544 0.268971 0.296901 0.330591 0.372028 0.424229 0.492016 0.583597 0.714164 0.915353
1.91986217719 0.218909 0.148789 0.1338663571 0.238701 0.261875 0.28938 0.322555 0.363357 0.414756 0.4815 0.571666 0.700214 0.898285
1.93731546971 0.212557 0.145459 0.131138937535 0.232036 0.254843 0.281911 0.314558 0.354707 0.405283 0.470954 0.559668 0.686141 0.88101
1.95476876223 0.206289 0.142168 0.128439484476 0.225447 0.247878 0.274498 0.306602 0.346083 0.395813 0.460384 0.547609 0.671956 0.863542
1.97222205475 0.200105 0.138914 0.125764682399 0.218936 0.240981 0.267141 0.298691 0.337486 0.386352 0.449797 0.535499 0.657668 0.845895
1.98967534727 0.194007 0.135694 0.123111449183 0.212502 0.234153 0.259845 0.290826 0.328922 0.376904 0.439199 0.523343 0.643289 0.828084
2.00712863979 0.187996 0.132505 0.120476912171 0.206149 0.227397 0.25261 0.283012 0.320394 0.367474 0.428596 0.511151 0.628828 0.810122
2.02458193231 0.182072 0.129346 0.117858426127 0.199876 0.220714 0.245439 0.275252 0.311906 0.358067 0.417993 0.49893 0.614297 0.792026
2.04203522483 0.176237 0.126215 0.115253567245 0.193685 0.214107 0.238335 0.267547 0.303461 0.348687 0.407398 0.48669 0.599706 0.77381
2.05948851735 0.170491 0.123109 0.112660145126 0.187578 0.207575 0.231299 0.259901 0.295063 0.33934 0.396816 0.474436 0.585067 0.755489
2.07694180987 0.164834 0.120027 0.110076196789 0.181555 0.201122 0.224334 0.252317 0.286716 0.330031 0.386254 0.462179 0.57039 0.737078
2.09439510239 0.159268 0.116967 0.107499986669 0.175617 0.194749 0.217442 0.244798 0.278424 0.320764 0.375718 0.449927 0.555686 0.718594
2.11184839491 0.153793 0.113929 0.104930018592 0.169766 0.188457 0.210625 0.237347 0.270191 0.311544 0.365214 0.437687 0.540967 0.700051
2.12930168743 0.14841 0.110911 0.102365023801 0.164004 0.182248 0.203886 0.229966 0.262021 0.302376 0.35475 0.425468 0.526244 0.681465
2.14675497995 0.14312 0.107912 0.0998039669432 0.158329 0.176123 0.197226 0.222659 0.253916 0.293266 0.344331 0.413279 0.511529 0.662852
2.16420827247 0.137923 0.104932 0.0972460281143 0.152745 0.170085 0.190648 0.215429 0.245882 0.284217 0.333964 0.401128 0.496831 0.644227
2.18166156499 0.132819 0.101969 0.0946906267985 0.147252 0.164135 0.184153 0.208277 0.237922 0.275236 0.323655 0.389023 0.482163 0.625607
2.19911485751 0.12781 0.0990243 0.0921374039136 0.14185 0.158273 0.177745 0.201208 0.230039 0.266326 0.31341 0.376973 0.467537 0.607007
2.21656815003 0.122895 0.0960966 0.089586215827 0.136542 0.152502 0.171425 0.194224 0.222237 0.257493 0.303237 0.364986 0.452962 0.588442
2.23402144255 0.118076 0.0931862 0.0870371283702 0.131327 0.146824 0.165195 0.187328 0.214521 0.248742 0.29314 0.353071 0.438452 0.569929
2.25147473507 0.113352 0.0902933 0.0844904347937 0.126207 0.141238 0.159057 0.180523 0.206893 0.240078 0.283128 0.341236 0.424016 0.551483
2.26892802759 0.108725 0.0874182 0.0819466078888 0.121182 0.135748 0.153013 0.17381 0.199357 0.231504 0.273205 0.329489 0.409666 0.533121
2.28638132011 0.104194 0.0845612 0.0794063418807 0.116254 0.130354 0.147065 0.167194 0.191918 0.223027 0.263379 0.317839 0.395414 0.514857
2.30383461263 0.0997601 0.0817231 0.0768704985663 0.111423 0.125058 0.141216 0.160677 0.184578 0.214651 0.253655 0.306294 0.381271 0.496708
2.32128790515 0.0954236 0.0789047 0.0743401492071 0.10669 0.11986 0.135466 0.15426 0.177342 0.20638 0.24404 0.294862 0.367247 0.478689
2.33874119767 0.0911847 0.0761068 0.0718165206666 0.102056 0.114763 0.129818 0.147948 0.170212 0.198219 0.23454 0.283551 0.353353 0.460814
2.35619449019 0.0870438 0.0733305 0.0693010253342 0.0975215 0.109767 0.124274 0.141742 0.163192 0.190173 0.22516 0.272369 0.339601 0.4431
2.37364778271 0.0830011 0.070577 0.0667952132474 0.093087 0.104873 0.118835 0.135646 0.156285 0.182246 0.215907 0.261324 0.326001 0.42556
2.39110107523 0.0790567 0.0678477 0.0643008020151 0.0887533 0.100083 0.113504 0.12966 0.149496 0.174442 0.206787 0.250424 0.312563 0.408211
2.40855436775 0.075211 0.065144 0.0618196468946 0.084521 0.0953981 0.108281 0.123789 0.142826 0.166767 0.197805 0.239677 0.299298 0.391067
2.42600766027 0.0714641 0.0624675 0.0593537228372 0.0803908 0.090819 0.103169 0.118033 0.13628 0.159223 0.188967 0.22909 0.286217 0.374142
2.44346095279 0.0678162 0.0598199 0.0569051484266 0.0763632 0.0863467 0.0981687 0.112397 0.12986 0.151817 0.180279 0.21867 0.273329 0.35745
2.46091424531 0.0642672 0.0572029 0.0544761320176 0.0724387 0.0819824 0.0932823 0.106881 0.123569 0.14455 0.171746 0.208426 0.260644 0.341006
2.47836753783 0.0608174 0.0546184 0.0520689896892 0.0686177 0.0777268 0.088511 0.101487 0.117411 0.137429 0.163374 0.198364 0.248173 0.324824
2.49582083035 0.0574667 0.0520683 0.0496861272911 0.0649007 0.073581 0.0838564 0.0962192 0.111388 0.130456 0.155167 0.18849 0.235925 0.308916
2.51327412287 0.0542151 0.0495547 0.0473300165045 0.0612881 0.0695458 0.0793197 0.0910779 0.105504 0.123635 0.147131 0.178813 0.223908 0.293296
2.53072741539 0.0510626 0.0470796 0.045003206812 0.0577802 0.0656219 0.0749024 0.0860656 0.0997599 0.116971 0.139271 0.169339 0.212133 0.277977
2.54818070791 0.0480092 0.0446452 0.042708307543 0.0543772 0.0618101 0.0706055 0.081184 0.0941597 0.110465 0.131591 0.160074 0.200608 0.262971
2.56563400043 0.0450547 0.0422536 0.040447945981 0.0510797 0.0581111 0.0664304 0.0764351 0.0887056 0.104124 0.124097 0.151024 0.189342 0.248291
2.58308729295 0.042199 0.039907 0.0382248092567 0.0478876 0.0545255 0.0623782 0.0718206 0.0834 0.0979481 0.116793 0.142196 0.178343 0.233948
2.60054058547 0.039442 0.0376077 0.0360415845005 0.0448012 0.0510539 0.0584499 0.067342 0.0782453 0.0919424 0.109683 0.133596 0.167619 0.219954
2.61799387799 0.0367834 0.0353579 0.0339009708124 0.0418207 0.0476969 0.0546465 0.0630009 0.0732436 0.0861095 0.102772 0.125229 0.157179 0.206321
2.63544717051 0.034223 0.0331599 0.031805655323 0.0389461 0.0444548 0.050969 0.0587989 0.0683973 0.0804524 0.0960634 0.117101 0.147029 0.193058
2.65290046303 0.0317606 0.0310159 0.0297583311476 0.0361774 0.0413283 0.0474182 0.0547372 0.0637082 0.0749739 0.0895611 0.109217 0.137177 0.180177
2.67035375555 0.0293958 0.0289282 0.0277616315543 0.0335147 0.0383174 0.0439949 0.0508172 0.0591782 0.0696767 0.0832689 0.101582 0.127631 0.167687
2.68780704807 0.0271282 0.026899 0.0258181778422 0.0309579 0.0354226 0.0406997 0.0470399 0.0548091 0.0645632 0.0771902 0.0942015 0.118395 0.155597
2.70526034059 0.0249574 0.0249305 0.0239305135088 0.0285069 0.0326441 0.0375333 0.0434066 0.0506026 0.0596359 0.0713284 0.087079 0.109478 0.143917
2.72271363311 0.0228831 0.0230248 0.0221011401591 0.0261614 0.029982 0.0344962 0.0399182 0.0465602 0.0548969 0.0656865 0.0802193 0.100884 0.132655
2.74016692563 0.0209047 0.0211839 0.020332475612 0.0239214 0.0274364 0.0315888 0.0365754 0.0426832 0.0503483 0.0602674 0.0736262 0.09262 0.121819
2.75762021815 0.0190217 0.01941 0.0186268419315 0.0217865 0.0250073 0.0288115 0.0333792 0.0389729 0.045992 0.0550738 0.0673036 0.0846904 0.111417
2.77507351067 0.0172335 0.0177049 0.0169864833802 0.0197563 0.0226946 0.0261645 0.03033 0.0354305 0.0418295 0.0501081 0.0612548 0.0771001 0.101455
2.79252680319 0.0155396 0.0160706 0.0154135245268 0.0178305 0.0204983 0.0236481 0.0274286 0.0320568 0.0378626 0.0453725 0.055483 0.0698538 0.0919401
2.80998009571 0.0139392 0.0145089 0.013909970246 0.0160087 0.0184181 0.0212622 0.0246752 0.0288528 0.0340924 0.040869 0.049991 0.0629554 0.0828784
2.82743338823 0.0124317 0.0130213 0.0124777057186 0.0142903 0.0164537 0.0190069 0.0220702 0.025819 0.0305201 0.0365992 0.0447814 0.0564086 0.0742749
2.84488668075 0.0110163 0.0116095 0.0111184605229 0.0126748 0.0146047 0.016882 0.0196137 0.022956 0.0271466 0.0325648 0.0398563 0.0502166 0.0661346
2.86233997327 0.00969214 0.0102749 0.00983384454346 0.0111614 0.0128708 0.0148873 0.0173057 0.0202641 0.0239726 0.0287668 0.0352176 0.0443822 0.0584616
2.87979326579 0.0084584 0.00901885 0.00862527615428 0.00974956 0.0112513 0.0130225 0.0151461 0.0177434 0.0209987 0.0252063 0.0308668 0.0389077 0.0512594
2.89724655831 0.00731415 0.00784254 0.00749402411189 0.00843839 0.00974564 0.011287 0.0131347 0.0153941 0.0182252 0.0218838 0.0268052 0.0337951 0.0445311
2.91469985083 0.0062584 0.00674699 0.0064411836165 0.00722704 0.00835306 0.00968039 0.0112711 0.0132158 0.0156521 0.0187999 0.0230335 0.0290456 0.0382787
2.93215314335 0.0052901 0.0057331 0.00546765237318 0.00611459 0.00707274 0.00820188 0.00955473 0.0112082 0.0132793 0.0159546 0.0195521 0.0246602 0.0325041
2.94960643587 0.00440814 0.00480159 0.00457413657662 0.00509999 0.00590375 0.00685067 0.00798488 0.0093708 0.0111063 0.0133478 0.0163612 0.0206394 0.027208
2.96705972839 0.00361134 0.003953 0.00376113894166 0.00418215 0.00484506 0.00562581 0.00656071 0.00770278 0.00913259 0.0109788 0.0134605 0.016983 0.0223907
2.98451302091 0.00289844 0.0031877 0.00302894673393 0.00335985 0.00389552 0.0045262 0.00528117 0.00620318 0.00735719 0.00884695 0.010849 0.0136904 0.0180517
3.00196631343 0.0022681 0.00250586 0.00237761980043 0.00263179 0.00305386 0.00355061 0.00414506 0.00487082 0.00577895 0.006951 0.00852579 0.0107603 0.0141896
3.01941960595 0.00171887 0.00190744 0.00180699056955 0.00199654 0.00231866 0.00269762 0.00315096 0.00370426 0.00439638 0.00528943 0.00648905 0.00819092 0.0108023
3.03687289847 0.00124924 0.00139219 0.00131662814285 0.00145259 0.00168838 0.00196567 0.00229726 0.00270181 0.00320772 0.0038603 0.00473671 0.00597976 0.00788682
3.05432619099 0.000857558 0.000959615 0.000905856249156 0.000998251 0.00116131 0.00135299 0.00158211 0.00186154 0.00221085 0.0026613 0.00326608 0.00412368 0.00543915
3.07177948351 0.000542054 0.000608978 0.000573705366978 0.000631719 0.000735585 0.00085762 0.00100342 0.00118117 0.00140329 0.00168962 0.00207394 0.00261879 0.00345436
3.08923277603 0.000300805 0.000339253 0.000318900755094 0.000350999 0.000409109 0.000477345 0.00055883 0.000658122 0.000782149 0.000941972 0.00115642 0.00146036 0.00192637
3.10668606855 0.000131698 0.000149097 0.000139808590244 0.000153882 0.000179547 0.000209666 0.000245611 0.00028939 0.000344047 0.00041445 0.000508881 0.000642677 0.000847764
3.12413936107 3.23593e-05 3.67751e-05 3.43880895314e-05 3.78684e-05 4.42367e-05 5.17045e-05 6.06108e-05 7.1451e-05 8.49773e-05 0.000102391 0.000125739 0.000158807 0.000209479
3.14159265359 0.0 0.0 0.0 0.0 0.0 0.0 0.0 0.0 0.0 0.0 0.0 0.0 0.0
