alpha phi_iso phi_ray phi_vec g0=0.1 g0=0.2 g0=0.3 g0=0.4 g0=0.5 g0=0.6 g0=0.7 g0=0.8 g0=0.9 g0=1.0
0.0 1.0 1.0 1.0 1.0 1.0 1.0 1.0 1.0 1.0 1.0 1.0 1.0 1.0
0.0174532925199 0.999755 0.999662 0.999632785025 0.999765 0.999775 0.999787 0.9998 0.999814 0.99983 0.999848 0.999868 0.999892 0.999921
0.0349065850399 0.999053 0.998691 0.998570086686 0.99909 0.99913 0.999175 0.999223 0.999278 0.999339 0.999408 0.999487 0.999579 0.999688
0.0523598775598 0.997941 0.997147 0.996869006841 0.99802 0.998107 0.998202 0.998307 0.998423 0.998555 0.998703 0.998874 0.999073 0.999308
0.0698131700798 0.996458 0.995077 0.994575221408 0.996592 0.996738 0.996899 0.997077 0.997276 0.997499 0.997753 0.998044 0.998384 0.998786
0.0872664625997 0.994627 0.992515 0.991720641338 0.994827 0.995046 0.995287 0.995553 0.995851 0.996186 0.996568 0.997006 0.997518 0.998124
0.10471975512 0.992467 0.989483 0.988328299511 0.992743 0.993046 0.993379 0.993749 0.994162 0.994627 0.995158 0.995768 0.996481 0.997327
0.12217304764 0.989989 0.985999 0.984417205127 0.990352 0.990749 0.991187 0.991673 0.992217 0.992831 0.99353 0.994337 0.995279 0.996397
0.13962634016 0.987206 0.98208 0.980004958868 0.987664 0.988166 0.98872 0.989336 0.990025 0.990804 0.991692 0.992716 0.993914 0.995337
0.157079632679 0.984129 0.977742 0.975108732131 0.98469 0.985307 0.985988 0.986745 0.987594 0.988553 0.989648 0.990913 0.992392 0.994151
0.174532925199 0.980767 0.973 0.969745552446 0.98144 0.982181 0.982999 0.98391 0.984932 0.986087 0.987407 0.988931 0.990717 0.99284
0.191986217719 0.97713 0.967869 0.963932345242 0.977924 0.978797 0.979763 0.980838 0.982045 0.983411 0.984972 0.986777 0.988891 0.991408
0.209439510239 0.973227 0.962363 0.957685926885 0.974149 0.975163 0.976286 0.977537 0.978941 0.980532 0.98235 0.984454 0.986919 0.989855
0.226892802759 0.969068 0.956498 0.951023020924 0.970125 0.971288 0.972577 0.974013 0.975626 0.977454 0.979546 0.981966 0.984804 0.988185
0.244346095279 0.964661 0.950287 0.943960258091 0.96586 0.96718 0.968642 0.970273 0.972107 0.974185 0.976564 0.979318 0.982549 0.9864
0.261799387799 0.960015 0.943744 0.936514192539 0.961361 0.962845 0.96449 0.966325 0.968389 0.970729 0.973409 0.976514 0.980157 0.984501
0.279252680319 0.955136 0.936883 0.928701311132 0.956637 0.958291 0.960126 0.962174 0.964478 0.967092 0.970087 0.973557 0.977631 0.98249
0.296705972839 0.950034 0.929718 0.920538049681 0.951695 0.953526 0.955558 0.957827 0.960381 0.963279 0.966601 0.970451 0.974972 0.980367
0.314159265359 0.944715 0.922262 0.912040779024 0.946541 0.948556 0.950792 0.95329 0.956102 0.959294 0.962954 0.967198 0.972185 0.978136
0.331612557879 0.939187 0.914529 0.903225825914 0.941183 0.943387 0.945833 0.948567 0.951646 0.955142 0.959152 0.963803 0.96927 0.975795
0.349065850399 0.933456 0.906531 0.894109449805 0.935628 0.938025 0.940688 0.943665 0.947018 0.950828 0.955198 0.960269 0.96623 0.973347
0.366519142919 0.92753 0.898281 0.884707847503 0.929881 0.932478 0.935363 0.938589 0.942225 0.946356 0.951096 0.956597 0.963066 0.970793
0.383972435439 0.921415 0.889793 0.875037141559 0.92395 0.926751 0.929863 0.933345 0.937269 0.941729 0.946849 0.952792 0.959782 0.968133
0.401425727959 0.915118 0.881079 0.865113361702 0.917841 0.92085 0.924195 0.927937 0.932156 0.936953 0.942461 0.948855 0.956378 0.965368
0.418879020479 0.908645 0.872151 0.854952447168 0.911559 0.914781 0.918362 0.922371 0.926891 0.932031 0.937934 0.94479 0.952857 0.962499
0.436332312999 0.902002 0.863023 0.844570214205 0.905112 0.908549 0.912371 0.916651 0.921477 0.926967 0.933273 0.940597 0.949219 0.959525
0.453785605519 0.895196 0.853706 0.833982353758 0.898503 0.90216 0.906227 0.910781 0.915919 0.921764 0.928479 0.936281 0.945465 0.956447
0.471238898038 0.888233 0.844212 0.823204412902 0.891741 0.895619 0.899935 0.904768 0.910221 0.916426 0.923557 0.931843 0.941599 0.953266
0.488692190558 0.881119 0.834554 0.812251780924 0.884829 0.888932 0.893499 0.898614 0.904387 0.910957 0.918508 0.927284 0.93762 0.949982
0.506145483078 0.873859 0.824744 0.801139663791 0.877773 0.882104 0.886925 0.892325 0.898421 0.90536 0.913336 0.922609 0.93353 0.946595
0.523598775598 0.866459 0.814792 0.789883079514 0.87058 0.87514 0.880216 0.885905 0.892326 0.899638 0.908044 0.917817 0.92933 0.943104
0.541052068118 0.858924 0.804711 0.778496841905 0.863253 0.868045 0.873379 0.879358 0.886108 0.893795 0.902634 0.912911 0.925021 0.939511
0.558505360638 0.851261 0.794512 0.766995535049 0.855799 0.860823 0.866417 0.872688 0.879769 0.887833 0.897108 0.907894 0.920603 0.935814
0.575958653158 0.843474 0.784206 0.755393499384 0.848223 0.85348 0.859335 0.865899 0.873312 0.881756 0.891469 0.902766 0.916079 0.932014
0.593411945678 0.83557 0.773803 0.743704831698 0.840529 0.846021 0.852137 0.858995 0.866742 0.875568 0.885719 0.897529 0.911449 0.928111
0.610865238198 0.827552 0.763315 0.731943343364 0.832723 0.838449 0.844828 0.851981 0.860062 0.869269 0.879862 0.892186 0.906713 0.924104
0.628318530718 0.819427 0.752752 0.720122574261 0.824809 0.830771 0.837412 0.84486 0.853275 0.862865 0.873899 0.886737 0.901872 0.919994
0.645771823238 0.811199 0.742124 0.708255753327 0.816793 0.822989 0.829892 0.837635 0.846385 0.856357 0.867832 0.881184 0.896927 0.915779
0.663225115758 0.802874 0.731441 0.696355805519 0.808678 0.815108 0.822274 0.830312 0.839395 0.849748 0.861663 0.875529 0.89188 0.911461
0.680678408278 0.794456 0.720713 0.684435323968 0.80047 0.807134 0.81456 0.822892 0.832308 0.843042 0.855395 0.869774 0.88673 0.907038
0.698131700798 0.78595 0.70995 0.672506567659 0.792174 0.79907 0.806756 0.81538 0.825128 0.83624 0.84903 0.863919 0.881478 0.90251
0.715584993318 0.777361 0.699161 0.66058144519 0.783793 0.79092 0.798865 0.807779 0.817856 0.829345 0.84257 0.857966 0.876125 0.897877
0.733038285838 0.768693 0.688355 0.648671503164 0.775332 0.782689 0.79089 0.800093 0.810498 0.82236 0.836017 0.851917 0.870671 0.893138
0.750491578358 0.759952 0.67754 0.636787921554 0.766796 0.77438 0.782836 0.792325 0.803054 0.815288 0.829374 0.845773 0.865118 0.888294
0.767944870878 0.751142 0.666726 0.624941492814 0.758188 0.765998 0.774706 0.784479 0.79553 0.808131 0.822641 0.839535 0.859466 0.883345
0.785398163397 0.742267 0.65592 0.613142631166 0.749514 0.757547 0.766504 0.776558 0.787926 0.800891 0.815821 0.833205 0.853715 0.878289
0.802851455917 0.733331 0.645131 0.601401344749 0.740776 0.74903 0.758233 0.768564 0.780248 0.793572 0.808916 0.826784 0.847866 0.873127
0.820304748437 0.724339 0.634365 0.589727247226 0.731981 0.740452 0.749898 0.760503 0.772496 0.786175 0.801928 0.820273 0.84192 0.867859
0.837758040957 0.715296 0.623632 0.578129536896 0.72313 0.731815 0.741502 0.752376 0.764674 0.778702 0.794858 0.813674 0.835877 0.862484
0.855211333477 0.706205 0.612937 0.566617001339 0.714229 0.723125 0.733047 0.744186 0.756786 0.771157 0.78771 0.806989 0.829739 0.857003
0.872664625997 0.697071 0.602288 0.555198008129 0.705281 0.714385 0.724538 0.735938 0.748833 0.763542 0.780484 0.800218 0.823505 0.851415
0.890117918517 0.687898 0.591692 0.543880502519 0.696291 0.705598 0.715978 0.727634 0.740818 0.755858 0.773183 0.793362 0.817177 0.84572
0.907571211037 0.67869 0.581154 0.532672002796 0.687262 0.696767 0.707371 0.719276 0.732744 0.748109 0.765808 0.786424 0.810755 0.839918
0.925024503557 0.66945 0.57068 0.521579604924 0.678197 0.687898 0.698718 0.710869 0.724615 0.740297 0.758362 0.779405 0.804241 0.83401
0.942477796077 0.660183 0.560277 0.510609968621 0.669101 0.678992 0.690025 0.702415 0.716431 0.732423 0.750845 0.772306 0.797635 0.827996
0.959931088597 0.650892 0.549949 0.499769335922 0.659977 0.670053 0.681294 0.693916 0.708197 0.724491 0.743261 0.765128 0.790937 0.821875
0.977384381117 0.641581 0.539702 0.489063512616 0.650829 0.661085 0.672528 0.685377 0.699915 0.716502 0.735611 0.757873 0.78415 0.815648
0.994837673637 0.632255 0.529541 0.478497882167 0.64166 0.652092 0.66373 0.6768 0.691587 0.708459 0.727897 0.750543 0.777273 0.809316
1.01229096616 0.622916 0.519471 0.468077401076 0.632474 0.643076 0.654903 0.668187 0.683216 0.700364 0.720121 0.743139 0.770308 0.802878
1.02974425868 0.613568 0.509494 0.457806612803 0.623275 0.63404 0.646052 0.659541 0.674804 0.69222 0.712285 0.735662 0.763256 0.796335
1.0471975512 0.604216 0.499617 0.447689633842 0.614065 0.624989 0.637177 0.650866 0.666355 0.684028 0.70439 0.728114 0.756118 0.789689
1.06465084372 0.594861 0.489841 0.437730172285 0.604848 0.615925 0.628283 0.642164 0.65787 0.675791 0.696439 0.720497 0.748894 0.782938
1.08210413624 0.585508 0.480172 0.427931532468 0.595627 0.60685 0.619373 0.633438 0.649352 0.667511 0.688434 0.712812 0.741587 0.776085
1.09955742876 0.576161 0.470611 0.418296612644 0.586406 0.59777 0.610449 0.62469 0.640804 0.659191 0.680377 0.705061 0.734198 0.769129
1.11701072128 0.566821 0.461162 0.408827918908 0.577187 0.588685 0.601514 0.615923 0.632228 0.650833 0.672269 0.697245 0.726728 0.762073
1.1344640138 0.557493 0.451827 0.39952756984 0.567974 0.5796 0.592572 0.607141 0.623626 0.642438 0.664113 0.689367 0.719177 0.754916
1.15191730632 0.54818 0.442609 0.390397305784 0.558771 0.570517 0.583624 0.598345 0.615002 0.63401 0.655911 0.681428 0.711549 0.74766
1.16937059884 0.538886 0.43351 0.38143849581 0.549579 0.56144 0.574674 0.589538 0.606358 0.625551 0.647664 0.673429 0.703844 0.740305
1.18682389136 0.529612 0.424532 0.37265215164 0.540402 0.552371 0.565725 0.580724 0.597695 0.617062 0.639376 0.665374 0.696063 0.732854
1.20427718388 0.520362 0.415676 0.364038927641 0.531243 0.543312 0.556779 0.571904 0.589018 0.608547 0.631047 0.657263 0.688209 0.725308
1.2217304764 0.511139 0.406943 0.355599144039 0.522105 0.534268 0.547839 0.563081 0.580327 0.600007 0.622681 0.649099 0.680283 0.717667
1.23918376892 0.501947 0.398336 0.34733278459 0.51299 0.52524 0.538907 0.554257 0.571626 0.591445 0.614279 0.640883 0.672287 0.709934
1.25663706144 0.492787 0.389855 0.339239524428 0.503902 0.516231 0.529987 0.545436 0.562916 0.582863 0.605844 0.632618 0.664223 0.702109
1.27409035396 0.483663 0.3815 0.331318718468 0.494843 0.507244 0.52108 0.536619 0.554201 0.574263 0.597377 0.624306 0.656092 0.694196
1.29154364648 0.474577 0.373272 0.323569440845 0.485816 0.498282 0.51219 0.52781 0.545483 0.565649 0.588881 0.615948 0.647897 0.686194
1.308996939 0.465533 0.365171 0.315990477959 0.476824 0.489347 0.503319 0.519011 0.536764 0.557021 0.580359 0.607548 0.639639 0.678107
1.32645023152 0.456532 0.357198 0.308580342396 0.467868 0.480442 0.49447 0.510223 0.528047 0.548383 0.571812 0.599106 0.631321 0.669937
1.34390352404 0.447577 0.349352 0.301337300774 0.458953 0.471569 0.485644 0.501451 0.519334 0.539737 0.563243 0.590626 0.622945 0.661685
1.36135681656 0.438672 0.341634 0.29425937374 0.45008 0.462731 0.476845 0.492695 0.510627 0.531086 0.554654 0.582109 0.614513 0.653354
1.37881010908 0.429818 0.334041 0.287344349897 0.441251 0.453931 0.468075 0.483959 0.501929 0.52243 0.546047 0.573559 0.606028 0.644945
1.3962634016 0.421018 0.326575 0.280589809006 0.43247 0.44517 0.459337 0.475245 0.493242 0.513774 0.537426 0.564977 0.597491 0.636462
1.41371669412 0.412274 0.319234 0.273993126628 0.423738 0.436451 0.450632 0.466556 0.484569 0.50512 0.528792 0.556365 0.588906 0.627906
1.43116998664 0.403589 0.312018 0.267551495008 0.415058 0.427776 0.441963 0.457893 0.475912 0.496469 0.520147 0.547727 0.580274 0.619281
1.44862327916 0.394964 0.304925 0.261261936996 0.406432 0.419149 0.433333 0.449259 0.467274 0.487825 0.511495 0.539065 0.571599 0.610589
1.46607657168 0.386403 0.297954 0.25512131069 0.397863 0.41057 0.424743 0.440657 0.458657 0.479189 0.502838 0.530381 0.562883 0.601833
1.4835298642 0.377907 0.291104 0.249126339603 0.389352 0.402043 0.416197 0.432088 0.450062 0.470564 0.494177 0.521678 0.554128 0.593015
1.50098315672 0.369478 0.284373 0.24327361498 0.380902 0.393569 0.407696 0.423555 0.441493 0.461954 0.485517 0.512959 0.545338 0.584139
1.51843644924 0.361118 0.27776 0.237559616684 0.372515 0.38515 0.399242 0.415061 0.432953 0.453359 0.476859 0.504226 0.536516 0.575207
1.53588974176 0.352831 0.271264 0.231980717839 0.364193 0.37679 0.390838 0.406608 0.424442 0.444783 0.468206 0.495482 0.527663 0.566223
1.55334303427 0.344616 0.264882 0.226533217311 0.355938 0.368489 0.382486 0.398197 0.415964 0.436227 0.45956 0.48673 0.518784 0.557189
1.57079632679 0.336477 0.258613 0.221213337393 0.347751 0.36025 0.374187 0.389831 0.407521 0.427695 0.450925 0.477972 0.509881 0.54811
1.58824961931 0.328414 0.252456 0.216017237725 0.339636 0.352075 0.365945 0.381512 0.399115 0.419189 0.442301 0.469212 0.500956 0.538987
1.60570291183 0.320431 0.246407 0.210941043142 0.331593 0.343965 0.35776 0.373243 0.390749 0.410711 0.433694 0.460452 0.492014 0.529826
1.62315620435 0.312528 0.240465 0.205980841347 0.323625 0.335924 0.349636 0.365025 0.382425 0.402264 0.425104 0.451694 0.483058 0.520629
1.64060949687 0.304707 0.234629 0.201132710767 0.315733 0.327952 0.341574 0.356862 0.374145 0.39385 0.416535 0.442943 0.47409 0.511399
1.65806278939 0.296971 0.228896 0.196392715902 0.307919 0.320051 0.333577 0.348754 0.365911 0.385472 0.40799 0.434201 0.465115 0.502142
1.67551608191 0.28932 0.223265 0.191756937496 0.300185 0.312224 0.325645 0.340704 0.357727 0.377133 0.39947 0.425471 0.456134 0.492859
1.69296937443 0.281756 0.217732 0.187221472537 0.292532 0.304472 0.317781 0.332714 0.349593 0.368834 0.39098 0.416756 0.447152 0.483555
1.71042266695 0.274281 0.212297 0.182782452821 0.284962 0.296797 0.309987 0.324786 0.341512 0.360578 0.382521 0.408059 0.438172 0.474234
1.72787595947 0.266896 0.206957 0.178436049589 0.277477 0.2892 0.302265 0.316922 0.333487 0.352367 0.374096 0.399383 0.429197 0.4649
1.74532925199 0.259602 0.201709 0.174178496737 0.270078 0.281683 0.294616 0.309124 0.325519 0.344205 0.365708 0.39073 0.420232 0.455556
1.76278254451 0.252401 0.196552 0.170006083849 0.262766 0.274248 0.287043 0.301394 0.317612 0.336093 0.35736 0.382105 0.411278 0.446207
1.78023583703 0.245294 0.191485 0.16591518405 0.255543 0.266896 0.279546 0.293734 0.309766 0.328034 0.349054 0.37351 0.40234 0.436856
1.79768912955 0.238282 0.186504 0.161902249356 0.248411 0.259629 0.272128 0.286146 0.301984 0.320031 0.340793 0.364949 0.393422 0.427508
1.81514242207 0.231366 0.181608 0.157963829245 0.24137 0.252449 0.264791 0.278632 0.294269 0.312085 0.332581 0.356424 0.384526 0.418166
1.83259571459 0.224548 0.176795 0.154096577615 0.234422 0.245356 0.257536 0.271193 0.286622 0.304199 0.324418 0.347938 0.375657 0.408836
1.85004900711 0.217829 0.172063 0.150297255105 0.227568 0.238352 0.250364 0.263832 0.279045 0.296376 0.31631 0.339495 0.366818 0.39952
1.86750229963 0.211209 0.167409 0.146562740698 0.220809 0.231438 0.243277 0.25655 0.271541 0.288617 0.308257 0.331098 0.358013 0.390224
1.88495559215 0.204689 0.162834 0.142890041 0.214146 0.224617 0.236277 0.249349 0.264112 0.280926 0.300262 0.32275 0.349245 0.380952
1.90240888467 0.198271 0.158334 0.139276292567 0.207581 0.217888 0.229365 0.24223 0.256759 0.273304 0.29233 0.314454 0.340519 0.371707
1.91986217719 0.191955 0.153908 0.135718768858 0.201115 0.211254 0.222543 0.235196 0.249484 0.265754 0.284461 0.306212 0.331836 0.362494
1.93731546971 0.185743 0.149554 0.132214887202 0.194748 0.204715 0.215812 0.228248 0.24229 0.258278 0.276659 0.29803 0.323202 0.353318
1.95476876223 0.179634 0.145271 0.128762211117 0.188481 0.198273 0.209173 0.221388 0.235178 0.250878 0.268927 0.289908 0.31462 0.344182
1.97222205475 0.173629 0.141057 0.125358454952 0.182316 0.191928 0.202628 0.214617 0.22815 0.243557 0.261266 0.281851 0.306094 0.335091
1.98967534727 0.16773 0.136911 0.122001483883 0.176253 0.185683 0.196178 0.207937 0.221209 0.236316 0.25368 0.273861 0.297627 0.32605
2.00712863979 0.161937 0.132832 0.118689330161 0.170292 0.179536 0.189824 0.201349 0.214355 0.229159 0.246171 0.265942 0.289222 0.317061
2.02458193231 0.15625 0.128818 0.115420174546 0.164435 0.173491 0.183567 0.194854 0.207591 0.222086 0.238742 0.258097 0.280884 0.308131
2.04203522483 0.150669 0.124868 0.112192367193 0.158683 0.167547 0.177409 0.188455 0.200918 0.2151 0.231395 0.250327 0.272615 0.299263
2.05948851735 0.145196 0.120981 0.109004411404 0.153035 0.161705 0.171351 0.182152 0.194338 0.208203 0.224132 0.242638 0.26442 0.290461
2.07694180987 0.139831 0.117156 0.105854982198 0.147493 0.155967 0.165393 0.175947 0.187853 0.201398 0.216957 0.23503 0.256302 0.281729
2.09439510239 0.134573 0.113392 0.102742910063 0.142057 0.150333 0.159537 0.169842 0.181465 0.194686 0.209871 0.227509 0.248265 0.273073
2.11184839491 0.129424 0.109689 0.0996671902404 0.136728 0.144803 0.153783 0.163836 0.175174 0.188068 0.202877 0.220075 0.240311 0.264495
2.12930168743 0.124383 0.106046 0.0966269757627 0.131506 0.139379 0.148134 0.157932 0.168982 0.181548 0.195977 0.212732 0.232445 0.256
2.14675497995 0.119451 0.102461 0.0936215820945 0.126391 0.134061 0.142588 0.152131 0.162891 0.175126 0.189173 0.205483 0.224669 0.247593
2.16420827247 0.114628 0.0989352 0.0906504778506 0.121383 0.128849 0.137148 0.146434 0.156903 0.168805 0.182469 0.198331 0.216988 0.239277
2.18166156499 0.109914 0.0954671 0.0877132801553 0.116484 0.123744 0.131814 0.140842 0.151018 0.162586 0.175865 0.191277 0.209404 0.231055
2.19911485751 0.105308 0.0920566 0.0848097662444 0.111693 0.118747 0.126586 0.135355 0.145238 0.156472 0.169363 0.184326 0.20192 0.222933
2.21656815003 0.100812 0.0887034 0.0819398479405 0.10701 0.113857 0.121466 0.129976 0.139565 0.150462 0.162967 0.177478 0.19454 0.214914
2.23402144255 0.0964239 0.0854073 0.0791035855755 0.102436 0.109076 0.116453 0.124703 0.133999 0.144561 0.156678 0.170738 0.187266 0.207002
2.25147473507 0.0921449 0.0821682 0.0763011694272 0.0979706 0.104404 0.11155 0.11954 0.128541 0.138767 0.150498 0.164107 0.180103 0.1992
2.26892802759 0.0879746 0.078986 0.0735329266801 0.0936138 0.09984 0.106755 0.114486 0.123194 0.133085 0.144429 0.157588 0.173053 0.191512
2.28638132011 0.0839125 0.0758607 0.0707993075035 0.0893656 0.0953854 0.10207 0.109542 0.117957 0.127513 0.138473 0.151183 0.166118 0.183943
2.30383461263 0.0799585 0.0727923 0.0681008780893 0.085226 0.0910399 0.0974948 0.104709 0.112831 0.122055 0.132631 0.144894 0.159302 0.176494
2.32128790515 0.0761123 0.0697811 0.0654383206526 0.0811949 0.0868037 0.0930298 0.099987 0.107819 0.116711 0.126905 0.138724 0.152607 0.169171
2.33874119767 0.0723735 0.0668273 0.0628124218288 0.077272 0.0826768 0.0886754 0.095377 0.10292 0.111483 0.121297 0.132674 0.146036 0.161976
2.35619449019 0.0687416 0.0639311 0.0602240633926 0.0734572 0.0786592 0.0844317 0.0908795 0.0981357 0.106371 0.115809 0.126747 0.139591 0.154912
2.37364778271 0.0652162 0.0610928 0.0576742222571 0.0697502 0.0747509 0.0802989 0.0864949 0.0934664 0.101377 0.110441 0.120944 0.133276 0.147982
2.39110107523 0.0617968 0.0583128 0.0551639519109 0.0661506 0.0709517 0.0762771 0.0822235 0.0889128 0.0965019 0.105196 0.115268 0.127092 0.14119
2.40855436775 0.0584828 0.0555917 0.0526943916993 0.0626581 0.0672614 0.0723665 0.0780657 0.0844756 0.0917464 0.100074 0.10972 0.121042 0.134539
2.42600766027 0.0552736 0.0529298 0.0502667343384 0.0592723 0.0636799 0.068567 0.0740217 0.0801555 0.0871116 0.0950773 0.104303 0.115128 0.128031
2.44346095279 0.0521685 0.0503276 0.0478822375169 0.0559926 0.0602069 0.0648786 0.0700918 0.0759527 0.0825981 0.0902065 0.0990161 0.109352 0.121669
2.46091424531 0.0491669 0.0477858 0.0455422076534 0.0528186 0.056842 0.0613011 0.066276 0.0718678 0.0782068 0.0854628 0.0938627 0.103716 0.115455
2.47836753783 0.046268 0.0453049 0.0432479906141 0.0497496 0.0535848 0.0578344 0.0625744 0.0679011 0.0739382 0.0808472 0.0888438 0.0982218 0.109393
2.49582083035 0.043471 0.0428855 0.0410009647518 0.0467851 0.0504349 0.0544782 0.058987 0.0640528 0.0697929 0.0763607 0.0839606 0.0928716 0.103484
2.51327412287 0.0407749 0.0405282 0.0388025269828 0.0439243 0.0473918 0.0512322 0.0555138 0.0603232 0.0657715 0.0720039 0.0792143 0.0876667 0.0977314
2.53072741539 0.038179 0.0382337 0.0366540927871 0.0411664 0.0444548 0.048096 0.0521546 0.0567123 0.0618742 0.0677778 0.074606 0.0826088 0.0921361
2.54818070791 0.0356822 0.0360025 0.034557077645 0.0385107 0.0416235 0.0450693 0.0489091 0.0532201 0.0581014 0.0636827 0.0701368 0.0776992 0.0867004
2.56563400043 0.0332835 0.0338353 0.0325128947159 0.0359564 0.0388971 0.0421515 0.0457771 0.0498466 0.0544534 0.0597194 0.0658074 0.0729394 0.0814261
2.58308729295 0.030982 0.0317327 0.0305229409162 0.0335026 0.0362748 0.0393421 0.0427583 0.0465918 0.0509302 0.0558882 0.0616188 0.0683304 0.0763151
2.60054058547 0.0287766 0.0296955 0.0285885922782 0.0311482 0.033756 0.0366405 0.0398523 0.0434554 0.047532 0.0521896 0.0575715 0.0638733 0.0713686
2.61799387799 0.026666 0.0277241 0.0267111877068 0.0288924 0.0313398 0.0340461 0.0370586 0.0404371 0.0442587 0.0486237 0.0536662 0.059569 0.0665881
2.63544717051 0.0246492 0.0258192 0.0248920313 0.0267341 0.0290253 0.031558 0.0343766 0.0375367 0.0411101 0.0451907 0.0499032 0.0554184 0.0619749
2.65290046303 0.0227248 0.0239813 0.0231323714648 0.0246721 0.0268114 0.0291756 0.0318057 0.0347536 0.0380862 0.0418905 0.046283 0.051422 0.0575299
2.67035375555 0.0208917 0.022211 0.0214334032377 0.0227054 0.0246973 0.0268978 0.0293452 0.0320874 0.0351865 0.0387232 0.0428056 0.0475805 0.053254
2.68780704807 0.0191485 0.0205087 0.0197962520413 0.0208327 0.0226818 0.0247239 0.0269943 0.0295374 0.0324106 0.0356886 0.0394711 0.043894 0.0491478
2.70526034059 0.0174938 0.0188748 0.0182219690436 0.0190528 0.0207638 0.0226527 0.0247521 0.027103 0.0297581 0.0327863 0.0362795 0.0403629 0.0452121
2.72271363311 0.0159263 0.0173099 0.0167115172352 0.0173644 0.0189421 0.0206833 0.0226179 0.0247834 0.0272284 0.030016 0.0332306 0.0369873 0.0414471
2.74016692563 0.0144445 0.0158141 0.0152657783904 0.0157661 0.0172155 0.0188146 0.0205905 0.0225778 0.0248207 0.0273771 0.0303241 0.033767 0.037853
2.75762021815 0.0130468 0.0143877 0.0138855252223 0.0142565 0.0155827 0.0170452 0.0186689 0.0204852 0.0225343 0.024869 0.0275596 0.0307018 0.0344299
2.77507351067 0.0117318 0.0130311 0.0125714329843 0.0128342 0.0140423 0.015374 0.0168519 0.0185045 0.0203683 0.0224911 0.0249365 0.0277914 0.0311776
2.79252680319 0.0104979 0.0117442 0.0113240562662 0.0114977 0.0125929 0.0137997 0.0151384 0.0166348 0.0183217 0.0202424 0.0224541 0.0250353 0.0280958
2.80998009571 0.00934336 0.0105272 0.0101438405962 0.0102454 0.011233 0.0123208 0.0135271 0.0148748 0.0163935 0.0181219 0.0201116 0.0224328 0.025184
2.82743338823 0.00826663 0.00938001 0.0090310945953 0.00907569 0.00996115 0.010936 0.0120165 0.0132232 0.0145824 0.0161287 0.017908 0.019983 0.0224414
2.84488668075 0.00726596 0.00830254 0.0079860015798 0.00798699 0.00877572 0.00964368 0.0106053 0.0116786 0.0128872 0.0142615 0.0158422 0.0176849 0.0198673
2.86233997327 0.00633958 0.00729455 0.00700860795888 0.00697753 0.00767504 0.00844225 0.00929179 0.0102397 0.0113064 0.0125189 0.013913 0.0155373 0.0174605
2.87979326579 0.00548569 0.00635574 0.00609881163233 0.00604558 0.00665743 0.00733006 0.00807451 0.00890472 0.0098386 0.0108996 0.0121189 0.013539 0.0152196
2.89724655831 0.00470245 0.0054857 0.00525636663148 0.00518933 0.00572111 0.0063054 0.00695173 0.00767215 0.00848214 0.0094019 0.0104584 0.0116884 0.0131434
2.91469985083 0.00398795 0.00468391 0.00448087383738 0.00440691 0.00486424 0.00536646 0.00592169 0.00654022 0.00723529 0.00802416 0.00892986 0.0099838 0.01123
2.93215314335 0.00334026 0.00394972 0.00377177401937 0.00369642 0.00408495 0.00451137 0.00498252 0.0055071 0.00609625 0.00676455 0.00753143 0.00842339 0.00947755
2.94960643587 0.00275739 0.00328239 0.00312835015559 0.00305587 0.00338128 0.00373819 0.0041323 0.00457084 0.00506307 0.00562112 0.00626113 0.00700514 0.00788402
2.96705972839 0.0022373 0.00268103 0.00254971118974 0.00248326 0.00275121 0.00304491 0.00336901 0.00372941 0.00413369 0.00459175 0.00511679 0.00572682 0.00644705
2.98451302091 0.00177793 0.00214466 0.00203480131293 0.00197649 0.00219267 0.00242944 0.00269054 0.00298068 0.00330594 0.00367424 0.00409613 0.00458603 0.00516412
3.00196631343 0.00137712 0.00167211 0.00158238372044 0.00153344 0.00170349 0.0018896 0.00209468 0.00232241 0.00257752 0.00286619 0.00319666 0.00358017 0.00403245
3.01941960595 0.00103268 0.00126211 0.00119104525269 0.00115188 0.00128144 0.00142312 0.00157912 0.00175222 0.00194599 0.00216508 0.00241573 0.00270641 0.00304902
3.03687289847 0.000742357 0.000913219 0.000859180151955 0.000829544 0.000924225 0.00102767 0.00114148 0.00126765 0.00140877 0.00156822 0.00175049 0.00196173 0.00221055
3.05432619099 0.000503828 0.000623844 0.000584985421518 0.00056408 0.000629446 0.000700796 0.000779216 0.000866078 0.000963147 0.00107273 0.0011979 0.00134286 0.00151348
3.07177948351 0.000314692 0.000392213 0.000366453864246 0.000353046 0.00039461 0.000439931 0.000489692 0.000544755 0.00060623 0.000675567 0.000754699 0.000846263 0.000953955
3.08923277603 0.000172453 0.000216361 0.000201348557553 0.000193898 0.00021711 0.000242391 0.000270116 0.000300762 0.00033494 0.000373449 0.000417357 0.000468117 0.000527768
3.10668606855 7.44954e-05 9.40961e-05 8.71819692735e-05 8.39628e-05 9.41962e-05 0.000105326 0.000117517 0.000130974 0.000145964 0.000162835 0.00018205 0.000204241 0.000230294
3.12413936107 1.80362e-05 2.29429e-05 2.11509848002e-05 2.03848e-05 2.2919e-05 2.56709e-05 2.86802e-05 3.19973e-05 3.5687e-05 3.98338e-05 4.45508e-05 4.99919e-05 5.63732e-05
3.14159265359 0.0 0.0 0.0 0.0 0.0 0.0 0.0 0.0 0.0 0.0 0.0 0.0 0.0
