alpha phi_iso phi_ray phi_vec g0=0.1 g0=0.2 g0=0.3 g0=0.4 g0=0.5 g0=0.6 g0=0.7 g0=0.8 g0=0.9 g0=1.0
0.0 1.0 1.0 1.0 1.0 1.0 1.0 1.0 1.0 1.0 1.0 1.0 1.0 1.0
0.0174532925199 0.999634 0.999482 0.99948167424 0.999651 0.999672 0.999699 0.999735 0.999785 0.99986 0.999985 1.00023 1.00095 1.03723
0.0349065850399 0.998615 0.998008 0.998007337201 0.998683 0.998767 0.998875 0.999019 0.99922 0.999521 1.00002 1.001 1.00389 1.14879
0.0523598775598 0.997064 0.9957 0.995698479772 0.997215 0.997404 0.997647 0.99797 0.998421 0.999096 1.00021 1.00243 1.0089 1.33425
0.0698131700798 0.995072 0.992655 0.992651658032 0.99534 0.995676 0.996106 0.996679 0.997479 0.998675 1.00066 1.00458 1.01605 1.59298
0.0872664625997 0.992699 0.988936 0.988930004801 0.993117 0.993639 0.99431 0.995202 0.996449 0.998312 1.0014 1.00752 1.02539 1.92418
0.10471975512 0.989981 0.984585 0.984575431783 0.990582 0.991331 0.992293 0.993574 0.995363 0.998038 1.00247 1.01125 1.0369 2.32688
0.12217304764 0.986944 0.979632 0.979619240125 0.987758 0.988775 0.99008 0.991817 0.994243 0.997869 1.00388 1.01579 1.05057 2.8
0.13962634016 0.983607 0.974104 0.974086895165 0.984666 0.985988 0.987686 0.989946 0.993102 0.99782 1.00564 1.02113 1.06638 3.3423
0.157079632679 0.979989 0.968027 0.968004923299 0.981323 0.982989 0.985128 0.987976 0.991953 0.997899 1.00775 1.02727 1.0843 3.95243
0.174532925199 0.976104 0.961425 0.961397198282 0.977744 0.979791 0.98242 0.985919 0.990807 0.998113 1.01023 1.03421 1.10429 4.62893
0.191986217719 0.971969 0.954321 0.954287063342 0.973943 0.976408 0.979574 0.983787 0.989672 0.998469 1.01305 1.04193 1.12631 5.37025
0.209439510239 0.967597 0.946739 0.946698392235 0.969934 0.972852 0.9766 0.981588 0.988555 0.99897 1.01624 1.05042 1.15032 6.17473
0.226892802759 0.963 0.938701 0.938652936605 0.965728 0.969134 0.973508 0.97933 0.987461 0.999617 1.01977 1.05967 1.17627 7.04064
0.244346095279 0.958191 0.930229 0.930172448094 0.961336 0.965264 0.970307 0.97702 0.986396 1.00041 1.02365 1.06966 1.20411 7.96617
0.261799387799 0.95318 0.921345 0.921279208877 0.956769 0.96125 0.967004 0.974664 0.985362 1.00136 1.02787 1.08037 1.23377 8.94944
0.279252680319 0.947977 0.912069 0.911994440068 0.952034 0.957101 0.963607 0.972266 0.984361 1.00244 1.03242 1.09178 1.26521 9.98849
0.296705972839 0.942592 0.902422 0.902338301727 0.947142 0.952824 0.96012 0.969831 0.983396 1.00367 1.03729 1.10386 1.29837 11.0813
0.314159265359 0.937034 0.892426 0.892331484444 0.9421 0.948426 0.95655 0.967362 0.982466 1.00504 1.04248 1.11659 1.33317 12.2259
0.331612557879 0.93131 0.8821 0.881995209333 0.936915 0.943913 0.9529 0.964862 0.981571 1.00655 1.04796 1.12995 1.36955 13.42
0.349065850399 0.925429 0.871465 0.8713485754 0.931594 0.939291 0.949175 0.962332 0.98071 1.00818 1.05373 1.14391 1.40744 14.6617
0.366519142919 0.919398 0.86054 0.860411742705 0.926143 0.934565 0.945379 0.959774 0.979881 1.00994 1.05977 1.15845 1.44677 15.9485
0.383972435439 0.913224 0.849345 0.849204871307 0.920568 0.929739 0.941515 0.957189 0.979084 1.01182 1.06608 1.17352 1.48748 17.2784
0.401425727959 0.906914 0.837899 0.837746529684 0.914876 0.924818 0.937584 0.954578 0.978314 1.0138 1.07263 1.18911 1.52949 18.649
0.418879020479 0.900474 0.826221 0.826056347368 0.90907 0.919806 0.93359 0.95194 0.97757 1.01589 1.07941 1.20519 1.57272 20.0581
0.436332312999 0.893909 0.814331 0.814153423364 0.903157 0.914706 0.929535 0.949275 0.976847 1.01807 1.0864 1.22171 1.61709 21.5033
0.453785605519 0.887227 0.802247 0.802056856675 0.897141 0.909522 0.92542 0.946583 0.976143 1.02033 1.09359 1.23866 1.66254 22.9823
0.471238898038 0.880431 0.789988 0.789784154723 0.891027 0.904258 0.921247 0.943863 0.975452 1.02268 1.10097 1.25599 1.70899 24.4927
0.488692190558 0.873528 0.777572 0.777354416512 0.884817 0.898915 0.917017 0.941114 0.974772 1.02509 1.10851 1.27369 1.75635 26.0322
0.506145483078 0.866523 0.765017 0.764785679991 0.878518 0.893497 0.912731 0.938334 0.974097 1.02756 1.1162 1.2917 1.80454 27.5984
0.523598775598 0.85942 0.75234 0.75209545258 0.872132 0.888006 0.908389 0.935523 0.973422 1.03008 1.12401 1.31001 1.8535 29.1888
0.541052068118 0.852225 0.739559 0.739301241701 0.865663 0.882444 0.903993 0.932677 0.972744 1.03264 1.13194 1.32857 1.90313 30.8012
0.558505360638 0.844941 0.726692 0.726420024245 0.859114 0.876814 0.899542 0.929796 0.972056 1.03523 1.13997 1.34736 1.95336 32.4331
0.575958653158 0.837573 0.713755 0.713468777107 0.85249 0.871117 0.895037 0.926878 0.971353 1.03784 1.14807 1.36634 2.00412 34.0821
0.593411945678 0.830125 0.700763 0.70046394665 0.845792 0.865356 0.890478 0.923919 0.97063 1.04046 1.15623 1.38547 2.05531 35.7458
0.610865238198 0.822602 0.687735 0.68742197924 0.839024 0.859531 0.885865 0.920918 0.969881 1.04308 1.16443 1.40472 2.10686 37.4219
0.628318530718 0.815007 0.674685 0.674358260187 0.832189 0.853645 0.881197 0.917873 0.969102 1.04569 1.17266 1.42407 2.1587 39.108
0.645771823238 0.807345 0.661628 0.661288174798 0.82529 0.847699 0.876475 0.91478 0.968285 1.04828 1.18088 1.44346 2.21074 40.8017
0.663225115758 0.799618 0.64858 0.648226577856 0.818329 0.841694 0.871699 0.911638 0.967426 1.05083 1.1891 1.46288 2.2629 42.5008
0.680678408278 0.791831 0.635555 0.63518885467 0.811308 0.835632 0.866866 0.908443 0.966519 1.05334 1.19728 1.48229 2.31511 44.2028
0.698131700798 0.783986 0.622567 0.622188268437 0.804232 0.829514 0.861979 0.905194 0.965558 1.0558 1.20541 1.50165 2.36729 45.9055
0.715584993318 0.776088 0.609631 0.60923914341 0.7971 0.82334 0.857035 0.901887 0.964537 1.0582 1.21347 1.52094 2.41936 47.6066
0.733038285838 0.76814 0.596758 0.596353681731 0.789917 0.817112 0.852034 0.898519 0.96345 1.06052 1.22145 1.54011 2.47125 49.3039
0.750491578358 0.760145 0.583962 0.583546207654 0.782684 0.810831 0.846975 0.895088 0.962292 1.06276 1.22933 1.55914 2.52288 50.9952
0.767944870878 0.752106 0.571256 0.570827862264 0.775404 0.804498 0.841859 0.891591 0.961058 1.06491 1.23708 1.578 2.57418 52.6782
0.785398163397 0.744025 0.55865 0.558211378232 0.768078 0.798114 0.836684 0.888025 0.95974 1.06696 1.2447 1.59665 2.62507 54.3509
0.802851455917 0.735907 0.546157 0.545706835587 0.760708 0.791679 0.831449 0.884388 0.958335 1.06889 1.25216 1.61506 2.67549 56.011
0.820304748437 0.727754 0.533787 0.533326436471 0.753297 0.785194 0.826154 0.880677 0.956836 1.07069 1.25945 1.63321 2.72536 57.6565
0.837758040957 0.719569 0.52155 0.521079730386 0.745846 0.77866 0.820798 0.876889 0.955238 1.07237 1.26655 1.65106 2.77462 59.2854
0.855211333477 0.711354 0.509457 0.508976797362 0.738357 0.772078 0.81538 0.873021 0.953535 1.07391 1.27345 1.66859 2.8232 60.8956
0.872664625997 0.703112 0.497516 0.497026656374 0.730832 0.765449 0.8099 0.869072 0.951723 1.07529 1.28014 1.68576 2.87102 62.4852
0.890117918517 0.694846 0.485737 0.485238856925 0.723273 0.758772 0.804357 0.865037 0.949796 1.07651 1.28658 1.70255 2.91803 64.0522
0.907571211037 0.686559 0.474127 0.473620826403 0.715682 0.75205 0.798751 0.860916 0.94775 1.07757 1.29278 1.71893 2.96417 65.5949
0.925024503557 0.678253 0.462695 0.462179992201 0.708059 0.745282 0.79308 0.856705 0.945579 1.07845 1.29871 1.73487 3.00936 67.1112
0.942477796077 0.66993 0.451446 0.450924842765 0.700408 0.738469 0.787344 0.852402 0.943278 1.07914 1.30437 1.75036 3.05355 68.5995
0.959931088597 0.661593 0.440389 0.439860683373 0.692729 0.731612 0.781542 0.848006 0.940844 1.07964 1.30973 1.76535 3.09669 70.0581
0.977384381117 0.653244 0.429529 0.428994410889 0.685024 0.724711 0.775674 0.843513 0.938271 1.07994 1.31479 1.77983 3.13871 71.4851
0.994837673637 0.644886 0.418872 0.418331861118 0.677295 0.717768 0.76974 0.838921 0.935555 1.08003 1.31953 1.79378 3.17956 72.8791
1.01229096616 0.636521 0.408422 0.407876747758 0.669544 0.710783 0.763738 0.83423 0.932693 1.0799 1.32393 1.80716 3.21918 74.2383
1.02974425868 0.62815 0.398185 0.397634906614 0.661771 0.703756 0.757669 0.829436 0.929681 1.07955 1.328 1.81997 3.25753 75.5614
1.0471975512 0.619777 0.388164 0.387610051382 0.653978 0.696688 0.751532 0.824538 0.926513 1.07897 1.33171 1.83217 3.29455 76.8468
1.06465084372 0.611403 0.378363 0.377804834701 0.646167 0.68958 0.745327 0.819534 0.923188 1.07815 1.33505 1.84375 3.3302 78.0931
1.08210413624 0.603031 0.368784 0.368223500794 0.638339 0.682432 0.739053 0.814423 0.919702 1.07709 1.33802 1.85469 3.36444 79.2989
1.09955742876 0.594662 0.35943 0.358867641246 0.630496 0.675246 0.732711 0.809204 0.916051 1.07579 1.3406 1.86497 3.39721 80.4629
1.11701072128 0.586298 0.350304 0.34973884764 0.62264 0.668022 0.726299 0.803874 0.912232 1.07423 1.34279 1.87457 3.42848 81.584
1.1344640138 0.577942 0.341406 0.340839772616 0.614771 0.660761 0.719819 0.798433 0.908243 1.07241 1.34457 1.88348 3.4582 82.6608
1.15191730632 0.569596 0.332737 0.332170946701 0.606891 0.653464 0.71327 0.79288 0.904081 1.07033 1.34593 1.89167 3.48634 83.6924
1.16937059884 0.56126 0.324299 0.323732369895 0.599001 0.646131 0.706652 0.787214 0.899744 1.06798 1.34688 1.89914 3.51287 84.6776
1.18682389136 0.552938 0.316091 0.315524572726 0.591104 0.638764 0.699966 0.781434 0.895229 1.06536 1.34739 1.90586 3.53775 85.6154
1.20427718388 0.544631 0.308112 0.307547024667 0.583199 0.631363 0.693211 0.775538 0.890535 1.06246 1.34747 1.91184 3.56095 86.5049
1.2217304764 0.536341 0.300363 0.299798664661 0.57529 0.623929 0.686387 0.769528 0.88566 1.05928 1.34711 1.91704 3.58243 87.3452
1.23918376892 0.52807 0.292841 0.292278962181 0.567377 0.616464 0.679496 0.763402 0.880602 1.05582 1.34629 1.92148 3.60218 88.1355
1.25663706144 0.519819 0.285545 0.284985264588 0.559461 0.608967 0.672538 0.75716 0.875361 1.05207 1.34503 1.92512 3.62017 88.875
1.27409035396 0.511589 0.278473 0.277916510824 0.551545 0.601441 0.665513 0.750801 0.869934 1.04804 1.3433 1.92796 3.63638 89.5631
1.29154364648 0.503384 0.271623 0.271069517724 0.543629 0.593886 0.658421 0.744327 0.864321 1.04371 1.34111 1.93001 3.65078 90.1992
1.308996939 0.495204 0.264991 0.264442163174 0.535714 0.586303 0.651264 0.737736 0.858522 1.0391 1.33846 1.93124 3.66336 90.7826
1.32645023152 0.487052 0.258576 0.258030733481 0.527803 0.578693 0.644042 0.73103 0.852536 1.03419 1.33534 1.93165 3.6741 91.3128
1.34390352404 0.478928 0.252372 0.251832045477 0.519897 0.571059 0.636756 0.724209 0.846364 1.02899 1.33174 1.93123 3.68299 91.7895
1.36135681656 0.470834 0.246377 0.245841854938 0.511996 0.5634 0.629407 0.717272 0.840004 1.02349 1.32767 1.92999 3.69001 92.2122
1.37881010908 0.462772 0.240586 0.240056448169 0.504103 0.555718 0.621996 0.710222 0.833457 1.0177 1.32313 1.92792 3.69516 92.5807
1.3962634016 0.454743 0.234995 0.234471580947 0.496219 0.548014 0.614525 0.703059 0.826725 1.01161 1.31811 1.92501 3.69843 92.8947
1.41371669412 0.446749 0.229599 0.22908247852 0.488345 0.54029 0.606993 0.695783 0.819807 1.00522 1.31261 1.92127 3.69982 93.154
1.43116998664 0.438792 0.224394 0.223884366139 0.480483 0.532547 0.599403 0.688397 0.812705 0.998547 1.30664 1.9167 3.69932 93.3585
1.44862327916 0.430872 0.219375 0.218871938522 0.472634 0.524787 0.591756 0.680901 0.80542 0.991577 1.30019 1.91128 3.69693 93.5081
1.46607657168 0.422992 0.214535 0.214039890393 0.4648 0.51701 0.584053 0.673296 0.797953 0.984315 1.29327 1.90504 3.69265 93.6029
1.4835298642 0.415152 0.20987 0.209382385943 0.456982 0.509219 0.576296 0.665585 0.790306 0.976764 1.28587 1.89796 3.68649 93.6428
1.50098315672 0.407354 0.205375 0.204894650422 0.449181 0.501414 0.568487 0.657769 0.782481 0.968925 1.27801 1.89005 3.67845 93.6281
1.51843644924 0.399599 0.201042 0.200570317494 0.441399 0.493598 0.560626 0.64985 0.77448 0.960801 1.26969 1.88132 3.66854 93.5589
1.53588974176 0.39189 0.196866 0.196403551354 0.433638 0.485771 0.552717 0.64183 0.766305 0.952395 1.2609 1.87177 3.65677 93.4355
1.55334303427 0.384226 0.192842 0.192387985665 0.425898 0.477937 0.54476 0.633711 0.757959 0.94371 1.25165 1.86141 3.64315 93.2581
1.57079632679 0.37661 0.188963 0.188517254094 0.418181 0.470095 0.536758 0.625495 0.749444 0.934749 1.24195 1.85024 3.6277 93.0272
1.58824961931 0.369042 0.185222 0.18478605136 0.41049 0.462249 0.528713 0.617185 0.740764 0.925516 1.2318 1.83827 3.61043 92.743
1.60570291183 0.361524 0.181614 0.181186950075 0.402824 0.454399 0.520626 0.608783 0.731922 0.916015 1.2212 1.82552 3.59136 92.4062
1.62315620435 0.354058 0.178132 0.177714644957 0.395187 0.446548 0.512501 0.600292 0.722921 0.906251 1.21017 1.81199 3.5705 92.0172
1.64060949687 0.346643 0.174769 0.174361708618 0.387578 0.438697 0.504338 0.591715 0.713764 0.896228 1.19872 1.79768 3.54789 91.5767
1.65806278939 0.339283 0.17152 0.171122835778 0.38 0.430848 0.496141 0.583054 0.704456 0.885952 1.18683 1.78262 3.52355 91.0852
1.67551608191 0.331977 0.168379 0.167990599046 0.372455 0.423003 0.487912 0.574313 0.695 0.875427 1.17454 1.76682 3.49749 90.5435
1.69296937443 0.324727 0.165337 0.164959162615 0.364943 0.415164 0.479653 0.565495 0.685401 0.86466 1.16184 1.75028 3.46975 89.9523
1.71042266695 0.317534 0.16239 0.16202216015 0.357466 0.407333 0.471367 0.556603 0.675663 0.853657 1.14873 1.73303 3.44036 89.3124
1.72787595947 0.310399 0.159532 0.159173225318 0.350026 0.399512 0.463056 0.547641 0.66579 0.842423 1.13524 1.71507 3.40934 88.6247
1.74532925199 0.303324 0.156755 0.15640652231 0.342625 0.391703 0.454723 0.538611 0.655787 0.830965 1.12137 1.69642 3.37673 87.89
1.76278254451 0.296309 0.154054 0.153715684792 0.335263 0.383907 0.446371 0.529519 0.645659 0.81929 1.10713 1.6771 3.34257 87.1092
1.78023583703 0.289356 0.151423 0.151094876957 0.327942 0.376128 0.438003 0.520366 0.635412 0.807405 1.09253 1.65713 3.30689 86.2835
1.79768912955 0.282465 0.148856 0.148537732471 0.320664 0.368367 0.429621 0.511158 0.625049 0.795317 1.07758 1.63651 3.26972 85.4137
1.81514242207 0.275638 0.146347 0.146038946053 0.313431 0.360626 0.421229 0.501898 0.614578 0.783033 1.0623 1.61528 3.23111 84.5011
1.83259571459 0.268875 0.143891 0.143593212426 0.306243 0.352907 0.412828 0.49259 0.604002 0.770562 1.04668 1.59344 3.19109 83.5466
1.85004900711 0.262178 0.141483 0.141194165254 0.299103 0.345213 0.404423 0.483239 0.593328 0.757912 1.03076 1.57103 3.14971 82.5515
1.86750229963 0.255548 0.139116 0.138837560314 0.292012 0.337546 0.396017 0.473848 0.582562 0.74509 1.01453 1.54805 3.10701 81.5169
1.88495559215 0.248985 0.136787 0.1365175618 0.284971 0.329908 0.387611 0.464421 0.57171 0.732105 0.998007 1.52453 3.06304 80.4441
1.90240888467 0.242491 0.13449 0.134229925487 0.277982 0.322301 0.379211 0.454964 0.560777 0.718966 0.98121 1.50049 3.01783 79.3344
1.91986217719 0.236067 0.13222 0.131969346098 0.271047 0.314728 0.370818 0.445481 0.54977 0.705681 0.964149 1.47595 2.97145 78.1891
1.93731546971 0.229713 0.129973 0.129731579408 0.264166 0.30719 0.362437 0.435976 0.538695 0.69226 0.946838 1.45093 2.92392 77.0095
1.95476876223 0.22343 0.127745 0.127512911723 0.257343 0.299691 0.354069 0.426453 0.527559 0.678712 0.92929 1.42547 2.87531 75.7969
1.97222205475 0.21722 0.125531 0.125308037763 0.250577 0.292232 0.34572 0.416918 0.516368 0.665046 0.91152 1.39957 2.82567 74.5529
1.98967534727 0.211083 0.123329 0.123114304889 0.243871 0.284815 0.337391 0.407376 0.50513 0.651271 0.893541 1.37327 2.77504 73.2788
2.00712863979 0.20502 0.121134 0.120927468878 0.237226 0.277444 0.329087 0.39783 0.493849 0.637397 0.875368 1.34658 2.72348 71.9761
2.02458193231 0.199032 0.118942 0.11874487709 0.230644 0.270121 0.320811 0.388286 0.482534 0.623435 0.857017 1.31954 2.67104 70.6463
2.04203522483 0.19312 0.116752 0.116562285302 0.224127 0.262847 0.312567 0.378749 0.471192 0.609393 0.838501 1.29216 2.61777 69.2909
2.05948851735 0.187284 0.11456 0.11437810193 0.217675 0.255625 0.304357 0.369223 0.459829 0.595283 0.819836 1.26448 2.56374 67.9114
2.07694180987 0.181525 0.112363 0.112189143808 0.21129 0.248458 0.296185 0.359715 0.448452 0.581114 0.801037 1.23651 2.50899 66.5093
2.09439510239 0.175845 0.110159 0.109993288822 0.204974 0.241348 0.288055 0.350227 0.437069 0.566896 0.78212 1.20829 2.45357 65.0864
2.11184839491 0.170244 0.107947 0.107788414862 0.198728 0.234297 0.279971 0.340767 0.425687 0.55264 0.763101 1.17984 2.39756 63.6441
2.12930168743 0.164722 0.105724 0.105572930344 0.192554 0.227308 0.271935 0.331339 0.414312 0.538357 0.743995 1.15118 2.341 62.184
2.14675497995 0.159281 0.103489 0.103344713157 0.186453 0.220383 0.263952 0.321947 0.402953 0.524056 0.724818 1.12235 2.28395 60.7078
2.16420827247 0.153921 0.101241 0.101103232772 0.180427 0.213525 0.256025 0.312598 0.391617 0.509749 0.705587 1.09337 2.22647 59.2172
2.18166156499 0.148644 0.0989781 0.0988468976055 0.174477 0.206735 0.248158 0.303295 0.38031 0.495447 0.686316 1.06426 2.16862 57.7137
2.19911485751 0.143448 0.0967001 0.09657517713 0.168604 0.200017 0.240354 0.294045 0.369041 0.481158 0.667023 1.03506 2.11046 56.199
2.21656815003 0.138337 0.0944065 0.0942875408175 0.162811 0.193373 0.232616 0.284853 0.357817 0.466896 0.647724 1.00578 2.05205 54.6748
2.23402144255 0.133309 0.0920971 0.0919839886679 0.157098 0.186804 0.224949 0.275724 0.346644 0.452669 0.628435 0.97647 1.99344 53.1428
2.25147473507 0.128366 0.0897717 0.0896645206813 0.151467 0.180314 0.217356 0.266662 0.335531 0.43849 0.609171 0.947141 1.93469 51.6046
2.26892802759 0.123508 0.0874307 0.0873286063297 0.145919 0.173905 0.20984 0.257673 0.324485 0.424368 0.589951 0.917824 1.87587 50.062
2.28638132011 0.118736 0.0850746 0.0849778371969 0.140456 0.167578 0.202405 0.248763 0.313514 0.410315 0.570789 0.888546 1.81704 48.5164
2.30383461263 0.114051 0.0827041 0.0826122132828 0.135079 0.161337 0.195055 0.239935 0.302624 0.396341 0.551703 0.859336 1.75825 46.9698
2.32128790515 0.109453 0.08032 0.0802333261712 0.12979 0.155184 0.187792 0.231197 0.291823 0.382457 0.532708 0.83022 1.69956 45.4237
2.33874119767 0.104943 0.0779237 0.0778417063899 0.124589 0.149121 0.180621 0.222551 0.281118 0.368674 0.51382 0.801226 1.64103 43.8798
2.35619449019 0.100522 0.0755164 0.0754384149948 0.119478 0.14315 0.173545 0.214005 0.270517 0.355001 0.495056 0.77238 1.58272 42.3397
2.37364778271 0.0961889 0.0730998 0.0730261046254 0.114459 0.137273 0.166568 0.205562 0.260027 0.34145 0.476432 0.743709 1.5247 40.8052
2.39110107523 0.0919459 0.0706756 0.0706058363374 0.109532 0.131493 0.159692 0.197227 0.249654 0.328032 0.457963 0.715241 1.46701 39.2779
2.40855436775 0.087793 0.0682458 0.0681802627705 0.1047 0.125812 0.152921 0.189006 0.239407 0.314756 0.439666 0.687001 1.40972 37.7593
2.42600766027 0.0837307 0.0658125 0.0657504449803 0.0999629 0.120232 0.146259 0.180903 0.229292 0.301633 0.421556 0.659016 1.35288 36.2512
2.44346095279 0.0797596 0.063378 0.0633195661343 0.0953222 0.114756 0.139709 0.172924 0.219317 0.288673 0.403648 0.631312 1.29655 34.7552
2.46091424531 0.0758801 0.0609448 0.0608897483441 0.0907793 0.109384 0.133274 0.165072 0.209487 0.275886 0.385959 0.603915 1.24079 33.2727
2.47836753783 0.0720928 0.0585155 0.0584636442492 0.0863353 0.10412 0.126957 0.157353 0.199811 0.263283 0.368503 0.576851 1.18565 31.8055
2.49582083035 0.0683981 0.0560928 0.0560439064892 0.0819914 0.0989655 0.120761 0.149772 0.190294 0.250872 0.351296 0.550145 1.13118 30.355
2.51327412287 0.0647966 0.0536797 0.0536337182313 0.0777488 0.0939224 0.11469 0.142333 0.180943 0.238664 0.334351 0.523821 1.07745 28.9229
2.53072741539 0.0612886 0.051279 0.0512357321152 0.0736086 0.0889927 0.108746 0.13504 0.171766 0.226669 0.317685 0.497905 1.02451 27.5105
2.54818070791 0.0578746 0.0488939 0.0488531313083 0.069572 0.0841785 0.102934 0.127898 0.162767 0.214895 0.30131 0.47242 0.972404 26.1195
2.56563400043 0.054555 0.0465276 0.0464890989779 0.0656399 0.0794815 0.0972546 0.120912 0.153955 0.203353 0.285242 0.447391 0.92119 24.7513
2.58308729295 0.0513303 0.0441833 0.0441473488194 0.0618134 0.0749037 0.0917121 0.114085 0.145334 0.19205 0.269494 0.42284 0.870916 23.4073
2.60054058547 0.0482008 0.0418644 0.0418305334723 0.0580937 0.070447 0.0863089 0.107422 0.136912 0.180997 0.25408 0.398791 0.821635 22.0889
2.61799387799 0.0451669 0.0395742 0.0395423666319 0.0544817 0.066113 0.0810478 0.100927 0.128693 0.170202 0.239013 0.375265 0.773394 20.7976
2.63544717051 0.042229 0.0373161 0.0372865619935 0.0509783 0.0619035 0.0759317 0.0946039 0.120684 0.159673 0.224306 0.352286 0.726242 19.5346
2.65290046303 0.0393875 0.0350936 0.0350657721966 0.0475846 0.0578203 0.0709631 0.0884568 0.112891 0.149419 0.209972 0.329874 0.680225 18.3014
2.67035375555 0.0366427 0.0329101 0.0328842414645 0.0443015 0.053865 0.0661446 0.0824893 0.105319 0.139447 0.196024 0.30805 0.635389 17.0992
2.68780704807 0.0339949 0.0307692 0.0307451529645 0.0411299 0.0500391 0.0614787 0.0767053 0.097973 0.129767 0.182473 0.286835 0.591779 15.9292
2.70526034059 0.0314445 0.0286743 0.028651689864 0.0380706 0.0463443 0.0569679 0.0711084 0.0908589 0.120385 0.169331 0.266248 0.549438 14.7927
2.72271363311 0.0289918 0.0266289 0.0266080963863 0.0351244 0.0427821 0.0526145 0.0657019 0.0839816 0.111308 0.156609 0.246308 0.508408 13.6909
2.74016692563 0.0266371 0.0246363 0.0246170251709 0.0322923 0.0393538 0.0484209 0.0604894 0.077346 0.102545 0.144319 0.227035 0.468729 12.6249
2.75762021815 0.0243806 0.0227 0.0226821899131 0.0295749 0.036061 0.0443891 0.0554741 0.0709568 0.0941025 0.132472 0.208446 0.430441 11.5958
2.77507351067 0.0222226 0.0208233 0.0208067737803 0.0269731 0.0329049 0.0405214 0.0506591 0.0648188 0.0859864 0.121077 0.190558 0.393581 10.6048
2.79252680319 0.0201634 0.0190095 0.0189944904677 0.0244875 0.0298869 0.0368197 0.0460475 0.0589361 0.0782037 0.110144 0.173388 0.358187 9.65274
2.80998009571 0.0182032 0.0172618 0.0172479926151 0.0221189 0.0270082 0.0332861 0.0416421 0.0533132 0.0707605 0.0996833 0.156953 0.324292 8.74074
2.82743338823 0.0163423 0.0155832 0.0155704633896 0.0198678 0.02427 0.0299224 0.0374458 0.0479539 0.0636627 0.0897035 0.141266 0.291931 7.86971
2.84488668075 0.0145809 0.0139768 0.0139656164867 0.017735 0.0216734 0.0267303 0.0334612 0.0428622 0.056916 0.0802133 0.126344 0.261135 7.04054
2.86233997327 0.0129191 0.0124455 0.01243504349 0.015721 0.0192195 0.0237117 0.0296907 0.0380418 0.0505259 0.071221 0.112199 0.231935 6.25411
2.87979326579 0.0113572 0.0109922 0.0109829886228 0.0138263 0.0169094 0.0208679 0.0261369 0.033496 0.0444973 0.0627343 0.0988448 0.204358 5.51123
2.89724655831 0.0098953 0.00961937 0.0096110434688 0.0120515 0.0147438 0.0182007 0.0228018 0.0292282 0.0388351 0.0547606 0.0862941 0.178434 4.81265
2.91469985083 0.00853364 0.00832969 0.00832239119536 0.0103971 0.0127238 0.0157113 0.0196877 0.0252415 0.0335439 0.0473068 0.0745583 0.154186 4.15911
2.93215314335 0.00727233 0.00712553 0.0071191539141 0.00886348 0.0108502 0.0134011 0.0167964 0.0215386 0.0286277 0.0403793 0.0636483 0.131639 3.55128
2.94960643587 0.00611152 0.00600915 0.00600398426454 0.00745112 0.00912377 0.0112714 0.0141299 0.0181223 0.0240906 0.0339842 0.0535741 0.110815 2.98977
2.96705972839 0.00505132 0.00498265 0.00497794330248 0.00616038 0.00754517 0.00932317 0.0116897 0.014995 0.019936 0.0281268 0.044345 0.0917339 2.47518
2.98451302091 0.00409185 0.00404797 0.00404421419534 0.00499161 0.00611506 0.00755751 0.0094774 0.0121589 0.0161674 0.0228123 0.0359696 0.0744145 2.00802
3.00196631343 0.0032332 0.00320688 0.0032038579989 0.00394512 0.00483403 0.00597533 0.0074944 0.00961604 0.0127877 0.0180452 0.0284555 0.0588737 1.58877
3.01941960595 0.00247545 0.00246097 0.00245846629689 0.00302118 0.00370258 0.00457746 0.0057419 0.00736826 0.00979946 0.0138297 0.0218096 0.0451266 1.21786
3.03687289847 0.00181867 0.00181166 0.001809630673 0.00222003 0.00272118 0.00336461 0.00422101 0.00541711 0.00720514 0.0101691 0.0160379 0.0331863 0.895668
3.05432619099 0.0012629 0.00126019 0.00125894271094 0.00154187 0.00189019 0.0023374 0.00293263 0.00376396 0.0050067 0.00706676 0.0111458 0.0230643 0.622513
3.07177948351 0.000808189 0.000807586 0.000806932938621 0.000986853 0.00120993 0.00149634 0.00187754 0.00240995 0.00320583 0.00452514 0.00713741 0.0147703 0.398669
3.08923277603 0.000454551 0.000454715 0.000454131883931 0.000555101 0.000680643 0.000841828 0.00105636 0.00135598 0.00180388 0.00254634 0.00401644 0.00831197 0.224357
3.10668606855 0.000201989 0.000202225 0.000202131130581 0.000246692 0.000302506 0.000374166 0.000469541 0.000602746 0.000801869 0.00113195 0.00178551 0.00369517 0.0997418
3.12413936107 5.04861e-05 5.05704e-05 5.04001506699e-05 6.16632e-05 7.56184e-05 9.35353e-05 0.000117381 0.000150686 0.000200471 0.000282998 0.000446401 0.000923854 0.0249374
3.14159265359 0.0 0.0 0.0 0.0 0.0 0.0 0.0 0.0 0.0 0.0 0.0 0.0 0.0
