alpha phi_iso phi_ray phi_vec g0=0.1 g0=0.2 g0=0.3 g0=0.4 g0=0.5 g0=0.6 g0=0.7 g0=0.8 g0=0.9 g0=1.0
0.0 1.0 1.0 1.0 1.0 1.0 1.0 1.0 1.0 1.0 1.0 1.0 1.0 1.0
0.0174532925199 0.999703 0.999576 0.999558741002 0.999717 0.999733 0.999751 0.999772 0.999798 0.99983 0.99987 0.999923 0.999995 1.0001
0.0349065850399 0.998866 0.998366 0.998292060281 0.998919 0.998979 0.99905 0.999134 0.999234 0.999358 0.999515 0.99972 1.0 1.00041
0.0523598775598 0.997565 0.996458 0.996284449 0.997679 0.997812 0.997965 0.998148 0.998367 0.998638 0.99898 0.999429 1.00004 1.00095
0.0698131700798 0.99586 0.993923 0.993603141532 0.996058 0.996285 0.99655 0.996864 0.997243 0.99771 0.998301 0.999078 1.00014 1.00171
0.0872664625997 0.993792 0.99081 0.990293874655 0.994091 0.994435 0.994838 0.995315 0.99589 0.996601 0.997502 0.998685 1.00031 1.00269
0.10471975512 0.991386 0.987149 0.986388221163 0.991804 0.992287 0.992851 0.99352 0.994329 0.995329 0.996597 0.998262 1.00055 1.00391
0.12217304764 0.98866 0.982967 0.981911159362 0.989215 0.989856 0.990606 0.991497 0.992574 0.993906 0.995597 0.997819 1.00088 1.00536
0.13962634016 0.985629 0.978284 0.976885156628 0.986338 0.987158 0.988117 0.989257 0.990637 0.992343 0.99451 0.99736 1.00128 1.00704
0.157079632679 0.982309 0.973122 0.97133177346 0.983188 0.984205 0.985396 0.986812 0.988527 0.990648 0.993345 0.996892 1.00178 1.00895
0.174532925199 0.978713 0.967501 0.965272124786 0.979778 0.98101 0.982455 0.984173 0.986255 0.988831 0.992108 0.99642 1.00236 1.01108
0.191986217719 0.974853 0.96144 0.958726969075 0.976119 0.977585 0.979304 0.98135 0.983829 0.986899 0.990805 0.995947 1.00303 1.01344
0.209439510239 0.970741 0.954959 0.951716739789 0.972223 0.973939 0.975952 0.97835 0.981257 0.984858 0.98944 0.995475 1.00379 1.01601
0.226892802759 0.966388 0.948076 0.944261566353 0.968099 0.970082 0.97241 0.975184 0.978547 0.982715 0.988019 0.995008 1.00464 1.0188
0.244346095279 0.961804 0.940809 0.936381316088 0.963758 0.966025 0.968686 0.971858 0.975705 0.980474 0.986546 0.994546 1.00558 1.0218
0.261799387799 0.956998 0.933177 0.928095594217 0.95921 0.961775 0.964788 0.968379 0.972737 0.978141 0.985022 0.994092 1.0066 1.02499
0.279252680319 0.951981 0.925196 0.919423817245 0.954462 0.95734 0.960722 0.964755 0.969649 0.975719 0.983451 0.993644 1.00771 1.02838
0.296705972839 0.946761 0.916885 0.910385212967 0.949523 0.952729 0.956497 0.96099 0.966446 0.973213 0.981835 0.993203 1.00889 1.03195
0.314159265359 0.941346 0.908259 0.900998841431 0.944401 0.947948 0.952117 0.957091 0.963131 0.970625 0.980175 0.992768 1.01015 1.03571
0.331612557879 0.935744 0.899337 0.891283615909 0.939103 0.943004 0.94759 0.953063 0.95971 0.967958 0.978472 0.992338 1.01148 1.03962
0.349065850399 0.929963 0.890133 0.881258302896 0.933637 0.937903 0.942921 0.94891 0.956186 0.965215 0.976726 0.991911 1.01287 1.0437
0.366519142919 0.92401 0.880665 0.870941522109 0.928008 0.932652 0.938116 0.944638 0.952561 0.962398 0.974939 0.991485 1.01433 1.04793
0.383972435439 0.917892 0.870949 0.860351736004 0.922224 0.927257 0.933179 0.940249 0.948841 0.959508 0.97311 0.991059 1.01584 1.0523
0.401425727959 0.911615 0.861001 0.849507270745 0.91629 0.921722 0.928115 0.935749 0.945026 0.956547 0.971239 0.990628 1.0174 1.05679
0.418879020479 0.905187 0.850836 0.838426269025 0.910212 0.916054 0.922929 0.93114 0.94112 0.953515 0.969325 0.99019 1.01901 1.0614
0.436332312999 0.898613 0.84047 0.827126716273 0.903997 0.910257 0.917625 0.926426 0.937125 0.950415 0.967366 0.989742 1.02065 1.06612
0.453785605519 0.891899 0.829918 0.815626398723 0.89765 0.904336 0.912207 0.92161 0.933043 0.947245 0.965363 0.989281 1.02232 1.07093
0.471238898038 0.885052 0.819195 0.803942903412 0.891175 0.898295 0.906679 0.916695 0.928876 0.944007 0.963314 0.988802 1.02401 1.07583
0.488692190558 0.878076 0.808317 0.792093602452 0.884578 0.89214 0.901044 0.911685 0.924625 0.940702 0.961216 0.988301 1.02572 1.08079
0.506145483078 0.870978 0.797297 0.780095632064 0.877865 0.885874 0.895307 0.906581 0.920292 0.937328 0.959069 0.987775 1.02744 1.08581
0.523598775598 0.863763 0.78615 0.767965892578 0.871039 0.879502 0.889471 0.901385 0.915877 0.933886 0.956869 0.987219 1.02915 1.09087
0.541052068118 0.856436 0.774891 0.755721011735 0.864105 0.873028 0.883538 0.896101 0.911384 0.930376 0.954616 0.986628 1.03086 1.09597
0.558505360638 0.849001 0.763533 0.743377334211 0.857068 0.866455 0.877512 0.89073 0.906811 0.926797 0.952307 0.985998 1.03256 1.10109
0.575958653158 0.841465 0.75209 0.730950911122 0.849933 0.859787 0.871396 0.885274 0.90216 0.923149 0.949939 0.985324 1.03422 1.10621
0.593411945678 0.833831 0.740575 0.71845748431 0.842703 0.853027 0.865192 0.879736 0.897433 0.91943 0.947511 0.984601 1.03586 1.11132
0.610865238198 0.826104 0.729002 0.705912460122 0.835382 0.84618 0.858903 0.874116 0.892628 0.915641 0.945019 0.983825 1.03746 1.11642
0.628318530718 0.818289 0.717382 0.693330914657 0.827975 0.839248 0.852532 0.868417 0.887748 0.91178 0.942461 0.98299 1.03901 1.12148
0.645771823238 0.81039 0.705729 0.680727541348 0.820485 0.832234 0.846081 0.86264 0.882792 0.907846 0.939834 0.982091 1.0405 1.12649
0.663225115758 0.802412 0.694055 0.66811668241 0.812916 0.825143 0.839553 0.856787 0.877761 0.903839 0.937136 0.981123 1.04193 1.13145
0.680678408278 0.794358 0.682371 0.65551227642 0.805271 0.817976 0.83295 0.850858 0.872655 0.899757 0.934363 0.980082 1.04328 1.13633
0.698131700798 0.786233 0.670689 0.642927863561 0.797555 0.810737 0.826273 0.844856 0.867475 0.895599 0.931513 0.978961 1.04455 1.14113
0.715584993318 0.778041 0.65902 0.630376580379 0.789771 0.803428 0.819526 0.838782 0.86222 0.891365 0.928582 0.977756 1.04573 1.14583
0.733038285838 0.769786 0.647375 0.617871123091 0.781922 0.796053 0.812711 0.832636 0.856891 0.887052 0.925569 0.976461 1.04682 1.15041
0.750491578358 0.761471 0.635765 0.605423758062 0.774012 0.788614 0.805828 0.82642 0.851488 0.88266 0.92247 0.975072 1.04779 1.15488
0.767944870878 0.7531 0.624199 0.593046295605 0.766043 0.781114 0.798881 0.820136 0.84601 0.878188 0.919283 0.973584 1.04866 1.1592
0.785398163397 0.744678 0.612686 0.580750100457 0.75802 0.773555 0.791871 0.813783 0.840459 0.873634 0.916004 0.97199 1.0494 1.16338
0.802851455917 0.736207 0.601238 0.568546065572 0.749944 0.765941 0.784801 0.807364 0.834833 0.868997 0.91263 0.970288 1.05 1.1674
0.820304748437 0.727692 0.589861 0.556444601636 0.74182 0.758272 0.777671 0.800879 0.829134 0.864276 0.909159 0.968471 1.05048 1.17124
0.837758040957 0.719134 0.578565 0.544455647552 0.733649 0.750553 0.770483 0.794328 0.823361 0.859469 0.905589 0.966535 1.0508 1.1749
0.855211333477 0.710539 0.567359 0.532588659958 0.725436 0.742784 0.76324 0.787714 0.817513 0.854576 0.901916 0.964475 1.05097 1.17836
0.872664625997 0.701909 0.556249 0.52085258701 0.717182 0.734969 0.755943 0.781037 0.811592 0.849596 0.898138 0.962287 1.05098 1.18161
0.890117918517 0.693248 0.545243 0.509255894599 0.708891 0.72711 0.748594 0.774298 0.805597 0.844526 0.894252 0.959966 1.05083 1.18464
0.907571211037 0.684559 0.534348 0.497806540139 0.700566 0.719209 0.741194 0.767498 0.799528 0.839367 0.890255 0.957508 1.0505 1.18745
0.925024503557 0.675844 0.523571 0.486511988291 0.692209 0.711269 0.733745 0.760638 0.793385 0.834117 0.886147 0.954908 1.04999 1.19001
0.942477796077 0.667107 0.512918 0.475379200481 0.683822 0.70329 0.726248 0.753718 0.787168 0.828775 0.881923 0.952163 1.04929 1.19233
0.959931088597 0.658352 0.502394 0.464414619173 0.675409 0.695277 0.718706 0.74674 0.780877 0.823341 0.877582 0.949268 1.04839 1.19438
0.977384381117 0.64958 0.492005 0.453624204563 0.666972 0.68723 0.711119 0.739705 0.774514 0.817812 0.873122 0.94622 1.0473 1.19616
0.994837673637 0.640795 0.481755 0.443013413614 0.658513 0.679151 0.70349 0.732613 0.768076 0.81219 0.868541 0.943015 1.046 1.19767
1.01229096616 0.631999 0.47165 0.432587184324 0.650036 0.671044 0.695819 0.725465 0.761566 0.806472 0.863836 0.93965 1.04448 1.19888
1.02974425868 0.623197 0.461694 0.422349988152 0.641541 0.66291 0.688109 0.718263 0.754983 0.800659 0.859007 0.936121 1.04275 1.1998
1.0471975512 0.614389 0.45189 0.412305793319 0.633033 0.65475 0.680361 0.711007 0.748327 0.794749 0.854051 0.932426 1.0408 1.20042
1.06465084372 0.605579 0.442242 0.402458075297 0.624513 0.646567 0.672576 0.703699 0.741598 0.788743 0.848966 0.928561 1.03862 1.20072
1.08210413624 0.59677 0.432752 0.392809837774 0.615983 0.638363 0.664756 0.696339 0.734798 0.782639 0.843752 0.924523 1.03621 1.20071
1.09955742876 0.587964 0.423423 0.383363623137 0.607446 0.63014 0.656903 0.688928 0.727926 0.776438 0.838408 0.92031 1.03356 1.20036
1.11701072128 0.579164 0.414258 0.37412149675 0.598905 0.6219 0.649018 0.681468 0.720984 0.770139 0.832931 0.91592 1.03068 1.19969
1.1344640138 0.570371 0.405259 0.365085062675 0.59036 0.613644 0.641102 0.673959 0.713971 0.763742 0.827321 0.91135 1.02754 1.19867
1.15191730632 0.56159 0.396426 0.356255500372 0.581816 0.605374 0.633158 0.666404 0.706888 0.757248 0.821578 0.906599 1.02416 1.19731
1.16937059884 0.552822 0.387761 0.347633527999 0.573272 0.597094 0.625186 0.658802 0.699736 0.750655 0.8157 0.901665 1.02053 1.1956
1.18682389136 0.544069 0.379265 0.339219460079 0.564733 0.588803 0.617188 0.651155 0.692515 0.743965 0.809687 0.896546 1.01665 1.19354
1.20427718388 0.535334 0.370939 0.331013191771 0.5562 0.580505 0.609167 0.643464 0.685228 0.737178 0.803538 0.891241 1.01251 1.19112
1.2217304764 0.526619 0.362783 0.323014198871 0.547675 0.572201 0.601123 0.635731 0.677873 0.730293 0.797254 0.885749 1.00812 1.18833
1.23918376892 0.517927 0.354795 0.315221600718 0.53916 0.563893 0.593058 0.627957 0.670452 0.723312 0.790833 0.880069 1.00346 1.18518
1.25663706144 0.509259 0.346977 0.307634107768 0.530658 0.555582 0.584974 0.620143 0.662967 0.716235 0.784277 0.8742 0.998539 1.18166
1.27409035396 0.500618 0.339327 0.300250094992 0.522169 0.547271 0.576872 0.612291 0.655418 0.709063 0.777586 0.868143 0.993357 1.17776
1.29154364648 0.492006 0.331844 0.293067580899 0.513697 0.538962 0.568754 0.604402 0.647807 0.701797 0.770759 0.861896 0.987911 1.1735
1.308996939 0.483425 0.324528 0.286084248508 0.505244 0.530656 0.560622 0.596477 0.640135 0.694437 0.763797 0.85546 0.982201 1.16885
1.32645023152 0.474877 0.317375 0.279297461074 0.49681 0.522355 0.552478 0.588519 0.632402 0.686984 0.756702 0.848836 0.976225 1.16383
1.34390352404 0.466364 0.310385 0.272704298783 0.488399 0.514062 0.544322 0.580528 0.624611 0.679441 0.749474 0.842023 0.969985 1.15843
1.36135681656 0.457888 0.303556 0.266301537781 0.480011 0.505777 0.536157 0.572506 0.616763 0.671807 0.742113 0.835022 0.96348 1.15265
1.37881010908 0.449451 0.296885 0.260085686871 0.47165 0.497502 0.527985 0.564455 0.608859 0.664085 0.734622 0.827835 0.956711 1.1465
1.3962634016 0.441056 0.29037 0.254053018964 0.463316 0.489241 0.519807 0.556377 0.600901 0.656276 0.727002 0.820462 0.949679 1.13997
1.41371669412 0.432703 0.284009 0.248199555355 0.455013 0.480993 0.511625 0.548273 0.592891 0.648381 0.719253 0.812905 0.942385 1.13306
1.43116998664 0.424395 0.277797 0.242521112896 0.44674 0.472762 0.503441 0.540145 0.58483 0.640403 0.711379 0.805166 0.934831 1.12577
1.44862327916 0.416134 0.271733 0.237013288277 0.438501 0.464548 0.495257 0.531995 0.57672 0.632343 0.70338 0.797246 0.927019 1.11812
1.46607657168 0.407921 0.265813 0.231671515682 0.430298 0.456355 0.487075 0.523825 0.568564 0.624203 0.695259 0.789148 0.91895 1.11009
1.4835298642 0.399758 0.260033 0.226491051069 0.422131 0.448183 0.478896 0.515637 0.560363 0.615984 0.687017 0.780874 0.910629 1.10169
1.50098315672 0.391647 0.254392 0.221467003614 0.414003 0.440034 0.470722 0.507432 0.552119 0.607691 0.678658 0.772427 0.902057 1.09293
1.51843644924 0.383589 0.248883 0.21659435669 0.405915 0.431911 0.462556 0.499213 0.543835 0.599324 0.670184 0.763809 0.893237 1.08382
1.53588974176 0.375587 0.243505 0.211867973098 0.39787 0.423815 0.454398 0.490981 0.535512 0.590886 0.661597 0.755023 0.884174 1.07434
1.55334303427 0.367642 0.238254 0.207282621285 0.389869 0.415747 0.446252 0.48274 0.527153 0.582379 0.6529 0.746073 0.87487 1.06451
1.57079632679 0.359754 0.233124 0.202833001552 0.381913 0.407711 0.438119 0.47449 0.51876 0.573807 0.644097 0.736961 0.865331 1.05434
1.58824961931 0.351927 0.228113 0.198513725083 0.374004 0.399706 0.430001 0.466234 0.510336 0.565171 0.635189 0.727692 0.855559 1.04382
1.60570291183 0.344161 0.223217 0.194319387338 0.366144 0.391736 0.421899 0.457975 0.501882 0.556475 0.626181 0.718269 0.84556 1.03297
1.62315620435 0.336459 0.218431 0.19024454184 0.358335 0.383802 0.413817 0.449714 0.493403 0.547721 0.617075 0.708697 0.835339 1.02179
1.64060949687 0.328821 0.213752 0.186283715901 0.350579 0.375906 0.405756 0.441454 0.484899 0.538913 0.607877 0.698979 0.824901 1.01029
1.65806278939 0.321248 0.209176 0.182431468287 0.342876 0.36805 0.397718 0.433197 0.476375 0.530054 0.598588 0.689121 0.814252 0.998472
1.67551608191 0.313743 0.204698 0.178682357763 0.335228 0.360235 0.389705 0.424946 0.467832 0.521147 0.589214 0.679127 0.803397 0.986346
1.69296937443 0.306307 0.200314 0.175030974545 0.327637 0.352464 0.38172 0.416703 0.459274 0.512195 0.579757 0.669001 0.792343 0.97392
1.71042266695 0.298941 0.19602 0.171471971755 0.320105 0.344738 0.373763 0.40847 0.450703 0.503202 0.570222 0.658748 0.781094 0.961202
1.72787595947 0.291646 0.191813 0.168000060179 0.312633 0.337058 0.365838 0.40025 0.442122 0.494171 0.560614 0.648374 0.769659 0.9482
1.74532925199 0.284424 0.187689 0.164610018745 0.305223 0.329427 0.357947 0.392045 0.433534 0.485105 0.550936 0.637884 0.758044 0.934923
1.76278254451 0.277275 0.183643 0.161296731225 0.297875 0.321847 0.350091 0.383859 0.424943 0.476009 0.541193 0.627284 0.746255 0.921381
1.78023583703 0.270202 0.179672 0.158055175748 0.290593 0.314319 0.342273 0.375692 0.416351 0.466886 0.531389 0.616579 0.7343 0.907582
1.79768912955 0.263205 0.175772 0.154880445766 0.283376 0.306846 0.334495 0.367549 0.407761 0.457739 0.52153 0.605774 0.722187 0.893537
1.81514242207 0.256286 0.171939 0.151767771025 0.276227 0.299428 0.326759 0.359431 0.399177 0.448574 0.511619 0.594877 0.709923 0.879255
1.83259571459 0.249445 0.16817 0.148712512322 0.269146 0.292067 0.319067 0.351341 0.390602 0.439393 0.501662 0.583893 0.697515 0.864748
1.85004900711 0.242684 0.164461 0.145710182472 0.262136 0.284766 0.311421 0.343282 0.382038 0.4302 0.491664 0.572828 0.684972 0.850025
1.86750229963 0.236004 0.16081 0.142756456795 0.255198 0.277525 0.303824 0.335257 0.37349 0.421 0.48163 0.561689 0.672303 0.835097
1.88495559215 0.229406 0.157212 0.13984716787 0.248332 0.270348 0.296278 0.327268 0.364961 0.411797 0.471565 0.550482 0.659514 0.819977
1.90240888467 0.222891 0.153665 0.136978336991 0.241541 0.263235 0.288784 0.319318 0.356454 0.402595 0.461474 0.539214 0.646616 0.804674
1.91986217719 0.216459 0.150165 0.134146174166 0.234826 0.256188 0.281346 0.311409 0.347972 0.393398 0.451363 0.527892 0.633617 0.789202
1.93731546971 0.210113 0.14671 0.131347067629 0.228188 0.24921 0.273964 0.303545 0.339519 0.384211 0.441236 0.516522 0.620525 0.773571
1.95476876223 0.203852 0.143298 0.128577615299 0.221628 0.2423 0.266642 0.295728 0.331098 0.375038 0.4311 0.505111 0.60735 0.757794
1.97222205475 0.197678 0.139925 0.125834614291 0.215147 0.235462 0.259382 0.287961 0.322713 0.365883 0.420959 0.493667 0.5941 0.741883
1.98967534727 0.191591 0.13659 0.123115076643 0.208748 0.228697 0.252185 0.280247 0.314367 0.35675 0.41082 0.482196 0.580785 0.72585
2.00712863979 0.185593 0.133289 0.120416229317 0.20243 0.222007 0.245054 0.272587 0.306063 0.347644 0.400688 0.470705 0.567415 0.709708
2.02458193231 0.179685 0.130022 0.117735508957 0.196196 0.215392 0.237991 0.264986 0.297806 0.33857 0.390568 0.459203 0.553998 0.69347
2.04203522483 0.173866 0.126785 0.115070588099 0.190046 0.208856 0.230997 0.257446 0.289598 0.329531 0.380467 0.447696 0.540545 0.677148
2.05948851735 0.168138 0.123578 0.112419348958 0.183981 0.202398 0.224076 0.249969 0.281444 0.320533 0.37039 0.436191 0.527065 0.660756
2.07694180987 0.162501 0.120399 0.109779909645 0.178003 0.196022 0.217229 0.242558 0.273346 0.31158 0.360342 0.424696 0.513567 0.644306
2.09439510239 0.156957 0.117246 0.107150603189 0.172113 0.189728 0.210459 0.235217 0.265309 0.302676 0.350331 0.413219 0.500062 0.627813
2.11184839491 0.151506 0.114118 0.104530003759 0.166311 0.183518 0.203767 0.227947 0.257335 0.293826 0.34036 0.401766 0.486559 0.611288
2.12930168743 0.146148 0.111015 0.101916889958 0.1606 0.177394 0.197155 0.220752 0.249429 0.285034 0.330437 0.390346 0.473068 0.594746
2.14675497995 0.140884 0.107935 0.0993102920095 0.154979 0.171356 0.190626 0.213634 0.241594 0.276305 0.320566 0.378966 0.459599 0.5782
2.16420827247 0.135716 0.104877 0.0967094393345 0.14945 0.165407 0.184182 0.206596 0.233832 0.267644 0.310755 0.367633 0.446162 0.561663
2.18166156499 0.130642 0.101842 0.0941137920027 0.144013 0.159548 0.177823 0.199641 0.226149 0.259055 0.301007 0.356355 0.432767 0.545148
2.19911485751 0.125664 0.0988281 0.09152303025 0.13867 0.15378 0.171554 0.19277 0.218547 0.250542 0.291331 0.34514 0.419424 0.52867
2.21656815003 0.120782 0.0958359 0.0889370335094 0.133422 0.148105 0.165374 0.185987 0.211029 0.242109 0.28173 0.333994 0.406141 0.512241
2.23402144255 0.115997 0.0928652 0.0863559066218 0.128269 0.142523 0.159287 0.179295 0.203599 0.233762 0.272211 0.322926 0.392931 0.495875
2.25147473507 0.11131 0.0899163 0.0837799483832 0.123213 0.137037 0.153294 0.172695 0.196261 0.225505 0.262779 0.311943 0.379802 0.479585
2.26892802759 0.10672 0.0869893 0.0812096515452 0.118253 0.131647 0.147397 0.166191 0.189017 0.217341 0.253441 0.301052 0.366763 0.463384
2.28638132011 0.102227 0.0840848 0.0786457080568 0.113392 0.126355 0.141597 0.159784 0.181871 0.209276 0.244201 0.29026 0.353826 0.447287
2.30383461263 0.0978334 0.0812033 0.0760889933382 0.108629 0.121162 0.135898 0.153478 0.174827 0.201314 0.235066 0.279575 0.340999 0.431306
2.32128790515 0.093538 0.0783455 0.073540555797 0.103965 0.11607 0.130299 0.147275 0.167887 0.193458 0.226041 0.269005 0.328292 0.415453
2.33874119767 0.0893414 0.0755124 0.0710016220699 0.099401 0.111078 0.124804 0.141176 0.161055 0.185713 0.21713 0.258555 0.315715 0.399743
2.35619449019 0.0852439 0.0727049 0.0684735708128 0.0949377 0.106189 0.119413 0.135185 0.154333 0.178083 0.208341 0.248234 0.303276 0.384187
2.37364778271 0.0812456 0.0699243 0.0659579379428 0.0905756 0.101403 0.114128 0.129304 0.147725 0.170572 0.199678 0.238048 0.290985 0.368798
2.39110107523 0.0773467 0.0671716 0.0634564061539 0.0863152 0.0967223 0.108951 0.123534 0.141234 0.163185 0.191145 0.228003 0.278852 0.35359
2.40855436775 0.0735474 0.0644483 0.0609707839491 0.0821571 0.0921467 0.103883 0.117878 0.134863 0.155924 0.182749 0.218108 0.266885 0.338573
2.42600766027 0.0698478 0.061756 0.0585030108822 0.0781017 0.0876774 0.0989266 0.112339 0.128614 0.148794 0.174495 0.208369 0.255093 0.323761
2.44346095279 0.0662479 0.0590961 0.0560551418321 0.0741496 0.0833155 0.094082 0.106917 0.122491 0.141798 0.166386 0.198791 0.243486 0.309166
2.46091424531 0.0627479 0.0564704 0.0536293260341 0.0703011 0.0790617 0.0893509 0.101615 0.116495 0.134941 0.158429 0.189382 0.23207 0.294798
2.47836753783 0.0593476 0.0538806 0.0512278228064 0.0665566 0.0749168 0.0847346 0.0964358 0.110631 0.128226 0.150628 0.180147 0.220856 0.280671
2.49582083035 0.056047 0.0513284 0.0488529543718 0.0629164 0.0708817 0.0802344 0.0913801 0.104899 0.121655 0.142987 0.171093 0.20985 0.266794
2.51327412287 0.0528462 0.0488159 0.0465071320673 0.0593808 0.0669569 0.0758516 0.0864499 0.0993039 0.115233 0.135511 0.162226 0.199062 0.253179
2.53072741539 0.0497449 0.0463449 0.0441928039248 0.0559501 0.0631432 0.0715871 0.081647 0.0938466 0.108963 0.128205 0.153552 0.188498 0.239836
2.54818070791 0.046743 0.0439173 0.0419124966061 0.0526244 0.0594411 0.0674421 0.0769731 0.0885298 0.102848 0.121072 0.145075 0.178167 0.226776
2.56563400043 0.0438403 0.0415353 0.0396687420156 0.0494038 0.0558512 0.0634175 0.0724296 0.0833556 0.0968912 0.114116 0.136803 0.168076 0.21401
2.58308729295 0.0410367 0.039201 0.0374641244776 0.0462886 0.052374 0.0595144 0.068018 0.0783262 0.0910949 0.107342 0.128739 0.158231 0.201546
2.60054058547 0.0383319 0.0369163 0.0353012178328 0.0432788 0.0490099 0.0557336 0.0637398 0.0734437 0.0854624 0.100753 0.120889 0.14864 0.189395
2.61799387799 0.0357255 0.0346834 0.0331826116476 0.0403744 0.0457593 0.0520759 0.0595962 0.0687099 0.0799961 0.0943537 0.113258 0.139309 0.177566
2.63544717051 0.0332174 0.0325044 0.0311108850046 0.0375754 0.0426226 0.048542 0.0555884 0.0641267 0.0746988 0.0881463 0.10585 0.130246 0.166066
2.65290046303 0.030807 0.0303813 0.029088590776 0.0348817 0.0395999 0.0451326 0.0517176 0.0596956 0.0695728 0.0821346 0.0986707 0.121455 0.154906
2.67035375555 0.0284939 0.0283163 0.0271182451399 0.0322931 0.0366915 0.0418482 0.0479848 0.0554184 0.0646202 0.0763217 0.0917233 0.112942 0.144093
2.68780704807 0.0262778 0.0263114 0.02520232758 0.0298095 0.0338974 0.0386894 0.0443909 0.0512964 0.0598432 0.0707104 0.0850122 0.104714 0.133634
2.70526034059 0.0241581 0.0243685 0.0233432546758 0.0274306 0.0312179 0.0356565 0.0409368 0.047331 0.0552439 0.0653036 0.078541 0.0967743 0.123537
2.72271363311 0.0221342 0.0224896 0.02154337486 0.0251562 0.0286528 0.0327499 0.0376231 0.0435234 0.0508238 0.0601037 0.0723134 0.0891292 0.113809
2.74016692563 0.0202057 0.0206767 0.0198049631769 0.0229859 0.026202 0.0299699 0.0344505 0.0398746 0.0465848 0.0551131 0.0663325 0.0817826 0.104456
2.75762021815 0.0183718 0.0189316 0.0181302003142 0.0209192 0.0238655 0.0273165 0.0314196 0.0363857 0.0425283 0.050334 0.0606015 0.0747389 0.0954837
2.77507351067 0.0166318 0.017256 0.0165211621188 0.0189558 0.021643 0.0247899 0.0285306 0.0330574 0.0386555 0.0457683 0.055123 0.0680019 0.0868981
2.79252680319 0.0149852 0.0156516 0.0149798195968 0.0170951 0.0195342 0.02239 0.025784 0.0298903 0.0349677 0.0414178 0.0498995 0.0615753 0.0787041
2.80998009571 0.013431 0.0141201 0.0135080284296 0.0153365 0.0175389 0.0201168 0.0231799 0.0268852 0.0314658 0.0372838 0.0449333 0.055462 0.0709063
2.82743338823 0.0119684 0.0126629 0.0121074922792 0.0136794 0.0156564 0.0179699 0.0207183 0.0240422 0.0281505 0.0333678 0.0402263 0.0496649 0.0635086
2.84488668075 0.0105967 0.0112814 0.0107797942411 0.0121231 0.0138863 0.0159492 0.0183992 0.0213617 0.0250225 0.0296707 0.03578 0.0441865 0.0565148
2.86233997327 0.00931479 0.00997687 0.00952634966545 0.0106667 0.0122279 0.0140541 0.0162224 0.0188436 0.0220821 0.0261932 0.0315958 0.0390287 0.0499277
2.87979326579 0.00812173 0.00875043 0.00834843236735 0.00930944 0.0106807 0.0122841 0.0141876 0.016488 0.0193296 0.0229361 0.0276747 0.034193 0.0437499
2.89724655831 0.0070165 0.0076031 0.00724712744859 0.00805039 0.00924367 0.0106387 0.0122942 0.0142945 0.0167648 0.0198994 0.0240173 0.0296809 0.0379833
2.91469985083 0.00599795 0.00653572 0.00622335226574 0.00688852 0.00791606 0.00911693 0.0105417 0.0122627 0.0143876 0.0170834 0.020624 0.0254929 0.0326292
2.93215314335 0.00506493 0.005549 0.00527783546203 0.00582275 0.00669684 0.00771806 0.00892931 0.010392 0.0121976 0.0144876 0.0174948 0.0216294 0.0276885
2.94960643587 0.0042162 0.00464348 0.00441110648327 0.00485193 0.00558494 0.00644105 0.00745615 0.00868167 0.010194 0.0121117 0.0146294 0.0180902 0.0231614
2.96705972839 0.00345044 0.00381953 0.00362348509373 0.00397479 0.00457916 0.00528478 0.00612116 0.0071306 0.00837593 0.00995468 0.0120269 0.0148749 0.0190472
2.98451302091 0.00276626 0.00307732 0.00291509186029 0.00318999 0.0036782 0.00424797 0.0049231 0.00573767 0.00674228 0.00801553 0.00968636 0.0119822 0.0153451
3.00196631343 0.00216219 0.00241687 0.00228580097404 0.00249608 0.00288062 0.00332922 0.00386058 0.00450145 0.00529161 0.00629276 0.00760621 0.00941057 0.0120531
3.01941960595 0.00163666 0.00183795 0.0017352664605 0.0018915 0.00218486 0.00252695 0.00293199 0.00342033 0.00402221 0.00478459 0.00578451 0.00715783 0.00916867
3.03687289847 0.00118801 0.00134014 0.00126289072739 0.00137458 0.00158924 0.00183944 0.00213556 0.00249243 0.00293212 0.00348888 0.00421889 0.00522127 0.00668866
3.05432619099 0.000814457 0.000922777 0.000867814080548 0.000943498 0.00109189 0.00126476 0.00146927 0.00171562 0.00201903 0.00240308 0.00290649 0.00359753 0.00460891
3.07177948351 0.000514096 0.000584957 0.000548893755771 0.000596306 0.000690788 0.000800799 0.000930868 0.00108748 0.00128029 0.00152424 0.0018439 0.00228257 0.00292444
3.08923277603 0.000284867 0.000325489 0.000304677708652 0.000330871 0.000383707 0.000445189 0.000517838 0.00060527 0.00071285 0.000848913 0.00102713 0.00127163 0.00162928
3.10668606855 0.000124519 0.000142865 0.000133367920297 0.000144843 0.000168168 0.00019529 0.000227318 0.000265839 0.000313212 0.000373097 0.000451504 0.000559028 0.000716266
3.12413936107 3.054e-05 3.51872e-05 3.27470088082e-05 3.5585e-05 4.13696e-05 4.80901e-05 5.602e-05 6.55507e-05 7.72637e-05 9.20619e-05 0.000111427 0.000137972 0.000176776
3.14159265359 0.0 0.0 0.0 0.0 0.0 0.0 0.0 0.0 0.0 0.0 0.0 0.0 0.0
