alpha phi_iso phi_ray phi_vec g0=0.1 g0=0.2 g0=0.3 g0=0.4 g0=0.5 g0=0.6 g0=0.7 g0=0.8 g0=0.9 g0=1.0
0.0 1.0 1.0 1.0 1.0 1.0 1.0 1.0 1.0 1.0 1.0 1.0 1.0 1.0
0.0174532925199 0.999667 0.999524 0.999516994498 0.999683 0.999702 0.999724 0.999753 0.99979 0.999839 0.999909 1.00001 1.0002 1.00058
0.0349065850399 0.998736 0.99817 0.998137402721 0.998797 0.998871 0.998961 0.999073 0.999218 0.999411 0.999686 1.0001 1.00082 1.00235
0.0523598775598 0.997304 0.996043 0.995964709137 0.99744 0.997602 0.9978 0.998048 0.998368 0.998797 0.999403 1.00033 1.00192 1.0053
0.0698131700798 0.995449 0.993229 0.993081058544 0.995686 0.995969 0.996315 0.996748 0.997307 0.998056 0.999117 1.00074 1.00352 1.00944
0.0872664625997 0.993221 0.989783 0.989541443996 0.993583 0.994018 0.99455 0.995215 0.996075 0.997228 0.998862 1.00136 1.00564 1.01476
0.10471975512 0.99065 0.985744 0.985382671191 0.991164 0.99178 0.992533 0.993478 0.994698 0.996336 0.998656 1.0022 1.00829 1.02125
0.12217304764 0.987759 0.98114 0.980633037047 0.988448 0.989274 0.990286 0.991554 0.993193 0.995396 0.998515 1.00328 1.01148 1.02891
0.13962634016 0.984566 0.975995 0.975317476838 0.985453 0.986518 0.987823 0.98946 0.991575 0.994418 0.998446 1.0046 1.01519 1.03771
0.157079632679 0.981086 0.970333 0.9694596329 0.982195 0.983527 0.985159 0.987207 0.989854 0.993413 0.998456 1.00617 1.01943 1.04764
0.174532925199 0.977336 0.964177 0.963082507252 0.978689 0.980315 0.982307 0.984808 0.988042 0.99239 0.998553 1.00798 1.02419 1.05868
0.191986217719 0.973329 0.957548 0.956208560113 0.974947 0.976893 0.979278 0.982273 0.986146 0.991356 0.998741 1.01003 1.02946 1.07081
0.209439510239 0.969078 0.950467 0.948859796093 0.970983 0.973274 0.976084 0.979612 0.984176 0.990315 0.999021 1.01233 1.03524 1.08399
0.226892802759 0.964594 0.942956 0.941057764195 0.966806 0.969468 0.972732 0.976832 0.982137 0.989274 0.999396 1.01487 1.04151 1.09821
0.244346095279 0.959889 0.935035 0.932823607068 0.962429 0.965485 0.969234 0.973942 0.980037 0.988237 0.999866 1.01765 1.04827 1.11343
0.261799387799 0.954974 0.926723 0.924178159519 0.95786 0.961334 0.965595 0.970949 0.977879 0.987205 1.00043 1.02067 1.05549 1.12963
0.279252680319 0.949858 0.918041 0.915141923886 0.953109 0.957022 0.961824 0.967858 0.975669 0.986181 1.00109 1.02391 1.06317 1.14677
0.296705972839 0.944551 0.909008 0.905735143917 0.948184 0.952559 0.957927 0.964674 0.973409 0.985167 1.00185 1.02737 1.0713 1.16482
0.314159265359 0.93906 0.899642 0.895977854028 0.943093 0.94795 0.953911 0.961403 0.971104 0.984163 1.00269 1.03104 1.07984 1.18374
0.331612557879 0.933394 0.889963 0.885889854674 0.937844 0.943202 0.949779 0.958047 0.968754 0.983168 1.00362 1.03492 1.08879 1.2035
0.349065850399 0.927562 0.879988 0.875490786231 0.932443 0.938321 0.945539 0.954612 0.966363 0.982183 1.00463 1.03899 1.09813 1.22406
0.366519142919 0.921569 0.869736 0.864800055116 0.926897 0.933314 0.941193 0.9511 0.963931 0.981207 1.00572 1.04324 1.10784 1.24538
0.383972435439 0.915424 0.859225 0.85383691998 0.921212 0.928185 0.936748 0.947513 0.961459 0.980237 1.00689 1.04767 1.11789 1.26742
0.401425727959 0.909133 0.848473 0.842620430141 0.915395 0.92294 0.932205 0.943856 0.958948 0.979272 1.00812 1.05226 1.12828 1.29014
0.418879020479 0.902702 0.837498 0.831169437899 0.909451 0.917583 0.92757 0.940128 0.956399 0.97831 1.00941 1.05701 1.13897 1.3135
0.436332312999 0.896138 0.826316 0.819502610846 0.903385 0.912118 0.922844 0.936333 0.95381 0.977348 1.01076 1.06189 1.14994 1.33745
0.453785605519 0.889446 0.814946 0.807638407243 0.897203 0.90655 0.918032 0.932472 0.951182 0.976382 1.01215 1.0669 1.16118 1.36196
0.471238898038 0.882633 0.803403 0.795595026761 0.890909 0.900883 0.913135 0.928546 0.948515 0.97541 1.01359 1.07203 1.17267 1.38698
0.488692190558 0.875703 0.791705 0.783390472053 0.884508 0.89512 0.908157 0.924556 0.945806 0.974429 1.01506 1.07726 1.18437 1.41247
0.506145483078 0.868662 0.779868 0.77104247487 0.878005 0.889265 0.9031 0.920503 0.943055 0.973434 1.01656 1.08257 1.19626 1.43838
0.523598775598 0.861515 0.767908 0.75856849606 0.871403 0.883322 0.897966 0.916388 0.940261 0.972421 1.01808 1.08797 1.20833 1.46467
0.541052068118 0.854266 0.755842 0.745985737885 0.864707 0.877293 0.892757 0.912211 0.937423 0.971387 1.01961 1.09342 1.22055 1.4913
0.558505360638 0.846922 0.743684 0.733311094763 0.857921 0.871181 0.887474 0.907972 0.934538 0.970326 1.02114 1.09892 1.23289 1.51821
0.575958653158 0.839485 0.73145 0.720561116327 0.851049 0.864989 0.88212 0.903671 0.931604 0.969236 1.02266 1.10446 1.24533 1.54537
0.593411945678 0.831962 0.719155 0.707752068997 0.844094 0.858721 0.876695 0.899309 0.928621 0.96811 1.02418 1.11002 1.25785 1.57273
0.610865238198 0.824355 0.706814 0.694899849779 0.83706 0.852378 0.871202 0.894886 0.925585 0.966945 1.02567 1.11558 1.27043 1.60024
0.628318530718 0.81667 0.694441 0.682020010896 0.82995 0.845962 0.865641 0.890401 0.922494 0.965735 1.02713 1.12113 1.28303 1.62786
0.645771823238 0.80891 0.682051 0.669127685906 0.822768 0.839478 0.860013 0.885853 0.919347 0.964476 1.02856 1.12666 1.29564 1.65555
0.663225115758 0.801079 0.669655 0.656237688208 0.815517 0.832925 0.854321 0.881243 0.916142 0.963163 1.02993 1.13216 1.30823 1.68326
0.680678408278 0.793181 0.657269 0.643364363281 0.808199 0.826308 0.848564 0.87657 0.912874 0.961791 1.03125 1.1376 1.32078 1.71094
0.698131700798 0.785221 0.644905 0.630521662566 0.800818 0.819627 0.842744 0.871834 0.909544 0.960355 1.03251 1.14298 1.33326 1.73856
0.715584993318 0.777201 0.632575 0.617723106521 0.793377 0.812884 0.836861 0.867033 0.906147 0.95885 1.03369 1.14828 1.34565 1.76606
0.733038285838 0.769125 0.620291 0.604981772314 0.785879 0.806083 0.830916 0.862168 0.902681 0.957272 1.03479 1.15349 1.35794 1.79341
0.750491578358 0.760996 0.608065 0.592310293817 0.778326 0.799224 0.824911 0.857237 0.899144 0.955614 1.0358 1.15859 1.37008 1.82057
0.767944870878 0.752819 0.595908 0.579720800039 0.770721 0.792309 0.818845 0.85224 0.895534 0.953873 1.03672 1.16357 1.38207 1.84748
0.785398163397 0.744596 0.583832 0.567224989012 0.763066 0.78534 0.81272 0.847177 0.891848 0.952043 1.03753 1.16842 1.39388 1.87412
0.802851455917 0.736331 0.571845 0.554834029274 0.755364 0.778319 0.806535 0.842045 0.888083 0.95012 1.03822 1.17312 1.40548 1.90043
0.820304748437 0.728026 0.559959 0.542558646072 0.747618 0.771246 0.800292 0.836846 0.884237 0.948099 1.03879 1.17766 1.41686 1.92639
0.837758040957 0.719686 0.548183 0.530409022851 0.73983 0.764125 0.793991 0.831577 0.880308 0.945975 1.03923 1.18203 1.428 1.95194
0.855211333477 0.711312 0.536525 0.518394850503 0.732002 0.756956 0.787632 0.826239 0.876293 0.943744 1.03953 1.18621 1.43887 1.97705
0.872664625997 0.702907 0.524995 0.50652531506 0.724137 0.749741 0.781216 0.82083 0.872189 0.941401 1.03969 1.1902 1.44945 2.00169
0.890117918517 0.694476 0.5136 0.49480908538 0.716237 0.742481 0.774744 0.81535 0.867996 0.938941 1.0397 1.19397 1.45973 2.02581
0.907571211037 0.68602 0.502348 0.483254276199 0.708303 0.735178 0.768217 0.809798 0.86371 0.936361 1.03954 1.19753 1.46968 2.04939
0.925024503557 0.677543 0.491246 0.471868534337 0.700339 0.727833 0.761633 0.804174 0.859329 0.933656 1.03921 1.20085 1.47928 2.07237
0.942477796077 0.669046 0.4803 0.460658952493 0.692346 0.720448 0.754995 0.798476 0.854851 0.930822 1.03872 1.20393 1.48852 2.09474
0.959931088597 0.660533 0.469518 0.449632081564 0.684326 0.713023 0.748302 0.792705 0.850274 0.927856 1.03804 1.20675 1.49738 2.11645
0.977384381117 0.652006 0.458904 0.438793992212 0.676282 0.705561 0.741555 0.786859 0.845596 0.924753 1.03717 1.20931 1.50584 2.13748
0.994837673637 0.643469 0.448463 0.428150188668 0.668215 0.698062 0.734755 0.780938 0.840816 0.921509 1.03611 1.21159 1.51388 2.15779
1.01229096616 0.634922 0.438202 0.417705682614 0.660128 0.690529 0.727902 0.774942 0.835931 0.918122 1.03485 1.21359 1.52149 2.17735
1.02974425868 0.62637 0.428123 0.407464968556 0.652022 0.682961 0.720997 0.76887 0.83094 0.914588 1.03338 1.21529 1.52865 2.19614
1.0471975512 0.617813 0.418231 0.397432011511 0.643899 0.675361 0.71404 0.762723 0.825842 0.910904 1.03171 1.21669 1.53535 2.21412
1.06465084372 0.609255 0.408529 0.387610271634 0.635761 0.66773 0.707032 0.756498 0.820634 0.907066 1.02982 1.21778 1.54157 2.23127
1.08210413624 0.600699 0.39902 0.378002728843 0.62761 0.660069 0.699973 0.750198 0.815316 0.903072 1.0277 1.21855 1.54729 2.24757
1.09955742876 0.592145 0.389706 0.368611845881 0.619448 0.65238 0.692865 0.743821 0.809887 0.89892 1.02536 1.21899 1.55252 2.26298
1.11701072128 0.583596 0.380591 0.359439605257 0.611277 0.644663 0.685707 0.737366 0.804344 0.894607 1.0228 1.21909 1.55722 2.27748
1.1344640138 0.575056 0.371674 0.350487509244 0.603098 0.636921 0.678502 0.730835 0.798689 0.89013 1.01999 1.21885 1.5614 2.29106
1.15191730632 0.566525 0.362957 0.341756592194 0.594914 0.629154 0.671248 0.724228 0.792918 0.885487 1.01695 1.21826 1.56503 2.30369
1.16937059884 0.558006 0.354442 0.333247445166 0.586725 0.621364 0.663947 0.717543 0.787032 0.880677 1.01367 1.21732 1.56812 2.31536
1.18682389136 0.5495 0.346128 0.324960191296 0.578534 0.613552 0.656601 0.710783 0.781031 0.875699 1.01014 1.21601 1.57064 2.32603
1.20427718388 0.541011 0.338016 0.316894535056 0.570343 0.60572 0.64921 0.703946 0.774913 0.870549 1.00637 1.21434 1.57259 2.33571
1.2217304764 0.53254 0.330105 0.309049737622 0.562153 0.597868 0.641774 0.697034 0.768678 0.865228 1.00234 1.2123 1.57397 2.34436
1.23918376892 0.524089 0.322394 0.30142465382 0.553966 0.589999 0.634295 0.690046 0.762327 0.859733 0.998066 1.20989 1.57476 2.35198
1.25663706144 0.51566 0.314883 0.294017769061 0.545783 0.582113 0.626774 0.682983 0.755859 0.854065 0.993533 1.20709 1.57496 2.35855
1.27409035396 0.507255 0.307569 0.286827162407 0.537606 0.574212 0.619212 0.675847 0.749274 0.848223 0.988744 1.20391 1.57456 2.36406
1.29154364648 0.498875 0.300451 0.279850531192 0.529438 0.566298 0.61161 0.668637 0.742572 0.842205 0.983698 1.20035 1.57355 2.3685
1.308996939 0.490523 0.293527 0.273085264909 0.521279 0.558371 0.603969 0.661355 0.735754 0.836013 0.978392 1.1964 1.57194 2.37186
1.32645023152 0.4822 0.286794 0.266528371325 0.513131 0.550434 0.59629 0.654001 0.728821 0.829645 0.972826 1.19207 1.56972 2.37413
1.34390352404 0.473908 0.28025 0.260176562677 0.504996 0.542488 0.588575 0.646576 0.721772 0.823102 0.967001 1.18734 1.56687 2.37531
1.36135681656 0.46565 0.273892 0.254026255674 0.496876 0.534534 0.580825 0.639082 0.714609 0.816384 0.960915 1.18222 1.56342 2.37539
1.37881010908 0.457426 0.267716 0.248073559183 0.488771 0.526573 0.573041 0.631519 0.707333 0.809493 0.954569 1.17671 1.55934 2.37436
1.3962634016 0.449238 0.261718 0.242314311167 0.480685 0.518608 0.565224 0.62389 0.699944 0.802428 0.947963 1.1708 1.55464 2.37223
1.41371669412 0.441088 0.255896 0.236744115629 0.472618 0.51064 0.557377 0.616194 0.692445 0.795192 0.941099 1.16451 1.54932 2.36898
1.43116998664 0.432978 0.250245 0.2313583303 0.464571 0.50267 0.549501 0.608435 0.684835 0.787784 0.933977 1.15782 1.54338 2.36463
1.44862327916 0.424909 0.244761 0.226152115887 0.456547 0.4947 0.541596 0.600612 0.677118 0.780208 0.926598 1.15074 1.53682 2.35917
1.46607657168 0.416883 0.239439 0.221120399142 0.448548 0.486732 0.533666 0.592728 0.669294 0.772463 0.918965 1.14328 1.52964 2.35261
1.4835298642 0.408901 0.234276 0.216257971361 0.440574 0.478767 0.525711 0.584785 0.661366 0.764553 0.91108 1.13543 1.52185 2.34494
1.50098315672 0.400965 0.229266 0.21155941451 0.432627 0.470807 0.517733 0.576785 0.653334 0.756479 0.902944 1.1272 1.51345 2.33617
1.51843644924 0.393076 0.224405 0.207019212044 0.424709 0.462853 0.509734 0.568728 0.645202 0.748244 0.894561 1.11858 1.50445 2.32631
1.53588974176 0.385237 0.219688 0.20263168734 0.416822 0.454907 0.501716 0.560618 0.636972 0.73985 0.885934 1.1096 1.49483 2.31537
1.55334303427 0.377448 0.215109 0.198391089894 0.408967 0.446971 0.493681 0.552457 0.628645 0.7313 0.877065 1.10024 1.48463 2.30336
1.57079632679 0.36971 0.210663 0.194291533748 0.401145 0.439047 0.48563 0.544245 0.620225 0.722597 0.867958 1.09051 1.47383 2.29027
1.58824961931 0.362025 0.206347 0.190327120633 0.393358 0.431136 0.477565 0.535987 0.611714 0.713744 0.858617 1.08042 1.46245 2.27614
1.60570291183 0.354395 0.202153 0.186491841455 0.385607 0.42324 0.469489 0.527683 0.603114 0.704743 0.849047 1.06998 1.45049 2.26095
1.62315620435 0.346821 0.198077 0.182779687122 0.377895 0.415361 0.461404 0.519337 0.594429 0.6956 0.839251 1.05918 1.43797 2.24474
1.64060949687 0.339305 0.194114 0.179184636226 0.370223 0.4075 0.453311 0.510951 0.585661 0.686317 0.829235 1.04804 1.42488 2.22752
1.65806278939 0.331846 0.190258 0.175700630419 0.362592 0.39966 0.445213 0.502528 0.576815 0.676899 0.819002 1.03656 1.41125 2.20929
1.67551608191 0.324448 0.186504 0.172321660608 0.355004 0.391843 0.437113 0.49407 0.567892 0.667349 0.80856 1.02474 1.39708 2.19009
1.69296937443 0.31711 0.182847 0.169041730013 0.34746 0.384049 0.429011 0.485579 0.558897 0.657672 0.797912 1.01261 1.38237 2.16991
1.71042266695 0.309835 0.179281 0.165854903423 0.339962 0.376281 0.420911 0.47706 0.549832 0.647871 0.787065 1.00016 1.36715 2.14879
1.72787595947 0.302624 0.175802 0.162755282569 0.332511 0.368541 0.412814 0.468514 0.540702 0.637953 0.776025 0.987396 1.35143 2.12674
1.74532925199 0.295477 0.172403 0.159737080003 0.32511 0.360831 0.404724 0.459944 0.53151 0.62792 0.764797 0.974337 1.33521 2.10379
1.76278254451 0.288396 0.169081 0.156794582162 0.317758 0.353152 0.396642 0.451354 0.52226 0.617779 0.753389 0.960986 1.31851 2.07995
1.78023583703 0.281382 0.16583 0.153922173991 0.310458 0.345507 0.388572 0.442747 0.512956 0.607535 0.741807 0.947354 1.30134 2.05525
1.79768912955 0.274437 0.162644 0.151114375888 0.303212 0.337898 0.380515 0.434126 0.503602 0.597192 0.730058 0.93345 1.28372 2.02971
1.81514242207 0.26756 0.159521 0.148365831384 0.296021 0.330325 0.372473 0.425493 0.494202 0.586755 0.718149 0.919283 1.26567 2.00336
1.83259571459 0.260754 0.156454 0.145671344093 0.288885 0.322792 0.36445 0.416853 0.48476 0.576232 0.706088 0.904864 1.24718 1.97622
1.85004900711 0.25402 0.153439 0.143025853077 0.281808 0.315301 0.356449 0.408208 0.47528 0.565626 0.693881 0.890204 1.22829 1.94831
1.86750229963 0.247358 0.150472 0.140424482105 0.27479 0.307852 0.34847 0.399562 0.465767 0.554944 0.681537 0.875313 1.20901 1.91967
1.88495559215 0.240769 0.147549 0.137862515024 0.267832 0.300449 0.340518 0.390918 0.456226 0.544192 0.669063 0.860201 1.18935 1.89032
1.90240888467 0.234255 0.144666 0.135335445012 0.260937 0.293093 0.332595 0.382281 0.446661 0.533375 0.656468 0.844881 1.16934 1.8603
1.91986217719 0.227816 0.141818 0.132838937644 0.254105 0.285786 0.324704 0.373652 0.437076 0.522501 0.64376 0.829364 1.14898 1.82962
1.93731546971 0.221454 0.139002 0.130368880137 0.247338 0.27853 0.316846 0.365037 0.427477 0.511574 0.630948 0.813661 1.12829 1.79832
1.95476876223 0.21517 0.136215 0.127921381358 0.240638 0.271328 0.309026 0.356438 0.417868 0.500602 0.618039 0.797785 1.1073 1.76644
1.97222205475 0.208964 0.133454 0.125492734877 0.234005 0.26418 0.301245 0.347859 0.408253 0.489591 0.605043 0.781748 1.08603 1.73399
1.98967534727 0.202836 0.130714 0.123079505168 0.227442 0.25709 0.293507 0.339304 0.398638 0.478547 0.591968 0.765562 1.06448 1.70102
2.00712863979 0.196789 0.127993 0.120678453725 0.220949 0.250059 0.285813 0.330776 0.389028 0.467477 0.578824 0.74924 1.04268 1.66755
2.02458193231 0.190823 0.125289 0.118286576 0.214528 0.243089 0.278168 0.32228 0.379427 0.456388 0.565619 0.732794 1.02065 1.63362
2.04203522483 0.184939 0.122599 0.115901150661 0.208181 0.236182 0.270573 0.313818 0.369841 0.445286 0.552362 0.716237 0.998405 1.59926
2.05948851735 0.179138 0.11992 0.113519641085 0.201908 0.229341 0.263031 0.305395 0.360275 0.434178 0.539064 0.699584 0.97597 1.56451
2.07694180987 0.173419 0.117251 0.11113979386 0.195711 0.222566 0.255546 0.297015 0.350734 0.423071 0.525733 0.682846 0.953361 1.52939
2.09439510239 0.167785 0.11459 0.108759589537 0.189591 0.215861 0.24812 0.288681 0.341222 0.411972 0.512379 0.666037 0.9306 1.49395
2.11184839491 0.162236 0.111935 0.106377279569 0.18355 0.209226 0.240755 0.280397 0.331746 0.400888 0.499011 0.649171 0.907707 1.45821
2.12930168743 0.156773 0.109284 0.103991312427 0.177589 0.202665 0.233455 0.272167 0.32231 0.389826 0.485639 0.632261 0.884701 1.42222
2.14675497995 0.151396 0.106637 0.101600444427 0.17171 0.196178 0.226223 0.263995 0.312919 0.378793 0.472272 0.61532 0.861603 1.38601
2.16420827247 0.146106 0.103993 0.099203641215 0.165912 0.189769 0.21906 0.255884 0.303579 0.367795 0.458921 0.598363 0.838435 1.34961
2.18166156499 0.140904 0.10135 0.0968001270283 0.160199 0.183438 0.21197 0.247839 0.294295 0.356841 0.445594 0.581404 0.815216 1.31305
2.19911485751 0.13579 0.0987086 0.0943893723767 0.15457 0.177188 0.204956 0.239863 0.285072 0.345937 0.432302 0.564455 0.791967 1.27638
2.21656815003 0.130765 0.096068 0.0919710571036 0.149027 0.17102 0.198021 0.231961 0.275915 0.33509 0.419054 0.547531 0.76871 1.23964
2.23402144255 0.12583 0.0934282 0.0895451442678 0.143572 0.164937 0.191166 0.224135 0.26683 0.324307 0.405861 0.530646 0.745465 1.20284
2.25147473507 0.120985 0.0907894 0.087111781634 0.138205 0.158941 0.184395 0.216389 0.257821 0.313595 0.392731 0.513813 0.722254 1.16604
2.26892802759 0.116231 0.0881519 0.0846713878684 0.132928 0.153032 0.177711 0.208729 0.248894 0.302962 0.379675 0.497046 0.699096 1.12927
2.28638132011 0.111569 0.0855161 0.0822245663433 0.127741 0.147214 0.171116 0.201156 0.240054 0.292415 0.366702 0.48036 0.676013 1.09256
2.30383461263 0.106998 0.0828828 0.0797721543911 0.122646 0.141487 0.164612 0.193675 0.231306 0.281959 0.353822 0.463767 0.653025 1.05596
2.32128790515 0.10252 0.0802528 0.0773151740504 0.117645 0.135854 0.158204 0.18629 0.222655 0.271603 0.341044 0.447282 0.630154 1.01948
2.33874119767 0.0981343 0.0776272 0.0748548690064 0.112737 0.130317 0.151892 0.179004 0.214107 0.261353 0.328379 0.430918 0.60742 0.983181
2.35619449019 0.0938422 0.0750073 0.0723926676502 0.107924 0.124876 0.145679 0.171821 0.205665 0.251216 0.315834 0.414688 0.584842 0.947084
2.37364778271 0.0896439 0.0723945 0.0699301830785 0.103207 0.119534 0.139569 0.164744 0.197336 0.241199 0.303421 0.398606 0.562443 0.911228
2.39110107523 0.0855397 0.0697904 0.0674691884664 0.0985873 0.114292 0.133564 0.157778 0.189123 0.231309 0.291148 0.382686 0.54024 0.875647
2.40855436775 0.0815302 0.0671967 0.0650116416948 0.0940653 0.109153 0.127665 0.150924 0.181033 0.221551 0.279024 0.36694 0.518256 0.840376
2.42600766027 0.0776156 0.0646154 0.0625596360952 0.0896423 0.104117 0.121876 0.144188 0.173069 0.211934 0.267059 0.351381 0.496509 0.80545
2.44346095279 0.0737964 0.0620483 0.0601154373915 0.085319 0.0991859 0.116199 0.137572 0.165236 0.202462 0.255261 0.336022 0.475018 0.770901
2.46091424531 0.0700728 0.0594977 0.0576814221307 0.0810963 0.0943617 0.110636 0.131079 0.157539 0.193143 0.24364 0.320877 0.453804 0.736762
2.47836753783 0.0664453 0.0569659 0.0552600899973 0.0769751 0.0896457 0.105189 0.124714 0.149983 0.183983 0.232204 0.305957 0.432885 0.703068
2.49582083035 0.0629139 0.0544551 0.0528540638125 0.0729562 0.0850393 0.099861 0.118478 0.142572 0.174989 0.220962 0.291275 0.41228 0.669849
2.51327412287 0.0594791 0.0519679 0.0504660772214 0.0690404 0.0805439 0.0946537 0.112376 0.13531 0.166165 0.209922 0.276842 0.392006 0.637138
2.53072741539 0.0561411 0.0495068 0.0480989131237 0.0652283 0.0761608 0.0895694 0.10641 0.128201 0.157518 0.199092 0.262672 0.372083 0.604966
2.54818070791 0.0528999 0.0470745 0.0457554898701 0.0615208 0.0718914 0.08461 0.100583 0.121251 0.149055 0.188481 0.248775 0.352528 0.573363
2.56563400043 0.049756 0.0446736 0.0434387504386 0.0579185 0.067737 0.0797777 0.094898 0.114462 0.140779 0.178096 0.235162 0.333358 0.542359
2.58308729295 0.0467093 0.0423069 0.0411516993759 0.054422 0.0636987 0.0750742 0.0893582 0.107839 0.132698 0.167946 0.221845 0.31459 0.511984
2.60054058547 0.0437601 0.0399772 0.0388973904835 0.051032 0.0597778 0.0705015 0.0839662 0.101386 0.124817 0.158037 0.208835 0.29624 0.482267
2.61799387799 0.0409084 0.0376873 0.0366789145041 0.047749 0.0559754 0.0660614 0.0787246 0.0951066 0.11714 0.148378 0.196142 0.278326 0.453234
2.63544717051 0.0381545 0.0354402 0.0344993498666 0.0445736 0.0522925 0.0617556 0.073636 0.0890042 0.109673 0.138975 0.183777 0.260861 0.424913
2.65290046303 0.0354982 0.0332387 0.0323618242548 0.0415062 0.0487302 0.0575859 0.0687028 0.0830825 0.102421 0.129835 0.171749 0.243862 0.397331
2.67035375555 0.0329397 0.0310856 0.0302694160978 0.0385474 0.0452895 0.0535537 0.0639274 0.0773449 0.095388 0.120965 0.160069 0.227344 0.370512
2.68780704807 0.0304789 0.0289838 0.0282252038243 0.0356975 0.0419712 0.0496606 0.0593121 0.0717945 0.0885793 0.112371 0.148744 0.211319 0.344482
2.70526034059 0.0281158 0.0269362 0.0262322535498 0.0329569 0.0387762 0.045908 0.054859 0.0664346 0.081999 0.10406 0.137785 0.195803 0.319264
2.72271363311 0.0258504 0.0249455 0.0242935451933 0.0303259 0.0357052 0.0422974 0.0505702 0.0612681 0.0756514 0.0960371 0.1272 0.180807 0.294881
2.74016692563 0.0236826 0.0230146 0.0224120463604 0.0278049 0.0327591 0.0388298 0.0464476 0.0562977 0.0695404 0.0883083 0.116997 0.166346 0.271354
2.75762021815 0.0216122 0.0211462 0.0205906138332 0.025394 0.0299385 0.0355066 0.0424931 0.0515263 0.0636698 0.0808789 0.107183 0.152429 0.248705
2.77507351067 0.0196392 0.0193428 0.0188320797663 0.0230935 0.027244 0.0323288 0.0387085 0.0469563 0.0580431 0.073754 0.097767 0.13907 0.226953
2.79252680319 0.0177633 0.0176072 0.0171391531771 0.0209034 0.0246761 0.0292975 0.0350952 0.04259 0.0526639 0.0669385 0.0887551 0.126279 0.206117
2.80998009571 0.0159844 0.0159417 0.0155144322598 0.018824 0.0222353 0.0264135 0.0316547 0.0384296 0.0475353 0.0604369 0.080154 0.114065 0.186215
2.82743338823 0.0143021 0.0143488 0.013960441326 0.0168552 0.0199219 0.0236777 0.0283885 0.0344772 0.04266 0.0542533 0.0719699 0.102439 0.167264
2.84488668075 0.0127162 0.0128308 0.012479556923 0.014997 0.0177363 0.0210907 0.0252977 0.0307347 0.0380409 0.0483916 0.0642085 0.0914091 0.149278
2.86233997327 0.0112264 0.0113899 0.0110740078331 0.0132494 0.0156787 0.0186532 0.0223833 0.0272035 0.0336804 0.0428555 0.056875 0.0809835 0.132272
2.87979326579 0.00983234 0.0100281 0.00974592432938 0.0116122 0.0137493 0.0163657 0.0196463 0.0238853 0.0295806 0.037648 0.0499742 0.0711697 0.116259
2.89724655831 0.00853356 0.00874733 0.00849725197883 0.0100853 0.0119482 0.0142285 0.0170875 0.0207812 0.0257436 0.0327722 0.0435104 0.0619744 0.101252
2.91469985083 0.00732963 0.00754937 0.00732977627025 0.00866832 0.0102752 0.012242 0.0147075 0.0178925 0.022171 0.0282304 0.0374874 0.0534036 0.0872596
2.93215314335 0.00622005 0.00643587 0.00624512261413 0.00736104 0.00873042 0.0104062 0.0125067 0.0152199 0.0188642 0.0240249 0.0319085 0.0454624 0.0742924
2.94960643587 0.00520429 0.00540827 0.00524473171522 0.00616306 0.00731355 0.00872128 0.0104855 0.0127641 0.0158243 0.0201575 0.0267764 0.0381554 0.062358
2.96705972839 0.00428174 0.00446788 0.00432985957254 0.00507391 0.00602432 0.00718705 0.00864401 0.0105255 0.0130521 0.0166295 0.0220934 0.0314861 0.0514631
2.98451302091 0.00345175 0.0036158 0.00350152822448 0.00409306 0.00486233 0.0058033 0.0069822 0.0085044 0.0105483 0.0134419 0.017861 0.0254573 0.0416126
3.00196631343 0.0027136 0.00285296 0.00276059963117 0.00321988 0.00382707 0.00456964 0.00549983 0.00670072 0.00831299 0.0105953 0.0140805 0.0200709 0.0328104
3.01941960595 0.00206649 0.00218008 0.00210768947838 0.00245366 0.0029179 0.00348554 0.00419648 0.00511418 0.00634607 0.00808968 0.0107521 0.0153279 0.0250584
3.03687289847 0.00150957 0.00159765 0.00154315486388 0.0017936 0.00213408 0.00255031 0.00307153 0.00374421 0.00464707 0.00592482 0.00787565 0.0112283 0.0183572
3.05432619099 0.00104188 0.00110597 0.00106716817968 0.00123875 0.0014747 0.00176307 0.00212411 0.00258997 0.00321515 0.0040998 0.00545031 0.00777102 0.0127054
3.07177948351 0.000662372 0.000705072 0.000679581661208 0.00078808 0.0009387 0.00112274 0.00135311 0.0016503 0.00204906 0.00261323 0.00347439 0.00495407 0.00810002
3.08923277603 0.000369867 0.000394728 0.000380001269544 0.000440383 0.000524847 0.000628027 0.000757143 0.00092368 0.00114709 0.00146312 0.00194544 0.0027741 0.00453579
3.10668606855 0.000163043 0.000174423 0.000167688181745 0.000194279 0.000231681 0.000277356 0.000334495 0.000408177 0.000506998 0.000646763 0.000860042 0.00122642 0.00200525
3.12413936107 4.03732e-05 4.32904e-05 4.15587908202e-05 4.815e-05 5.7458e-05 6.88205e-05 8.30303e-05 0.000101348 0.00012591 0.00016064 0.000213628 0.00030464 0.000498087
3.14159265359 0.0 0.0 0.0 0.0 0.0 0.0 0.0 0.0 0.0 0.0 0.0 0.0 0.0
