alpha phi_iso phi_ray phi_vec g0=0.1 g0=0.2 g0=0.3 g0=0.4 g0=0.5 g0=0.6 g0=0.7 g0=0.8 g0=0.9 g0=1.0
0.0 1.0 1.0 1.0 1.0 1.0 1.0 1.0 1.0 1.0 1.0 1.0 1.0 1.0
0.0174532925199 0.99969 0.999556 0.999542452546 0.999704 0.999721 0.999741 0.999765 0.999795 0.999832 0.999882 0.999949 1.00005 1.00021
0.0349065850399 0.998817 0.998289 0.998231517915 0.998873 0.998939 0.999017 0.999111 0.999226 0.999373 0.999565 0.99983 1.00022 1.00084
0.0523598775598 0.997466 0.996296 0.99615882212 0.997589 0.997733 0.997903 0.998109 0.998362 0.998684 0.999106 0.999687 1.00054 1.00192
0.0698131700798 0.995705 0.993652 0.993397169731 0.995918 0.996166 0.99646 0.996816 0.997256 0.997813 0.998546 0.999556 1.00104 1.00343
0.0872664625997 0.993576 0.990409 0.989995780255 0.993899 0.994277 0.994726 0.995269 0.99594 0.996792 0.997912 0.999456 1.00172 1.00539
0.10471975512 0.991107 0.986601 0.985988245784 0.991561 0.992093 0.992725 0.99349 0.994436 0.995638 0.997221 0.999401 1.00261 1.00779
0.12217304764 0.988318 0.982254 0.981400831344 0.988923 0.989632 0.990475 0.991496 0.99276 0.994367 0.996483 0.999401 1.00369 1.01063
0.13962634016 0.985226 0.977391 0.976257019186 0.986001 0.98691 0.987991 0.989302 0.990924 0.992989 0.995709 0.999461 1.00498 1.01391
0.157079632679 0.981845 0.972035 0.970579208606 0.982808 0.983939 0.985285 0.986918 0.98894 0.991514 0.994906 0.999587 1.00647 1.01762
0.174532925199 0.978189 0.966205 0.964389284842 0.97936 0.980734 0.982371 0.984356 0.986817 0.98995 0.994081 0.999782 1.00817 1.02175
0.191986217719 0.974273 0.959924 0.95770871503 0.975668 0.977306 0.979258 0.981627 0.984564 0.988305 0.993238 1.00005 1.01007 1.02631
0.209439510239 0.970107 0.953209 0.950558589327 0.971744 0.973666 0.975958 0.978739 0.982189 0.986585 0.992383 1.00039 1.01218 1.03127
0.226892802759 0.965704 0.946083 0.942959634623 0.967598 0.969824 0.972478 0.975701 0.979699 0.984796 0.991519 1.00081 1.01448 1.03663
0.244346095279 0.961074 0.938562 0.934932262517 0.963241 0.965789 0.968829 0.972521 0.977102 0.982942 0.99065 1.0013 1.01698 1.04238
0.261799387799 0.956226 0.930667 0.926496589882 0.958683 0.961571 0.965018 0.969205 0.974402 0.981029 0.989776 1.00186 1.01966 1.0485
0.279252680319 0.951172 0.922415 0.917672507402 0.953932 0.957178 0.961052 0.96576 0.971605 0.97906 0.988901 1.0025 1.02253 1.05499
0.296705972839 0.945918 0.913824 0.908479686432 0.948996 0.952616 0.956939 0.962192 0.968715 0.977037 0.988024 1.00321 1.02558 1.06184
0.314159265359 0.940475 0.904913 0.898937606408 0.943883 0.947894 0.952684 0.958506 0.965737 0.974963 0.987145 1.00399 1.0288 1.06901
0.331612557879 0.934849 0.895698 0.889065575416 0.938602 0.943018 0.948293 0.954706 0.962673 0.972839 0.986265 1.00483 1.03218 1.07651
0.349065850399 0.929049 0.886198 0.878882730186 0.933158 0.937994 0.943773 0.950798 0.959528 0.970668 0.985383 1.00573 1.03571 1.08431
0.366519142919 0.923082 0.876428 0.86840805666 0.927559 0.932829 0.939127 0.946786 0.956303 0.96845 0.984497 1.00669 1.03939 1.0924
0.383972435439 0.916954 0.866406 0.857660369423 0.92181 0.927528 0.934361 0.942672 0.953001 0.966187 0.983607 1.0077 1.0432 1.10077
0.401425727959 0.910674 0.85615 0.846658311711 0.915919 0.922097 0.92948 0.938462 0.949625 0.963877 0.982709 1.00875 1.04714 1.10939
0.418879020479 0.904246 0.845674 0.835420355402 0.909891 0.916539 0.924487 0.934156 0.946176 0.961522 0.981802 1.00985 1.0512 1.11824
0.436332312999 0.897677 0.834995 0.823964787318 0.903731 0.910861 0.919386 0.929759 0.942655 0.959122 0.980883 1.01098 1.05536 1.12732
0.453785605519 0.890974 0.82413 0.812309688652 0.897444 0.905067 0.914182 0.925273 0.939063 0.956674 0.979949 1.01215 1.05961 1.13659
0.471238898038 0.884142 0.813093 0.800472934977 0.891037 0.899162 0.908877 0.920701 0.935403 0.95418 0.978998 1.01333 1.06395 1.14605
0.488692190558 0.877186 0.801902 0.78847218253 0.884514 0.893149 0.903475 0.916044 0.931674 0.951637 0.978025 1.01453 1.06836 1.15567
0.506145483078 0.870113 0.79057 0.776324840803 0.877879 0.887033 0.89798 0.911305 0.927877 0.949045 0.977027 1.01574 1.07283 1.16542
0.523598775598 0.862926 0.779114 0.76404805883 0.871138 0.880816 0.892393 0.906485 0.924012 0.946402 0.976001 1.01696 1.07735 1.1753
0.541052068118 0.855633 0.767548 0.751658725186 0.864294 0.874504 0.886718 0.901586 0.92008 0.943706 0.974942 1.01816 1.0819 1.18529
0.558505360638 0.848236 0.755886 0.739173440575 0.857353 0.8681 0.880957 0.89661 0.916081 0.940957 0.973847 1.01936 1.08648 1.19535
0.575958653158 0.840741 0.744142 0.726608483556 0.850317 0.861606 0.875113 0.891557 0.912014 0.938152 0.972711 1.02054 1.09107 1.20548
0.593411945678 0.833153 0.732332 0.713979824251 0.843192 0.855027 0.869187 0.88643 0.907881 0.935289 0.97153 1.02168 1.09565 1.21565
0.610865238198 0.825477 0.720468 0.701303110641 0.83598 0.848365 0.863184 0.881229 0.903679 0.932366 0.970299 1.0228 1.10023 1.22584
0.628318530718 0.817715 0.708564 0.688593613726 0.828686 0.841623 0.857103 0.875955 0.899409 0.929381 0.969015 1.02387 1.10477 1.23603
0.645771823238 0.809874 0.696632 0.675866254948 0.821314 0.834805 0.850948 0.870609 0.895071 0.926331 0.967671 1.02489 1.10928 1.2462
0.663225115758 0.801957 0.684686 0.663135565063 0.813867 0.827912 0.844721 0.865192 0.890664 0.923216 0.966265 1.02585 1.11374 1.25633
0.680678408278 0.793968 0.672738 0.650415677287 0.806348 0.820949 0.838422 0.859704 0.886187 0.920031 0.964791 1.02675 1.11813 1.2664
0.698131700798 0.785911 0.6608 0.637720320443 0.798761 0.813916 0.832055 0.854147 0.881639 0.916775 0.963245 1.02757 1.12245 1.27638
0.715584993318 0.77779 0.648883 0.625062805251 0.791109 0.806818 0.825619 0.848521 0.87702 0.913445 0.961621 1.02831 1.12667 1.28627
0.733038285838 0.769608 0.636999 0.612455996913 0.783395 0.799655 0.819118 0.842826 0.87233 0.910039 0.959916 1.02896 1.1308 1.29604
0.750491578358 0.761371 0.625159 0.599912328822 0.775622 0.792432 0.812553 0.837064 0.867567 0.906555 0.958124 1.02951 1.13481 1.30567
0.767944870878 0.75308 0.613372 0.58744375458 0.767793 0.78515 0.805925 0.831234 0.86273 0.90299 0.956241 1.02996 1.1387 1.31515
0.785398163397 0.744739 0.601651 0.575061782272 0.759912 0.777811 0.799236 0.825336 0.85782 0.899341 0.954263 1.03029 1.14245 1.32444
0.802851455917 0.736353 0.590003 0.562777447047 0.751981 0.770417 0.792486 0.819372 0.852834 0.895606 0.952184 1.03051 1.14605 1.33354
0.820304748437 0.727924 0.578438 0.550601276849 0.744003 0.762971 0.785678 0.813342 0.847772 0.891783 0.950001 1.0306 1.14949 1.34242
0.837758040957 0.719456 0.566966 0.538543340395 0.735981 0.755475 0.778813 0.807245 0.842633 0.88787 0.947709 1.03055 1.15276 1.35107
0.855211333477 0.710952 0.555594 0.526613178635 0.727917 0.747931 0.771892 0.801083 0.837417 0.883863 0.945304 1.03036 1.15585 1.35947
0.872664625997 0.702415 0.54433 0.514819859581 0.719814 0.740341 0.764916 0.794856 0.832122 0.879762 0.942781 1.03003 1.15874 1.3676
0.890117918517 0.693848 0.533183 0.503171930336 0.711675 0.732707 0.757886 0.788564 0.826749 0.875562 0.940137 1.02954 1.16143 1.37545
0.907571211037 0.685255 0.52216 0.491677423938 0.703502 0.72503 0.750804 0.782207 0.821295 0.871264 0.937366 1.02888 1.1639 1.38299
0.925024503557 0.676637 0.511266 0.480343879932 0.695297 0.717313 0.743671 0.775786 0.81576 0.866863 0.934467 1.02806 1.16615 1.39021
0.942477796077 0.667999 0.500509 0.469178310092 0.687064 0.709558 0.736488 0.769301 0.810145 0.862359 0.931434 1.02707 1.16816 1.39711
0.959931088597 0.659343 0.489895 0.458187212133 0.678804 0.701765 0.729257 0.762752 0.804447 0.857749 0.928264 1.02589 1.16992 1.40365
0.977384381117 0.650671 0.479428 0.44737658342 0.67052 0.693939 0.721977 0.756141 0.798666 0.853032 0.924953 1.02453 1.17144 1.40983
0.994837673637 0.641988 0.469115 0.436751907256 0.662214 0.686079 0.714652 0.749466 0.792803 0.848205 0.921499 1.02297 1.17269 1.41563
1.01229096616 0.633294 0.458959 0.426318152886 0.653888 0.678188 0.707281 0.74273 0.786856 0.843268 0.917897 1.02122 1.17366 1.42104
1.02974425868 0.624594 0.448964 0.416079782348 0.645546 0.670267 0.699866 0.735931 0.780825 0.838218 0.914146 1.01927 1.17436 1.42604
1.0471975512 0.615889 0.439136 0.406040771039 0.637188 0.662319 0.692409 0.729072 0.774709 0.833054 0.910241 1.01711 1.17477 1.43063
1.06465084372 0.607182 0.429476 0.396204580293 0.628817 0.654345 0.684909 0.722151 0.768509 0.827775 0.906181 1.01473 1.17489 1.43478
1.08210413624 0.598476 0.419988 0.386574205366 0.620436 0.646347 0.67737 0.71517 0.762224 0.82238 0.901962 1.01215 1.17471 1.4385
1.09955742876 0.589773 0.410674 0.377152134306 0.612046 0.638326 0.669791 0.70813 0.755854 0.816866 0.897582 1.00933 1.17421 1.44176
1.11701072128 0.581075 0.401537 0.367940395936 0.603649 0.630284 0.662174 0.70103 0.749399 0.811235 0.89304 1.0063 1.1734 1.44456
1.1344640138 0.572386 0.392578 0.358940559853 0.595248 0.622223 0.65452 0.693873 0.742858 0.805484 0.888332 1.00304 1.17227 1.44688
1.15191730632 0.563706 0.383799 0.350153722716 0.586844 0.614144 0.646831 0.686658 0.736233 0.799612 0.883458 0.999544 1.17081 1.44873
1.16937059884 0.555039 0.375201 0.341580535669 0.57844 0.60605 0.639107 0.679386 0.729523 0.79362 0.878416 0.995815 1.16902 1.45008
1.18682389136 0.546387 0.366784 0.333221238605 0.570037 0.597942 0.631351 0.672058 0.722729 0.787507 0.873203 0.99185 1.16689 1.45094
1.20427718388 0.537752 0.358549 0.325075619047 0.561638 0.589821 0.623563 0.664675 0.71585 0.781272 0.86782 0.987644 1.16443 1.45129
1.2217304764 0.529137 0.350495 0.317143073831 0.553245 0.581689 0.615745 0.657238 0.708887 0.774916 0.862264 0.983197 1.16161 1.45113
1.23918376892 0.520542 0.342623 0.309422588547 0.544859 0.573549 0.607897 0.649748 0.701842 0.768437 0.856536 0.978506 1.15845 1.45044
1.25663706144 0.511971 0.334931 0.301912771804 0.536482 0.5654 0.600023 0.642206 0.694713 0.761837 0.850634 0.97357 1.15494 1.44924
1.27409035396 0.503426 0.327418 0.294611862093 0.528116 0.557246 0.592122 0.634613 0.687503 0.755116 0.844558 0.968386 1.15107 1.44751
1.29154364648 0.494908 0.320084 0.287517734633 0.519763 0.549088 0.584196 0.626971 0.680212 0.748273 0.838308 0.962955 1.14685 1.44524
1.308996939 0.486419 0.312926 0.280627928791 0.511425 0.540928 0.576248 0.619279 0.672841 0.74131 0.831883 0.957276 1.14226 1.44243
1.32645023152 0.477962 0.305942 0.27393966179 0.503104 0.532767 0.568277 0.611541 0.66539 0.734227 0.825285 0.951348 1.13732 1.43909
1.34390352404 0.469538 0.299131 0.267449842418 0.494802 0.524606 0.560287 0.603757 0.657862 0.727024 0.818513 0.94517 1.13202 1.43521
1.36135681656 0.46115 0.29249 0.261155077881 0.486519 0.516449 0.552278 0.595928 0.650257 0.719704 0.811569 0.938744 1.12636 1.43078
1.37881010908 0.452799 0.286017 0.255051701217 0.478259 0.508295 0.544252 0.588056 0.642576 0.712267 0.804452 0.93207 1.12033 1.42581
1.3962634016 0.444487 0.279707 0.249135791866 0.470023 0.500148 0.53621 0.580143 0.634821 0.704714 0.797164 0.925148 1.11395 1.4203
1.41371669412 0.436215 0.273559 0.243403189371 0.461813 0.492009 0.528155 0.57219 0.626994 0.697047 0.789707 0.91798 1.10721 1.41424
1.43116998664 0.427987 0.26757 0.237849500233 0.453629 0.483879 0.520088 0.564198 0.619096 0.689266 0.782082 0.910567 1.1001 1.40764
1.44862327916 0.419802 0.261734 0.232470132186 0.445475 0.47576 0.512011 0.556171 0.611129 0.681375 0.77429 0.902911 1.09265 1.4005
1.46607657168 0.411664 0.25605 0.227260287338 0.437352 0.467654 0.503925 0.548108 0.603094 0.673375 0.766334 0.895014 1.08483 1.39282
1.4835298642 0.403573 0.250513 0.222215017008 0.429262 0.459563 0.495832 0.540012 0.594994 0.665268 0.758215 0.886877 1.07667 1.3846
1.50098315672 0.395531 0.245119 0.217329214869 0.421205 0.451488 0.487734 0.531886 0.58683 0.657055 0.749936 0.878505 1.06815 1.37586
1.51843644924 0.387541 0.239865 0.212597623803 0.413185 0.443432 0.479634 0.52373 0.578605 0.64874 0.7415 0.869898 1.05929 1.36658
1.53588974176 0.379603 0.234745 0.208014877026 0.405202 0.435395 0.471532 0.515548 0.570321 0.640324 0.732909 0.861062 1.05009 1.35679
1.55334303427 0.371719 0.229756 0.203575518651 0.397258 0.42738 0.463431 0.50734 0.56198 0.631811 0.724166 0.851999 1.04056 1.34647
1.57079632679 0.363891 0.224894 0.199273996832 0.389355 0.419388 0.455332 0.49911 0.553584 0.623203 0.715274 0.842713 1.03068 1.33565
1.58824961931 0.356119 0.220153 0.195104691183 0.381495 0.411422 0.447237 0.490859 0.545136 0.614502 0.706236 0.833207 1.02048 1.32432
1.60570291183 0.348406 0.21553 0.191061947045 0.373679 0.403483 0.43915 0.482589 0.536639 0.605711 0.697057 0.823486 1.00996 1.31249
1.62315620435 0.340754 0.211021 0.187140068638 0.365908 0.395572 0.431071 0.474303 0.528095 0.596835 0.68774 0.813556 0.999124 1.30018
1.64060949687 0.333162 0.206619 0.18333334647 0.358185 0.387692 0.423002 0.466004 0.519507 0.587876 0.678288 0.80342 0.987975 1.28738
1.65806278939 0.325634 0.202322 0.179636071052 0.35051 0.379845 0.414946 0.457693 0.510877 0.578837 0.668706 0.793083 0.976522 1.27411
1.67551608191 0.31817 0.198124 0.17604256031 0.342886 0.372031 0.406906 0.449374 0.502209 0.569723 0.658998 0.782552 0.964773 1.26038
1.69296937443 0.310771 0.194021 0.172547159585 0.335314 0.364254 0.398881 0.441048 0.493506 0.560536 0.649169 0.771831 0.952733 1.2462
1.71042266695 0.303439 0.190009 0.169144255346 0.327796 0.356515 0.390876 0.432718 0.48477 0.55128 0.639223 0.760926 0.940412 1.23157
1.72787595947 0.296175 0.186082 0.16582831631 0.320333 0.348815 0.382893 0.424387 0.476006 0.541959 0.629164 0.749844 0.927816 1.21652
1.74532925199 0.28898 0.182237 0.162593872881 0.312926 0.341157 0.374932 0.416057 0.467215 0.532577 0.618998 0.73859 0.914954 1.20104
1.76278254451 0.281856 0.17847 0.15943555142 0.305577 0.333542 0.366998 0.407732 0.458402 0.523138 0.60873 0.727172 0.901835 1.18516
1.78023583703 0.274804 0.174775 0.156348094811 0.298288 0.325972 0.359091 0.399413 0.449569 0.513647 0.598365 0.715595 0.888468 1.16888
1.79768912955 0.267825 0.171149 0.153326341892 0.291059 0.318449 0.351214 0.391104 0.44072 0.504107 0.587909 0.703868 0.874861 1.15222
1.81514242207 0.26092 0.167588 0.15036528915 0.283894 0.310975 0.34337 0.382807 0.431859 0.494523 0.577367 0.691996 0.861025 1.13519
1.83259571459 0.25409 0.164088 0.147460049589 0.276792 0.303551 0.33556 0.374526 0.42299 0.484899 0.566744 0.679987 0.846969 1.11781
1.85004900711 0.247336 0.160644 0.144605907568 0.269755 0.29618 0.327787 0.366263 0.414115 0.47524 0.556046 0.667849 0.832703 1.10009
1.86750229963 0.24066 0.157254 0.14179830509 0.262785 0.288863 0.320054 0.358021 0.405238 0.465551 0.54528 0.655589 0.818237 1.08204
1.88495559215 0.234062 0.153913 0.139032848658 0.255884 0.281603 0.312362 0.349803 0.396363 0.455836 0.534451 0.643216 0.803582 1.06368
1.90240888467 0.227543 0.150618 0.136305350399 0.249052 0.2744 0.304714 0.341611 0.387495 0.4461 0.523565 0.630737 0.788749 1.04502
1.91986217719 0.221105 0.147366 0.133611786938 0.242291 0.267257 0.297113 0.33345 0.378636 0.436347 0.512629 0.61816 0.773749 1.02608
1.93731546971 0.214749 0.144154 0.130948347378 0.235602 0.260175 0.28956 0.325322 0.369791 0.426584 0.501649 0.605494 0.758593 1.00688
1.95476876223 0.208475 0.140978 0.128311419594 0.228987 0.253157 0.282058 0.31723 0.360963 0.416814 0.490632 0.592747 0.743293 0.987437
1.97222205475 0.202284 0.137836 0.125697617645 0.222447 0.246203 0.274609 0.309177 0.352156 0.407043 0.479583 0.579928 0.727859 0.967757
1.98967534727 0.196177 0.134726 0.12310375436 0.215982 0.239317 0.267217 0.301166 0.343375 0.397276 0.468511 0.567046 0.712305 0.947863
2.00712863979 0.190155 0.131643 0.120526882464 0.209596 0.232499 0.259882 0.293201 0.334624 0.387518 0.45742 0.554109 0.696641 0.927772
2.02458193231 0.184219 0.128587 0.117964260304 0.203288 0.225752 0.252607 0.285284 0.325905 0.377775 0.446318 0.541125 0.68088 0.9075
2.04203522483 0.17837 0.125556 0.115413392977 0.19706 0.219077 0.245396 0.277418 0.317224 0.36805 0.435213 0.528106 0.665034 0.887066
2.05948851735 0.172608 0.122546 0.112872011766 0.190914 0.212475 0.23825 0.269607 0.308585 0.358351 0.42411 0.515058 0.649116 0.866487
2.07694180987 0.166935 0.119557 0.110338087849 0.18485 0.20595 0.231171 0.261853 0.299991 0.348681 0.413016 0.501992 0.633137 0.845781
2.09439510239 0.161351 0.116587 0.107809818589 0.178869 0.199502 0.224162 0.254161 0.291446 0.339047 0.401939 0.488916 0.617112 0.824967
2.11184839491 0.155856 0.113635 0.105285641245 0.172973 0.193132 0.217225 0.246532 0.282956 0.329453 0.390886 0.475841 0.601052 0.804061
2.12930168743 0.150451 0.110699 0.10276423297 0.167164 0.186844 0.210363 0.23897 0.274523 0.319906 0.379863 0.462775 0.584969 0.783083
2.14675497995 0.145138 0.107778 0.100244503956 0.161441 0.180638 0.203578 0.231479 0.266152 0.31041 0.368878 0.449727 0.568878 0.762051
2.16420827247 0.139916 0.104873 0.0977255905835 0.155806 0.174515 0.196872 0.224061 0.257847 0.300971 0.357938 0.436708 0.55279 0.740983
2.18166156499 0.134787 0.101981 0.0952068691269 0.150261 0.168479 0.190247 0.216719 0.249611 0.291593 0.347049 0.423726 0.536719 0.719898
2.19911485751 0.12975 0.0991027 0.0926879351923 0.144805 0.16253 0.183705 0.209456 0.24145 0.282283 0.336219 0.41079 0.520677 0.698814
2.21656815003 0.124807 0.096238 0.0901686242805 0.139441 0.156669 0.17725 0.202276 0.233367 0.273046 0.325455 0.397911 0.504677 0.67775
2.23402144255 0.119958 0.0933866 0.0876489706622 0.13417 0.150899 0.170883 0.195181 0.225367 0.263887 0.314763 0.385097 0.488733 0.656725
2.25147473507 0.115203 0.0905488 0.0851292416484 0.128991 0.14522 0.164606 0.188174 0.217452 0.254812 0.304151 0.372359 0.472856 0.635756
2.26892802759 0.110543 0.0877249 0.0826099101742 0.123907 0.139635 0.158421 0.181259 0.209628 0.245825 0.293626 0.359705 0.457061 0.614864
2.28638132011 0.105979 0.0849153 0.0800916342361 0.118918 0.134145 0.152331 0.174438 0.201897 0.236931 0.283195 0.347144 0.441359 0.594065
2.30383461263 0.10151 0.0821206 0.0775752980167 0.114025 0.128751 0.146338 0.167715 0.194265 0.228137 0.272864 0.334686 0.425764 0.573379
2.32128790515 0.0971373 0.0793418 0.0750619570522 0.109228 0.123455 0.140443 0.161091 0.186734 0.219447 0.262641 0.322341 0.410287 0.552823
2.33874119767 0.0928612 0.0765798 0.0725528587943 0.10453 0.118258 0.134649 0.154571 0.179309 0.210867 0.252532 0.310116 0.394942 0.532415
2.35619449019 0.0886821 0.0738356 0.0700494083395 0.0999294 0.113161 0.128958 0.148156 0.171994 0.2024 0.242544 0.298022 0.379741 0.512175
2.37364778271 0.0846001 0.0711105 0.0675531958461 0.0954283 0.108166 0.123372 0.141849 0.164791 0.194053 0.232683 0.286066 0.364697 0.492118
2.39110107523 0.0806155 0.068406 0.0650659485549 0.0910272 0.103273 0.117892 0.135654 0.157706 0.18583 0.222956 0.274258 0.34982 0.472263
2.40855436775 0.0767286 0.0657236 0.0625895650599 0.0867267 0.0984852 0.11252 0.129572 0.150741 0.177736 0.21337 0.262607 0.335124 0.452628
2.42600766027 0.0729398 0.0630649 0.0601260536212 0.0825276 0.0938025 0.107259 0.123606 0.143899 0.169776 0.203931 0.251121 0.32062 0.43323
2.44346095279 0.069249 0.0604317 0.0576775732898 0.0784304 0.0892263 0.10211 0.11776 0.137185 0.161955 0.194645 0.239809 0.30632 0.414085
2.46091424531 0.0656565 0.0578259 0.0552463722203 0.0744358 0.0847577 0.0970746 0.112035 0.130602 0.154276 0.185518 0.228678 0.292236 0.39521
2.47836753783 0.0621625 0.0552493 0.0528348356501 0.0705443 0.0803979 0.0921547 0.106433 0.124153 0.146745 0.176556 0.217738 0.278378 0.376621
2.49582083035 0.0587669 0.0527042 0.0504454173577 0.0667564 0.0761477 0.0873518 0.100958 0.117842 0.139365 0.167766 0.206996 0.264758 0.358336
2.51327412287 0.05547 0.0501925 0.0480806602255 0.0630727 0.0720083 0.0826676 0.0956108 0.111671 0.132142 0.159152 0.196459 0.251387 0.340368
2.53072741539 0.0522717 0.0477165 0.0457431962392 0.0594935 0.0679805 0.0781035 0.0903943 0.105643 0.125079 0.150721 0.186136 0.238275 0.322734
2.54818070791 0.049172 0.0452784 0.0434356848014 0.0560192 0.0640651 0.0736609 0.0853103 0.0997622 0.118181 0.142478 0.176034 0.225433 0.305449
2.56563400043 0.0461709 0.0428806 0.0411608675643 0.0526503 0.060263 0.0693412 0.0803611 0.0940306 0.11145 0.134428 0.16616 0.212871 0.288528
2.58308729295 0.0432684 0.0405253 0.0389214930338 0.049387 0.0565751 0.0651458 0.0755485 0.0884511 0.104892 0.126577 0.156521 0.200597 0.271984
2.60054058547 0.0404643 0.0382151 0.036720350841 0.0462298 0.0530019 0.0610758 0.0708744 0.0830265 0.0985095 0.11893 0.147124 0.188623 0.255832
2.61799387799 0.0377586 0.0359521 0.0345602443251 0.0431786 0.0495443 0.0571325 0.0663407 0.0777593 0.0923063 0.11149 0.137976 0.176958 0.240086
2.63544717051 0.035151 0.033739 0.0324439699711 0.0402339 0.0462027 0.053317 0.061949 0.072652 0.0862859 0.104264 0.129083 0.165609 0.224757
2.65290046303 0.0326415 0.031578 0.0303743037018 0.0373957 0.0429778 0.0496303 0.057701 0.0677068 0.0804514 0.0972552 0.120451 0.154586 0.209859
2.67035375555 0.0302297 0.0294715 0.0283540214398 0.0346641 0.03987 0.0460733 0.0535981 0.062926 0.0748059 0.090468 0.112086 0.143897 0.195403
2.68780704807 0.0279153 0.027422 0.0263858374207 0.0320392 0.0368798 0.042647 0.0496418 0.0583117 0.0693523 0.0839066 0.103994 0.13355 0.181402
2.70526034059 0.0256982 0.0254318 0.0244724453175 0.029521 0.0340075 0.039352 0.0458333 0.0538658 0.0640935 0.0775748 0.0961796 0.123552 0.167866
2.72271363311 0.0235778 0.0235031 0.0226164496997 0.0271094 0.0312534 0.0361892 0.042174 0.0495902 0.059032 0.0714762 0.0886481 0.11391 0.154805
2.74016692563 0.0215539 0.0216383 0.0208204003038 0.0248043 0.0286178 0.0331591 0.0386649 0.0454865 0.0541703 0.0656142 0.0814043 0.104631 0.14223
2.75762021815 0.019626 0.0198395 0.0190867783248 0.0226056 0.0261007 0.0302623 0.0353069 0.0415563 0.0495107 0.059992 0.0744527 0.0957224 0.13015
2.77507351067 0.0177937 0.0181088 0.0174179484375 0.0205131 0.0237024 0.0274993 0.032101 0.037801 0.0450551 0.0546126 0.0677973 0.0871887 0.118574
2.79252680319 0.0160564 0.0164483 0.015816172505 0.0185264 0.0214228 0.0248703 0.0290479 0.0342218 0.0408055 0.0494787 0.0614422 0.0790358 0.107509
2.80998009571 0.0144136 0.0148599 0.0142836232865 0.0166454 0.0192619 0.0223757 0.0261483 0.0308199 0.0367636 0.0445927 0.0553907 0.0712689 0.096964
2.82743338823 0.0128646 0.0133455 0.0128223158961 0.0148695 0.0172195 0.0200156 0.0234027 0.0275962 0.0329309 0.0399569 0.0496461 0.0638924 0.086945
2.84488668075 0.0114089 0.0119069 0.011434148928 0.0131984 0.0152954 0.01779 0.0208114 0.0245515 0.0293086 0.0355731 0.0442111 0.0569106 0.0774584
2.86233997327 0.0100458 0.0105456 0.0101208633311 0.0116314 0.0134893 0.0156989 0.0183746 0.0216863 0.0258978 0.031443 0.0390883 0.050327 0.0685098
2.87979326579 0.00877434 0.00926311 0.00888406297205 0.0101681 0.0118008 0.0137422 0.0160926 0.0190011 0.0226993 0.027568 0.0342796 0.0441448 0.060104
2.89724655831 0.0075939 0.00806085 0.0077251666556 0.00880782 0.0102294 0.0119195 0.0139652 0.0164962 0.0197139 0.0239492 0.029787 0.0383668 0.0522452
2.91469985083 0.00650355 0.00694 0.00664542868763 0.00754975 0.00877463 0.0102305 0.0119923 0.0141717 0.0169417 0.0205873 0.0256116 0.0329949 0.0449367
2.93215314335 0.00550239 0.00590161 0.00564591145828 0.00639313 0.00743573 0.00867463 0.0101736 0.0120273 0.0143831 0.017483 0.0217545 0.0280308 0.0381811
2.94960643587 0.00458941 0.0049466 0.00472749915034 0.00533706 0.00621194 0.00725128 0.00850847 0.0100629 0.0120379 0.0146362 0.0182161 0.0234755 0.0319803
2.96705972839 0.00376355 0.00407566 0.00389084976031 0.00438059 0.0051024 0.00595966 0.00699634 0.00827782 0.0099057 0.012047 0.0149966 0.0193295 0.0263353
2.98451302091 0.00302371 0.00328935 0.00313642936903 0.00352263 0.0041061 0.00479885 0.00563637 0.0066714 0.00798592 0.00971465 0.0120956 0.0155926 0.0212462
3.00196631343 0.00236865 0.00258799 0.00246446416279 0.00276203 0.00322193 0.00376779 0.00442753 0.00524264 0.00627761 0.00763842 0.00951231 0.0122641 0.0167125
3.01941960595 0.00179708 0.00197171 0.00187496099572 0.00209752 0.00244863 0.00286523 0.00336859 0.00399032 0.00477954 0.00581701 0.00724536 0.00934257 0.0127322
3.03687289847 0.00130761 0.00144044 0.001367666265 0.00152771 0.00178482 0.00208979 0.00245814 0.00291297 0.00349018 0.00424877 0.00529294 0.0068258 0.00930298
3.05432619099 0.000898737 0.000993851 0.000942065910891 0.00105107 0.00122896 0.00143986 0.00169451 0.00200884 0.00240763 0.00293159 0.00365264 0.00471096 0.00642099
3.07177948351 0.000568828 0.00063136 0.00059737856255 0.00066595 0.000779306 0.000913647 0.00107579 0.00127586 0.0015296 0.00186289 0.00232145 0.00299434 0.00408142
3.08923277603 0.000316108 0.000352114 0.000332500705033 0.000370498 0.000433946 0.000509103 0.000599772 0.000711607 0.000853393 0.00103957 0.00129565 0.00167133 0.00227816
3.10668606855 0.00013861 0.000154938 0.000145986116891 0.000162659 0.000190696 0.000223889 0.000263912 0.000313256 0.000375788 0.000457869 0.000570732 0.00073627 0.0010036
3.12413936107 3.41168e-05 3.82687e-05 3.59636206079e-05 4.00918e-05 4.70526e-05 5.5288e-05 6.52121e-05 7.74403e-05 9.29295e-05 0.000113252 0.000141186 0.000182144 0.00024827
3.14159265359 0.0 0.0 0.0 0.0 0.0 0.0 0.0 0.0 0.0 0.0 0.0 0.0 0.0
