alpha phi_iso phi_ray phi_vec g0=0.1 g0=0.2 g0=0.3 g0=0.4 g0=0.5 g0=0.6 g0=0.7 g0=0.8 g0=0.9 g0=1.0
0.0 1.0 1.0 1.0 1.0 1.0 1.0 1.0 1.0 1.0 1.0 1.0 1.0 1.0
0.0174532925199 0.999641 0.999491 0.999489137297 0.999658 0.999678 0.999705 0.999739 0.999786 0.999854 0.999963 1.00016 1.00065 1.00369
0.0349065850399 0.998642 0.998042 0.998034874322 0.998708 0.99879 0.998894 0.99903 0.999217 0.99949 0.999922 1.00072 1.00266 1.01477
0.0523598775598 0.997116 0.995772 0.995754755205 0.997264 0.997448 0.99768 0.997986 0.998404 0.999012 0.99998 1.00176 1.00611 1.03321
0.0698131700798 0.995154 0.992774 0.992741946224 0.995415 0.995739 0.996151 0.99669 0.997429 0.998505 1.00022 1.00336 1.01105 1.05897
0.0872664625997 0.992812 0.989112 0.989058182031 0.993218 0.993721 0.994359 0.995197 0.996345 0.998016 1.00067 1.00556 1.01751 1.09196
0.10471975512 0.990126 0.984826 0.984743923087 0.990707 0.991427 0.99234 0.993539 0.995183 0.997575 1.00138 1.00838 1.02549 1.1321
0.12217304764 0.98712 0.979945 0.979829585276 0.987906 0.98888 0.990116 0.991738 0.993962 0.9972 1.00235 1.01182 1.03499 1.1793
0.13962634016 0.983814 0.974498 0.974341577938 0.984834 0.986098 0.987703 0.98981 0.992698 0.996902 1.00359 1.01589 1.04598 1.23342
0.157079632679 0.980224 0.968507 0.968304843224 0.981508 0.983098 0.985117 0.987767 0.991401 0.996692 1.00511 1.02059 1.05845 1.29435
0.174532925199 0.976369 0.961998 0.961743363976 0.977944 0.979894 0.982372 0.985624 0.990084 0.996577 1.00691 1.02591 1.07239 1.36194
0.191986217719 0.97226 0.954993 0.954680615162 0.974155 0.9765 0.979479 0.98339 0.988754 0.996563 1.00899 1.03184 1.08775 1.43603
0.209439510239 0.967914 0.947516 0.947139451015 0.970153 0.972926 0.976449 0.981075 0.987419 0.996655 1.01135 1.03838 1.10451 1.51647
0.226892802759 0.963341 0.939588 0.939142105041 0.965952 0.969185 0.973293 0.978687 0.986084 0.996855 1.01399 1.04552 1.12264 1.60309
0.244346095279 0.958554 0.931231 0.930710528591 0.961562 0.965286 0.970019 0.976233 0.984756 0.997166 1.01691 1.05323 1.1421 1.6957
0.261799387799 0.953563 0.922467 0.921866052285 0.956992 0.961238 0.966634 0.973719 0.983436 0.997587 1.0201 1.06152 1.16285 1.79411
0.279252680319 0.948379 0.913316 0.912629724591 0.952252 0.957049 0.963145 0.97115 0.982129 0.998117 1.02356 1.07035 1.18485 1.89814
0.296705972839 0.94301 0.903798 0.903022368259 0.947351 0.952727 0.959559 0.968531 0.980836 0.998756 1.02727 1.07972 1.20806 2.00758
0.314159265359 0.937466 0.893935 0.893064467453 0.942296 0.948278 0.95588 0.965864 0.979558 0.999501 1.03123 1.08961 1.23243 2.12223
0.331612557879 0.931755 0.883745 0.882776167761 0.937095 0.943709 0.952115 0.963154 0.978296 1.00035 1.03544 1.09999 1.25792 2.24186
0.349065850399 0.925885 0.873248 0.872177501907 0.931755 0.939025 0.948266 0.960402 0.977049 1.00129 1.03987 1.11084 1.28448 2.36627
0.366519142919 0.919862 0.862465 0.861288276894 0.926281 0.934232 0.944338 0.957611 0.975817 1.00233 1.04453 1.12214 1.31206 2.49523
0.383972435439 0.913695 0.851414 0.850128074008 0.920681 0.929335 0.940335 0.954782 0.974598 1.00346 1.04939 1.13387 1.3406 2.62852
0.401425727959 0.907389 0.840115 0.838716305239 0.91496 0.924338 0.936258 0.951915 0.973391 1.00467 1.05445 1.14601 1.37006 2.7659
0.418879020479 0.900951 0.828586 0.827072043999 0.909122 0.919245 0.932112 0.949011 0.972193 1.00596 1.05969 1.15853 1.40038 2.90714
0.436332312999 0.894387 0.816846 0.815214307271 0.903174 0.91406 0.927897 0.946072 0.971002 1.00731 1.0651 1.1714 1.43151 3.05201
0.453785605519 0.887703 0.804913 0.803161717022 0.897121 0.908787 0.923617 0.943096 0.969816 1.00873 1.07067 1.1846 1.46339 3.20027
0.471238898038 0.880904 0.792806 0.790932895224 0.890965 0.903429 0.919272 0.940083 0.96863 1.01021 1.07638 1.19811 1.49597 3.35168
0.488692190558 0.873996 0.780542 0.778546012404 0.884713 0.897989 0.914865 0.937033 0.967442 1.01173 1.08222 1.21189 1.52918 3.50599
0.506145483078 0.866984 0.768139 0.766018956939 0.878368 0.89247 0.910397 0.933945 0.966248 1.0133 1.08818 1.22593 1.56299 3.66296
0.523598775598 0.859873 0.755615 0.753369617207 0.871933 0.886875 0.905868 0.930818 0.965044 1.0149 1.09423 1.24019 1.59732 3.82236
0.541052068118 0.852667 0.742986 0.740615204421 0.865414 0.881206 0.901281 0.927651 0.963826 1.01652 1.10037 1.25464 1.63212 3.98393
0.558505360638 0.845371 0.73027 0.727772986226 0.858812 0.875465 0.896634 0.924442 0.962589 1.01815 1.10658 1.26927 1.66734 4.14743
0.575958653158 0.83799 0.717483 0.714859665965 0.852133 0.869655 0.891929 0.92119 0.96133 1.0198 1.11285 1.28403 1.7029 4.31261
0.593411945678 0.830527 0.70464 0.701891664829 0.845378 0.863777 0.887167 0.917893 0.960043 1.02144 1.11915 1.29891 1.73877 4.47924
0.610865238198 0.822988 0.691758 0.688885178289 0.838552 0.857834 0.882347 0.914549 0.958725 1.02307 1.12548 1.31388 1.77488 4.64706
0.628318530718 0.815375 0.678853 0.675855837513 0.831656 0.851828 0.877471 0.911157 0.95737 1.02468 1.13182 1.3289 1.81117 4.81584
0.645771823238 0.807693 0.665939 0.66281904795 0.824694 0.845759 0.872537 0.907714 0.955973 1.02627 1.13814 1.34396 1.84759 4.98534
0.663225115758 0.799945 0.653031 0.649789707175 0.81767 0.839629 0.867546 0.904219 0.95453 1.02782 1.14445 1.35902 1.88407 5.15531
0.680678408278 0.792136 0.640143 0.636782430612 0.810584 0.833441 0.862498 0.900669 0.953036 1.02932 1.15072 1.37406 1.92057 5.32552
0.698131700798 0.784269 0.627289 0.623811325814 0.803441 0.827195 0.857392 0.897063 0.951486 1.03076 1.15693 1.38905 1.95702 5.49573
0.715584993318 0.776347 0.614482 0.610889992463 0.796242 0.820892 0.852229 0.893397 0.949875 1.03214 1.16308 1.40396 1.99338 5.6657
0.733038285838 0.768373 0.601737 0.598031748088 0.78899 0.814534 0.847009 0.88967 0.948198 1.03345 1.16914 1.41876 2.02958 5.83522
0.750491578358 0.760351 0.589064 0.585249289487 0.781687 0.808122 0.84173 0.88588 0.94645 1.03468 1.1751 1.43344 2.06557 6.00404
0.767944870878 0.752284 0.576476 0.572554918446 0.774336 0.801658 0.836392 0.882024 0.944626 1.03582 1.18095 1.44795 2.10131 6.17195
0.785398163397 0.744176 0.563985 0.559960485309 0.766938 0.795141 0.830996 0.8781 0.942721 1.03685 1.18667 1.46229 2.13672 6.33872
0.802851455917 0.736028 0.551602 0.547477276118 0.759496 0.788574 0.825541 0.874105 0.940731 1.03778 1.19225 1.47642 2.17177 6.50414
0.820304748437 0.727845 0.539337 0.535116125475 0.752013 0.781957 0.820026 0.870038 0.93865 1.0386 1.19767 1.49031 2.20641 6.66798
0.837758040957 0.719628 0.5272 0.522887360107 0.744488 0.775291 0.814451 0.865896 0.936475 1.03929 1.20291 1.50395 2.24057 6.83005
0.855211333477 0.711382 0.515202 0.510800742441 0.736926 0.768577 0.808815 0.861677 0.9342 1.03984 1.20798 1.51731 2.27422 6.99013
0.872664625997 0.703108 0.503351 0.498865583462 0.729328 0.761816 0.803118 0.857379 0.931821 1.04026 1.21284 1.53036 2.3073 7.14801
0.890117918517 0.694809 0.491656 0.487090629854 0.721695 0.755008 0.79736 0.853 0.929333 1.04053 1.2175 1.54308 2.33978 7.30351
0.907571211037 0.686488 0.480125 0.475484063995 0.71403 0.748156 0.791541 0.848538 0.926733 1.04064 1.22193 1.55545 2.37159 7.45643
0.925024503557 0.678148 0.468765 0.464053616827 0.706334 0.741258 0.785659 0.84399 0.924016 1.04059 1.22612 1.56746 2.40269 7.60659
0.942477796077 0.66979 0.457584 0.452806454984 0.698609 0.734317 0.779715 0.839355 0.921177 1.04037 1.23007 1.57906 2.43306 7.75379
0.959931088597 0.661418 0.446589 0.441749180803 0.690857 0.727333 0.773707 0.834631 0.918214 1.03997 1.23375 1.59026 2.46263 7.89785
0.977384381117 0.653033 0.435784 0.430887945175 0.683079 0.720307 0.767637 0.829816 0.915122 1.03939 1.23716 1.60101 2.49136 8.03862
0.994837673637 0.644639 0.425176 0.420228221832 0.675277 0.71324 0.761503 0.824909 0.911897 1.03861 1.24029 1.61132 2.51923 8.17591
1.01229096616 0.636238 0.414769 0.409775145923 0.667454 0.706132 0.755306 0.819907 0.908536 1.03764 1.24312 1.62115 2.54619 8.30956
1.02974425868 0.627831 0.404569 0.399533175434 0.659609 0.698985 0.749044 0.81481 0.905036 1.03647 1.24565 1.63049 2.5722 8.43943
1.0471975512 0.619421 0.394578 0.389506260481 0.651746 0.691798 0.742719 0.809615 0.901393 1.03508 1.24786 1.63932 2.59723 8.56535
1.06465084372 0.61101 0.384802 0.379697956165 0.643865 0.684574 0.736329 0.804322 0.897604 1.03349 1.24975 1.64763 2.62123 8.68719
1.08210413624 0.602601 0.375241 0.37011119686 0.635968 0.677313 0.729875 0.798929 0.893667 1.03167 1.25131 1.6554 2.64419 8.80479
1.09955742876 0.594194 0.365899 0.360748409063 0.628057 0.670015 0.723357 0.793436 0.889578 1.02963 1.25253 1.66261 2.66607 8.91804
1.11701072128 0.585794 0.356779 0.351611567832 0.620133 0.662682 0.716775 0.78784 0.885336 1.02736 1.25339 1.66925 2.68683 9.02679
1.1344640138 0.577401 0.34788 0.342702140353 0.612198 0.655314 0.710129 0.782141 0.880938 1.02485 1.2539 1.6753 2.70645 9.13094
1.15191730632 0.569017 0.339205 0.334021142369 0.604253 0.647913 0.703419 0.776339 0.876381 1.02211 1.25405 1.68075 2.7249 9.23036
1.16937059884 0.560645 0.330754 0.325569081752 0.5963 0.640479 0.696645 0.770432 0.871663 1.01912 1.25382 1.6856 2.74216 9.32495
1.18682389136 0.552286 0.322527 0.317346014932 0.58834 0.633014 0.689808 0.764421 0.866784 1.0159 1.25322 1.68982 2.7582 9.41461
1.20427718388 0.543942 0.314523 0.309351603329 0.580375 0.625517 0.682908 0.758304 0.861741 1.01242 1.25223 1.69341 2.773 9.49923
1.2217304764 0.535616 0.306743 0.301585000489 0.572406 0.617991 0.675945 0.752081 0.856533 1.00869 1.25085 1.69636 2.78653 9.57874
1.23918376892 0.527308 0.299184 0.294044964947 0.564435 0.610437 0.66892 0.745752 0.851159 1.0047 1.24908 1.69866 2.79879 9.65304
1.25663706144 0.519021 0.291846 0.286729916657 0.556463 0.602855 0.661834 0.739317 0.845617 1.00046 1.24691 1.7003 2.80975 9.72205
1.27409035396 0.510756 0.284727 0.279637767702 0.548491 0.595247 0.654687 0.732776 0.839908 0.995963 1.24434 1.70127 2.81939 9.78572
1.29154364648 0.502516 0.277823 0.272766148013 0.540522 0.587613 0.64748 0.726129 0.83403 0.991204 1.24136 1.70157 2.82771 9.84398
1.308996939 0.494301 0.271133 0.266112292509 0.532556 0.579955 0.640214 0.719377 0.827982 0.986184 1.23797 1.70119 2.83468 9.89677
1.32645023152 0.486114 0.264653 0.259673041099 0.524595 0.572274 0.632889 0.71252 0.821766 0.980901 1.23417 1.70013 2.8403 9.94404
1.34390352404 0.477956 0.25838 0.253444951539 0.51664 0.564571 0.625506 0.705558 0.81538 0.975355 1.22996 1.69837 2.84456 9.98574
1.36135681656 0.469829 0.252311 0.247424355866 0.508694 0.556848 0.618067 0.698492 0.808826 0.969546 1.22534 1.69593 2.84744 10.0218
1.37881010908 0.461734 0.246442 0.241607078245 0.500756 0.549106 0.610573 0.691323 0.802103 0.963472 1.2203 1.69279 2.84895 10.0523
1.3962634016 0.453673 0.240768 0.235988829978 0.49283 0.541346 0.603024 0.684052 0.795213 0.957136 1.21484 1.68895 2.84908 10.0771
1.41371669412 0.445647 0.235285 0.23056504022 0.484916 0.53357 0.595423 0.676679 0.788155 0.950536 1.20897 1.68442 2.84783 10.0963
1.43116998664 0.437658 0.229988 0.225330912402 0.477015 0.525778 0.587769 0.669208 0.780932 0.943674 1.20269 1.67919 2.84518 10.1098
1.44862327916 0.429708 0.224873 0.220281254945 0.46913 0.517973 0.580066 0.661637 0.773544 0.936552 1.19599 1.67327 2.84116 10.1175
1.46607657168 0.421798 0.219934 0.215410932699 0.461261 0.510155 0.572313 0.65397 0.765993 0.92917 1.18887 1.66665 2.83574 10.1196
1.4835298642 0.413929 0.215166 0.210714359074 0.45341 0.502327 0.564513 0.646207 0.75828 0.92153 1.18135 1.65934 2.82895 10.1161
1.50098315672 0.406103 0.210563 0.206186003908 0.445579 0.49449 0.556668 0.63835 0.750408 0.913636 1.17342 1.65133 2.82078 10.1068
1.51843644924 0.398321 0.206121 0.201820111321 0.437769 0.486645 0.548779 0.630402 0.742379 0.905488 1.16508 1.64265 2.81124 10.092
1.53588974176 0.390584 0.201833 0.19761069971 0.429982 0.478794 0.540847 0.622364 0.734195 0.89709 1.15634 1.63328 2.80033 10.0715
1.55334303427 0.382895 0.197693 0.193551731042 0.422218 0.470939 0.532875 0.614239 0.725858 0.888444 1.1472 1.62324 2.78808 10.0454
1.57079632679 0.375253 0.193696 0.189637167285 0.414481 0.463081 0.524865 0.606027 0.717371 0.879555 1.13767 1.61253 2.77448 10.0138
1.58824961931 0.367661 0.189835 0.185860744685 0.40677 0.455223 0.516818 0.597733 0.708736 0.870425 1.12775 1.60116 2.75955 9.97671
1.60570291183 0.36012 0.186105 0.182216255919 0.399087 0.447365 0.508737 0.589358 0.699958 0.861059 1.11745 1.58913 2.7433 9.93417
1.62315620435 0.352631 0.182499 0.178697324373 0.391434 0.439509 0.500623 0.580905 0.691039 0.851461 1.10677 1.57646 2.72576 9.88625
1.64060949687 0.345195 0.179011 0.175297742724 0.383813 0.431658 0.49248 0.572377 0.681983 0.841635 1.09572 1.56315 2.70693 9.83301
1.65806278939 0.337814 0.175635 0.172011077928 0.376225 0.423814 0.484308 0.563777 0.672793 0.831586 1.0843 1.54922 2.68683 9.77452
1.67551608191 0.330489 0.172364 0.168831066231 0.368672 0.415977 0.476112 0.555106 0.663473 0.821319 1.07253 1.53467 2.66549 9.71085
1.69296937443 0.32322 0.169194 0.16575144388 0.361154 0.40815 0.467892 0.54637 0.654027 0.810839 1.0604 1.51951 2.64292 9.64208
1.71042266695 0.31601 0.166117 0.162765890691 0.353674 0.400336 0.459652 0.53757 0.644459 0.800152 1.04793 1.50377 2.61915 9.5683
1.72787595947 0.308859 0.163128 0.159868255772 0.346233 0.392535 0.451393 0.52871 0.634774 0.789263 1.03513 1.48744 2.59419 9.48959
1.74532925199 0.301768 0.16022 0.157052444658 0.338832 0.38475 0.443119 0.519794 0.624975 0.77818 1.022 1.47054 2.56808 9.40606
1.76278254451 0.294739 0.157388 0.154312419319 0.331473 0.376982 0.434832 0.510824 0.615068 0.766907 1.00855 1.45309 2.54084 9.3178
1.78023583703 0.287772 0.154626 0.151642311011 0.324158 0.369235 0.426535 0.501805 0.605058 0.755451 0.994797 1.4351 2.51249 9.22491
1.79768912955 0.280869 0.151929 0.149036250993 0.316888 0.36151 0.418231 0.492739 0.594948 0.74382 0.980743 1.41659 2.48307 9.12751
1.81514242207 0.274031 0.14929 0.146488596244 0.309664 0.353808 0.409922 0.483632 0.584745 0.73202 0.9664 1.39757 2.4526 9.02571
1.83259571459 0.267258 0.146705 0.143993873033 0.302489 0.346133 0.401612 0.474486 0.574453 0.720058 0.95178 1.37806 2.42112 8.91963
1.85004900711 0.260553 0.144168 0.141546720491 0.295363 0.338486 0.393302 0.465306 0.564077 0.707941 0.936891 1.35807 2.38865 8.80939
1.86750229963 0.253915 0.141674 0.139141834176 0.288288 0.33087 0.384997 0.456095 0.553624 0.695678 0.921746 1.33762 2.35522 8.69511
1.88495559215 0.247346 0.139219 0.136774361092 0.281266 0.323286 0.376699 0.446858 0.543099 0.683276 0.906356 1.31674 2.32088 8.57693
1.90240888467 0.240846 0.136797 0.134439391809 0.274298 0.315737 0.36841 0.437599 0.532507 0.670742 0.890732 1.29543 2.28565 8.45499
1.91986217719 0.234418 0.134404 0.13213224262 0.267385 0.308225 0.360136 0.428322 0.521855 0.658086 0.874886 1.27371 2.24957 8.32942
1.93731546971 0.228061 0.132036 0.12984862483 0.26053 0.300752 0.351877 0.419031 0.511148 0.645315 0.85883 1.25161 2.21268 8.20036
1.95476876223 0.221777 0.129689 0.127584306171 0.253733 0.29332 0.343638 0.409731 0.500392 0.632438 0.842576 1.22914 2.17501 8.06796
1.97222205475 0.215566 0.127359 0.1253352801 0.246997 0.285932 0.335422 0.400426 0.489593 0.619463 0.826137 1.20633 2.1366 7.93236
1.98967534727 0.209429 0.125041 0.123097878653 0.240322 0.27859 0.327232 0.391121 0.478758 0.606399 0.809526 1.18319 2.09749 7.79372
2.00712863979 0.203368 0.122733 0.120868490295 0.23371 0.271297 0.31907 0.38182 0.467893 0.593255 0.792755 1.15975 2.05771 7.65219
2.02458193231 0.197383 0.120432 0.118643898506 0.227163 0.264053 0.310942 0.372528 0.457004 0.580041 0.775838 1.13602 2.01731 7.50793
2.04203522483 0.191475 0.118135 0.116421168913 0.220683 0.256863 0.302848 0.363249 0.446098 0.566764 0.758787 1.11202 1.97633 7.36109
2.05948851735 0.185645 0.115838 0.114197423577 0.214269 0.249727 0.294794 0.353988 0.435181 0.553434 0.741618 1.08779 1.93481 7.21184
2.07694180987 0.179893 0.113539 0.111970235998 0.207925 0.242649 0.286783 0.34475 0.42426 0.540062 0.724343 1.06333 1.89278 7.06035
2.09439510239 0.17422 0.111237 0.109737348967 0.201652 0.23563 0.278817 0.335539 0.413341 0.526655 0.706976 1.03868 1.8503 6.90677
2.11184839491 0.168628 0.108929 0.107496730998 0.19545 0.228674 0.2709 0.32636 0.402432 0.513224 0.689531 1.01385 1.8074 6.75128
2.12930168743 0.163117 0.106614 0.105246689183 0.189322 0.221781 0.263035 0.317219 0.391538 0.499777 0.672022 0.988868 1.76412 6.59404
2.14675497995 0.157688 0.104289 0.102985699907 0.183269 0.214955 0.255227 0.308119 0.380667 0.486326 0.654463 0.963753 1.72052 6.43522
2.16420827247 0.15234 0.101955 0.100712578136 0.177292 0.208198 0.247477 0.299066 0.369826 0.472879 0.636869 0.938529 1.67662 6.275
2.18166156499 0.147076 0.099609 0.0984264209861 0.171393 0.201512 0.23979 0.290064 0.35902 0.459446 0.619253 0.913219 1.63248 6.11355
2.19911485751 0.141896 0.0972516 0.0961264384343 0.165573 0.194899 0.232169 0.281119 0.348258 0.446037 0.601631 0.887846 1.58814 5.95104
2.21656815003 0.136801 0.0948819 0.0938121790391 0.159833 0.188361 0.224618 0.272235 0.337545 0.432661 0.584017 0.862433 1.54365 5.78765
2.23402144255 0.13179 0.0924999 0.09148352994 0.154176 0.181902 0.217139 0.263417 0.32689 0.419329 0.566424 0.837003 1.49904 5.62355
2.25147473507 0.126865 0.0901054 0.089140491137 0.148601 0.175523 0.209736 0.25467 0.316298 0.40605 0.548869 0.811579 1.45436 5.45892
2.26892802759 0.122027 0.0876988 0.0867832883509 0.143112 0.169226 0.202413 0.245998 0.305776 0.392834 0.531364 0.786185 1.40966 5.29393
2.28638132011 0.117276 0.0852806 0.0844125423142 0.137708 0.163013 0.195172 0.237407 0.295332 0.37969 0.513925 0.760842 1.36498 5.12876
2.30383461263 0.112613 0.0828514 0.0820288737591 0.132392 0.156888 0.188018 0.228901 0.284972 0.366629 0.496566 0.735575 1.32036 4.96358
2.32128790515 0.108038 0.0804123 0.0796334112898 0.127164 0.150851 0.180953 0.220485 0.274703 0.353661 0.479301 0.710407 1.27585 4.79858
2.33874119767 0.103552 0.0779643 0.0772272270804 0.122026 0.144905 0.17398 0.212164 0.264532 0.340794 0.462145 0.685359 1.2315 4.63391
2.35619449019 0.0991553 0.0755089 0.0748117318861 0.116979 0.139053 0.167104 0.203942 0.254465 0.328039 0.445112 0.660456 1.18733 4.46977
2.37364778271 0.0948487 0.0730475 0.072388562183 0.112025 0.133296 0.160327 0.195825 0.244509 0.315405 0.428216 0.635719 1.14341 4.30632
2.39110107523 0.0906326 0.0705819 0.0699594673078 0.107164 0.127636 0.153652 0.187816 0.23467 0.302902 0.411471 0.611172 1.09977 4.14373
2.40855436775 0.0865076 0.0681141 0.0675264223178 0.102398 0.122076 0.147083 0.179921 0.224956 0.290539 0.394892 0.586837 1.05646 3.98217
2.42600766027 0.0824741 0.0656461 0.0650916279913 0.0977279 0.116618 0.140622 0.172144 0.215373 0.278325 0.378491 0.562735 1.01351 3.82182
2.44346095279 0.0785327 0.0631802 0.0626572851064 0.0931552 0.111263 0.134273 0.164489 0.205927 0.26627 0.362284 0.538889 0.970978 3.66284
2.46091424531 0.0746839 0.0607188 0.0602258765925 0.0886809 0.106014 0.128039 0.156961 0.196624 0.254382 0.346283 0.515321 0.928894 3.5054
2.47836753783 0.070928 0.0582644 0.0578001110998 0.084306 0.100872 0.121923 0.149564 0.187472 0.242672 0.330502 0.492053 0.887304 3.34966
2.49582083035 0.0672656 0.0558197 0.0553825844179 0.0800317 0.0958401 0.115927 0.142303 0.178475 0.231147 0.314955 0.469104 0.846247 3.19579
2.51327412287 0.0636971 0.0533874 0.0529761744876 0.0758591 0.0909192 0.110055 0.135182 0.16964 0.219817 0.299653 0.446497 0.805764 3.04394
2.53072741539 0.0602228 0.0509706 0.0505839285404 0.0717892 0.0861116 0.10431 0.128205 0.160974 0.20869 0.284611 0.424252 0.765896 2.89427
2.54818070791 0.0568432 0.0485721 0.0482087809472 0.0678231 0.0814189 0.0986936 0.121376 0.152482 0.197775 0.26984 0.402389 0.726679 2.74694
2.56563400043 0.0535586 0.0461951 0.0458540046602 0.0639617 0.076843 0.0932096 0.1147 0.144169 0.18708 0.255353 0.380928 0.688154 2.6021
2.58308729295 0.0503695 0.0438427 0.0435227033412 0.060206 0.0723856 0.0878604 0.108179 0.136042 0.176613 0.241163 0.359889 0.650357 2.4599
2.60054058547 0.0472761 0.0415182 0.0412182063725 0.056557 0.0680484 0.0826486 0.101819 0.128106 0.166382 0.227281 0.33929 0.613325 2.32049
2.61799387799 0.0442788 0.0392248 0.0389438431367 0.0530156 0.0638331 0.0775767 0.095622 0.120366 0.156396 0.213719 0.319152 0.577094 2.184
2.63544717051 0.041378 0.0369658 0.0367029430161 0.0495827 0.0597412 0.0726473 0.0895927 0.112829 0.146661 0.200489 0.299491 0.5417 2.05059
2.65290046303 0.0385739 0.0347446 0.0344989482537 0.0462591 0.0557743 0.0678628 0.0837345 0.105498 0.137186 0.187601 0.280326 0.507176 1.92039
2.67035375555 0.0358668 0.0325644 0.0323352446622 0.0430457 0.0519338 0.0632256 0.0780507 0.0983788 0.127977 0.175066 0.261674 0.473557 1.79352
2.68780704807 0.033257 0.0304288 0.0302152180542 0.0399433 0.0482213 0.0587378 0.0725449 0.0914767 0.119041 0.162896 0.243552 0.440874 1.67013
2.70526034059 0.0307447 0.0283409 0.0281423106727 0.0369526 0.0446382 0.0544018 0.0672203 0.0847962 0.110386 0.151099 0.225976 0.40916 1.55033
2.72271363311 0.0283302 0.0263042 0.0261198519 0.0340744 0.0411858 0.0502197 0.06208 0.0783418 0.102018 0.139686 0.208963 0.378444 1.43425
2.74016692563 0.0260137 0.0243219 0.0241511711187 0.0313094 0.0378653 0.0461935 0.057127 0.072118 0.0939438 0.128667 0.192527 0.348757 1.322
2.75762021815 0.0237954 0.0223973 0.0222395412811 0.0286582 0.0346781 0.0423253 0.0523644 0.0661289 0.0861688 0.11805 0.176684 0.320126 1.21371
2.77507351067 0.0216754 0.0205335 0.0203882353393 0.0261215 0.0316254 0.0386168 0.047795 0.0603787 0.0786993 0.107845 0.161447 0.292579 1.10947
2.79252680319 0.019654 0.0187337 0.0186003569549 0.0236999 0.0287082 0.0350699 0.0434213 0.0548713 0.071541 0.0980601 0.146831 0.266143 1.0094
2.80998009571 0.0177313 0.017001 0.01687906622 0.0213939 0.0259276 0.0316864 0.0392461 0.0496104 0.0646993 0.0887032 0.132848 0.240842 0.913592
2.82743338823 0.0159075 0.0153384 0.0152272975053 0.0192041 0.0232847 0.0284678 0.0352716 0.0445995 0.0581793 0.0797821 0.119511 0.216701 0.822143
2.84488668075 0.0141826 0.0137486 0.0136479851819 0.017131 0.0207804 0.0254157 0.0315003 0.039842 0.0519859 0.0713042 0.106831 0.193742 0.735146
2.86233997327 0.0125567 0.0122344 0.0121438378999 0.0151749 0.0184156 0.0225316 0.0279344 0.0353411 0.0461238 0.0632764 0.0948203 0.171986 0.652686
2.87979326579 0.01103 0.0107986 0.0107175643096 0.0133364 0.016191 0.0198167 0.0245757 0.0310998 0.0405972 0.0557052 0.0834887 0.151455 0.574843
2.89724655831 0.00960236 0.00944357 0.00937164734007 0.0116157 0.0141076 0.0172723 0.0214263 0.0271208 0.0354104 0.0485967 0.0728461 0.132167 0.501694
2.91469985083 0.00827396 0.00817175 0.00810851349054 0.0100133 0.0121659 0.0148997 0.0184878 0.0234066 0.0305669 0.0419566 0.0629018 0.114139 0.43331
2.93215314335 0.00704476 0.00698538 0.00693036353922 0.0085293 0.0103665 0.0126997 0.015762 0.0199598 0.0260703 0.0357901 0.0536642 0.097388 0.369756
2.94960643587 0.00591477 0.00588655 0.00583934183413 0.00716406 0.00871008 0.0106734 0.0132502 0.0167823 0.0219238 0.0301021 0.045141 0.0819293 0.311092
2.96705972839 0.00488393 0.00487719 0.00483725414203 0.00591774 0.00719705 0.00882162 0.0109537 0.0138762 0.0181302 0.0248967 0.0373393 0.0677762 0.257374
2.98451302091 0.00395218 0.00395905 0.0039259626599 0.00479049 0.00582782 0.00714505 0.00887374 0.0112432 0.0146922 0.020178 0.0302655 0.054941 0.208649
3.00196631343 0.00311945 0.00313374 0.00310693457323 0.0037824 0.0046027 0.00564431 0.00701123 0.00888479 0.0116118 0.0159492 0.0239249 0.0434345 0.164962
3.01941960595 0.00238561 0.00240266 0.00238163706752 0.00289352 0.00352195 0.00431989 0.00536701 0.00680218 0.00889106 0.0122134 0.0183225 0.0332659 0.12635
3.03687289847 0.00175051 0.00176702 0.00175114231677 0.00212383 0.00258573 0.00317217 0.00394172 0.00499643 0.00653149 0.00897295 0.0134622 0.0244431 0.0928438
3.05432619099 0.00121397 0.00122786 0.001216522495 0.00147328 0.00179409 0.00220139 0.00273584 0.0034683 0.00453432 0.00622974 0.00934713 0.0169723 0.0644696
3.07177948351 0.000775765 0.000785979 0.000778511194964 0.000941721 0.00114702 0.00140766 0.00174965 0.00221832 0.00290039 0.00398515 0.00597966 0.0108582 0.0412464
3.08923277603 0.000435629 0.000441996 0.000437672718769 0.000528954 0.000644397 0.000790948 0.000983226 0.00124672 0.00163018 0.00224001 0.00336125 0.00610374 0.0231864
3.10668606855 0.00019324 0.000196291 0.000194289217473 0.000234694 0.000285969 0.000351057 0.000436448 0.00055346 0.000723738 0.000994528 0.00149239 0.00271012 0.0102951
3.12413936107 4.81994e-05 4.90044e-05 4.84735514985e-05 5.85535e-05 7.13595e-05 8.76136e-05 0.000108937 0.000138154 0.000180669 0.000248277 0.000372575 0.000676588 0.0025702
3.14159265359 0.0 0.0 0.0 0.0 0.0 0.0 0.0 0.0 0.0 0.0 0.0 0.0 0.0
