alpha phi_iso phi_ray phi_vec g0=0.1 g0=0.2 g0=0.3 g0=0.4 g0=0.5 g0=0.6 g0=0.7 g0=0.8 g0=0.9 g0=1.0
0.0 1.0 1.0 1.0 1.0 1.0 1.0 1.0 1.0 1.0 1.0 1.0 1.0 1.0
0.0174532925199 0.999646 0.999497 0.999494018177 0.999662 0.999683 0.999708 0.999741 0.999786 0.999851 0.99995 1.00013 1.00052 1.0022
0.0349065850399 0.998658 0.998064 0.998052882961 0.998724 0.998805 0.998906 0.999038 0.999216 0.999472 0.999868 1.00057 1.00213 1.00879
0.0523598775598 0.99715 0.995819 0.995791545359 0.997296 0.997476 0.997702 0.997996 0.998394 0.998965 0.99985 1.00141 1.0049 1.01978
0.0698131700798 0.995207 0.992853 0.992801232968 0.995464 0.995781 0.99618 0.996698 0.997401 0.998407 0.999967 1.00272 1.00888 1.03514
0.0872664625997 0.992885 0.989229 0.989142329437 0.993284 0.993774 0.994392 0.995196 0.996285 0.997845 1.00027 1.00454 1.0141 1.05482
0.10471975512 0.99022 0.984985 0.984854773276 0.990789 0.991489 0.992372 0.993521 0.995078 0.997307 1.00077 1.00687 1.02054 1.07878
0.12217304764 0.987234 0.980153 0.979968562434 0.988003 0.988949 0.990142 0.991694 0.993798 0.996811 1.00149 1.00974 1.02823 1.10696
0.13962634016 0.983948 0.974758 0.974509852581 0.984944 0.986171 0.987718 0.989731 0.99246 0.996369 1.00244 1.01315 1.03713 1.1393
0.157079632679 0.980378 0.968824 0.96850335413 0.98163 0.983171 0.985115 0.987646 0.991075 0.995989 1.00362 1.01709 1.04724 1.17571
0.174532925199 0.976541 0.962376 0.961972931488 0.978075 0.979964 0.982348 0.98545 0.989656 0.995682 1.00504 1.02156 1.05854 1.21611
0.191986217719 0.972451 0.955437 0.954941885058 0.974294 0.976563 0.979427 0.983155 0.988209 0.995452 1.0067 1.02655 1.071 1.26042
0.209439510239 0.968121 0.948029 0.947432845489 0.970298 0.97298 0.976364 0.98077 0.986743 0.995304 1.0086 1.03207 1.08462 1.30853
0.226892802759 0.963564 0.940174 0.939468090926 0.9661 0.969225 0.973168 0.978303 0.985265 0.995242 1.01074 1.03809 1.09934 1.36035
0.244346095279 0.958791 0.931893 0.931069265013 0.961711 0.965308 0.969849 0.975761 0.983778 0.995268 1.01311 1.04462 1.11516 1.41577
0.261799387799 0.953814 0.923208 0.922257729389 0.957141 0.96124 0.966414 0.973151 0.982287 0.995382 1.01572 1.05163 1.13204 1.47468
0.279252680319 0.948641 0.914139 0.913054493192 0.952398 0.957026 0.962869 0.970478 0.980796 0.995586 1.01856 1.05911 1.14994 1.53696
0.296705972839 0.943284 0.904706 0.903480177808 0.947492 0.952676 0.959222 0.967746 0.979306 0.995876 1.02162 1.06706 1.16882 1.60248
0.314159265359 0.937749 0.89493 0.893555193121 0.942429 0.948196 0.955477 0.964959 0.977819 0.996253 1.02489 1.07544 1.18866 1.67114
0.331612557879 0.932046 0.884829 0.883299702262 0.937219 0.943592 0.95164 0.962121 0.976336 0.996713 1.02837 1.08425 1.20942 1.74279
0.349065850399 0.926182 0.874424 0.872733692115 0.931866 0.93887 0.947714 0.959233 0.974856 0.997253 1.03205 1.09347 1.23104 1.8173
0.366519142919 0.920165 0.863734 0.861876832307 0.926379 0.934036 0.943705 0.956299 0.973381 0.997869 1.03591 1.10307 1.2535 1.89455
0.383972435439 0.914002 0.852779 0.850748721968 0.920763 0.929094 0.939615 0.95332 0.971908 0.998556 1.03996 1.11305 1.27676 1.9744
0.401425727959 0.907699 0.841576 0.839368642973 0.915023 0.924049 0.935448 0.950296 0.970437 0.999311 1.04417 1.12337 1.30076 2.0567
0.418879020479 0.901262 0.830144 0.827755700949 0.909166 0.918906 0.931207 0.94723 0.968965 1.00013 1.04854 1.13401 1.32546 2.14132
0.436332312999 0.894699 0.818502 0.815928825271 0.903196 0.913668 0.926894 0.944122 0.967492 1.001 1.05306 1.14496 1.35082 2.22811
0.453785605519 0.888013 0.806668 0.803906698559 0.897118 0.908339 0.922511 0.940972 0.966014 1.00192 1.0577 1.15619 1.3768 2.31693
0.471238898038 0.881212 0.794661 0.791707756687 0.890937 0.902922 0.91806 0.937779 0.96453 1.00288 1.06247 1.16768 1.40334 2.40763
0.488692190558 0.874301 0.782497 0.779350188772 0.884657 0.897421 0.913543 0.934544 0.963035 1.00388 1.06735 1.17941 1.43041 2.50007
0.506145483078 0.867284 0.770194 0.766851972434 0.878282 0.891839 0.908961 0.931267 0.961527 1.00491 1.07233 1.19135 1.45795 2.59411
0.523598775598 0.860167 0.75777 0.754230697537 0.871817 0.886178 0.904316 0.927946 0.960002 1.00597 1.07738 1.20347 1.48591 2.68958
0.541052068118 0.852954 0.74524 0.741503848197 0.865265 0.880441 0.899609 0.92458 0.958458 1.00703 1.08251 1.21577 1.51426 2.78634
0.558505360638 0.84565 0.732623 0.728688415026 0.85863 0.87463 0.89484 0.921169 0.956889 1.00811 1.08769 1.2282 1.54293 2.88425
0.575958653158 0.83826 0.719934 0.715801177132 0.851915 0.868748 0.890011 0.917712 0.955293 1.00918 1.09291 1.24074 1.57189 2.98315
0.593411945678 0.830787 0.707188 0.702858596375 0.845124 0.862798 0.885122 0.914207 0.953666 1.01025 1.09816 1.25338 1.60109 3.08291
0.610865238198 0.823236 0.694403 0.68987667636 0.83826 0.85678 0.880173 0.910652 0.952002 1.01129 1.10342 1.26609 1.63047 3.18336
0.628318530718 0.815612 0.681592 0.67687113869 0.831325 0.850696 0.875166 0.907046 0.950298 1.01232 1.10869 1.27884 1.65999 3.28436
0.645771823238 0.807917 0.668771 0.663857317215 0.824324 0.84455 0.870099 0.903387 0.94855 1.01331 1.11394 1.29161 1.68961 3.38576
0.663225115758 0.800155 0.655954 0.650850158034 0.817258 0.838341 0.864974 0.899675 0.946754 1.01426 1.11916 1.30438 1.71926 3.48743
0.680678408278 0.792331 0.643155 0.637864148992 0.810131 0.832073 0.859791 0.895906 0.944904 1.01516 1.12434 1.31711 1.74892 3.5892
0.698131700798 0.784448 0.630389 0.624913390181 0.802944 0.825746 0.85455 0.892079 0.942997 1.01601 1.12947 1.32979 1.77853 3.69095
0.715584993318 0.77651 0.617667 0.612011523442 0.795702 0.819361 0.84925 0.888192 0.941028 1.01679 1.13452 1.34239 1.80804 3.79252
0.733038285838 0.768519 0.605004 0.59917176761 0.788405 0.812921 0.843891 0.884243 0.938992 1.0175 1.13949 1.35489 1.83741 3.89378
0.750491578358 0.76048 0.592411 0.58640684802 0.781057 0.806426 0.838474 0.880231 0.936886 1.01813 1.14437 1.36727 1.86659 3.99459
0.767944870878 0.752394 0.579901 0.573729067003 0.77366 0.799878 0.832998 0.876153 0.934704 1.01867 1.14913 1.3795 1.89554 4.09481
0.785398163397 0.744267 0.567484 0.561150198135 0.766217 0.793278 0.827464 0.872007 0.932443 1.01911 1.15378 1.39156 1.92422 4.19431
0.802851455917 0.736099 0.555172 0.54868155674 0.758728 0.786626 0.82187 0.867791 0.930098 1.01944 1.15828 1.40343 1.95258 4.29295
0.820304748437 0.727896 0.542975 0.536333929391 0.751197 0.779925 0.816217 0.863504 0.927664 1.01967 1.16264 1.41508 1.98057 4.39059
0.837758040957 0.719658 0.530904 0.524117609154 0.743626 0.773175 0.810504 0.859144 0.925138 1.01977 1.16683 1.42649 2.00816 4.48713
0.855211333477 0.71139 0.518967 0.512042395594 0.736016 0.766377 0.804732 0.854707 0.922516 1.01975 1.17085 1.43765 2.03531 4.58242
0.872664625997 0.703094 0.507174 0.500117524272 0.72837 0.759532 0.798899 0.850194 0.919792 1.0196 1.17469 1.44853 2.06197 4.67634
0.890117918517 0.694773 0.495534 0.488351772494 0.72069 0.752641 0.793006 0.845601 0.916964 1.0193 1.17832 1.45911 2.0881 4.76877
0.907571211037 0.68643 0.484053 0.476753283066 0.712976 0.745705 0.787052 0.840928 0.914027 1.01885 1.18175 1.46937 2.11368 4.85961
0.925024503557 0.678066 0.472741 0.465329811036 0.705233 0.738725 0.781038 0.836171 0.910978 1.01825 1.18495 1.47929 2.13865 4.94872
0.942477796077 0.669685 0.461603 0.454088476953 0.69746 0.731703 0.774963 0.831331 0.907813 1.01749 1.18792 1.48886 2.16298 5.036
0.959931088597 0.66129 0.450647 0.44303590786 0.68966 0.724638 0.768826 0.826404 0.904528 1.01656 1.19065 1.49804 2.18664 5.12133
0.977384381117 0.652881 0.439877 0.432178202046 0.681835 0.717531 0.762628 0.82139 0.901119 1.01545 1.19312 1.50684 2.20959 5.20463
0.994837673637 0.644463 0.429301 0.421520893799 0.673986 0.710385 0.756369 0.816286 0.897585 1.01417 1.19533 1.51522 2.2318 5.28577
1.01229096616 0.636037 0.418922 0.411069023901 0.666115 0.703199 0.750048 0.811093 0.89392 1.0127 1.19727 1.52318 2.25324 5.36466
1.02974425868 0.627606 0.408745 0.400827104382 0.658225 0.695974 0.743665 0.805807 0.890123 1.01103 1.19893 1.53069 2.27387 5.44122
1.0471975512 0.619171 0.398773 0.390799118519 0.650315 0.688712 0.737221 0.800429 0.886191 1.00918 1.20029 1.53774 2.29367 5.51533
1.06465084372 0.610736 0.389012 0.380988520833 0.642389 0.681413 0.730715 0.794956 0.88212 1.00711 1.20135 1.54432 2.31261 5.58692
1.08210413624 0.602301 0.379462 0.371398307594 0.634447 0.674079 0.724148 0.789388 0.877908 1.00485 1.20211 1.55041 2.33065 5.65591
1.09955742876 0.59387 0.370127 0.362030911069 0.626491 0.66671 0.717519 0.783724 0.873553 1.00237 1.20255 1.556 2.34777 5.7222
1.11701072128 0.585445 0.361009 0.35288830527 0.618524 0.659307 0.710829 0.777963 0.869053 0.999677 1.20266 1.56107 2.36396 5.78572
1.1344640138 0.577027 0.352109 0.343971935458 0.610546 0.651871 0.704078 0.772104 0.864404 0.996765 1.20245 1.56562 2.37917 5.84641
1.15191730632 0.568618 0.343429 0.335282823888 0.602558 0.644403 0.697266 0.766147 0.859607 0.99363 1.20189 1.56963 2.3934 5.90418
1.16937059884 0.560221 0.334968 0.326821499314 0.594564 0.636904 0.690394 0.760091 0.854658 0.990268 1.201 1.57309 2.40662 5.95897
1.18682389136 0.551838 0.326728 0.318588067486 0.586563 0.629375 0.683461 0.753935 0.849556 0.986678 1.19976 1.57599 2.41881 6.01073
1.20427718388 0.54347 0.318707 0.310582140653 0.578558 0.621818 0.676469 0.74768 0.8443 0.982855 1.19816 1.57833 2.42994 6.05939
1.2217304764 0.535119 0.310906 0.302802872809 0.57055 0.614233 0.669419 0.741325 0.838889 0.978797 1.1962 1.58009 2.44001 6.10489
1.23918376892 0.526787 0.303322 0.295249135946 0.562541 0.606622 0.662309 0.73487 0.833322 0.974502 1.19389 1.58126 2.449 6.1472
1.25663706144 0.518475 0.295955 0.287919238054 0.554532 0.598985 0.655142 0.728315 0.827597 0.969967 1.1912 1.58184 2.4569 6.18625
1.27409035396 0.510187 0.288803 0.280811205118 0.546524 0.591323 0.647918 0.72166 0.821715 0.965192 1.18815 1.58182 2.46368 6.22202
1.29154364648 0.501923 0.281864 0.273922604874 0.53852 0.583639 0.640638 0.714906 0.815674 0.960174 1.18472 1.5812 2.46934 6.25445
1.308996939 0.493685 0.275134 0.267250723053 0.53052 0.575932 0.633302 0.708053 0.809475 0.954913 1.18091 1.57996 2.47387 6.28353
1.32645023152 0.485475 0.268611 0.260792492885 0.522526 0.568205 0.625911 0.701101 0.803117 0.949408 1.17673 1.57812 2.47725 6.30921
1.34390352404 0.477294 0.262293 0.254544424598 0.51454 0.560459 0.618468 0.694051 0.796602 0.943657 1.17217 1.57565 2.47949 6.33147
1.36135681656 0.469144 0.256174 0.248502816917 0.506563 0.552694 0.610971 0.686904 0.789928 0.937662 1.16723 1.57257 2.48057 6.3503
1.37881010908 0.461027 0.250252 0.242663651315 0.498597 0.544913 0.603424 0.67966 0.783097 0.931422 1.16191 1.56887 2.48049 6.36567
1.3962634016 0.452945 0.244523 0.237022592014 0.490642 0.537116 0.595826 0.672321 0.776109 0.924937 1.1562 1.56454 2.47925 6.37756
1.41371669412 0.444898 0.238982 0.231575091735 0.482701 0.529306 0.588179 0.664888 0.768965 0.918207 1.15012 1.55959 2.47684 6.38598
1.43116998664 0.436889 0.233624 0.226316356446 0.474775 0.521482 0.580485 0.657363 0.761667 0.911235 1.14365 1.55402 2.47326 6.3909
1.44862327916 0.428918 0.228445 0.221241345363 0.466866 0.513648 0.572745 0.649745 0.754216 0.904021 1.1368 1.54782 2.46852 6.39234
1.46607657168 0.420988 0.22344 0.216344806203 0.458975 0.505804 0.564961 0.642038 0.746612 0.896567 1.12958 1.541 2.46261 6.3903
1.4835298642 0.4131 0.218604 0.211621345679 0.451103 0.497952 0.557133 0.634242 0.738859 0.888874 1.12198 1.53356 2.45553 6.38477
1.50098315672 0.405255 0.213931 0.207065359005 0.443252 0.490093 0.549264 0.626359 0.730957 0.880944 1.11401 1.52551 2.4473 6.37577
1.51843644924 0.397454 0.209416 0.202671100394 0.435423 0.482229 0.541356 0.618392 0.72291 0.872781 1.10566 1.51685 2.43792 6.36332
1.53588974176 0.3897 0.205054 0.198432718306 0.427618 0.474362 0.53341 0.610342 0.714719 0.864386 1.09695 1.50758 2.42739 6.34743
1.55334303427 0.381993 0.200838 0.194344220203 0.419839 0.466493 0.525427 0.602211 0.706386 0.855763 1.08788 1.4977 2.41573 6.32812
1.57079632679 0.374335 0.196763 0.190399507794 0.412087 0.458625 0.517411 0.594002 0.697914 0.846915 1.07844 1.48723 2.40293 6.30542
1.58824961931 0.366727 0.192823 0.186592447539 0.404363 0.450757 0.509362 0.585717 0.689307 0.837845 1.06865 1.47617 2.38902 6.27935
1.60570291183 0.359171 0.189012 0.182916800148 0.396669 0.442894 0.501283 0.577357 0.680567 0.828558 1.05851 1.46453 2.374 6.24996
1.62315620435 0.351667 0.185324 0.179366326328 0.389006 0.435035 0.493177 0.568927 0.671697 0.819056 1.04803 1.45231 2.3579 6.21727
1.64060949687 0.344217 0.181753 0.17593478679 0.381377 0.427183 0.485044 0.560428 0.6627 0.809346 1.03721 1.43952 2.34071 6.18133
1.65806278939 0.336822 0.178293 0.172615836491 0.373782 0.419341 0.476889 0.551864 0.653581 0.79943 1.02605 1.42618 2.32247 6.14218
1.67551608191 0.329484 0.174938 0.169403271391 0.366222 0.411509 0.468711 0.543237 0.644342 0.789314 1.01457 1.41229 2.30317 6.09986
1.69296937443 0.322203 0.171683 0.166290781698 0.358701 0.403689 0.460515 0.53455 0.634988 0.779003 1.00277 1.39786 2.28285 6.05443
1.71042266695 0.314981 0.16852 0.163272198622 0.351218 0.395884 0.452303 0.525806 0.625523 0.768502 0.990663 1.38291 2.26153 6.00594
1.72787595947 0.30782 0.165445 0.160341423872 0.343775 0.388096 0.444077 0.517008 0.61595 0.757817 0.978249 1.36744 2.23921 5.95444
1.74532925199 0.300719 0.162451 0.15749232391 0.336375 0.380325 0.435839 0.508161 0.606275 0.746954 0.965538 1.35146 2.21593 5.89999
1.76278254451 0.29368 0.159533 0.154719011944 0.329018 0.372575 0.427592 0.499266 0.596501 0.735918 0.95254 1.335 2.1917 5.84266
1.78023583703 0.286705 0.156685 0.152015565938 0.321706 0.364848 0.419339 0.490329 0.586633 0.724716 0.939264 1.31806 2.16655 5.78251
1.79768912955 0.279794 0.153902 0.149376240103 0.31444 0.357145 0.411083 0.481351 0.576676 0.713353 0.925717 1.30066 2.1405 5.71962
1.81514242207 0.272949 0.151178 0.146795429652 0.307223 0.349468 0.402826 0.472337 0.566635 0.701838 0.91191 1.2828 2.11358 5.65404
1.83259571459 0.26617 0.148508 0.14426770605 0.300055 0.34182 0.394571 0.463291 0.556514 0.690176 0.897853 1.26451 2.08581 5.58586
1.85004900711 0.259459 0.145887 0.141787711262 0.292938 0.334203 0.386321 0.454216 0.54632 0.678375 0.883555 1.2458 2.05722 5.51515
1.86750229963 0.252816 0.14331 0.139350334003 0.285874 0.326618 0.378079 0.445116 0.536056 0.666442 0.869026 1.22669 2.02783 5.44199
1.88495559215 0.246243 0.140772 0.136950568741 0.278863 0.319068 0.369847 0.435995 0.525729 0.654384 0.854277 1.20719 1.99768 5.36646
1.90240888467 0.239741 0.138269 0.134583691946 0.271909 0.311556 0.361629 0.426858 0.515343 0.642208 0.839319 1.18732 1.9668 5.28864
1.91986217719 0.23331 0.135795 0.132245121086 0.265011 0.304082 0.353428 0.417708 0.504905 0.629923 0.824162 1.16709 1.93521 5.20863
1.93731546971 0.226951 0.133348 0.129930485133 0.258172 0.29665 0.345246 0.408549 0.494421 0.617536 0.808819 1.14652 1.90295 5.1265
1.95476876223 0.220666 0.130923 0.127635624561 0.251392 0.289261 0.337087 0.399386 0.483895 0.605056 0.7933 1.12564 1.87004 5.04236
1.97222205475 0.214455 0.128516 0.125356626592 0.244675 0.281918 0.328954 0.390223 0.473334 0.59249 0.777617 1.10445 1.83652 4.95628
1.98967534727 0.208319 0.126123 0.123089825204 0.23802 0.274623 0.32085 0.381065 0.462744 0.579846 0.761782 1.08298 1.80243 4.86837
2.00712863979 0.20226 0.123742 0.120831730623 0.23143 0.267379 0.312778 0.371915 0.452131 0.567134 0.745808 1.06125 1.76778 4.77871
2.02458193231 0.196277 0.121369 0.118579135078 0.224905 0.260186 0.304741 0.362777 0.4415 0.554361 0.729706 1.03927 1.73263 4.68742
2.04203522483 0.190372 0.119001 0.116329077549 0.218449 0.253049 0.296743 0.353658 0.430858 0.541537 0.713489 1.01706 1.697 4.59458
2.05948851735 0.184546 0.116636 0.11407884377 0.21206 0.245968 0.288787 0.34456 0.420212 0.528669 0.697169 0.994641 1.66092 4.50029
2.07694180987 0.178799 0.114272 0.111825966223 0.205743 0.238946 0.280875 0.335489 0.409567 0.515767 0.680759 0.972037 1.62444 4.40467
2.09439510239 0.173133 0.111905 0.109568259394 0.199497 0.231985 0.273012 0.326449 0.39893 0.50284 0.664273 0.949265 1.58759 4.3078
2.11184839491 0.167547 0.109535 0.107303714021 0.193324 0.225088 0.2652 0.317445 0.388308 0.489897 0.647722 0.926345 1.5504 4.2098
2.12930168743 0.162043 0.107159 0.105030673341 0.187225 0.218257 0.257442 0.30848 0.377706 0.476946 0.631121 0.903298 1.51291 4.11076
2.14675497995 0.156622 0.104777 0.102747692097 0.181203 0.211494 0.249743 0.299561 0.367131 0.463997 0.614482 0.880143 1.47516 4.0108
2.16420827247 0.151283 0.102386 0.100453571779 0.175258 0.204801 0.242105 0.290691 0.35659 0.451058 0.597819 0.856902 1.43718 3.91002
2.18166156499 0.146029 0.099987 0.0981474311323 0.169392 0.19818 0.234531 0.281875 0.346088 0.43814 0.581144 0.833594 1.39902 3.80853
2.19911485751 0.140859 0.0975781 0.095828565152 0.163606 0.191634 0.227025 0.273118 0.335634 0.425251 0.564472 0.810241 1.3607 3.70643
2.21656815003 0.135775 0.0951593 0.0934965508353 0.157902 0.185165 0.21959 0.264425 0.325232 0.4124 0.547815 0.786864 1.32227 3.60383
2.23402144255 0.130776 0.0927304 0.0911512119312 0.15228 0.178775 0.21223 0.255799 0.314891 0.399597 0.531187 0.763483 1.28376 3.50085
2.25147473507 0.125865 0.0902913 0.0887926541902 0.146743 0.172467 0.204946 0.247246 0.304615 0.386851 0.514602 0.740119 1.24521 3.39758
2.26892802759 0.12104 0.0878425 0.0864211243639 0.141291 0.166241 0.197744 0.238771 0.294412 0.374171 0.498073 0.716793 1.20666 3.29414
2.28638132011 0.116303 0.0853843 0.0840371864562 0.135925 0.160101 0.190626 0.230377 0.284288 0.361566 0.481613 0.693526 1.16814 3.19064
2.30383461263 0.111655 0.0829175 0.0816416159721 0.130648 0.154049 0.183594 0.22207 0.27425 0.349046 0.465236 0.670339 1.1297 3.08718
2.32128790515 0.107095 0.080443 0.0792353999181 0.125461 0.148087 0.176653 0.213854 0.264304 0.33662 0.448955 0.647252 1.09137 2.98388
2.33874119767 0.102626 0.077962 0.0768197015518 0.120364 0.142216 0.169806 0.205734 0.254457 0.324296 0.432783 0.624286 1.05318 2.88084
2.35619449019 0.0982461 0.0754759 0.0743959661327 0.115358 0.13644 0.163055 0.197713 0.244714 0.312084 0.416734 0.601462 1.01518 2.77817
2.37364778271 0.0939572 0.072986 0.0719657799212 0.110446 0.130759 0.156403 0.189797 0.235083 0.299993 0.400821 0.578801 0.977406 2.67597
2.39110107523 0.0897595 0.0704942 0.069530905429 0.105628 0.125176 0.149855 0.181991 0.225569 0.288031 0.385056 0.556322 0.939887 2.57435
2.40855436775 0.0856534 0.0680024 0.0670933519191 0.100905 0.119694 0.143412 0.174297 0.216179 0.276209 0.369454 0.534045 0.902662 2.47342
2.42600766027 0.0816396 0.0655126 0.0646552344056 0.0962791 0.114313 0.137078 0.166722 0.206919 0.264533 0.354026 0.511992 0.865768 2.37328
2.44346095279 0.0777184 0.063027 0.0622188441534 0.0917506 0.109036 0.130856 0.159268 0.197795 0.253014 0.338785 0.490181 0.829241 2.27404
2.46091424531 0.0738903 0.060548 0.0597866486787 0.087321 0.103865 0.124748 0.15194 0.188812 0.241659 0.323744 0.468633 0.793115 2.17579
2.47836753783 0.0701557 0.058078 0.0573612212485 0.0829911 0.0988013 0.118758 0.144743 0.179978 0.230478 0.308916 0.447365 0.757426 2.07864
2.49582083035 0.0665151 0.0556198 0.0549453113808 0.0787622 0.0938473 0.112889 0.137681 0.171298 0.219478 0.294312 0.426399 0.722209 1.98269
2.51327412287 0.0629688 0.053176 0.0525417038439 0.0746351 0.0890045 0.107142 0.130757 0.162777 0.208667 0.279944 0.405752 0.687496 1.88804
2.53072741539 0.0595173 0.0507495 0.0501533596573 0.070611 0.0842748 0.101521 0.123976 0.154421 0.198055 0.265825 0.385443 0.653322 1.79478
2.54818070791 0.0561608 0.0483432 0.0477833103408 0.0666908 0.0796598 0.096029 0.117341 0.146236 0.187648 0.251967 0.36549 0.61972 1.70301
2.56563400043 0.0528998 0.0459601 0.0454346931651 0.0628754 0.0751613 0.0906679 0.110856 0.138228 0.177455 0.238379 0.345911 0.586721 1.61283
2.58308729295 0.0497346 0.0436033 0.0431106454007 0.0591658 0.0707809 0.0854404 0.104525 0.130401 0.167482 0.225075 0.326724 0.554358 1.52431
2.60054058547 0.0466655 0.0412761 0.0408144453193 0.0555628 0.0665201 0.080349 0.0983522 0.12276 0.157739 0.212064 0.307945 0.522661 1.43757
2.61799387799 0.0436928 0.0389815 0.038549335942 0.0520674 0.0623806 0.0753963 0.0923403 0.115312 0.148232 0.199358 0.289592 0.491661 1.35267
2.63544717051 0.0408168 0.0367228 0.0363187012912 0.0486803 0.0583638 0.0705844 0.086493 0.108061 0.138967 0.186967 0.271681 0.461388 1.26972
2.65290046303 0.0380377 0.0345033 0.0341258901388 0.0454023 0.0544712 0.0659158 0.0808138 0.101011 0.129953 0.174901 0.254228 0.43187 1.18879
2.67035375555 0.0353558 0.0323262 0.0319741807564 0.0422343 0.0507042 0.0613926 0.0753059 0.0941676 0.121195 0.16317 0.237249 0.403135 1.10996
2.68780704807 0.0327713 0.0301948 0.0298669924164 0.0391768 0.0470641 0.057017 0.0699725 0.0875352 0.112701 0.151783 0.220758 0.375211 1.03332
2.70526034059 0.0302845 0.0281124 0.0278076033903 0.0362308 0.0435523 0.052791 0.0648165 0.0811182 0.104477 0.140751 0.20477 0.348124 0.958935
2.72271363311 0.0278954 0.0260822 0.0257993977004 0.0333967 0.04017 0.0487167 0.0598411 0.0749209 0.0965281 0.130082 0.189299 0.321899 0.886886
2.74016692563 0.0256044 0.0241074 0.0238455831178 0.0306752 0.0369184 0.0447959 0.055049 0.0689472 0.0888611 0.119785 0.174359 0.296562 0.817245
2.75762021815 0.0234114 0.0221912 0.0219494026637 0.028067 0.0337987 0.0410305 0.0504429 0.0632013 0.0814815 0.109868 0.159963 0.272136 0.750079
2.77507351067 0.0213168 0.0203366 0.0201139936087 0.0255726 0.0308119 0.0374222 0.0460255 0.0576868 0.0743947 0.100339 0.146124 0.248644 0.685455
2.79252680319 0.0193205 0.0185468 0.0183424932235 0.0231924 0.0279591 0.0339728 0.0417992 0.0524073 0.0676059 0.0912061 0.132853 0.226107 0.623436
2.80998009571 0.0174226 0.0168247 0.0166378625275 0.0209271 0.0252411 0.0306836 0.0377665 0.0473663 0.06112 0.0824762 0.120163 0.204547 0.564084
2.82743338823 0.0156233 0.015173 0.0150030272899 0.018777 0.022659 0.0275563 0.0339294 0.042567 0.0549418 0.0741565 0.108063 0.183984 0.507455
2.84488668075 0.0139225 0.0135947 0.013440772279 0.0167425 0.0202135 0.0245922 0.0302902 0.0380125 0.0490757 0.0662535 0.0965654 0.164436 0.453605
2.86233997327 0.0123203 0.0120924 0.0119537765124 0.0148239 0.0179054 0.0217926 0.0268507 0.0337056 0.0435259 0.0587734 0.0856786 0.14592 0.402585
2.87979326579 0.0108167 0.0106686 0.010544613257 0.0130217 0.0157355 0.0191586 0.0236128 0.029649 0.0382962 0.0517219 0.075412 0.128454 0.354444
2.89724655831 0.00941166 0.00932572 0.00921571477881 0.011336 0.0137043 0.0166914 0.0205782 0.0258452 0.0333902 0.0451045 0.0657743 0.112053 0.309226
2.91469985083 0.00810511 0.00806607 0.00796937234284 0.00976709 0.0118124 0.014392 0.0177483 0.0222965 0.0288114 0.0389262 0.0567732 0.0967317 0.266973
2.93215314335 0.00689697 0.00689177 0.00680770096298 0.00831514 0.0100603 0.0122612 0.0151247 0.0190049 0.0245628 0.0331914 0.048416 0.0825023 0.227725
2.94960643587 0.00578715 0.0058048 0.00573263940198 0.00698026 0.00844836 0.0102998 0.0127085 0.0159722 0.020647 0.0279043 0.0407091 0.0693773 0.191515
2.96705972839 0.0047755 0.00480699 0.00474602067186 0.00576252 0.00697697 0.00850844 0.0105007 0.0132002 0.0170665 0.0230687 0.0336585 0.0573673 0.158375
2.98451302091 0.00386184 0.00389998 0.00384946628329 0.00466196 0.00564636 0.00688767 0.0085024 0.0106901 0.0138235 0.0186876 0.0272693 0.0464818 0.128333
3.00196631343 0.00304599 0.00308525 0.0030443509953 0.00367852 0.0044567 0.00543789 0.0067142 0.00844332 0.0109197 0.0147639 0.0215459 0.036729 0.101413
3.01941960595 0.00232768 0.00236408 0.00233197906644 0.00281212 0.00340805 0.00415941 0.00513669 0.00646063 0.00835666 0.0112998 0.016492 0.0281158 0.0776352
3.03687289847 0.00170663 0.00173755 0.00171337275343 0.00206258 0.0025004 0.00305237 0.00377027 0.00474276 0.00613542 0.00829707 0.0121105 0.0206475 0.0570161
3.05432619099 0.00118253 0.00120656 0.00118930756137 0.00142966 0.00173363 0.00211681 0.00261513 0.00329015 0.00425675 0.00575703 0.00840365 0.0143283 0.0395679
3.07177948351 0.000754972 0.000771781 0.000760417994425 0.000913067 0.0011075 0.00135257 0.00167127 0.00210294 0.00272105 0.00368037 0.00537263 0.00916082 0.0252985
3.08923277603 0.000423523 0.000433661 0.000427091805139 0.000512383 0.000621654 0.000759377 0.000938457 0.001181 0.00152827 0.00206722 0.00301789 0.00514595 0.0142113
3.10668606855 0.000187656 0.000192414 0.000189399493976 0.000227106 0.00027561 0.000336738 0.000416215 0.000523846 0.000677942 0.000917078 0.00133888 0.00228304 0.006305
3.12413936107 4.67445e-05 4.7985e-05 4.720006001e-05 5.65916e-05 6.86972e-05 8.39511e-05 0.000103782 0.000130634 0.000169076 0.000228727 0.000333939 0.000569436 0.00157258
3.14159265359 0.0 0.0 0.0 0.0 0.0 0.0 0.0 0.0 0.0 0.0 0.0 0.0 0.0
