alpha phi_iso phi_ray phi_vec g0=0.1 g0=0.2 g0=0.3 g0=0.4 g0=0.5 g0=0.6 g0=0.7 g0=0.8 g0=0.9 g0=1.0
0.0 1.0 1.0 1.0 1.0 1.0 1.0 1.0 1.0 1.0 1.0 1.0 1.0 1.0
0.0174532925199 0.999708 0.999583 0.999564202302 0.999721 0.999736 0.999754 0.999775 0.999799 0.99983 0.999867 0.999916 0.999982 1.00007
0.0349065850399 0.998881 0.998391 0.998312396983 0.998933 0.998992 0.999061 0.999141 0.999237 0.999355 0.999501 0.999691 0.999946 1.00031
0.0523598775598 0.997596 0.996511 0.996326798141 0.997708 0.997837 0.997986 0.998161 0.99837 0.998625 0.998945 0.999359 0.999916 1.00071
0.0698131700798 0.995911 0.994013 0.993672828238 0.996103 0.996323 0.996579 0.99688 0.997241 0.997682 0.998234 0.998949 0.999912 1.00129
0.0872664625997 0.993862 0.990943 0.990395092176 0.994153 0.994487 0.994874 0.995331 0.995879 0.996549 0.997389 0.998477 0.999945 1.00204
0.10471975512 0.991476 0.987331 0.986524503812 0.991883 0.99235 0.992893 0.993533 0.994302 0.995243 0.996424 0.997954 1.00002 1.00297
0.12217304764 0.988771 0.983204 0.982085596571 0.98931 0.989929 0.990651 0.991502 0.992525 0.993777 0.99535 0.99739 1.00015 1.00408
0.13962634016 0.985761 0.978581 0.977100505761 0.986448 0.98724 0.988161 0.98925 0.990558 0.992161 0.994176 0.99679 1.00032 1.00537
0.157079632679 0.982461 0.973484 0.971590489806 0.983312 0.984293 0.985436 0.986788 0.988412 0.990404 0.992909 0.99616 1.00056 1.00684
0.174532925199 0.978884 0.967932 0.965576395336 0.979915 0.981103 0.982488 0.984126 0.986097 0.988515 0.991556 0.995506 1.00085 1.00849
0.191986217719 0.975043 0.961945 0.959078734692 0.976267 0.977679 0.979326 0.981276 0.983621 0.9865 0.990124 0.99483 1.0012 1.01031
0.209439510239 0.970948 0.955541 0.952117710163 0.97238 0.974032 0.975961 0.978244 0.980992 0.984367 0.988616 0.994136 1.00161 1.01231
0.226892802759 0.966611 0.948738 0.944713243041 0.968264 0.970172 0.972401 0.97504 0.978217 0.982121 0.987038 0.993427 1.00208 1.01446
0.244346095279 0.962042 0.941556 0.936884988165 0.963929 0.966109 0.968654 0.97167 0.975303 0.979768 0.985393 0.992704 1.00261 1.01679
0.261799387799 0.95725 0.93401 0.928652387207 0.959385 0.961849 0.96473 0.968144 0.972257 0.977313 0.983685 0.99197 1.00319 1.01927
0.279252680319 0.952246 0.926119 0.920034673517 0.954639 0.957403 0.960635 0.964466 0.969083 0.974761 0.981917 0.991224 1.00383 1.0219
0.296705972839 0.947036 0.9179 0.911050910884 0.949699 0.952777 0.956376 0.960643 0.965787 0.972115 0.980091 0.990467 1.00453 1.02467
0.314159265359 0.941631 0.909369 0.901720008065 0.944575 0.947978 0.951959 0.95668 0.962373 0.969377 0.978209 0.989699 1.00527 1.02759
0.331612557879 0.936036 0.900542 0.892060738167 0.939272 0.943013 0.94739 0.952583 0.958846 0.966553 0.976272 0.988919 1.00606 1.03063
0.349065850399 0.930261 0.891437 0.882091719268 0.933798 0.937889 0.942676 0.948356 0.955209 0.963643 0.974281 0.988126 1.0069 1.0338
0.366519142919 0.924312 0.882068 0.87183143864 0.92816 0.932611 0.937822 0.944005 0.951466 0.96065 0.972237 0.987319 1.00777 1.03708
0.383972435439 0.918196 0.872452 0.861298238213 0.922364 0.927186 0.932832 0.939534 0.947621 0.957578 0.970141 0.986496 1.00867 1.04047
0.401425727959 0.911921 0.862605 0.85051031458 0.916417 0.92162 0.927712 0.934945 0.943676 0.954426 0.967992 0.985655 1.00961 1.04396
0.418879020479 0.905491 0.852542 0.839485689922 0.910324 0.915917 0.922467 0.930244 0.939634 0.951196 0.96579 0.984793 1.01057 1.04753
0.436332312999 0.898915 0.842278 0.828242231393 0.904091 0.910082 0.9171 0.925434 0.935497 0.94789 0.963535 0.983908 1.01154 1.05118
0.453785605519 0.892197 0.831829 0.816797617204 0.897723 0.904121 0.911616 0.920518 0.931268 0.944509 0.961226 0.982997 1.01253 1.0549
0.471238898038 0.885344 0.821209 0.80516932209 0.891226 0.898038 0.906019 0.915499 0.926949 0.941053 0.958862 0.982058 1.01353 1.05867
0.488692190558 0.878361 0.810432 0.79337461731 0.884606 0.891838 0.900312 0.910381 0.922541 0.937524 0.956442 0.981086 1.01452 1.06249
0.506145483078 0.871254 0.799514 0.781430536732 0.877867 0.885525 0.8945 0.905165 0.918047 0.93392 0.953966 0.980079 1.01551 1.06635
0.523598775598 0.864029 0.788469 0.769353876839 0.871013 0.879103 0.888586 0.899855 0.913468 0.930244 0.95143 0.979033 1.01649 1.07023
0.541052068118 0.856689 0.77731 0.757161167653 0.86405 0.872577 0.882573 0.894453 0.908805 0.926494 0.948835 0.977944 1.01745 1.07413
0.558505360638 0.849241 0.76605 0.744868663052 0.856982 0.86595 0.876464 0.888961 0.90406 0.92267 0.946177 0.976808 1.01838 1.07803
0.575958653158 0.84169 0.754705 0.732492326232 0.849813 0.859226 0.870263 0.883381 0.899233 0.918773 0.943456 0.97562 1.01928 1.08192
0.593411945678 0.834039 0.743286 0.720047810332 0.842549 0.852409 0.863972 0.877716 0.894327 0.914802 0.940669 0.974379 1.02013 1.0858
0.610865238198 0.826295 0.731806 0.707550434207 0.835192 0.845503 0.857594 0.871968 0.889341 0.910757 0.937814 0.973078 1.02094 1.08964
0.628318530718 0.818461 0.720279 0.695015182429 0.827747 0.83851 0.851131 0.866138 0.884276 0.906637 0.93489 0.971713 1.0217 1.09344
0.645771823238 0.810542 0.708716 0.682456690757 0.820218 0.831434 0.844588 0.860228 0.879134 0.902442 0.931894 0.970281 1.02239 1.09719
0.663225115758 0.802542 0.697129 0.669889207371 0.812609 0.824278 0.837965 0.854241 0.873914 0.898172 0.928823 0.968777 1.02302 1.10087
0.680678408278 0.794465 0.68553 0.657326607416 0.804923 0.817046 0.831266 0.848176 0.868618 0.893824 0.925676 0.967197 1.02357 1.10448
0.698131700798 0.786316 0.673931 0.644782359081 0.797164 0.80974 0.824492 0.842037 0.863246 0.8894 0.922451 0.965535 1.02403 1.108
0.715584993318 0.778099 0.662341 0.63226952845 0.789336 0.802364 0.817647 0.835823 0.857798 0.884897 0.919144 0.963789 1.02441 1.11142
0.733038285838 0.769818 0.650773 0.619800750428 0.781442 0.79492 0.810732 0.829538 0.852275 0.880316 0.915753 0.961953 1.02468 1.11473
0.750491578358 0.761476 0.639235 0.607388228747 0.773486 0.787412 0.80375 0.823182 0.846678 0.875655 0.912277 0.960023 1.02485 1.11792
0.767944870878 0.753078 0.627739 0.595043721428 0.765471 0.779841 0.796702 0.816757 0.841006 0.870913 0.908713 0.957995 1.02491 1.12098
0.785398163397 0.744627 0.616294 0.582778535937 0.757399 0.772211 0.78959 0.810263 0.83526 0.86609 0.905058 0.955864 1.02485 1.1239
0.802851455917 0.736126 0.604908 0.570603514651 0.749276 0.764525 0.782418 0.803702 0.82944 0.861185 0.90131 0.953627 1.02467 1.12666
0.820304748437 0.72758 0.593591 0.558529025171 0.741102 0.756784 0.775186 0.797076 0.823547 0.856197 0.897467 0.951279 1.02435 1.12926
0.837758040957 0.718992 0.582351 0.546564965163 0.732882 0.748992 0.767896 0.790385 0.81758 0.851125 0.893527 0.948815 1.0239 1.13169
0.855211333477 0.710365 0.571196 0.534720738137 0.724619 0.741151 0.760551 0.78363 0.811541 0.845968 0.889487 0.946233 1.0233 1.13393
0.872664625997 0.701702 0.560134 0.523005267981 0.716315 0.733263 0.753152 0.776813 0.805428 0.840726 0.885346 0.943528 1.02254 1.13598
0.890117918517 0.693008 0.549171 0.511426984424 0.707973 0.725331 0.745701 0.769935 0.799244 0.835397 0.8811 0.940696 1.02163 1.13783
0.907571211037 0.684285 0.538316 0.499993823042 0.699597 0.717357 0.738199 0.762997 0.792987 0.829982 0.876749 0.937733 1.02055 1.13946
0.925024503557 0.675536 0.527575 0.488713215562 0.691189 0.709344 0.73065 0.756 0.786658 0.824479 0.87229 0.934636 1.01931 1.14088
0.942477796077 0.666765 0.516952 0.477592099556 0.682751 0.701293 0.723053 0.748944 0.780258 0.818887 0.867721 0.931402 1.01789 1.14206
0.959931088597 0.657975 0.506455 0.466636913593 0.674286 0.693207 0.715412 0.741832 0.773786 0.813206 0.863041 0.928027 1.01629 1.14301
0.977384381117 0.649168 0.496089 0.455853592399 0.665798 0.685088 0.707727 0.734664 0.767244 0.807436 0.858247 0.924507 1.0145 1.1437
0.994837673637 0.640348 0.485858 0.445247586229 0.657288 0.676938 0.700001 0.727442 0.760631 0.801576 0.853338 0.92084 1.01252 1.14415
1.01229096616 0.631517 0.475767 0.434823831806 0.648759 0.66876 0.692235 0.720166 0.753948 0.795625 0.848314 0.917023 1.01034 1.14433
1.02974425868 0.622678 0.46582 0.424586795918 0.640214 0.660556 0.68443 0.712837 0.747196 0.789583 0.843171 0.913053 1.00797 1.14424
1.0471975512 0.613835 0.456022 0.414540441507 0.631655 0.652327 0.676589 0.705457 0.740374 0.78345 0.837909 0.908928 1.00538 1.14387
1.06465084372 0.604989 0.446374 0.404688261583 0.623085 0.644076 0.668712 0.698027 0.733484 0.777226 0.832527 0.904644 1.00259 1.14323
1.08210413624 0.596144 0.436881 0.395033269531 0.614505 0.635804 0.660803 0.690548 0.726526 0.77091 0.827024 0.900201 0.999587 1.14229
1.09955742876 0.587302 0.427544 0.385578008805 0.605919 0.627515 0.652862 0.683021 0.7195 0.764503 0.821398 0.895594 0.996365 1.14105
1.11701072128 0.578466 0.418367 0.376324572305 0.597328 0.619209 0.64489 0.675448 0.712408 0.758004 0.81565 0.890824 0.992923 1.13952
1.1344640138 0.569638 0.409351 0.367274587838 0.588736 0.61089 0.636891 0.667829 0.705249 0.751414 0.809777 0.885887 0.989258 1.13768
1.15191730632 0.560821 0.400498 0.358429247197 0.580144 0.602558 0.628864 0.660166 0.698025 0.744732 0.80378 0.880783 0.985366 1.13553
1.16937059884 0.552018 0.391809 0.349789315838 0.571554 0.594215 0.620813 0.65246 0.690737 0.737959 0.797658 0.87551 0.981245 1.13306
1.18682389136 0.54323 0.383285 0.341355123199 0.562969 0.585865 0.612738 0.644713 0.683386 0.731095 0.791411 0.870067 0.976893 1.13027
1.20427718388 0.534461 0.374926 0.3331266063 0.55439 0.577509 0.604641 0.636925 0.675972 0.724142 0.785039 0.864453 0.972307 1.12716
1.2217304764 0.525712 0.366733 0.325103285518 0.545821 0.569148 0.596524 0.629099 0.668496 0.717098 0.778542 0.858667 0.967486 1.12373
1.23918376892 0.516985 0.358705 0.317284313035 0.537263 0.560784 0.588389 0.621235 0.66096 0.709966 0.771919 0.852708 0.962429 1.11996
1.25663706144 0.508284 0.350843 0.309668463149 0.528718 0.55242 0.580237 0.613335 0.653364 0.702745 0.765171 0.846577 0.957134 1.11587
1.27409035396 0.49961 0.343145 0.302254137118 0.520188 0.544058 0.572071 0.6054 0.64571 0.695437 0.758299 0.840273 0.9516 1.11144
1.29154364648 0.490965 0.335611 0.295039421296 0.511676 0.535698 0.563891 0.597433 0.638 0.688042 0.751304 0.833796 0.945826 1.10667
1.308996939 0.482352 0.32824 0.288022048377 0.503183 0.527344 0.555699 0.589434 0.630234 0.680562 0.744184 0.827146 0.939813 1.10157
1.32645023152 0.473773 0.321029 0.281199450684 0.494711 0.518997 0.547498 0.581406 0.622413 0.672998 0.736943 0.820324 0.933559 1.09613
1.34390352404 0.46523 0.313979 0.274568755325 0.486263 0.51066 0.539288 0.573349 0.61454 0.665351 0.72958 0.813331 0.927067 1.09035
1.36135681656 0.456724 0.307085 0.268126808419 0.477841 0.502332 0.531073 0.565266 0.606616 0.657622 0.722097 0.806167 0.920335 1.08424
1.37881010908 0.448258 0.300348 0.261870194472 0.469445 0.494018 0.522853 0.557158 0.598642 0.649813 0.714495 0.798834 0.913365 1.07779
1.3962634016 0.439834 0.293763 0.255795246066 0.461079 0.485718 0.514631 0.549027 0.590621 0.641926 0.706776 0.791333 0.906157 1.071
1.41371669412 0.431453 0.287329 0.249898058395 0.452743 0.477435 0.506408 0.540874 0.582553 0.633961 0.698941 0.783665 0.898714 1.06388
1.43116998664 0.423118 0.281042 0.244174523176 0.444441 0.46917 0.498185 0.532702 0.574441 0.625922 0.690992 0.775832 0.891037 1.05642
1.44862327916 0.414831 0.274901 0.238620318961 0.436174 0.460925 0.489966 0.524513 0.566286 0.617809 0.682931 0.767836 0.883128 1.04864
1.46607657168 0.406592 0.268902 0.233230949894 0.427943 0.452702 0.481752 0.516308 0.558091 0.609625 0.674759 0.75968 0.87499 1.04052
1.4835298642 0.398405 0.263041 0.228001760244 0.41975 0.444503 0.473544 0.508089 0.549858 0.601372 0.66648 0.751365 0.866624 1.03208
1.50098315672 0.39027 0.257316 0.222927944096 0.411598 0.436329 0.465345 0.499858 0.541588 0.593052 0.658096 0.742894 0.858033 1.02331
1.51843644924 0.38219 0.251723 0.218004555039 0.403488 0.428184 0.457157 0.491618 0.533284 0.584668 0.649608 0.73427 0.849222 1.01423
1.53588974176 0.374166 0.246259 0.213226554613 0.395422 0.420067 0.448981 0.48337 0.524947 0.576221 0.64102 0.725496 0.840192 1.00483
1.55334303427 0.3662 0.24092 0.208588792931 0.387401 0.411982 0.440819 0.475117 0.516581 0.567715 0.632335 0.716575 0.830948 0.995118
1.57079632679 0.358293 0.235701 0.20408605228 0.379427 0.40393 0.432674 0.466859 0.508188 0.559151 0.623555 0.70751 0.821494 0.985102
1.58824961931 0.350448 0.2306 0.199713042278 0.371502 0.395913 0.424547 0.458601 0.499769 0.550533 0.614682 0.698304 0.811833 0.974784
1.60570291183 0.342664 0.225613 0.195464443473 0.363628 0.387932 0.41644 0.450343 0.491327 0.541863 0.605722 0.688962 0.801971 0.964171
1.62315620435 0.334945 0.220736 0.191334897659 0.355806 0.37999 0.408356 0.442089 0.482865 0.533144 0.596676 0.679488 0.791912 0.953268
1.64060949687 0.327291 0.215965 0.187319027247 0.348038 0.372088 0.400296 0.43384 0.474386 0.524379 0.587549 0.669885 0.781661 0.942082
1.65806278939 0.319705 0.211296 0.183411478875 0.340325 0.364228 0.392263 0.425599 0.465893 0.515572 0.578343 0.660158 0.771223 0.93062
1.67551608191 0.312187 0.206725 0.179606899178 0.33267 0.356413 0.384258 0.417368 0.457387 0.506725 0.569063 0.650311 0.760603 0.918888
1.69296937443 0.304738 0.202249 0.175899978397 0.325073 0.348643 0.376284 0.409149 0.448871 0.497842 0.559713 0.64035 0.749808 0.906893
1.71042266695 0.297361 0.197863 0.17228545037 0.317537 0.34092 0.368342 0.400945 0.440349 0.488925 0.550295 0.630277 0.738843 0.894642
1.72787595947 0.290057 0.193563 0.16875812161 0.310062 0.333247 0.360435 0.392759 0.431823 0.479978 0.540815 0.620099 0.727714 0.882145
1.74532925199 0.282826 0.189347 0.165312861606 0.30265 0.325625 0.352565 0.384592 0.423296 0.471006 0.531277 0.609821 0.716428 0.869408
1.76278254451 0.27567 0.18521 0.161944636746 0.295304 0.318056 0.344733 0.376447 0.414771 0.46201 0.521684 0.599447 0.704991 0.856441
1.78023583703 0.268591 0.181148 0.158648519995 0.288023 0.310541 0.336943 0.368327 0.406251 0.452995 0.512042 0.588984 0.69341 0.843251
1.79768912955 0.261589 0.177158 0.15541969575 0.28081 0.303083 0.329196 0.360234 0.397739 0.443965 0.502354 0.578436 0.681692 0.829849
1.81514242207 0.254666 0.173236 0.152253464677 0.273667 0.295683 0.321493 0.352171 0.389238 0.434922 0.492625 0.56781 0.669844 0.816243
1.83259571459 0.247822 0.169379 0.149145287319 0.266594 0.288343 0.313838 0.344141 0.380752 0.425872 0.48286 0.55711 0.657873 0.802443
1.85004900711 0.24106 0.165584 0.146090745334 0.259593 0.281064 0.306232 0.336145 0.372282 0.416817 0.473063 0.546344 0.645787 0.788459
1.86750229963 0.23438 0.161847 0.143085604477 0.252665 0.273848 0.298678 0.328186 0.363834 0.407762 0.46324 0.535516 0.633593 0.7743
1.88495559215 0.227782 0.158166 0.140125775845 0.245812 0.266698 0.291178 0.320268 0.355409 0.398711 0.453395 0.524634 0.6213 0.759977
1.90240888467 0.221269 0.154537 0.137207354632 0.239035 0.259614 0.283733 0.312392 0.347011 0.389667 0.443533 0.513703 0.608914 0.745501
1.91986217719 0.214841 0.150957 0.134326624973 0.232336 0.252599 0.276346 0.304562 0.338643 0.380635 0.433659 0.50273 0.596445 0.730881
1.93731546971 0.208499 0.147424 0.131480050257 0.225715 0.245653 0.269018 0.296779 0.330309 0.371618 0.423778 0.491721 0.583901 0.71613
1.95476876223 0.202244 0.143935 0.12866429735 0.219174 0.23878 0.261753 0.289047 0.322011 0.362622 0.413896 0.480682 0.57129 0.701257
1.97222205475 0.196077 0.140487 0.125876231748 0.212714 0.231979 0.254552 0.281369 0.313754 0.353649 0.404018 0.469621 0.55862 0.686275
1.98967534727 0.189999 0.137079 0.123112927269 0.206336 0.225253 0.247417 0.273746 0.30554 0.344705 0.394149 0.458544 0.5459 0.671193
2.00712863979 0.184011 0.133709 0.120371670896 0.200042 0.218604 0.240351 0.266182 0.297373 0.335792 0.384293 0.447457 0.533138 0.656025
2.02458193231 0.178112 0.130373 0.117649967622 0.193833 0.212033 0.233354 0.258679 0.289256 0.326917 0.374458 0.436367 0.520344 0.640781
2.04203522483 0.172305 0.127071 0.114945530762 0.187709 0.205542 0.22643 0.251239 0.281192 0.318082 0.364647 0.425282 0.507526 0.625473
2.05948851735 0.16659 0.123801 0.112256306175 0.181672 0.199131 0.219581 0.243866 0.273185 0.309292 0.354866 0.414208 0.494693 0.610113
2.07694180987 0.160968 0.120561 0.109580457729 0.175724 0.192804 0.212808 0.236562 0.265239 0.300552 0.345121 0.403151 0.481854 0.594712
2.09439510239 0.155439 0.11735 0.106916357615 0.169864 0.18656 0.206113 0.22933 0.257356 0.291865 0.335417 0.39212 0.469018 0.579284
2.11184839491 0.150004 0.114167 0.104262625101 0.164095 0.180402 0.199499 0.222172 0.24954 0.283236 0.32576 0.38112 0.456195 0.56384
2.12930168743 0.144663 0.111011 0.101618087776 0.158416 0.174332 0.192967 0.215091 0.241794 0.27467 0.316155 0.37016 0.443392 0.548392
2.14675497995 0.139418 0.10788 0.0989817863944 0.15283 0.168349 0.186519 0.20809 0.234121 0.266169 0.306607 0.359245 0.43062 0.532951
2.16420827247 0.134268 0.104775 0.0963529991005 0.147337 0.162457 0.180158 0.20117 0.226526 0.25774 0.297122 0.348383 0.417888 0.517532
2.18166156499 0.129215 0.101695 0.0937312075142 0.141937 0.156655 0.173885 0.194335 0.219011 0.249385 0.287705 0.337581 0.405203 0.502144
2.19911485751 0.124259 0.0986393 0.091116106421 0.136633 0.150947 0.167701 0.187586 0.211579 0.241109 0.278362 0.326846 0.392577 0.486801
2.21656815003 0.119399 0.0956077 0.0885076037721 0.131424 0.145332 0.16161 0.180927 0.204233 0.232916 0.269098 0.316185 0.380017 0.471515
2.23402144255 0.114638 0.0926004 0.0859058109951 0.126311 0.139812 0.155612 0.17436 0.196977 0.224811 0.259918 0.305604 0.367533 0.456298
2.25147473507 0.109974 0.0896175 0.0833110333044 0.121296 0.134388 0.149709 0.167887 0.189815 0.216797 0.250829 0.295111 0.355133 0.441162
2.26892802759 0.105409 0.0866593 0.0807237793905 0.116378 0.129063 0.143904 0.161511 0.182748 0.208879 0.241834 0.284712 0.342828 0.426119
2.28638132011 0.100943 0.0837263 0.078144737197 0.11156 0.123835 0.138197 0.155234 0.175781 0.201061 0.23294 0.274415 0.330625 0.41118
2.30383461263 0.0965759 0.0808189 0.0755747739204 0.106841 0.118708 0.132591 0.149058 0.168916 0.193346 0.224151 0.264225 0.318534 0.396359
2.32128790515 0.0923081 0.0779379 0.0730149408547 0.102222 0.113682 0.127087 0.142986 0.162157 0.185739 0.215472 0.25415 0.306563 0.381666
2.33874119767 0.0881398 0.0750842 0.0704664443233 0.0977036 0.108758 0.121686 0.137019 0.155505 0.178243 0.206909 0.244196 0.294721 0.367114
2.35619449019 0.0840713 0.0722587 0.0679306456794 0.0932865 0.103937 0.116391 0.13116 0.148965 0.170863 0.198467 0.23437 0.283016 0.352713
2.37364778271 0.0801027 0.0694626 0.0654090661502 0.0889713 0.0992194 0.111203 0.125411 0.142538 0.163601 0.190151 0.224679 0.271458 0.338476
2.39110107523 0.0762341 0.0666969 0.0629033529244 0.0847583 0.0946072 0.106122 0.119774 0.136229 0.156462 0.181964 0.215127 0.260053 0.324413
2.40855436775 0.0724657 0.063963 0.0604152985311 0.0806481 0.0901009 0.101152 0.114251 0.130039 0.14945 0.173913 0.205722 0.248811 0.310535
2.42600766027 0.0687976 0.0612624 0.0579468020819 0.0766411 0.0857013 0.0962918 0.108844 0.123971 0.142567 0.166001 0.19647 0.23774 0.296854
2.44346095279 0.0652297 0.0585966 0.0554998789607 0.0727377 0.0814093 0.0915442 0.103555 0.118028 0.135818 0.158234 0.187377 0.226848 0.28338
2.46091424531 0.0617621 0.0559672 0.0530766462896 0.0689383 0.0772255 0.08691 0.0983859 0.112212 0.129206 0.150616 0.178448 0.216141 0.270123
2.47836753783 0.0583946 0.0533758 0.05067930355 0.0652431 0.0731508 0.0823905 0.093338 0.106526 0.122733 0.143151 0.16969 0.205629 0.257095
2.49582083035 0.0551273 0.0508241 0.0483101277381 0.0616524 0.0691857 0.0779867 0.0884131 0.100971 0.116404 0.135843 0.161108 0.195318 0.244305
2.51327412287 0.0519599 0.048314 0.0459714782097 0.0581665 0.0653309 0.0736998 0.0836129 0.0955515 0.110221 0.128696 0.152707 0.185215 0.231762
2.53072741539 0.0488924 0.0458473 0.043665748233 0.0547854 0.0615869 0.0695307 0.078939 0.0902682 0.104187 0.121715 0.144493 0.175328 0.219477
2.54818070791 0.0459245 0.0434259 0.0413953940572 0.0515094 0.0579542 0.0654804 0.0743928 0.0851234 0.0983051 0.114904 0.13647 0.165664 0.207458
2.56563400043 0.043056 0.0410518 0.0391628864654 0.0483385 0.0544333 0.0615497 0.0699757 0.0801193 0.0925782 0.108265 0.128644 0.156228 0.195715
2.58308729295 0.0402866 0.0387269 0.0369707398428 0.0452727 0.0510246 0.0577396 0.0656891 0.0752576 0.0870088 0.101802 0.12102 0.147028 0.184256
2.60054058547 0.037616 0.0364532 0.0348214540406 0.0423121 0.0477285 0.0540507 0.0615341 0.0705404 0.0815994 0.09552 0.113601 0.13807 0.17309
2.61799387799 0.0350439 0.0342326 0.0327175482886 0.0394565 0.0445451 0.0504837 0.0575119 0.0659691 0.0763525 0.0894209 0.106393 0.129359 0.162225
2.63544717051 0.0325699 0.0320673 0.0306615127487 0.036706 0.0414748 0.0470393 0.0536237 0.0615456 0.0712703 0.0835082 0.0993999 0.120901 0.151668
2.65290046303 0.0301936 0.029959 0.0286558230487 0.0340603 0.0385177 0.0437179 0.0498702 0.0572711 0.066355 0.0777848 0.0926253 0.112702 0.141428
2.67035375555 0.0279144 0.0279099 0.0267029112143 0.0315192 0.0356739 0.0405201 0.0462525 0.0531472 0.0616085 0.0722534 0.0860731 0.104767 0.131511
2.68780704807 0.0257318 0.0259218 0.0248051656692 0.0290824 0.0329434 0.0374461 0.0427712 0.049175 0.0570326 0.0669167 0.0797468 0.0970998 0.121924
2.70526034059 0.0236454 0.0239966 0.0229649070117 0.0267497 0.0303262 0.0344962 0.0394272 0.0453558 0.0526292 0.061777 0.0736499 0.0897062 0.112673
2.72271363311 0.0216544 0.0221362 0.0211843977041 0.0245206 0.0278221 0.0316708 0.0362208 0.0416905 0.0483997 0.0568366 0.0677853 0.08259 0.103764
2.74016692563 0.0197582 0.0203423 0.0194658130043 0.0223948 0.0254311 0.0289699 0.0331527 0.03818 0.0443456 0.0520976 0.0621561 0.0757552 0.0952028
2.75762021815 0.0179561 0.0186167 0.0178112312771 0.0203717 0.0231528 0.0263935 0.0302232 0.0348252 0.0404681 0.0475618 0.0567647 0.0692054 0.0869945
2.77507351067 0.0162474 0.016961 0.0162226339936 0.0184508 0.020987 0.0239416 0.0274325 0.0316265 0.0367682 0.0432308 0.0516135 0.062944 0.0791436
2.79252680319 0.0146313 0.0153768 0.0147018863528 0.0166315 0.0189332 0.0216141 0.0247808 0.0285846 0.033247 0.039106 0.0467048 0.0569741 0.0716546
2.80998009571 0.013107 0.0138655 0.0132507372817 0.0149131 0.0169911 0.0194107 0.0222681 0.0256997 0.0299051 0.0351888 0.0420402 0.0512982 0.0645314
2.82743338823 0.0116735 0.0124286 0.0118707903669 0.0132949 0.0151599 0.0173311 0.0198944 0.0229722 0.026743 0.03148 0.0376214 0.0459187 0.0577771
2.84488668075 0.0103298 0.0110672 0.0105635135443 0.0117762 0.0134393 0.0153748 0.0176595 0.0204019 0.0237613 0.0279805 0.0334497 0.0408376 0.0513948
2.86233997327 0.00907507 0.00978261 0.00933022456493 0.0103559 0.0118283 0.0135413 0.0155629 0.017989 0.0209601 0.0246909 0.029526 0.0360564 0.0453868
2.87979326579 0.00790812 0.00857575 0.00817207646087 0.00903322 0.0103262 0.0118301 0.0136043 0.015733 0.0183393 0.0216113 0.025851 0.0315763 0.0397551
2.89724655831 0.00682787 0.00744753 0.00709005270074 0.00780712 0.00893208 0.0102402 0.011783 0.0136336 0.0158988 0.0187419 0.0224252 0.0273981 0.0345011
2.91469985083 0.00583312 0.00639867 0.0060849575002 0.00667649 0.00764502 0.00877089 0.0100984 0.0116902 0.0136381 0.0160825 0.0192486 0.0235223 0.0296257
2.93215314335 0.00492262 0.00542977 0.00515740128805 0.00564017 0.00646391 0.00742115 0.00854944 0.00990199 0.0115568 0.0136327 0.0163209 0.0199489 0.0251292
2.94960643587 0.00409506 0.00454125 0.00430781524015 0.0046969 0.00538757 0.00618988 0.00713523 0.00826814 0.00965378 0.0113917 0.0136415 0.0166774 0.0210114
2.96705972839 0.00334904 0.00373337 0.00353640283276 0.00384536 0.0044147 0.00507583 0.00585456 0.00678748 0.00792817 0.00935842 0.0112096 0.0137069 0.0172714
2.98451302091 0.00268309 0.0030062 0.00284317375524 0.0030841 0.00354392 0.00407765 0.00470609 0.00545869 0.00637862 0.00753173 0.00902381 0.0110362 0.0139081
3.00196631343 0.00209566 0.00235963 0.00222789546328 0.00241159 0.00277369 0.00319382 0.0036883 0.00428026 0.00500358 0.00590996 0.00708246 0.00866345 0.0109192
3.01941960595 0.0015851 0.00179333 0.00169011255764 0.00182619 0.00210238 0.00242268 0.00279951 0.00325043 0.00380122 0.00449119 0.00538346 0.00658628 0.00830204
3.03687289847 0.00114967 0.00130678 0.00122911771609 0.00132614 0.0015282 0.0017624 0.00203781 0.00236724 0.00276947 0.00327315 0.00392431 0.00480186 0.00605334
3.05432619099 0.000787522 0.000899219 0.000843951693419 0.000909555 0.0010492 0.00121098 0.00140113 0.00162846 0.00190591 0.00225321 0.00270205 0.00330675 0.0041689
3.07177948351 0.000496659 0.000569628 0.000533359719359 0.000574389 0.000663282 0.000766203 0.000887103 0.00103158 0.00120781 0.00142833 0.0017132 0.00209688 0.00264376
3.08923277603 0.000274948 0.000316726 0.000295791498615 0.000318436 0.000368134 0.000425636 0.000493142 0.000573763 0.00067206 0.000794994 0.000953742 0.00116747 0.00147201
3.10668606855 0.000120062 0.000138908 0.000129352764115 0.00013927 0.000161203 0.000186562 0.000216311 0.000251817 0.000295081 0.00034916 0.000418962 0.000512899 0.000646705
3.12413936107 2.94136e-05 3.41818e-05 3.17277622542e-05 3.41805e-05 3.96184e-05 4.58997e-05 5.32622e-05 6.20426e-05 7.27342e-05 8.60897e-05 0.000103318 0.000126493 0.00015949
3.14159265359 0.0 0.0 0.0 0.0 0.0 0.0 0.0 0.0 0.0 0.0 0.0 0.0 0.0
