alpha phi_iso phi_ray phi_vec g0=0.1 g0=0.2 g0=0.3 g0=0.4 g0=0.5 g0=0.6 g0=0.7 g0=0.8 g0=0.9 g0=1.0
0.0 1.0 1.0 1.0 1.0 1.0 1.0 1.0 1.0 1.0 1.0 1.0 1.0 1.0
0.0174532925199 0.999725 0.999611 0.999587576387 0.999737 0.999751 0.999766 0.999784 0.999805 0.999829 0.999858 0.999893 0.999938 0.999997
0.0349065850399 0.998946 0.998498 0.998399781934 0.998992 0.999045 0.999104 0.999172 0.999251 0.999344 0.999456 0.999594 0.999767 0.999994
0.0523598775598 0.997725 0.996738 0.996509513058 0.997826 0.997939 0.998067 0.998214 0.998385 0.998588 0.998831 0.999129 0.999506 1.0
0.0698131700798 0.996115 0.994393 0.993974884651 0.996287 0.996479 0.996699 0.996951 0.997244 0.997591 0.998008 0.998522 0.999171 1.00002
0.0872664625997 0.994148 0.991504 0.990835871469 0.994406 0.994696 0.995026 0.995407 0.99585 0.996374 0.997006 0.997784 0.998769 1.00006
0.10471975512 0.991845 0.988099 0.987120602823 0.992204 0.992609 0.993069 0.9936 0.99422 0.994953 0.995838 0.996928 0.998309 1.00012
0.12217304764 0.989224 0.984201 0.982851736734 0.989698 0.990232 0.990842 0.991545 0.992365 0.993338 0.994512 0.99596 0.997795 1.0002
0.13962634016 0.986299 0.97983 0.978049908826 0.9869 0.98758 0.988356 0.989251 0.990297 0.991538 0.993036 0.994886 0.997231 1.00031
0.157079632679 0.983081 0.975005 0.972735064946 0.983823 0.984663 0.985622 0.986729 0.988024 0.989561 0.991418 0.993712 0.996622 1.00045
0.174532925199 0.979584 0.969743 0.966926829525 0.98048 0.981493 0.982652 0.98399 0.985556 0.987416 0.989665 0.992444 0.995971 1.00061
0.191986217719 0.975819 0.964064 0.960644588639 0.97688 0.978081 0.979455 0.981043 0.982901 0.98511 0.987782 0.991086 0.995281 1.0008
0.209439510239 0.971796 0.957983 0.953907493622 0.973033 0.974435 0.976039 0.977894 0.980067 0.98265 0.985775 0.989641 0.994553 1.00101
0.226892802759 0.967526 0.951518 0.946734486347 0.968951 0.970566 0.972414 0.974553 0.97706 0.98004 0.983649 0.988114 0.993789 1.00125
0.244346095279 0.963019 0.944686 0.939144306448 0.964641 0.966481 0.968588 0.971027 0.973887 0.977289 0.981409 0.986508 0.992991 1.00152
0.261799387799 0.958283 0.937504 0.931155523821 0.960113 0.96219 0.964569 0.967324 0.970554 0.974399 0.979058 0.984825 0.99216 1.00181
0.279252680319 0.953328 0.929987 0.922786567519 0.955375 0.9577 0.960363 0.963449 0.967068 0.971378 0.9766 0.983068 0.991295 1.00213
0.296705972839 0.948162 0.922151 0.914055722135 0.950436 0.953018 0.955978 0.959409 0.963434 0.968228 0.97404 0.981238 0.990398 1.00246
0.314159265359 0.942792 0.914011 0.904981163924 0.945301 0.948152 0.95142 0.955209 0.959656 0.964954 0.971378 0.979337 0.989467 1.00281
0.331612557879 0.937227 0.905583 0.895580957183 0.93998 0.943108 0.946696 0.950856 0.95574 0.96156 0.968619 0.977366 0.988502 1.00317
0.349065850399 0.931474 0.896883 0.885873039811 0.934478 0.937892 0.94181 0.946353 0.951689 0.958049 0.965764 0.975327 0.987502 1.00354
0.366519142919 0.92554 0.887925 0.875875255811 0.928803 0.932512 0.936769 0.941708 0.947509 0.954424 0.962816 0.973219 0.986467 1.00392
0.383972435439 0.919432 0.878724 0.865605308341 0.92296 0.926973 0.931579 0.936923 0.943202 0.950689 0.959776 0.971043 0.985394 1.00431
0.401425727959 0.913156 0.869295 0.855080784992 0.916957 0.92128 0.926244 0.932004 0.938774 0.946847 0.956647 0.9688 0.984282 1.00469
0.418879020479 0.90672 0.859652 0.844319125288 0.910799 0.91544 0.920769 0.926955 0.934226 0.942899 0.953429 0.966489 0.983128 1.00507
0.436332312999 0.900129 0.849809 0.833337617074 0.904492 0.909457 0.91516 0.92178 0.929563 0.938849 0.950123 0.96411 0.981932 1.00543
0.453785605519 0.89339 0.839781 0.82215338568 0.898042 0.903337 0.90942 0.916483 0.924788 0.934697 0.946731 0.961662 0.98069 1.00578
0.471238898038 0.886508 0.829581 0.81078336142 0.891454 0.897085 0.903554 0.911068 0.919903 0.930447 0.943254 0.959146 0.9794 1.00611
0.488692190558 0.879489 0.819223 0.799244294039 0.884734 0.890705 0.897567 0.905538 0.914912 0.9261 0.939692 0.956559 0.97806 1.00642
0.506145483078 0.872339 0.80872 0.787552705761 0.877886 0.884203 0.891463 0.899896 0.909817 0.921659 0.936045 0.953902 0.976666 1.00669
0.523598775598 0.865064 0.798086 0.775724898513 0.870917 0.877583 0.885245 0.894147 0.90462 0.917123 0.932315 0.951173 0.975216 1.00693
0.541052068118 0.857668 0.787334 0.763776921425 0.86383 0.870848 0.878917 0.888293 0.899324 0.912496 0.928501 0.948371 0.973706 1.00713
0.558505360638 0.850157 0.776477 0.751724563605 0.85663 0.864005 0.872483 0.882337 0.893932 0.907777 0.924603 0.945495 0.972134 1.00728
0.575958653158 0.842535 0.765527 0.739583332468 0.849323 0.857056 0.865948 0.876282 0.888445 0.902969 0.920622 0.942542 0.970496 1.00738
0.593411945678 0.834809 0.754496 0.727368442907 0.841912 0.850005 0.859313 0.870132 0.882865 0.898073 0.916558 0.939513 0.968789 1.00742
0.610865238198 0.826983 0.743396 0.715094799233 0.834403 0.842858 0.852583 0.863888 0.877194 0.893089 0.91241 0.936405 0.967009 1.0074
0.628318530718 0.819061 0.73224 0.702776973506 0.826799 0.835617 0.845761 0.857553 0.871435 0.888018 0.908178 0.933216 0.965153 1.0073
0.645771823238 0.811048 0.721039 0.690429205535 0.819104 0.828287 0.838849 0.851131 0.865589 0.882862 0.903862 0.929945 0.963218 1.00713
0.663225115758 0.802949 0.709804 0.678065366766 0.811324 0.82087 0.831853 0.844623 0.859658 0.87762 0.899461 0.92659 0.961199 1.00688
0.680678408278 0.794768 0.698545 0.665698974728 0.803462 0.813371 0.824773 0.838032 0.853643 0.872295 0.894976 0.92315 0.959094 1.00654
0.698131700798 0.78651 0.687274 0.653343149689 0.795521 0.805794 0.817613 0.831359 0.847545 0.866886 0.890405 0.919622 0.956899 1.00611
0.715584993318 0.778179 0.676002 0.641010629114 0.787506 0.798141 0.810377 0.824609 0.841368 0.861394 0.885748 0.916005 0.95461 1.00558
0.733038285838 0.769779 0.664736 0.628713731537 0.779421 0.790415 0.803067 0.817782 0.835111 0.85582 0.881006 0.912297 0.952224 1.00494
0.750491578358 0.761314 0.653489 0.616464367407 0.77127 0.782621 0.795685 0.81088 0.828777 0.850164 0.876176 0.908497 0.949737 1.00419
0.767944870878 0.752789 0.642269 0.604274013801 0.763055 0.774761 0.788234 0.803907 0.822366 0.844427 0.87126 0.904601 0.947146 1.00332
0.785398163397 0.744206 0.631084 0.592153718038 0.754781 0.766839 0.780718 0.796864 0.81588 0.838609 0.866256 0.900609 0.944448 1.00233
0.802851455917 0.735571 0.619945 0.58011407601 0.74645 0.758857 0.773138 0.789752 0.809321 0.832712 0.861163 0.896519 0.941638 1.00121
0.820304748437 0.726887 0.608858 0.568165228572 0.738068 0.750819 0.765498 0.782574 0.80269 0.826734 0.855982 0.892328 0.938713 0.999962
0.837758040957 0.718157 0.597833 0.556316861537 0.729636 0.742728 0.757799 0.775333 0.795987 0.820677 0.850711 0.888036 0.935671 0.998573
0.855211333477 0.709386 0.586876 0.544578198462 0.721158 0.734586 0.750044 0.768028 0.789215 0.814541 0.845351 0.883641 0.932508 0.997039
0.872664625997 0.700576 0.575995 0.532957986193 0.712638 0.726397 0.742235 0.760664 0.782374 0.808327 0.839901 0.87914 0.929221 0.995356
0.890117918517 0.691733 0.565198 0.521464505706 0.704079 0.718162 0.734376 0.753241 0.775466 0.802036 0.83436 0.874533 0.925807 0.993519
0.907571211037 0.682858 0.55449 0.510105550434 0.695484 0.709886 0.726467 0.745761 0.768492 0.795667 0.828728 0.869818 0.922263 0.991523
0.925024503557 0.673956 0.543878 0.498888444328 0.686855 0.701571 0.718512 0.738227 0.761453 0.789221 0.823004 0.864993 0.918586 0.989363
0.942477796077 0.665029 0.533368 0.487820031018 0.678197 0.693219 0.710513 0.730639 0.75435 0.782699 0.817189 0.860057 0.914774 0.987036
0.959931088597 0.656081 0.522965 0.476906670208 0.669512 0.684832 0.702472 0.723 0.747185 0.776101 0.811282 0.855009 0.910824 0.984536
0.977384381117 0.647116 0.512675 0.466154244893 0.660802 0.676415 0.694392 0.715311 0.739959 0.769428 0.805282 0.849848 0.906733 0.981859
0.994837673637 0.638137 0.502502 0.455568157749 0.652072 0.667969 0.686273 0.707574 0.732673 0.76268 0.799191 0.844572 0.902499 0.979002
1.01229096616 0.629146 0.492452 0.445153338359 0.643323 0.659497 0.678119 0.699792 0.725327 0.755858 0.793006 0.83918 0.89812 0.975961
1.02974425868 0.620147 0.482527 0.434914250432 0.634559 0.651001 0.669933 0.691965 0.717925 0.748964 0.78673 0.833672 0.893593 0.972732
1.0471975512 0.611142 0.472732 0.42485488458 0.625782 0.642483 0.661715 0.684095 0.710466 0.741996 0.780361 0.828047 0.888918 0.969311
1.06465084372 0.602135 0.46307 0.414978765547 0.616995 0.633947 0.653468 0.676185 0.702952 0.734957 0.773899 0.822304 0.884092 0.965697
1.08210413624 0.593129 0.453545 0.405288970257 0.6082 0.625395 0.645194 0.668235 0.695385 0.727847 0.767345 0.816442 0.879113 0.961885
1.09955742876 0.584127 0.444159 0.395788120597 0.599402 0.616829 0.636895 0.660248 0.687766 0.720667 0.7607 0.810461 0.873981 0.957873
1.11701072128 0.57513 0.434915 0.386478405086 0.590601 0.60825 0.628574 0.652226 0.680095 0.713417 0.753962 0.80436 0.868693 0.953659
1.1344640138 0.566143 0.425814 0.377361568037 0.5818 0.599663 0.620232 0.644169 0.672375 0.706099 0.747134 0.79814 0.863249 0.949239
1.15191730632 0.557168 0.416859 0.36843893845 0.573003 0.591069 0.611871 0.636081 0.664607 0.698714 0.740215 0.7918 0.857648 0.944614
1.16937059884 0.548207 0.408051 0.359711422792 0.564211 0.58247 0.603494 0.627962 0.656792 0.691263 0.733206 0.78534 0.851888 0.939779
1.18682389136 0.539263 0.399391 0.351179537493 0.555428 0.573869 0.595103 0.619815 0.648932 0.683747 0.726107 0.77876 0.84597 0.934735
1.20427718388 0.530339 0.390881 0.342843387286 0.546654 0.565267 0.586699 0.611641 0.641029 0.676166 0.718919 0.77206 0.839893 0.929479
1.2217304764 0.521438 0.38252 0.334702708537 0.537894 0.556668 0.578285 0.603442 0.633083 0.668523 0.711644 0.765242 0.833657 0.924011
1.23918376892 0.512561 0.37431 0.326756869248 0.529149 0.548073 0.569862 0.59522 0.625097 0.660819 0.704282 0.758304 0.827261 0.91833
1.25663706144 0.503711 0.366249 0.319004876281 0.520421 0.539484 0.561433 0.586976 0.617072 0.653054 0.696834 0.751249 0.820706 0.912435
1.27409035396 0.494891 0.358339 0.311445397022 0.511713 0.530904 0.553 0.578713 0.60901 0.645231 0.689301 0.744076 0.813992 0.906326
1.29154364648 0.486103 0.350578 0.30407676661 0.503027 0.522334 0.544564 0.570433 0.600912 0.637351 0.681685 0.736787 0.80712 0.900003
1.308996939 0.477349 0.342966 0.296897013212 0.494365 0.513778 0.536128 0.562137 0.59278 0.629415 0.673986 0.729383 0.80009 0.893467
1.32645023152 0.468631 0.335502 0.289903850802 0.48573 0.505236 0.527694 0.553827 0.584616 0.621425 0.666207 0.721865 0.792904 0.886717
1.34390352404 0.459952 0.328185 0.283094729721 0.477124 0.496712 0.519264 0.545506 0.576422 0.613382 0.658348 0.714233 0.785561 0.879755
1.36135681656 0.451315 0.321013 0.276466811396 0.468548 0.488207 0.510839 0.537174 0.5682 0.605289 0.650412 0.706491 0.778065 0.872581
1.37881010908 0.44272 0.313986 0.27001701168 0.460006 0.479723 0.502422 0.528835 0.559951 0.597148 0.6424 0.698638 0.770415 0.865196
1.3962634016 0.434171 0.3071 0.263742011681 0.451498 0.471262 0.494015 0.520489 0.551677 0.588959 0.634314 0.690678 0.762614 0.857604
1.41371669412 0.425669 0.300355 0.257638264989 0.443027 0.462827 0.48562 0.51214 0.543381 0.580726 0.626155 0.682612 0.754663 0.849804
1.43116998664 0.417216 0.293748 0.251702022957 0.434596 0.454419 0.477239 0.503788 0.535064 0.572449 0.617926 0.674441 0.746565 0.841799
1.44862327916 0.408814 0.287277 0.245929345529 0.426205 0.44604 0.468873 0.495437 0.526729 0.564132 0.60963 0.666169 0.738321 0.833592
1.46607657168 0.400466 0.28094 0.240316126528 0.417858 0.437693 0.460525 0.487088 0.518377 0.555776 0.601267 0.657796 0.729935 0.825185
1.4835298642 0.392173 0.274733 0.234858090036 0.409555 0.429379 0.452197 0.478743 0.510011 0.547383 0.592841 0.649327 0.721408 0.81658
1.50098315672 0.383937 0.268655 0.229550837352 0.4013 0.421101 0.443891 0.470404 0.501633 0.538956 0.584354 0.640763 0.712744 0.807782
1.51843644924 0.37576 0.262703 0.224389832536 0.393093 0.412859 0.435609 0.462074 0.493244 0.530498 0.575808 0.632107 0.703946 0.798792
1.53588974176 0.367644 0.256874 0.219370442144 0.384937 0.404657 0.427353 0.453754 0.484849 0.52201 0.567206 0.623362 0.695016 0.789615
1.55334303427 0.35959 0.251165 0.214487938832 0.376833 0.396496 0.419125 0.445447 0.476447 0.513494 0.558551 0.61453 0.685958 0.780255
1.57079632679 0.3516 0.245572 0.20973751942 0.368784 0.388378 0.410927 0.437155 0.468043 0.504955 0.549845 0.605616 0.676774 0.770714
1.58824961931 0.343676 0.240094 0.205114330164 0.36079 0.380304 0.402761 0.428879 0.459637 0.496392 0.54109 0.596621 0.66747 0.760998
1.60570291183 0.335819 0.234726 0.200613466763 0.352854 0.372278 0.394628 0.420623 0.451233 0.487811 0.532291 0.587549 0.658048 0.751111
1.62315620435 0.328031 0.229465 0.196229999635 0.344978 0.364299 0.386532 0.412388 0.442834 0.479213 0.52345 0.578405 0.648513 0.741058
1.64060949687 0.320314 0.22431 0.191958988365 0.337163 0.356372 0.378473 0.404176 0.434441 0.470601 0.514571 0.56919 0.638869 0.730844
1.65806278939 0.312669 0.219255 0.18779550337 0.329411 0.348496 0.370455 0.395991 0.426057 0.461979 0.505656 0.55991 0.629121 0.720473
1.67551608191 0.305098 0.214299 0.183734622292 0.321723 0.340675 0.362479 0.387833 0.417684 0.453347 0.496709 0.550568 0.619271 0.709952
1.69296937443 0.297602 0.209437 0.179771462497 0.314102 0.33291 0.354547 0.379706 0.409325 0.444711 0.487732 0.541167 0.609326 0.699285
1.71042266695 0.290182 0.204667 0.175901181078 0.306548 0.325202 0.346661 0.371611 0.400983 0.436072 0.47873 0.531711 0.59929 0.688478
1.72787595947 0.28284 0.199985 0.172119000132 0.299063 0.317553 0.338822 0.363551 0.392661 0.427434 0.469706 0.522206 0.589167 0.677537
1.74532925199 0.275577 0.195388 0.168420213985 0.291649 0.309966 0.331034 0.355528 0.38436 0.418799 0.460663 0.512654 0.578963 0.666469
1.76278254451 0.268395 0.190874 0.164800200026 0.284307 0.302441 0.323298 0.347544 0.376083 0.410171 0.451606 0.503061 0.568683 0.655279
1.78023583703 0.261294 0.186438 0.161254433152 0.277039 0.294981 0.315615 0.339602 0.367834 0.401552 0.442537 0.49343 0.558332 0.643975
1.79768912955 0.254277 0.182079 0.157778496602 0.269846 0.287587 0.307989 0.331704 0.359614 0.392947 0.433461 0.483766 0.547916 0.632562
1.81514242207 0.247344 0.177792 0.15436808918 0.26273 0.280261 0.30042 0.323852 0.351427 0.384358 0.42438 0.474073 0.537439 0.621047
1.83259571459 0.240496 0.173576 0.151019046925 0.255692 0.273004 0.292912 0.316049 0.343275 0.375788 0.4153 0.464357 0.526908 0.609437
1.85004900711 0.233734 0.169428 0.147727335886 0.248733 0.265819 0.285464 0.308296 0.335161 0.367241 0.406224 0.454621 0.516329 0.59774
1.86750229963 0.22706 0.165344 0.144489077403 0.241854 0.258706 0.278081 0.300596 0.327088 0.358719 0.397155 0.444871 0.505706 0.585962
1.88495559215 0.220475 0.161322 0.141300544496 0.235057 0.251667 0.270763 0.292952 0.319058 0.350227 0.388099 0.435111 0.495046 0.574112
1.90240888467 0.213979 0.15736 0.13815817992 0.228344 0.244705 0.263512 0.285366 0.311075 0.341767 0.379058 0.425347 0.484356 0.562195
1.91986217719 0.207574 0.153455 0.135058588945 0.221715 0.237819 0.256331 0.277839 0.30314 0.333343 0.370037 0.415582 0.47364 0.550221
1.93731546971 0.20126 0.149605 0.131998561024 0.215171 0.231013 0.249221 0.270375 0.295257 0.324958 0.361041 0.405823 0.462906 0.538196
1.95476876223 0.195039 0.145807 0.128975069791 0.208715 0.224287 0.242184 0.262975 0.287429 0.316616 0.352072 0.396074 0.452159 0.526128
1.97222205475 0.188911 0.142061 0.125985273061 0.202346 0.217643 0.235222 0.255642 0.279657 0.30832 0.343136 0.38634 0.441405 0.514025
1.98967534727 0.182877 0.138363 0.123026527278 0.196066 0.211082 0.228337 0.248377 0.271946 0.300073 0.334235 0.376627 0.430652 0.501896
2.00712863979 0.176938 0.134712 0.120096380293 0.189876 0.204605 0.221529 0.241184 0.264297 0.291879 0.325376 0.366939 0.419904 0.489748
2.02458193231 0.171095 0.131107 0.117192582192 0.183778 0.198215 0.214802 0.234065 0.256714 0.28374 0.316561 0.357281 0.409169 0.477588
2.04203522483 0.165347 0.127545 0.114313085305 0.177771 0.191912 0.208157 0.227021 0.2492 0.275662 0.307795 0.347659 0.398454 0.465426
2.05948851735 0.159697 0.124025 0.111456047808 0.171858 0.185698 0.201596 0.220055 0.241756 0.267646 0.299081 0.338078 0.387764 0.45327
2.07694180987 0.154145 0.120547 0.10861983012 0.166038 0.179573 0.19512 0.213168 0.234385 0.259696 0.290426 0.328544 0.377106 0.441127
2.09439510239 0.14869 0.117108 0.10580300212 0.160314 0.17354 0.18873 0.206364 0.227091 0.251816 0.281831 0.31906 0.366487 0.429006
2.11184839491 0.143335 0.113709 0.103004332315 0.154685 0.167599 0.18243 0.199644 0.219876 0.244008 0.273302 0.309633 0.355912 0.416915
2.12930168743 0.138079 0.110347 0.100222795064 0.149153 0.161752 0.176219 0.19301 0.212743 0.236277 0.264843 0.300268 0.34539 0.404863
2.14675497995 0.132922 0.107023 0.0974575741869 0.143719 0.156 0.1701 0.186465 0.205694 0.228626 0.256457 0.29097 0.334925 0.392857
2.16420827247 0.127866 0.103736 0.0947080412973 0.138382 0.150343 0.164075 0.180009 0.198732 0.221057 0.24815 0.281743 0.324525 0.380906
2.18166156499 0.122911 0.100485 0.091973777471 0.133145 0.144784 0.158144 0.173646 0.191859 0.213574 0.239924 0.272594 0.314196 0.369018
2.19911485751 0.118057 0.0972699 0.0892545479662 0.128007 0.139322 0.15231 0.167378 0.185078 0.20618 0.231785 0.263527 0.303945 0.357201
2.21656815003 0.113303 0.0940908 0.0865503166686 0.122969 0.13396 0.146573 0.161205 0.178392 0.198879 0.223736 0.254547 0.293777 0.345464
2.23402144255 0.108652 0.0909477 0.083861220812 0.118033 0.128697 0.140935 0.15513 0.171802 0.191673 0.21578 0.24566 0.283699 0.333815
2.25147473507 0.104102 0.0878405 0.0811875890352 0.113197 0.123536 0.135398 0.149155 0.165311 0.184566 0.207923 0.23687 0.273719 0.322261
2.26892802759 0.0996552 0.0847695 0.0785299124906 0.108464 0.118476 0.129962 0.143282 0.158923 0.177561 0.200167 0.228182 0.26384 0.310811
2.28638132011 0.0953102 0.081735 0.0758888629015 0.103833 0.113519 0.124629 0.137512 0.152638 0.170661 0.192518 0.219601 0.254071 0.299473
2.30383461263 0.0910676 0.0787374 0.0732652636706 0.0993049 0.108665 0.119401 0.131847 0.146459 0.163868 0.184977 0.211132 0.244417 0.288254
2.32128790515 0.0869277 0.0757774 0.0706600934914 0.0948802 0.103916 0.114278 0.126289 0.140389 0.157185 0.17755 0.20278 0.234884 0.277162
2.33874119767 0.0828903 0.0728555 0.0680744719025 0.0905592 0.0992713 0.109261 0.12084 0.134429 0.150616 0.17024 0.194548 0.225478 0.266205
2.35619449019 0.0789555 0.0699725 0.0655096701221 0.0863423 0.0947325 0.104352 0.1155 0.128582 0.144163 0.16305 0.186443 0.216205 0.25539
2.37364778271 0.0751234 0.0671294 0.0629670785451 0.0822296 0.0903 0.0995514 0.110271 0.12285 0.137829 0.155984 0.178468 0.20707 0.244725
2.39110107523 0.0713938 0.0643271 0.0604482031315 0.0782214 0.0859742 0.0948604 0.105156 0.117234 0.131616 0.149045 0.170627 0.19808 0.234218
2.40855436775 0.0677666 0.0615666 0.0579546762411 0.0743179 0.0817559 0.0902799 0.100154 0.111737 0.125527 0.142237 0.162926 0.189239 0.223874
2.42600766027 0.0642418 0.058849 0.0554882132961 0.0705194 0.0776455 0.0858108 0.0952683 0.106361 0.119564 0.135562 0.155368 0.180554 0.213702
2.44346095279 0.0608191 0.0561757 0.053050638061 0.0668259 0.0736434 0.0814539 0.0904991 0.101106 0.113731 0.129025 0.147957 0.172029 0.203707
2.46091424531 0.0574984 0.0535478 0.0506438429176 0.0632374 0.06975 0.07721 0.0858479 0.095976 0.108029 0.122628 0.140697 0.16367 0.193898
2.47836753783 0.0542793 0.0509666 0.0482698033098 0.059754 0.0659657 0.0730797 0.0813157 0.0909712 0.10246 0.116373 0.133592 0.155481 0.18428
2.49582083035 0.0511615 0.0484336 0.0459305452416 0.0563756 0.0622906 0.0690637 0.0769037 0.0860935 0.0970261 0.110265 0.126646 0.147468 0.174859
2.51327412287 0.0481447 0.0459502 0.0436281524996 0.0531022 0.0587251 0.0651626 0.0726129 0.0813444 0.0917302 0.104305 0.119863 0.139635 0.165642
2.53072741539 0.0452285 0.0435177 0.0413647449844 0.0499337 0.0552693 0.0613768 0.068444 0.0767252 0.0865738 0.0984963 0.113245 0.131986 0.156635
2.54818070791 0.0424124 0.0411378 0.0391424678767 0.0468697 0.0519232 0.0577069 0.064398 0.0722372 0.0815587 0.0928413 0.106796 0.124526 0.147843
2.56563400043 0.039696 0.0388118 0.0369634952484 0.0439101 0.0486871 0.0541531 0.0604757 0.0678817 0.0766866 0.0873423 0.10052 0.11726 0.139272
2.58308729295 0.0370787 0.0365414 0.0348299903372 0.0410547 0.0455608 0.0507159 0.0566776 0.0636598 0.0719593 0.0820016 0.0944186 0.110191 0.130927
2.60054058547 0.03456 0.0343281 0.0327441308265 0.0383031 0.0425444 0.0473955 0.0530046 0.0595724 0.0673782 0.0768214 0.0884958 0.103323 0.122813
2.61799387799 0.0321393 0.0321733 0.0307080655082 0.035655 0.0396376 0.044192 0.0494569 0.0556206 0.0629446 0.0718036 0.0827539 0.0966589 0.114935
2.63544717051 0.0298159 0.0300787 0.028723921506 0.0331098 0.0368404 0.0411056 0.0460352 0.0518052 0.0586601 0.0669502 0.0771955 0.0902032 0.107298
2.65290046303 0.0275892 0.0280456 0.0267937934407 0.0306672 0.0341525 0.0381363 0.0427398 0.0481269 0.0545257 0.0622627 0.0718228 0.0839588 0.0999052
2.67035375555 0.0254583 0.0260757 0.0249197181503 0.0283265 0.0315735 0.0352841 0.0395708 0.0445863 0.0505424 0.0577427 0.0666382 0.0779285 0.0927615
2.68780704807 0.0234225 0.0241702 0.0231036819133 0.0260872 0.0291031 0.0325488 0.0365286 0.0411839 0.0467111 0.0533917 0.0616435 0.0721151 0.0858704
2.70526034059 0.0214808 0.0223307 0.0213475987796 0.0239486 0.0267408 0.0299302 0.0336131 0.0379201 0.0430327 0.0492109 0.0568407 0.0665212 0.0792353
2.72271363311 0.0196326 0.0205584 0.0196533033483 0.02191 0.0244862 0.0274281 0.0308244 0.0347953 0.0395078 0.0452014 0.0522313 0.0611491 0.0728595
2.74016692563 0.0178767 0.0188545 0.0180225471556 0.0199707 0.0223387 0.0250421 0.0281623 0.0318095 0.0361369 0.0413641 0.0478167 0.0560007 0.0667458
2.75762021815 0.0162122 0.0172205 0.0164569697841 0.0181297 0.0202976 0.0227718 0.0256267 0.028963 0.0329205 0.0376998 0.0435983 0.0510781 0.0608968
2.77507351067 0.0146381 0.0156572 0.0149581169194 0.0163863 0.0183622 0.0206167 0.0232173 0.0262556 0.0298588 0.0342091 0.0395771 0.0463827 0.0553148
2.79252680319 0.0131532 0.014166 0.013527400625 0.0147395 0.0165317 0.018576 0.0209336 0.0236871 0.0269518 0.0308924 0.0357538 0.0419158 0.0500018
2.80998009571 0.0117565 0.0127476 0.0121661173987 0.0131882 0.0148053 0.0166493 0.0187751 0.0212573 0.0241995 0.02775 0.0321291 0.0376786 0.0449593
2.82743338823 0.0104468 0.0114029 0.0108754228936 0.0117314 0.013182 0.0148355 0.0167412 0.0189658 0.0216018 0.024782 0.0287033 0.0336717 0.0401887
2.84488668075 0.0092227 0.0101328 0.00965632830575 0.010368 0.0116608 0.013134 0.0148313 0.0168119 0.0191582 0.0219881 0.0254767 0.0298957 0.0356909
2.86233997327 0.008083 0.00893778 0.0085096931521 0.00909675 0.0102406 0.0115436 0.0130443 0.014795 0.0168683 0.0193682 0.0224492 0.0263509 0.0314665
2.87979326579 0.00702632 0.00781847 0.00743621082432 0.00791635 0.00892021 0.0100633 0.0113795 0.0129143 0.0147314 0.0169217 0.0196203 0.023037 0.0275158
2.89724655831 0.00605124 0.00677523 0.00643641220044 0.00682549 0.0076984 0.00869203 0.00983562 0.0111688 0.0127465 0.0146478 0.0169897 0.0199539 0.0238385
2.91469985083 0.00515626 0.00580832 0.00551064758774 0.00582272 0.0065738 0.0074284 0.00841158 0.00955732 0.0109128 0.0125457 0.0145564 0.0171007 0.0204342
2.93215314335 0.00433985 0.00491784 0.00465907949989 0.00490658 0.00554498 0.00627105 0.00710604 0.00807869 0.00922901 0.0106142 0.0123194 0.0144765 0.0173021
2.94960643587 0.00360038 0.00410378 0.00388168987983 0.00407547 0.0046104 0.00521851 0.00591753 0.00673148 0.00769372 0.00885205 0.0102775 0.0120801 0.0144407
2.96705972839 0.00293617 0.00336592 0.00317824759697 0.00332775 0.00376843 0.00426916 0.00484448 0.0055141 0.00630539 0.00725757 0.00842889 0.00990971 0.0118483
2.98451302091 0.00234547 0.00270391 0.00254832650433 0.00266169 0.00301735 0.00342128 0.00388516 0.00442482 0.00506226 0.005829 0.00677184 0.00796342 0.00952289
3.00196631343 0.00182644 0.0021172 0.0019912801586 0.00207543 0.00235533 0.00267303 0.00303769 0.00346172 0.00396234 0.00456426 0.00530413 0.00623885 0.00746178
3.01941960595 0.00137716 0.00160506 0.00150623820871 0.00156706 0.0017804 0.00202242 0.00230005 0.0026227 0.00300346 0.00346104 0.00402326 0.00473328 0.00566191
3.03687289847 0.00099561 0.00116657 0.0010920919502 0.00113453 0.00129049 0.00146731 0.00167002 0.00190548 0.00218318 0.00251675 0.00292642 0.00344357 0.00411971
3.05432619099 0.000679674 0.000800577 0.000747494325212 0.000775686 0.000883399 0.00100543 0.00114524 0.00130753 0.00149883 0.0017285 0.00201042 0.00236615 0.00283106
3.07177948351 0.000427114 0.000505714 0.000470831031161 0.000488234 0.000556748 0.000634309 0.000723108 0.000826115 0.000947458 0.00109305 0.00127167 0.00149696 0.00179125
3.08923277603 0.000235554 0.000280351 0.000260191629418 0.000269729 0.000308003 0.000351294 0.000400819 0.000458223 0.000525799 0.000606827 0.000706178 0.000831415 0.000994942
3.10668606855 0.000102441 0.000122561 0.00011335148823 0.000117526 0.000134404 0.000153476 0.000175273 0.000200517 0.00023021 0.000265787 0.000309381 0.0003643 0.000435974
3.12413936107 2.49836e-05 3.0052e-05 2.76814973488e-05 2.8725e-05 3.29058e-05 3.76243e-05 4.30113e-05 4.92436e-05 5.65672e-05 6.53346e-05 7.60691e-05 8.95827e-05 0.000107208
3.14159265359 0.0 0.0 0.0 0.0 0.0 0.0 0.0 0.0 0.0 0.0 0.0 0.0 0.0
