alpha phi_iso phi_ray phi_vec g0=0.1 g0=0.2 g0=0.3 g0=0.4 g0=0.5 g0=0.6 g0=0.7 g0=0.8 g0=0.9 g0=1.0
0.0 1.0 1.0 1.0 1.0 1.0 1.0 1.0 1.0 1.0 1.0 1.0 1.0 1.0
0.0174532925199 0.999656 0.999509 0.999504452366 0.999672 0.999691 0.999716 0.999747 0.999788 0.999845 0.999929 1.00007 1.00033 1.00108
0.0349065850399 0.998694 0.998112 0.99809119384 0.998758 0.998835 0.998931 0.999054 0.999216 0.999441 0.999773 1.00032 1.00138 1.00431
0.0523598775598 0.997221 0.99592 0.995869875458 0.997362 0.997534 0.997747 0.998019 0.998379 0.998879 0.999618 1.00083 1.00318 1.00972
0.0698131700798 0.995318 0.993022 0.992927575887 0.995566 0.995867 0.996241 0.996719 0.997351 0.998228 0.999528 1.00166 1.00579 1.01728
0.0872664625997 0.993039 0.989478 0.989322167045 0.993421 0.993886 0.994463 0.995201 0.996177 0.997532 0.999541 1.00283 1.00922 1.02699
0.10471975512 0.990417 0.985327 0.98509217863 0.99096 0.991621 0.992443 0.993494 0.994885 0.996816 0.99968 1.00437 1.01348 1.03882
0.12217304764 0.987474 0.980597 0.980266836734 0.988206 0.989096 0.990203 0.991618 0.993493 0.996096 0.999957 1.00629 1.01857 1.05274
0.13962634016 0.98423 0.975315 0.974871750454 0.985176 0.986327 0.987759 0.98959 0.992016 0.995385 1.00038 1.00858 1.02449 1.06873
0.157079632679 0.980702 0.969504 0.96893115559 0.981887 0.98333 0.985125 0.987422 0.990465 0.994692 1.00096 1.01125 1.03122 1.08676
0.174532925199 0.976904 0.963188 0.962468552938 0.978354 0.980119 0.982316 0.985126 0.988851 0.994026 1.00171 1.0143 1.03875 1.10677
0.191986217719 0.972851 0.956388 0.955506843683 0.97459 0.976706 0.979342 0.982714 0.987183 0.993394 1.00261 1.01773 1.04708 1.12873
0.209439510239 0.968557 0.949128 0.948068426115 0.970607 0.973105 0.976214 0.980193 0.985469 0.9928 1.00368 1.02153 1.05618 1.1526
0.226892802759 0.964033 0.941428 0.940175214967 0.966419 0.969324 0.972943 0.977574 0.983714 0.992248 1.00492 1.0257 1.06605 1.17831
0.244346095279 0.959292 0.93331 0.931848699443 0.962034 0.965375 0.969536 0.974863 0.981926 0.991743 1.00632 1.03022 1.07665 1.20583
0.261799387799 0.954342 0.924793 0.923109962562 0.957463 0.961266 0.966002 0.972066 0.980108 0.991286 1.00788 1.0351 1.08798 1.23509
0.279252680319 0.949196 0.915899 0.913979797208 0.952715 0.957005 0.962348 0.96919 0.978263 0.990877 1.00961 1.04033 1.1 1.26604
0.296705972839 0.943861 0.906647 0.90447868679 0.947799 0.9526 0.95858 0.966239 0.976396 0.990517 1.01149 1.04588 1.1127 1.29861
0.314159265359 0.938346 0.897056 0.894626882612 0.942723 0.948058 0.954705 0.963217 0.974508 0.990206 1.01352 1.05176 1.12604 1.33275
0.331612557879 0.93266 0.887146 0.884444384527 0.937493 0.943385 0.950726 0.960128 0.9726 0.989941 1.01569 1.05794 1.14001 1.36838
0.349065850399 0.926811 0.876936 0.873951018308 0.932117 0.938587 0.94665 0.956976 0.970675 0.989722 1.01801 1.06442 1.15458 1.40545
0.366519142919 0.920805 0.866445 0.863166396965 0.926602 0.93367 0.942479 0.953762 0.968731 0.989546 1.02046 1.07118 1.16971 1.44389
0.383972435439 0.91465 0.855691 0.852109901401 0.920954 0.92864 0.938219 0.95049 0.96677 0.989409 1.02303 1.0782 1.18538 1.48362
0.401425727959 0.908353 0.844692 0.840800777124 0.915177 0.9235 0.933873 0.94716 0.964791 0.989308 1.02573 1.08548 1.20155 1.52458
0.418879020479 0.901919 0.833468 0.829257998849 0.909279 0.918255 0.929443 0.943775 0.962793 0.98924 1.02852 1.09298 1.21821 1.56669
0.436332312999 0.895356 0.822035 0.817500405896 0.903264 0.91291 0.924933 0.940336 0.960775 0.9892 1.03142 1.10071 1.2353 1.60988
0.453785605519 0.888668 0.810411 0.805546566797 0.897138 0.907468 0.920345 0.936843 0.958736 0.989184 1.03441 1.10863 1.25282 1.65408
0.471238898038 0.881862 0.798615 0.793414837315 0.890904 0.901933 0.915682 0.933298 0.956674 0.989187 1.03748 1.11674 1.27071 1.69921
0.488692190558 0.874942 0.786663 0.781123321768 0.884568 0.896308 0.910946 0.929699 0.954588 0.989203 1.04063 1.12501 1.28895 1.7452
0.506145483078 0.867915 0.774572 0.768689873022 0.878133 0.890598 0.906138 0.926049 0.952474 0.989228 1.04383 1.13343 1.3075 1.79197
0.523598775598 0.860785 0.762359 0.756132111839 0.871605 0.884804 0.90126 0.922346 0.950331 0.989256 1.04708 1.14197 1.32634 1.83944
0.541052068118 0.853556 0.75004 0.743467291477 0.864986 0.878929 0.896314 0.918591 0.948156 0.98928 1.05037 1.15063 1.34543 1.88755
0.558505360638 0.846235 0.737632 0.730712452431 0.858281 0.872977 0.891301 0.914782 0.945946 0.989295 1.0537 1.15938 1.36472 1.93621
0.575958653158 0.838824 0.72515 0.717884267693 0.851494 0.86695 0.886223 0.91092 0.943699 0.989295 1.05704 1.16821 1.3842 1.98534
0.593411945678 0.831329 0.71261 0.704999062096 0.844627 0.86085 0.88108 0.907003 0.941412 0.989274 1.06038 1.17708 1.40382 2.03487
0.610865238198 0.823754 0.700027 0.692072850995 0.837684 0.85468 0.875873 0.903032 0.93908 0.989226 1.06373 1.18599 1.42355 2.08472
0.628318530718 0.816102 0.687416 0.679121282247 0.830669 0.848441 0.870603 0.899004 0.936702 0.989143 1.06706 1.19492 1.44336 2.13482
0.645771823238 0.808379 0.674791 0.666159597518 0.823584 0.842136 0.865271 0.89492 0.934274 0.98902 1.07036 1.20385 1.46322 2.18509
0.663225115758 0.800587 0.662167 0.653202670975 0.816433 0.835767 0.859878 0.890777 0.931792 0.988849 1.07362 1.21275 1.48308 2.23546
0.680678408278 0.792731 0.649557 0.640264951254 0.809218 0.829335 0.854423 0.886575 0.929254 0.988625 1.07684 1.22161 1.50292 2.28584
0.698131700798 0.784814 0.636974 0.627360480807 0.801943 0.822843 0.848908 0.882313 0.926655 0.988341 1.08 1.23042 1.5227 2.33617
0.715584993318 0.776839 0.624432 0.614502857213 0.794609 0.816291 0.843332 0.877988 0.923992 0.987991 1.08308 1.23914 1.54238 2.38637
0.733038285838 0.768811 0.611942 0.60170523318 0.78722 0.809683 0.837697 0.873601 0.921262 0.987567 1.08609 1.24777 1.56195 2.43637
0.750491578358 0.760732 0.599517 0.588980297204 0.779778 0.803018 0.832002 0.869149 0.918461 0.987063 1.089 1.25629 1.58135 2.48609
0.767944870878 0.752606 0.587169 0.576340273566 0.772285 0.796299 0.826247 0.864632 0.915586 0.986474 1.0918 1.26467 1.60057 2.53547
0.785398163397 0.744436 0.574908 0.563796902994 0.764745 0.789527 0.820434 0.860047 0.912633 0.985791 1.0945 1.2729 1.61957 2.58443
0.802851455917 0.736226 0.562746 0.551361461999 0.757159 0.782703 0.814561 0.855394 0.909599 0.985011 1.09706 1.28097 1.63831 2.63291
0.820304748437 0.727978 0.550692 0.539044685515 0.74953 0.775829 0.80863 0.850671 0.906481 0.984125 1.09949 1.28885 1.65678 2.68084
0.837758040957 0.719695 0.538756 0.526856844258 0.741859 0.768906 0.802639 0.845876 0.903274 0.983127 1.10178 1.29652 1.67493 2.72814
0.855211333477 0.71138 0.526948 0.514807667364 0.73415 0.761936 0.796591 0.841009 0.899976 0.982013 1.10391 1.30398 1.69274 2.77477
0.872664625997 0.703036 0.515276 0.502906381071 0.726403 0.754918 0.790483 0.836068 0.896584 0.980776 1.10588 1.3112 1.71018 2.82064
0.890117918517 0.694667 0.503749 0.491161708721 0.718622 0.747856 0.784318 0.831052 0.893094 0.979409 1.10767 1.31817 1.72721 2.8657
0.907571211037 0.686273 0.492375 0.479581832071 0.710809 0.74075 0.778094 0.825959 0.889503 0.977909 1.10927 1.32488 1.74382 2.90989
0.925024503557 0.67786 0.48116 0.468174391297 0.702964 0.7336 0.771812 0.820789 0.885809 0.976268 1.11068 1.3313 1.75998 2.95314
0.942477796077 0.669428 0.470111 0.456946543021 0.695091 0.726409 0.765471 0.815539 0.882007 0.974482 1.11189 1.33742 1.77566 2.99541
0.959931088597 0.66098 0.459236 0.445904844255 0.687191 0.719178 0.759073 0.81021 0.878097 0.972546 1.11289 1.34323 1.79083 3.03663
0.977384381117 0.65252 0.448539 0.435055407138 0.679266 0.711906 0.752617 0.804799 0.874074 0.970454 1.11367 1.34872 1.80547 3.07674
0.994837673637 0.644048 0.438027 0.424403744205 0.671318 0.704596 0.746104 0.799306 0.869936 0.968202 1.11422 1.35387 1.81955 3.1157
1.01229096616 0.635569 0.427703 0.413954903773 0.663349 0.697249 0.739533 0.79373 0.865681 0.965785 1.11453 1.35867 1.83306 3.15346
1.02974425868 0.627084 0.417573 0.403713353895 0.65536 0.689866 0.732905 0.78807 0.861307 0.963198 1.1146 1.3631 1.84597 3.18995
1.0471975512 0.618596 0.40764 0.39368309841 0.647353 0.682448 0.72622 0.782326 0.85681 0.960438 1.11442 1.36716 1.85826 3.22515
1.06465084372 0.610106 0.397908 0.383867580233 0.639331 0.674995 0.719478 0.776495 0.852189 0.957501 1.11399 1.37082 1.8699 3.25899
1.08210413624 0.601618 0.388379 0.374269778066 0.631294 0.66751 0.71268 0.770579 0.847443 0.954382 1.11329 1.37409 1.88088 3.29144
1.09955742876 0.593132 0.379056 0.364892148371 0.623245 0.659992 0.705827 0.764575 0.842568 0.951078 1.11232 1.37695 1.89118 3.32245
1.11701072128 0.584652 0.369941 0.355736664053 0.615185 0.652444 0.698917 0.758485 0.837565 0.947586 1.11107 1.37939 1.90079 3.35199
1.1344640138 0.57618 0.361036 0.346804814464 0.607115 0.644867 0.691953 0.752307 0.83243 0.943902 1.10954 1.3814 1.90967 3.38002
1.15191730632 0.567717 0.352341 0.338097605399 0.599039 0.637261 0.684934 0.74604 0.827162 0.940024 1.10773 1.38298 1.91783 3.40649
1.16937059884 0.559266 0.343858 0.329615597782 0.590956 0.629628 0.677862 0.739686 0.821761 0.935949 1.10562 1.38411 1.92524 3.43138
1.18682389136 0.550829 0.335587 0.321358888324 0.582869 0.621969 0.670736 0.733243 0.816225 0.931674 1.10322 1.38478 1.93189 3.45466
1.20427718388 0.542407 0.327527 0.313327128865 0.57478 0.614284 0.663557 0.726712 0.810553 0.927198 1.10052 1.38499 1.93776 3.47629
1.2217304764 0.534003 0.319678 0.305519545718 0.566689 0.606577 0.656326 0.720093 0.804745 0.922518 1.09752 1.38474 1.94285 3.49624
1.23918376892 0.525618 0.312039 0.297934959006 0.558599 0.598846 0.649044 0.713385 0.798799 0.917632 1.09421 1.38401 1.94714 3.5145
1.25663706144 0.517254 0.304609 0.290571802009 0.550511 0.591095 0.641712 0.70659 0.792717 0.91254 1.09059 1.38281 1.95063 3.53104
1.27409035396 0.508914 0.297385 0.283428063137 0.542427 0.583324 0.63433 0.699707 0.786496 0.90724 1.08665 1.38112 1.95329 3.54583
1.29154364648 0.500599 0.290367 0.276501421324 0.534349 0.575533 0.6269 0.692737 0.780137 0.90173 1.08241 1.37894 1.95514 3.55886
1.308996939 0.49231 0.283551 0.269789188002 0.526277 0.567726 0.619422 0.685681 0.77364 0.896011 1.07784 1.37627 1.95615 3.57011
1.32645023152 0.48405 0.276935 0.263288268415 0.518214 0.559903 0.611897 0.678539 0.767006 0.890082 1.07296 1.37311 1.95632 3.57957
1.34390352404 0.47582 0.270516 0.256995355044 0.51016 0.552065 0.604327 0.671312 0.760234 0.883943 1.06776 1.36944 1.95565 3.58722
1.36135681656 0.467622 0.264291 0.250906734183 0.502118 0.544213 0.596713 0.664001 0.753326 0.877594 1.06224 1.36529 1.95413 3.59306
1.37881010908 0.459457 0.258255 0.245018440678 0.49409 0.53635 0.589056 0.656608 0.746281 0.871034 1.0564 1.36063 1.95177 3.59706
1.3962634016 0.451328 0.252406 0.23932621924 0.486076 0.528476 0.581357 0.649132 0.739101 0.864266 1.05024 1.35547 1.94855 3.59924
1.41371669412 0.443235 0.246739 0.233825621159 0.478078 0.520594 0.573618 0.641576 0.731788 0.857288 1.04376 1.34981 1.94447 3.59958
1.43116998664 0.43518 0.24125 0.228511868907 0.470098 0.512704 0.565839 0.63394 0.724341 0.850104 1.03697 1.34365 1.93955 3.59808
1.44862327916 0.427166 0.235935 0.223380010877 0.462137 0.504808 0.558024 0.626227 0.716763 0.842713 1.02985 1.33699 1.93377 3.59474
1.46607657168 0.419193 0.230788 0.218424902038 0.454197 0.496907 0.550172 0.618438 0.709056 0.835119 1.02243 1.32983 1.92713 3.58957
1.4835298642 0.411263 0.225805 0.213641203939 0.446279 0.489004 0.542287 0.610574 0.70122 0.827321 1.01468 1.32218 1.91966 3.58257
1.50098315672 0.403377 0.22098 0.209023384703 0.438385 0.481099 0.534368 0.602637 0.693258 0.819323 1.00663 1.31403 1.91133 3.57374
1.51843644924 0.395537 0.21631 0.204565796405 0.430516 0.473195 0.526419 0.59463 0.685172 0.811127 0.998271 1.3054 1.90217 3.5631
1.53588974176 0.387745 0.211788 0.200262675062 0.422675 0.465293 0.518441 0.586553 0.676964 0.802736 0.989605 1.29629 1.89217 3.55065
1.55334303427 0.380001 0.207408 0.196108121298 0.414861 0.457394 0.510435 0.57841 0.668637 0.794152 0.980638 1.28669 1.88135 3.5364
1.57079632679 0.372307 0.203166 0.192096139026 0.407078 0.449501 0.502404 0.570202 0.660193 0.785378 0.971374 1.27662 1.86971 3.52038
1.58824961931 0.364665 0.199057 0.188220693473 0.399326 0.441615 0.49435 0.561931 0.651634 0.776418 0.961816 1.26608 1.85725 3.50259
1.60570291183 0.357075 0.195073 0.184475633815 0.391607 0.433738 0.486274 0.5536 0.642965 0.767276 0.951969 1.25507 1.84399 3.48306
1.62315620435 0.34954 0.19121 0.180854847908 0.383922 0.425871 0.478179 0.545212 0.634187 0.757954 0.941838 1.24361 1.82995 3.46181
1.64060949687 0.34206 0.187462 0.177352126903 0.376274 0.418016 0.470067 0.53677 0.625304 0.748457 0.931429 1.2317 1.81512 3.43886
1.65806278939 0.334636 0.183823 0.173961300631 0.368663 0.410176 0.46194 0.528275 0.616319 0.73879 0.920746 1.21935 1.79952 3.41422
1.67551608191 0.327271 0.180288 0.170676218267 0.361091 0.402352 0.453801 0.51973 0.607236 0.728957 0.909796 1.20656 1.78317 3.38794
1.69296937443 0.319964 0.176851 0.167490748327 0.35356 0.394546 0.445651 0.511139 0.598058 0.718962 0.898585 1.19336 1.76608 3.36003
1.71042266695 0.312718 0.173506 0.164398798013 0.346071 0.386759 0.437493 0.502504 0.588789 0.70881 0.887119 1.17973 1.74826 3.33053
1.72787595947 0.305533 0.170248 0.161394332552 0.338625 0.378994 0.429329 0.493828 0.579433 0.698506 0.875406 1.1657 1.72973 3.29946
1.74532925199 0.298411 0.167071 0.158471413884 0.331225 0.371253 0.421163 0.485116 0.569994 0.688056 0.863452 1.15128 1.7105 3.26686
1.76278254451 0.291353 0.16397 0.155624181316 0.323871 0.363537 0.412995 0.476368 0.560476 0.677464 0.851264 1.13647 1.69059 3.23276
1.78023583703 0.28436 0.160939 0.152846870868 0.316565 0.355849 0.40483 0.46759 0.550884 0.666738 0.838851 1.12129 1.67003 3.1972
1.79768912955 0.277433 0.157973 0.150133873296 0.309308 0.348191 0.396668 0.458784 0.541221 0.655882 0.826221 1.10574 1.64882 3.16022
1.81514242207 0.270573 0.155068 0.147479656725 0.302103 0.340564 0.388514 0.449954 0.531492 0.644902 0.813381 1.08985 1.62698 3.12185
1.83259571459 0.263782 0.152218 0.144878902046 0.294951 0.33297 0.38037 0.441103 0.521702 0.633805 0.80034 1.07361 1.60454 3.08213
1.85004900711 0.257059 0.149418 0.142326386859 0.287852 0.325412 0.372238 0.432235 0.511856 0.622597 0.787106 1.05706 1.58152 3.04111
1.86750229963 0.250407 0.146664 0.139817101531 0.280809 0.317891 0.364122 0.423353 0.501958 0.611284 0.77369 1.04018 1.55793 2.99883
1.88495559215 0.243826 0.143951 0.137346191163 0.273823 0.310411 0.356023 0.414462 0.492014 0.599873 0.760099 1.02301 1.53381 2.95533
1.90240888467 0.237318 0.141275 0.13490897494 0.266896 0.302971 0.347945 0.405564 0.482027 0.588371 0.746344 1.00556 1.50916 2.91066
1.91986217719 0.230883 0.138631 0.132501023493 0.260028 0.295576 0.33989 0.396665 0.472005 0.576785 0.732433 0.987832 1.48401 2.86486
1.93731546971 0.224522 0.136016 0.130118062193 0.253222 0.288227 0.331863 0.387767 0.461951 0.565122 0.718378 0.969849 1.4584 2.81799
1.95476876223 0.218236 0.133426 0.127756048515 0.246479 0.280925 0.323864 0.378874 0.45187 0.553388 0.704187 0.951623 1.43233 2.77009
1.97222205475 0.212026 0.130857 0.125411172042 0.239801 0.273674 0.315898 0.369991 0.44177 0.541592 0.689871 0.93317 1.40583 2.72121
1.98967534727 0.205894 0.128306 0.123079854465 0.233188 0.266475 0.307967 0.361121 0.431653 0.529741 0.67544 0.914504 1.37894 2.6714
2.00712863979 0.199839 0.12577 0.120758730236 0.226642 0.25933 0.300074 0.352269 0.421527 0.517842 0.660905 0.895642 1.35166 2.62071
2.02458193231 0.193862 0.123246 0.118444685259 0.220165 0.252241 0.292222 0.343439 0.411397 0.505902 0.646277 0.876598 1.32404 2.5692
2.04203522483 0.187966 0.120731 0.116134837544 0.213758 0.245211 0.284415 0.334634 0.401268 0.493931 0.631565 0.857389 1.29609 2.51692
2.05948851735 0.182149 0.118222 0.113826595233 0.207423 0.238242 0.276654 0.32586 0.391146 0.481934 0.616782 0.838031 1.26784 2.46392
2.07694180987 0.176414 0.115718 0.111517540549 0.20116 0.231335 0.268944 0.317119 0.381037 0.46992 0.601938 0.81854 1.23932 2.41026
2.09439510239 0.170761 0.113217 0.109205584532 0.194972 0.224494 0.261287 0.308417 0.370947 0.457898 0.587044 0.798933 1.21055 2.356
2.11184839491 0.165191 0.110716 0.106888850987 0.188859 0.217719 0.253687 0.299757 0.360881 0.445874 0.572111 0.779225 1.18156 2.30118
2.12930168743 0.159704 0.108214 0.104565715167 0.182824 0.211013 0.246145 0.291144 0.350844 0.433858 0.557152 0.759435 1.15238 2.24586
2.14675497995 0.154301 0.10571 0.102234823119 0.176866 0.204379 0.238666 0.282582 0.340844 0.421856 0.542176 0.739577 1.12304 2.19011
2.16420827247 0.148983 0.103202 0.0998950529917 0.170989 0.197818 0.231252 0.274075 0.330886 0.409878 0.527197 0.71967 1.09356 2.13398
2.18166156499 0.143751 0.100691 0.0975455730711 0.165192 0.191332 0.223907 0.265627 0.320975 0.397931 0.512224 0.699731 1.06397 2.07752
2.19911485751 0.138606 0.0981748 0.0951857450636 0.159478 0.184923 0.216633 0.257243 0.311118 0.386024 0.49727 0.679776 1.03429 2.0208
2.21656815003 0.133547 0.0956536 0.0928152208094 0.153847 0.178595 0.209433 0.248927 0.30132 0.374164 0.482346 0.659823 1.00457 1.96387
2.23402144255 0.128575 0.0931272 0.0904338842552 0.148301 0.172347 0.202311 0.240684 0.291587 0.36236 0.467463 0.639888 0.974814 1.90679
2.25147473507 0.123692 0.0905956 0.0880418321119 0.142841 0.166183 0.195269 0.232517 0.281926 0.35062 0.452634 0.619989 0.945064 1.84962
2.26892802759 0.118898 0.0880592 0.0856394125397 0.137468 0.160105 0.188311 0.22443 0.272341 0.338952 0.43787 0.600143 0.915344 1.79242
2.28638132011 0.114193 0.0855184 0.0832272251472 0.132185 0.154115 0.181439 0.216428 0.26284 0.327364 0.423182 0.580367 0.885681 1.73524
2.30383461263 0.109579 0.082974 0.0808060629653 0.12699 0.148214 0.174656 0.208516 0.253427 0.315865 0.408582 0.560678 0.856105 1.67814
2.32128790515 0.105055 0.0804269 0.0783769124473 0.121887 0.142404 0.167965 0.200696 0.244109 0.304462 0.394081 0.541094 0.826643 1.62119
2.33874119767 0.100621 0.0778782 0.0759409921529 0.116876 0.136688 0.16137 0.192974 0.234891 0.293163 0.379691 0.52163 0.797321 1.56443
2.35619449019 0.0962798 0.0753292 0.0734997527484 0.111959 0.131067 0.154873 0.185353 0.225779 0.281977 0.365423 0.502305 0.768169 1.50793
2.37364778271 0.0920304 0.0727814 0.0710547802958 0.107135 0.125544 0.148476 0.177838 0.216779 0.270911 0.351289 0.483134 0.739214 1.45174
2.39110107523 0.0878735 0.0702364 0.0686078542791 0.102407 0.120119 0.142183 0.170431 0.207896 0.259973 0.337298 0.464134 0.710481 1.39592
2.40855436775 0.0838096 0.0676961 0.0661609669469 0.0977759 0.114795 0.135996 0.163139 0.199135 0.249171 0.323463 0.445322 0.682 1.34053
2.42600766027 0.0798392 0.0651625 0.0637162266009 0.0932421 0.109575 0.129918 0.155963 0.190503 0.238512 0.309795 0.426714 0.653795 1.28562
2.44346095279 0.0759626 0.0626377 0.0612759156229 0.088807 0.104458 0.123953 0.148909 0.182004 0.228005 0.296303 0.408327 0.625895 1.23124
2.46091424531 0.0721803 0.060124 0.0588424711324 0.0844715 0.0994478 0.118101 0.14198 0.173645 0.217656 0.283 0.390175 0.598324 1.17746
2.47836753783 0.0684927 0.0576237 0.0564184269601 0.0802365 0.0945454 0.112367 0.135179 0.16543 0.207474 0.269895 0.372275 0.571108 1.12432
2.49582083035 0.0649001 0.0551393 0.0540064716742 0.0761032 0.0897525 0.106752 0.128511 0.157364 0.197465 0.257 0.354643 0.544274 1.07188
2.51327412287 0.0614029 0.0526735 0.0516093905542 0.0720722 0.0850707 0.101259 0.121979 0.149453 0.187636 0.244323 0.337293 0.517846 1.02019
2.53072741539 0.0580014 0.0502291 0.0492300655906 0.0681446 0.0805017 0.09589 0.115586 0.141702 0.177995 0.231875 0.320241 0.491848 0.969295
2.54818070791 0.0546958 0.0478087 0.0468714754852 0.0643212 0.0760469 0.0906483 0.109337 0.134115 0.168549 0.219667 0.303501 0.466305 0.919256
2.56563400043 0.0514864 0.0454153 0.0445366763082 0.0606029 0.0717078 0.0855358 0.103233 0.126697 0.159303 0.207707 0.287087 0.441241 0.870118
2.58308729295 0.0483736 0.0430518 0.0422287628148 0.0569903 0.067486 0.0805546 0.0972798 0.119453 0.150266 0.196005 0.271015 0.416678 0.82193
2.60054058547 0.0453576 0.0407213 0.0399508877865 0.0534843 0.0633828 0.0757071 0.0914792 0.112388 0.141443 0.184571 0.255297 0.39264 0.774739
2.61799387799 0.0424385 0.0384267 0.0377062620316 0.0500857 0.0593995 0.0709954 0.0858345 0.105506 0.13284 0.173413 0.239948 0.369148 0.728591
2.63544717051 0.0396166 0.0361711 0.0354981350426 0.0467951 0.0555375 0.0664215 0.080349 0.0988112 0.124464 0.162541 0.22498 0.346225 0.683532
2.65290046303 0.0368921 0.0339576 0.0333296982858 0.0436131 0.0517981 0.0619875 0.0750255 0.092308 0.116321 0.151962 0.210406 0.323891 0.639605
2.67035375555 0.034265 0.0317894 0.0312042399381 0.0405405 0.0481824 0.0576952 0.0698669 0.0860003 0.108416 0.141685 0.196238 0.302167 0.596854
2.68780704807 0.0317356 0.0296695 0.0291249708078 0.0375778 0.0446915 0.0535465 0.0648759 0.0798922 0.100755 0.131718 0.182489 0.281072 0.555319
2.70526034059 0.0293039 0.0276009 0.0270951017031 0.0347255 0.0413267 0.0495432 0.0600552 0.0739875 0.0933432 0.122069 0.169171 0.260625 0.515041
2.72271363311 0.02697 0.0255867 0.0251178240902 0.0319842 0.0380889 0.045687 0.0554073 0.0682897 0.0861861 0.112746 0.156293 0.240846 0.476057
2.74016692563 0.024734 0.02363 0.0231962327239 0.0293543 0.0349791 0.0419794 0.0509346 0.0628023 0.0792885 0.103754 0.143868 0.221751 0.438406
2.75762021815 0.0225959 0.0217337 0.0213334417013 0.0268362 0.0319982 0.0384221 0.0466394 0.0575287 0.0726552 0.0951022 0.131905 0.203358 0.402123
2.77507351067 0.0205557 0.0199007 0.019532410382 0.0244305 0.0291471 0.0350164 0.0425239 0.0524721 0.0662906 0.0867959 0.120414 0.185683 0.367241
2.79252680319 0.0186134 0.0181339 0.0177960981252 0.0221373 0.0264266 0.0317638 0.0385902 0.0476354 0.060199 0.0788416 0.109404 0.168741 0.333794
2.80998009571 0.0167689 0.0164359 0.0161273095527 0.0199571 0.0238375 0.0286655 0.0348402 0.0430215 0.0543846 0.0712452 0.0988857 0.152547 0.301813
2.82743338823 0.0150222 0.0148095 0.0145287719173 0.0178901 0.0213803 0.0257225 0.0312757 0.038633 0.0488512 0.0640122 0.0888658 0.137116 0.271325
2.84488668075 0.0133731 0.0132572 0.0130031157606 0.0159364 0.0190557 0.0229361 0.0278984 0.0344724 0.0436023 0.0571479 0.0793527 0.122459 0.242359
2.86233997327 0.0118216 0.0117815 0.0115528362288 0.0140963 0.0168642 0.0203072 0.0247097 0.030542 0.0386412 0.0506572 0.0703537 0.10859 0.214941
2.87979326579 0.0103674 0.0103846 0.0101802543881 0.0123699 0.0148062 0.0178366 0.0217112 0.0268438 0.033971 0.0445444 0.0618756 0.0955189 0.189094
2.89724655831 0.00901045 0.00906882 0.00888761393582 0.0107572 0.0128822 0.0155251 0.0189041 0.0233798 0.0295945 0.0388137 0.0539247 0.0832572 0.164841
2.91469985083 0.00775037 0.00783617 0.00767696514714 0.00925818 0.0110923 0.0133733 0.0162894 0.0201516 0.0255141 0.0334688 0.0465066 0.0718139 0.142201
2.93215314335 0.00658694 0.00668857 0.00655020355944 0.00787285 0.00943692 0.0113819 0.0138681 0.0171608 0.0217322 0.0285131 0.0396265 0.0611978 0.121192
2.94960643587 0.00551986 0.00562775 0.00550906997237 0.00660109 0.00791606 0.00955109 0.011641 0.0144085 0.0182507 0.0239494 0.0332889 0.0514163 0.101832
2.96705972839 0.00454876 0.0046553 0.00455507307896 0.0054427 0.00652978 0.0078813 0.00960864 0.0118959 0.0150711 0.0197803 0.0274977 0.0424761 0.0841326
2.98451302091 0.00367326 0.00377263 0.00368960551894 0.00439747 0.00527803 0.00637268 0.00777158 0.0096238 0.0121948 0.0160078 0.0222561 0.0343828 0.0681074
3.00196631343 0.00289291 0.00298096 0.00291380848318 0.00346506 0.00416064 0.00502524 0.00613004 0.00759272 0.00962288 0.0126335 0.0175667 0.0271408 0.0537658
3.01941960595 0.0022072 0.0022813 0.00222862974039 0.00264508 0.00317736 0.00383889 0.00468411 0.00580302 0.0073559 0.00965859 0.0134316 0.0207536 0.0411151
3.03687289847 0.00161559 0.00167448 0.00163480429485 0.00193707 0.00232781 0.00281337 0.00343368 0.00425476 0.0053942 0.00708369 0.00985178 0.0152234 0.0301607
3.05432619099 0.00111743 0.00116111 0.00113283504426 0.00134046 0.0016115 0.00194825 0.00237841 0.00294773 0.00373771 0.00490895 0.00682781 0.0105513 0.020905
3.07177948351 0.000712028 0.000741569 0.000722973437448 0.000854578 0.00102778 0.00124294 0.00151774 0.0018814 0.00238596 0.00313396 0.00435933 0.00673697 0.0133482
3.08923277603 0.000398586 0.000415984 0.000405238816629 0.000478632 0.00057587 0.000696646 0.000850875 0.00105494 0.00133805 0.0017577 0.00244512 0.00377887 0.00748731
3.10668606855 0.000176189 0.000184222 0.000179302364095 0.000211688 0.0002548 0.000308339 0.000376693 0.000467124 0.00059256 0.000778477 0.00108299 0.00167378 0.00331638
3.12413936107 4.37677e-05 4.584e-05 4.4564471076e-05 5.26175e-05 6.33625e-05 7.67027e-05 9.37311e-05 0.000116255 0.000147492 0.000193785 0.0002696 0.000416676 0.000825576
3.14159265359 0.0 0.0 0.0 0.0 0.0 0.0 0.0 0.0 0.0 0.0 0.0 0.0 0.0
