alpha phi_iso phi_ray phi_vec g0=0.1 g0=0.2 g0=0.3 g0=0.4 g0=0.5 g0=0.6 g0=0.7 g0=0.8 g0=0.9 g0=1.0
0.0 1.0 1.0 1.0 1.0 1.0 1.0 1.0 1.0 1.0 1.0 1.0 1.0 1.0
0.0174532925199 0.999717 0.999598 0.999576187349 0.99973 0.999744 0.999761 0.99978 0.999802 0.999829 0.999862 0.999903 0.999957 1.00003
0.0349065850399 0.998915 0.998447 0.998357133103 0.998964 0.99902 0.999084 0.999157 0.999244 0.999348 0.999476 0.999636 0.999844 1.00013
0.0523598775598 0.997664 0.996629 0.99642018056 0.99777 0.99789 0.998028 0.998188 0.998377 0.998603 0.998881 0.999229 0.999682 1.0003
0.0698131700798 0.996018 0.99421 0.993826922342 0.996199 0.996405 0.996642 0.996917 0.997241 0.99763 0.998107 0.998708 0.999489 1.00055
0.0872664625997 0.994012 0.991233 0.990619549084 0.994285 0.994596 0.994954 0.995369 0.99586 0.99645 0.997174 0.998086 0.999274 1.00089
0.10471975512 0.991669 0.987728 0.986827527657 0.992051 0.992485 0.992984 0.993566 0.994253 0.99508 0.996096 0.997376 0.999045 1.00132
0.12217304764 0.989008 0.983719 0.982474440654 0.989512 0.990087 0.990749 0.99152 0.992433 0.993531 0.994881 0.996585 0.998806 1.00183
0.13962634016 0.986042 0.979227 0.977581654243 0.986684 0.987416 0.98826 0.989245 0.99041 0.991813 0.993539 0.995719 0.998562 1.00244
0.157079632679 0.982785 0.97427 0.97216977373 0.983579 0.984485 0.98553 0.986749 0.988194 0.989935 0.992077 0.994784 0.998316 1.00313
0.174532925199 0.97925 0.968868 0.966259023991 0.980209 0.981305 0.982569 0.984045 0.985795 0.987904 0.990502 0.993785 0.998072 1.00392
0.191986217719 0.975448 0.96304 0.959869348713 0.976586 0.977886 0.979387 0.981141 0.98322 0.985729 0.98882 0.992727 0.997831 1.00479
0.209439510239 0.971391 0.956804 0.953020435204 0.97272 0.974239 0.975994 0.978045 0.980479 0.983416 0.987035 0.991612 0.997595 1.00576
0.226892802759 0.967089 0.950176 0.945731710262 0.968621 0.970373 0.972398 0.974766 0.977577 0.98097 0.985153 0.990445 0.997364 1.00681
0.244346095279 0.962552 0.943176 0.938022377387 0.964299 0.966298 0.968608 0.971311 0.974521 0.978398 0.983178 0.989228 0.997139 1.00794
0.261799387799 0.95779 0.935818 0.929911449865 0.959763 0.962021 0.964632 0.967688 0.971319 0.975704 0.981115 0.987963 0.996921 1.00915
0.279252680319 0.952811 0.928121 0.921417754898 0.955021 0.957551 0.960477 0.963904 0.967975 0.972894 0.978965 0.986652 0.996708 1.01044
0.296705972839 0.947624 0.920101 0.912559979098 0.950081 0.952894 0.95615 0.959963 0.964494 0.969972 0.976733 0.985295 0.996499 1.01181
0.314159265359 0.942238 0.911773 0.903356676751 0.944951 0.948059 0.951657 0.955872 0.960882 0.966941 0.97442 0.983894 0.996294 1.01324
0.331612557879 0.936659 0.903154 0.893826261549 0.939639 0.943052 0.947004 0.951636 0.957143 0.963804 0.972029 0.982449 0.99609 1.01473
0.349065850399 0.930896 0.894259 0.883987031402 0.93415 0.937879 0.942198 0.947261 0.953282 0.960565 0.969561 0.98096 0.995884 1.01629
0.366519142919 0.924955 0.885104 0.873857151893 0.928492 0.932547 0.937244 0.942751 0.949302 0.957227 0.967018 0.979427 0.995676 1.01789
0.383972435439 0.918844 0.875704 0.86345466042 0.922672 0.927061 0.932147 0.938111 0.945206 0.953793 0.964401 0.977849 0.995461 1.01954
0.401425727959 0.91257 0.866075 0.852797449649 0.916696 0.921428 0.926912 0.933345 0.940999 0.950264 0.961712 0.976226 0.995237 1.02124
0.418879020479 0.906138 0.856231 0.841903267519 0.910569 0.915653 0.921544 0.928457 0.936683 0.946642 0.95895 0.974556 0.995001 1.02296
0.436332312999 0.899555 0.846186 0.830789696563 0.904298 0.90974 0.916048 0.92345 0.932262 0.94293 0.956116 0.972838 0.994748 1.02472
0.453785605519 0.892827 0.835957 0.819474145638 0.897888 0.903695 0.910428 0.91833 0.927737 0.939129 0.953211 0.971071 0.994475 1.02649
0.471238898038 0.88596 0.825556 0.807973825116 0.891344 0.897523 0.904688 0.913098 0.923112 0.93524 0.950234 0.969253 0.994178 1.02828
0.488692190558 0.878959 0.814998 0.796305755155 0.884672 0.891228 0.898832 0.907759 0.918389 0.931265 0.947186 0.967383 0.993853 1.03007
0.506145483078 0.871832 0.804297 0.784486724344 0.877876 0.884816 0.892865 0.902316 0.913571 0.927205 0.944066 0.965457 0.993495 1.03186
0.523598775598 0.864581 0.793467 0.772533285571 0.870963 0.87829 0.886789 0.89677 0.908658 0.923061 0.940873 0.963474 0.9931 1.03364
0.541052068118 0.857214 0.782521 0.760461739482 0.863936 0.871654 0.88061 0.891126 0.903654 0.918833 0.937608 0.961432 0.992663 1.0354
0.558505360638 0.849735 0.771473 0.748288113804 0.8568 0.864914 0.874329 0.885387 0.89856 0.914523 0.934269 0.959327 0.99218 1.03714
0.575958653158 0.842149 0.760334 0.736028150942 0.84956 0.858072 0.86795 0.879553 0.893378 0.910131 0.930856 0.957159 0.991646 1.03885
0.593411945678 0.834461 0.749119 0.723697291436 0.84222 0.851133 0.861477 0.873629 0.888108 0.905657 0.927367 0.954923 0.991055 1.04051
0.610865238198 0.826675 0.737839 0.711310653288 0.834785 0.8441 0.854913 0.867616 0.882754 0.901101 0.923803 0.952617 0.990402 1.04212
0.628318530718 0.818798 0.726507 0.698883027824 0.827258 0.836978 0.848261 0.861517 0.877316 0.896465 0.92016 0.950239 0.989684 1.04368
0.645771823238 0.810832 0.715134 0.686428846615 0.819644 0.829769 0.841523 0.855334 0.871794 0.891748 0.91644 0.947785 0.988893 1.04517
0.663225115758 0.802782 0.703733 0.673962185612 0.811947 0.822477 0.834703 0.849069 0.866192 0.886951 0.91264 0.945253 0.988027 1.04658
0.680678408278 0.794654 0.692313 0.661496740334 0.804171 0.815106 0.827803 0.842724 0.86051 0.882073 0.908759 0.94264 0.987078 1.04792
0.698131700798 0.786451 0.680887 0.649045813465 0.796318 0.807658 0.820826 0.836301 0.854748 0.877114 0.904796 0.939942 0.986042 1.04916
0.715584993318 0.778176 0.669465 0.636622310716 0.788395 0.800138 0.813774 0.829801 0.848908 0.872075 0.900749 0.937157 0.984914 1.0503
0.733038285838 0.769836 0.658058 0.624238711881 0.780403 0.792547 0.806651 0.823228 0.842991 0.866956 0.896618 0.934282 0.983689 1.05134
0.750491578358 0.761432 0.646674 0.611907079108 0.772346 0.78489 0.799458 0.816582 0.836998 0.861755 0.8924 0.931314 0.982362 1.05226
0.767944870878 0.75297 0.635324 0.59963903622 0.764228 0.777169 0.792198 0.809865 0.83093 0.856474 0.888095 0.92825 0.980928 1.05306
0.785398163397 0.744453 0.624018 0.587445756314 0.756053 0.769387 0.784874 0.80308 0.824787 0.851113 0.883702 0.925087 0.979381 1.05373
0.802851455917 0.735885 0.612763 0.575337965892 0.747824 0.761547 0.777487 0.796226 0.818571 0.84567 0.879218 0.921822 0.977716 1.05426
0.820304748437 0.72727 0.601569 0.56332592419 0.739543 0.753652 0.77004 0.789307 0.812282 0.840146 0.874642 0.918453 0.97593 1.05464
0.837758040957 0.718611 0.590444 0.551419419036 0.731215 0.745704 0.762535 0.782324 0.805921 0.834541 0.869974 0.914975 0.974017 1.05487
0.855211333477 0.709912 0.579396 0.539627766859 0.722842 0.737707 0.754975 0.775278 0.799489 0.828855 0.865212 0.911388 0.971973 1.05494
0.872664625997 0.701176 0.568431 0.527959812681 0.714427 0.729662 0.747361 0.76817 0.792987 0.823087 0.860355 0.907688 0.969792 1.05485
0.890117918517 0.692406 0.557558 0.516423897041 0.705974 0.721573 0.739695 0.761003 0.786415 0.817238 0.855401 0.903873 0.967472 1.05457
0.907571211037 0.683607 0.546783 0.505027897343 0.697486 0.713442 0.73198 0.753778 0.779774 0.811307 0.850349 0.899939 0.965006 1.05412
0.925024503557 0.674782 0.536113 0.493779186509 0.688965 0.705272 0.724218 0.746496 0.773066 0.805294 0.845199 0.895885 0.962392 1.05348
0.942477796077 0.665932 0.525553 0.482684657783 0.680414 0.697065 0.716411 0.739159 0.76629 0.7992 0.839949 0.891709 0.959625 1.05264
0.959931088597 0.657063 0.515108 0.471750704062 0.671836 0.688824 0.70856 0.731768 0.759447 0.793024 0.834599 0.887408 0.956701 1.05161
0.977384381117 0.648177 0.504785 0.460983234434 0.663235 0.68055 0.700667 0.724324 0.752539 0.786766 0.829147 0.882979 0.953617 1.05037
0.994837673637 0.639276 0.494588 0.450387678313 0.654612 0.672247 0.692736 0.716829 0.745567 0.780427 0.823592 0.878422 0.950369 1.04891
1.01229096616 0.630365 0.484522 0.439968964762 0.645971 0.663916 0.684767 0.709285 0.73853 0.774006 0.817934 0.873734 0.946954 1.04724
1.02974425868 0.621446 0.474591 0.42973155144 0.637314 0.655561 0.676762 0.701693 0.73143 0.767504 0.812173 0.868913 0.943369 1.04535
1.0471975512 0.612521 0.464798 0.41967942047 0.628643 0.647183 0.668723 0.694055 0.724269 0.760921 0.806307 0.863958 0.93961 1.04323
1.06465084372 0.603595 0.455147 0.409816078434 0.619962 0.638784 0.660653 0.686371 0.717046 0.754257 0.800336 0.858868 0.935674 1.04087
1.08210413624 0.594669 0.44564 0.40014456051 0.611273 0.630367 0.652553 0.678643 0.709762 0.747513 0.79426 0.85364 0.93156 1.03828
1.09955742876 0.585746 0.436282 0.390667451149 0.602578 0.621935 0.644425 0.670873 0.70242 0.740689 0.788078 0.848274 0.927264 1.03545
1.11701072128 0.576829 0.427074 0.381386884072 0.59388 0.613488 0.636271 0.663063 0.695019 0.733786 0.78179 0.842769 0.922785 1.03238
1.1344640138 0.567921 0.418017 0.372304542275 0.585181 0.60503 0.628092 0.655213 0.687562 0.726804 0.775397 0.837123 0.91812 1.02906
1.15191730632 0.559024 0.409115 0.363421686968 0.576484 0.596562 0.619891 0.647326 0.680048 0.719743 0.768898 0.831336 0.913268 1.02549
1.16937059884 0.550141 0.400367 0.354739141041 0.567791 0.588088 0.61167 0.639402 0.672479 0.712605 0.762292 0.825407 0.908227 1.02166
1.18682389136 0.541275 0.391776 0.346257330411 0.559105 0.579607 0.60343 0.631444 0.664857 0.705391 0.755582 0.819337 0.902996 1.01758
1.20427718388 0.532428 0.383342 0.337976267484 0.550427 0.571124 0.595173 0.623452 0.657183 0.6981 0.748766 0.813124 0.897573 1.01324
1.2217304764 0.523601 0.375065 0.329895580099 0.54176 0.56264 0.586901 0.61543 0.649457 0.690734 0.741845 0.806768 0.891958 1.00864
1.23918376892 0.514799 0.366946 0.322014519798 0.533106 0.554157 0.578616 0.607377 0.641681 0.683294 0.73482 0.80027 0.88615 1.00377
1.25663706144 0.506023 0.358984 0.314331965965 0.524468 0.545677 0.570319 0.599297 0.633858 0.675781 0.727692 0.793629 0.880148 0.998645
1.27409035396 0.497275 0.351179 0.306846463036 0.515847 0.537202 0.562014 0.59119 0.625987 0.668197 0.720461 0.786846 0.873953 0.993252
1.29154364648 0.488557 0.34353 0.299556199829 0.507246 0.528735 0.553701 0.583058 0.618071 0.660541 0.713128 0.779922 0.867564 0.987595
1.308996939 0.479873 0.336037 0.292459063298 0.498667 0.520276 0.545382 0.574903 0.61011 0.652817 0.705695 0.772857 0.860981 0.981671
1.32645023152 0.471224 0.328697 0.285552617856 0.490112 0.511829 0.537059 0.566726 0.602108 0.645024 0.698161 0.765652 0.854205 0.975481
1.34390352404 0.462612 0.321511 0.278834142593 0.481583 0.503395 0.528735 0.558531 0.594065 0.637166 0.69053 0.758308 0.847237 0.969026
1.36135681656 0.454039 0.314476 0.272300639548 0.473082 0.494976 0.520411 0.550317 0.585983 0.629242 0.682801 0.750826 0.840077 0.962306
1.37881010908 0.445508 0.30759 0.265948858515 0.464611 0.486574 0.512089 0.542088 0.577864 0.621255 0.674978 0.743208 0.832728 0.955322
1.3962634016 0.43702 0.300851 0.259775292912 0.456172 0.478191 0.50377 0.533845 0.569709 0.613207 0.66706 0.735455 0.825189 0.948075
1.41371669412 0.428577 0.294258 0.253776216996 0.447768 0.46983 0.495458 0.525589 0.561521 0.605099 0.659051 0.727569 0.817463 0.940566
1.43116998664 0.420182 0.287807 0.247947689996 0.439399 0.461491 0.487153 0.517324 0.553301 0.596934 0.650951 0.719552 0.809552 0.932798
1.44862327916 0.411837 0.281496 0.242285585062 0.431069 0.453177 0.478858 0.50905 0.545051 0.588712 0.642763 0.711406 0.801458 0.924773
1.46607657168 0.403542 0.275323 0.236785593398 0.422778 0.44489 0.470575 0.50077 0.536774 0.580437 0.63449 0.703132 0.793183 0.916492
1.4835298642 0.395301 0.269285 0.231443240805 0.414529 0.436632 0.462305 0.492485 0.528471 0.572111 0.626133 0.694734 0.784729 0.90796
1.50098315672 0.387114 0.263378 0.226253920756 0.406324 0.428405 0.454051 0.484199 0.520145 0.563735 0.617694 0.686214 0.7761 0.899179
1.51843644924 0.378985 0.2576 0.221212890269 0.398164 0.42021 0.445814 0.475912 0.511797 0.555313 0.609177 0.677575 0.767299 0.890152
1.53588974176 0.370913 0.251948 0.216315307118 0.390052 0.412049 0.437597 0.467627 0.503431 0.546845 0.600584 0.66882 0.758328 0.880884
1.55334303427 0.362902 0.246417 0.211556233969 0.381988 0.403925 0.429402 0.459347 0.495047 0.538336 0.591917 0.659951 0.749191 0.871378
1.57079632679 0.354952 0.241006 0.20693064665 0.373976 0.395839 0.421229 0.451072 0.486649 0.529787 0.583179 0.650971 0.739892 0.861638
1.58824961931 0.347066 0.23571 0.202433475502 0.366015 0.387793 0.413082 0.442806 0.478239 0.521201 0.574374 0.641885 0.730435 0.851669
1.60570291183 0.339244 0.230526 0.198059605382 0.358109 0.379789 0.404963 0.43455 0.469819 0.512581 0.565503 0.632695 0.720823 0.841477
1.62315620435 0.331489 0.22545 0.19380388393 0.350259 0.371828 0.396873 0.426307 0.461392 0.503929 0.556572 0.623405 0.711062 0.831066
1.64060949687 0.323803 0.22048 0.189661158785 0.342467 0.363913 0.388815 0.418079 0.452961 0.495249 0.547582 0.61402 0.701155 0.820441
1.65806278939 0.316186 0.215611 0.185626273452 0.334733 0.356046 0.38079 0.409868 0.444527 0.486543 0.538537 0.604543 0.691107 0.809609
1.67551608191 0.308639 0.21084 0.181694096245 0.327061 0.348227 0.372801 0.401677 0.436094 0.477814 0.529441 0.594977 0.680924 0.798576
1.69296937443 0.301166 0.206163 0.177859528562 0.319451 0.34046 0.36485 0.393508 0.427663 0.469066 0.520296 0.585328 0.670609 0.787347
1.71042266695 0.293766 0.201577 0.174117509014 0.311905 0.332745 0.356938 0.385363 0.419239 0.460301 0.511108 0.575599 0.660169 0.775929
1.72787595947 0.286441 0.197079 0.170463054781 0.304425 0.325085 0.349067 0.377244 0.410823 0.451522 0.501879 0.565796 0.649609 0.76433
1.74532925199 0.279193 0.192665 0.16689124507 0.297011 0.317481 0.34124 0.369154 0.402418 0.442733 0.492613 0.555922 0.638934 0.752555
1.76278254451 0.272022 0.188331 0.163397250059 0.289667 0.309935 0.333459 0.361096 0.394027 0.433938 0.483314 0.545982 0.62815 0.740612
1.78023583703 0.264931 0.184074 0.159976343306 0.282392 0.302448 0.325726 0.353071 0.385653 0.425138 0.473987 0.535981 0.617264 0.728508
1.79768912955 0.25792 0.179891 0.15662390588 0.275189 0.295023 0.318043 0.345082 0.377298 0.416339 0.464634 0.525924 0.60628 0.716252
1.81514242207 0.25099 0.175779 0.153335447042 0.268059 0.287662 0.310411 0.337132 0.368966 0.407543 0.455261 0.515817 0.595206 0.703851
1.83259571459 0.244143 0.171735 0.150106604238 0.261003 0.280365 0.302833 0.329222 0.36066 0.398753 0.445872 0.505663 0.584047 0.691312
1.85004900711 0.23738 0.167755 0.146933159645 0.254023 0.273134 0.295311 0.321355 0.352381 0.389974 0.43647 0.495469 0.57281 0.678645
1.86750229963 0.230701 0.163836 0.143811052575 0.247119 0.265972 0.287846 0.313535 0.344134 0.381208 0.427061 0.485239 0.561503 0.665857
1.88495559215 0.224108 0.159976 0.140736379475 0.240295 0.258879 0.280442 0.305762 0.335921 0.37246 0.417648 0.47498 0.55013 0.652957
1.90240888467 0.217602 0.156172 0.137705410465 0.233549 0.251858 0.273099 0.29804 0.327746 0.363732 0.408235 0.464696 0.5387 0.639954
1.91986217719 0.211184 0.152422 0.134714589341 0.226885 0.24491 0.26582 0.290371 0.31961 0.35503 0.398829 0.454394 0.527219 0.626857
1.93731546971 0.204855 0.148722 0.131760550115 0.220303 0.238037 0.258607 0.282757 0.311518 0.346355 0.389432 0.444078 0.515695 0.613675
1.95476876223 0.198616 0.145071 0.12884011288 0.213805 0.231239 0.251461 0.275202 0.303472 0.337713 0.38005 0.433754 0.504134 0.600417
1.97222205475 0.192467 0.141466 0.125950292078 0.207391 0.22452 0.244386 0.267707 0.295475 0.329107 0.370688 0.423429 0.492544 0.587091
1.98967534727 0.186409 0.137905 0.123088308909 0.201062 0.217879 0.237382 0.260274 0.287531 0.32054 0.361349 0.413108 0.480932 0.573709
2.00712863979 0.180444 0.134387 0.120251578921 0.194821 0.211319 0.230451 0.252907 0.279642 0.312016 0.352038 0.402797 0.469305 0.560278
2.02458193231 0.174572 0.130908 0.117437736827 0.188667 0.204842 0.223596 0.245607 0.271811 0.30354 0.342761 0.392501 0.457671 0.546809
2.04203522483 0.168794 0.127469 0.114644619957 0.182603 0.198448 0.216818 0.238377 0.264041 0.295114 0.333522 0.382226 0.446037 0.533311
2.05948851735 0.16311 0.124066 0.111870284805 0.176628 0.192139 0.21012 0.23122 0.256335 0.286743 0.324325 0.37198 0.434411 0.519794
2.07694180987 0.157521 0.120699 0.10911299462 0.170745 0.185916 0.203502 0.224137 0.248697 0.27843 0.315175 0.361767 0.422801 0.506268
2.09439510239 0.152028 0.117367 0.106371227678 0.164954 0.179781 0.196968 0.217132 0.24113 0.270179 0.306078 0.351593 0.411213 0.492742
2.11184839491 0.146632 0.114069 0.103643685552 0.159256 0.173736 0.190518 0.210206 0.233635 0.261995 0.297038 0.341465 0.399656 0.479227
2.12930168743 0.141333 0.110803 0.100929268298 0.153652 0.16778 0.184154 0.203362 0.226217 0.25388 0.28806 0.331388 0.388138 0.465732
2.14675497995 0.136131 0.107568 0.0982270951366 0.148142 0.161917 0.177879 0.196602 0.218879 0.245838 0.279147 0.321369 0.376665 0.452268
2.16420827247 0.131027 0.104365 0.0955365044482 0.142729 0.156147 0.171694 0.189928 0.211622 0.237874 0.270306 0.311414 0.365246 0.438843
2.18166156499 0.126022 0.101193 0.0928570206939 0.137411 0.15047 0.1656 0.183343 0.204451 0.229991 0.261541 0.301527 0.353888 0.425469
2.19911485751 0.121116 0.0980513 0.0901883874961 0.132191 0.144889 0.1596 0.176849 0.197367 0.222192 0.252856 0.291716 0.342599 0.412155
2.21656815003 0.116309 0.0949397 0.0875305469633 0.12707 0.139405 0.153694 0.170448 0.190374 0.214481 0.244256 0.281986 0.331386 0.39891
2.23402144255 0.111601 0.0918583 0.0848836231491 0.122046 0.134018 0.147885 0.164141 0.183475 0.206862 0.235745 0.272343 0.320257 0.385745
2.25147473507 0.106994 0.0888073 0.082247946863 0.117123 0.12873 0.142173 0.157932 0.176672 0.199338 0.227329 0.262794 0.30922 0.37267
2.26892802759 0.102487 0.0857869 0.0796240184547 0.112299 0.123542 0.136562 0.151822 0.169968 0.191914 0.219012 0.253343 0.298281 0.359693
2.28638132011 0.0980813 0.0827975 0.0770125243542 0.107576 0.118455 0.131051 0.145814 0.163366 0.184591 0.210798 0.243996 0.287448 0.346826
2.30383461263 0.0937759 0.0798397 0.0744143163964 0.102954 0.113469 0.125643 0.139909 0.156868 0.177375 0.202692 0.23476 0.276729 0.334077
2.32128790515 0.0895716 0.076914 0.0718304159561 0.0984342 0.108586 0.120338 0.134109 0.150477 0.170268 0.194697 0.225639 0.266131 0.321456
2.33874119767 0.0854685 0.0740211 0.0692619932724 0.0940165 0.103807 0.115139 0.128416 0.144196 0.163273 0.186819 0.21664 0.255661 0.308972
2.35619449019 0.0814666 0.0711621 0.0667103674488 0.0897015 0.0991322 0.110046 0.122832 0.138026 0.156393 0.179062 0.207767 0.245326 0.296634
2.37364778271 0.0775661 0.0683379 0.064177002318 0.0854896 0.0945626 0.105061 0.117359 0.131971 0.149633 0.171429 0.199026 0.235132 0.284452
2.39110107523 0.0737669 0.0655494 0.0616634816313 0.0813811 0.0900989 0.100185 0.111998 0.126033 0.142995 0.163924 0.190422 0.225087 0.272435
2.40855436775 0.0700692 0.062798 0.0591715131935 0.0773766 0.0857418 0.0954191 0.106751 0.120214 0.136482 0.156553 0.181961 0.215198 0.26059
2.42600766027 0.0664728 0.060085 0.0567029247278 0.0734762 0.0814922 0.0907643 0.101621 0.114516 0.130097 0.149318 0.173648 0.20547 0.248928
2.44346095279 0.0629777 0.0574116 0.0542596266601 0.0696801 0.0773506 0.0862216 0.0966071 0.108941 0.123842 0.142223 0.165487 0.195911 0.237457
2.46091424531 0.0595837 0.0547794 0.0518436369293 0.0659886 0.0733175 0.0817922 0.0917123 0.103492 0.117722 0.135272 0.157483 0.186527 0.226184
2.47836753783 0.0562908 0.0521897 0.0494570437711 0.0624019 0.0693935 0.077477 0.0869378 0.0981707 0.111738 0.128469 0.149641 0.177324 0.215118
2.49582083035 0.0530986 0.0496442 0.0471020098539 0.0589199 0.065579 0.0732768 0.0822848 0.0929787 0.105893 0.121817 0.141965 0.168307 0.204267
2.51327412287 0.050007 0.0471445 0.0447807474671 0.0555429 0.0618744 0.0691924 0.0777547 0.0879179 0.10019 0.11532 0.134461 0.159483 0.193639
2.53072741539 0.0470158 0.0446922 0.0424955267919 0.0522708 0.0582801 0.0652246 0.0733487 0.0829902 0.0946307 0.10898 0.127131 0.150857 0.18324
2.54818070791 0.0441244 0.042289 0.0402486510906 0.0491036 0.0547964 0.0613741 0.0690678 0.0781972 0.0892178 0.102801 0.119981 0.142435 0.173079
2.56563400043 0.0413327 0.0399366 0.0380424401658 0.0460412 0.0514236 0.0576415 0.0649132 0.0735405 0.0839534 0.0967861 0.113014 0.134222 0.163162
2.58308729295 0.0386402 0.0376368 0.035879238631 0.0430835 0.0481618 0.0540274 0.0608858 0.0690215 0.0788396 0.0909375 0.106235 0.126223 0.153496
2.60054058547 0.0360466 0.0353913 0.0337613910996 0.0402304 0.0450112 0.0505322 0.0569866 0.0646418 0.0738785 0.0852584 0.0996456 0.118443 0.144087
2.61799387799 0.0335512 0.0332019 0.0316912256445 0.0374815 0.0419719 0.0471564 0.0532164 0.0604025 0.0690719 0.0797511 0.0932507 0.110886 0.134942
2.63544717051 0.0311536 0.0310703 0.0296710579332 0.0348367 0.0390438 0.0439004 0.0495759 0.0563049 0.0644215 0.0744183 0.0870533 0.103557 0.126067
2.65290046303 0.0288532 0.0289983 0.0277031664174 0.0322957 0.036227 0.0407643 0.0460657 0.0523501 0.059929 0.0692621 0.0810565 0.0964599 0.117467
2.67035375555 0.0266493 0.0269875 0.0257897923323 0.0298579 0.0335212 0.0377484 0.0426864 0.048539 0.0555958 0.0642846 0.075263 0.0895988 0.109148
2.68780704807 0.0245414 0.0250397 0.0239331190216 0.027523 0.0309264 0.0348528 0.0394385 0.0448724 0.0514233 0.0594877 0.0696757 0.0829774 0.101114
2.70526034059 0.0225288 0.0231565 0.0221352636672 0.0252905 0.0284422 0.0320775 0.0363223 0.0413512 0.0474127 0.0548734 0.064297 0.076599 0.0933699
2.72271363311 0.0206106 0.0213394 0.0203982731538 0.0231599 0.0260685 0.0294225 0.0333381 0.037976 0.0435651 0.0504431 0.0591293 0.0704668 0.0859208
2.74016692563 0.018786 0.01959 0.0187241033934 0.0211304 0.0238046 0.0268876 0.030486 0.0347472 0.0398814 0.0461982 0.0541745 0.0645836 0.0787702
2.75762021815 0.0170543 0.0179097 0.0171146193254 0.0192016 0.0216504 0.0244727 0.0277661 0.0316653 0.0363623 0.0421402 0.0494345 0.0589522 0.071922
2.77507351067 0.0154145 0.0163 0.0155715742411 0.0173726 0.0196051 0.0221774 0.0251784 0.0287306 0.0330086 0.0382699 0.044911 0.0535748 0.0653793
2.79252680319 0.0138657 0.0147621 0.014096601513 0.0156428 0.0176682 0.0200014 0.0227227 0.0259431 0.0298206 0.0345884 0.0406053 0.0484536 0.0591451
2.80998009571 0.0124068 0.0132973 0.0126912228657 0.0140111 0.015839 0.0179442 0.0203988 0.0233029 0.0267987 0.0310963 0.0365187 0.0435902 0.053222
2.82743338823 0.0110369 0.0119066 0.011356811159 0.0124767 0.0141169 0.0160051 0.0182063 0.0208098 0.0239431 0.027794 0.0326519 0.038986 0.047612
2.84488668075 0.00975477 0.0105911 0.010094594524 0.0110387 0.0125008 0.0141836 0.0161447 0.0184636 0.0212536 0.0246819 0.0290057 0.0346423 0.0423171
2.86233997327 0.00855929 0.0093516 0.0089056604972 0.009696 0.01099 0.0124788 0.0142134 0.0162638 0.0187302 0.0217601 0.0255805 0.0305598 0.0373385
2.87979326579 0.00744922 0.00818893 0.00779091880528 0.00844743 0.00958335 0.0108899 0.0124116 0.0142099 0.0163724 0.0190282 0.0223763 0.026739 0.0326772
2.89724655831 0.0064233 0.00710369 0.00675112204018 0.00729184 0.00827986 0.00941591 0.0107386 0.0123011 0.0141797 0.0164861 0.019393 0.0231801 0.0283336
2.91469985083 0.00548015 0.00609637 0.00578682844317 0.00622796 0.0070783 0.00805569 0.00919322 0.0105367 0.0121513 0.0141331 0.0166302 0.0198827 0.0243079
2.93215314335 0.00461839 0.0051673 0.00489842671561 0.00525444 0.00597741 0.00680807 0.00777449 0.00891547 0.0102863 0.0119684 0.0140873 0.0168464 0.0205996
2.94960643587 0.00383653 0.00431667 0.00408609880279 0.00436986 0.00497581 0.00567175 0.0064811 0.00743631 0.00858352 0.00999085 0.0117631 0.0140703 0.0172079
2.96705972839 0.00313302 0.00354449 0.00334982816423 0.0035727 0.00407203 0.00464526 0.00531165 0.00609781 0.00704168 0.00819917 0.00965633 0.0115528 0.0141314
2.98451302091 0.00250623 0.0028506 0.00268938736831 0.00286137 0.00326449 0.00372706 0.00426457 0.00489844 0.00565917 0.00659175 0.00776541 0.0092925 0.0113683
3.00196631343 0.00195446 0.00223467 0.00210432155175 0.00223416 0.00255149 0.00291545 0.00333817 0.00383645 0.00443421 0.00516675 0.00608833 0.00728708 0.00891611
3.01941960595 0.0014759 0.00169616 0.00159395255475 0.00168927 0.00193122 0.00220856 0.00253053 0.00290987 0.00336476 0.00392198 0.00462276 0.005534 0.00677197
3.03687289847 0.00106866 0.00123431 0.00115735824542 0.00122479 0.00140171 0.00160442 0.0018396 0.00211656 0.00244852 0.00285499 0.00336598 0.0040302 0.00493233
3.05432619099 0.00073073 0.000848153 0.00079336011436 0.000838659 0.000960887 0.00110083 0.00126312 0.00145412 0.00168293 0.00196297 0.00231488 0.00277215 0.003393
3.07177948351 0.000459982 0.000536487 0.000500510869347 0.000528705 0.000606476 0.000695461 0.000798581 0.000919878 0.00106511 0.00124277 0.00146591 0.00175575 0.00214913
3.08923277603 0.000254139 0.000297832 0.000277057219219 0.000292573 0.000336033 0.000385722 0.000443262 0.0005109 0.000591835 0.000690783 0.000815005 0.000976283 0.00119509
3.10668606855 0.000110737 0.000130401 0.000120919198287 0.000127707 0.000146879 0.000168778 0.000194117 0.000223881 0.00025947 0.000302953 0.000357512 0.00042831 0.000524322
3.12413936107 2.70648e-05 3.20281e-05 2.959092343e-05 3.12745e-05 3.6025e-05 4.14459e-05 4.7712e-05 5.50655e-05 6.38511e-05 7.45772e-05 8.80262e-05 0.000105468 0.000129109
3.14159265359 0.0 0.0 0.0 0.0 0.0 0.0 0.0 0.0 0.0 0.0 0.0 0.0 0.0
