alpha phi_iso phi_ray phi_vec g0=0.1 g0=0.2 g0=0.3 g0=0.4 g0=0.5 g0=0.6 g0=0.7 g0=0.8 g0=0.9 g0=1.0
0.0 1.0 1.0 1.0 1.0 1.0 1.0 1.0 1.0 1.0 1.0 1.0 1.0 1.0
0.0174532925199 0.999739 0.999634 0.999606763628 0.99975 0.999762 0.999776 0.999791 0.999809 0.999829 0.999852 0.99988 0.999914 0.999956
0.0349065850399 0.998994 0.998583 0.998471849822 0.999036 0.999083 0.999136 0.999195 0.999263 0.99934 0.999431 0.999539 0.99967 0.999832
0.0523598775598 0.997823 0.996917 0.996661126236 0.997914 0.998015 0.998128 0.998256 0.998401 0.998569 0.998765 0.998999 0.999282 0.999635
0.0698131700798 0.996269 0.994693 0.994227172002 0.996424 0.996596 0.996789 0.997007 0.997255 0.997542 0.997878 0.998278 0.998764 0.99937
0.0872664625997 0.994363 0.991947 0.991206405978 0.994596 0.994854 0.995143 0.99547 0.995844 0.996277 0.996784 0.997389 0.998124 0.99904
0.10471975512 0.992125 0.988705 0.987624750651 0.992447 0.992805 0.993207 0.993663 0.994184 0.994787 0.995494 0.996339 0.997367 0.99865
0.12217304764 0.989568 0.984989 0.983503316693 0.989992 0.990464 0.990994 0.991596 0.992284 0.993081 0.994018 0.995136 0.996499 0.998201
0.13962634016 0.986706 0.980817 0.978861475208 0.987243 0.987842 0.988515 0.989279 0.990154 0.991168 0.992361 0.993787 0.995525 0.997696
0.157079632679 0.983552 0.976205 0.973718025309 0.984213 0.98495 0.985781 0.986723 0.987803 0.989057 0.990532 0.992296 0.994448 0.997137
0.174532925199 0.980115 0.971172 0.968091530232 0.980911 0.9818 0.9828 0.983936 0.98524 0.986754 0.988536 0.990669 0.993272 0.996528
0.191986217719 0.976408 0.965734 0.962000373364 0.977348 0.978399 0.979583 0.980928 0.982472 0.984267 0.98638 0.988911 0.992001 0.995867
0.209439510239 0.97244 0.959906 0.955462764131 0.973534 0.974758 0.976137 0.977705 0.979507 0.981601 0.984069 0.987025 0.990637 0.995158
0.226892802759 0.968221 0.953706 0.948496752748 0.969478 0.970885 0.972472 0.974277 0.976351 0.978764 0.981608 0.985017 0.989183 0.9944
0.244346095279 0.963759 0.947148 0.941120239059 0.965189 0.966789 0.968594 0.970649 0.973012 0.97576 0.979002 0.982889 0.987642 0.993595
0.261799387799 0.959065 0.940248 0.933350993176 0.960675 0.962477 0.964512 0.966829 0.969494 0.972596 0.976256 0.980646 0.986015 0.992742
0.279252680319 0.954146 0.933022 0.925206673175 0.955944 0.957958 0.960233 0.962824 0.965805 0.969276 0.973374 0.978289 0.984304 0.991842
0.296705972839 0.949011 0.925483 0.916704839831 0.951004 0.953239 0.955762 0.958639 0.96195 0.965806 0.970359 0.975823 0.98251 0.990894
0.314159265359 0.943666 0.917647 0.907862968417 0.945863 0.948325 0.951108 0.95428 0.957933 0.962189 0.967215 0.973248 0.980635 0.989897
0.331612557879 0.93812 0.909528 0.898698433957 0.940526 0.943225 0.946275 0.949754 0.95376 0.958429 0.963945 0.970568 0.978679 0.988852
0.349065850399 0.932381 0.90114 0.88922853482 0.935003 0.937944 0.941271 0.945065 0.949436 0.954531 0.960553 0.967785 0.976643 0.987756
0.366519142919 0.926454 0.892498 0.879470466177 0.929298 0.93249 0.9361 0.940218 0.944965 0.950499 0.957041 0.9649 0.974528 0.986609
0.383972435439 0.920347 0.883616 0.869441328851 0.923419 0.926867 0.930768 0.93522 0.940352 0.946337 0.953413 0.961915 0.972333 0.985409
0.401425727959 0.914067 0.874507 0.859158102781 0.917371 0.921082 0.925281 0.930074 0.9356 0.942047 0.94967 0.958832 0.97006 0.984155
0.418879020479 0.907619 0.865184 0.848637649967 0.911162 0.915141 0.919644 0.924785 0.930714 0.937633 0.945815 0.955651 0.967707 0.982845
0.436332312999 0.901011 0.855662 0.837896693834 0.904796 0.909048 0.913861 0.919358 0.925698 0.933097 0.94185 0.952374 0.965275 0.981476
0.453785605519 0.894248 0.845954 0.826951804491 0.898279 0.902809 0.907938 0.913796 0.920555 0.928444 0.937778 0.949001 0.962763 0.980048
0.471238898038 0.887336 0.836072 0.815819383986 0.891618 0.89643 0.901879 0.908105 0.915289 0.923675 0.933599 0.945534 0.960171 0.978557
0.488692190558 0.880281 0.82603 0.804515654512 0.884817 0.889915 0.89569 0.902288 0.909903 0.918794 0.929316 0.941974 0.957498 0.977001
0.506145483078 0.87309 0.815841 0.793056637772 0.877882 0.88327 0.889374 0.896349 0.9044 0.913802 0.924931 0.93832 0.954743 0.975378
0.523598775598 0.865766 0.805517 0.781458137286 0.870819 0.876499 0.882935 0.890291 0.898784 0.908702 0.920445 0.934573 0.951905 0.973685
0.541052068118 0.858317 0.79507 0.769735729543 0.863631 0.869607 0.876379 0.884119 0.893057 0.903497 0.915859 0.930734 0.948984 0.97192
0.558505360638 0.850747 0.784512 0.757904737472 0.856325 0.862598 0.869708 0.877837 0.887223 0.898189 0.911175 0.926802 0.945978 0.97008
0.575958653158 0.843061 0.773856 0.745980221589 0.848904 0.855477 0.862927 0.871446 0.881285 0.89278 0.906393 0.922778 0.942887 0.968162
0.593411945678 0.835264 0.763113 0.733976962314 0.841375 0.848248 0.856041 0.864952 0.875244 0.887271 0.901516 0.918663 0.939708 0.966163
0.610865238198 0.827363 0.752295 0.721909442274 0.833741 0.840916 0.849052 0.858356 0.869105 0.881665 0.896544 0.914455 0.936441 0.964081
0.628318530718 0.819361 0.741412 0.709791834513 0.826007 0.833485 0.841964 0.851663 0.862868 0.875964 0.891478 0.910156 0.933084 0.961912
0.645771823238 0.811263 0.730475 0.697637987749 0.818177 0.825958 0.834782 0.844876 0.856538 0.870169 0.886319 0.905764 0.929636 0.959653
0.663225115758 0.803074 0.719497 0.685461408685 0.810257 0.81834 0.827508 0.837996 0.850116 0.864282 0.881068 0.901281 0.926096 0.957302
0.680678408278 0.794799 0.708485 0.673275250211 0.802249 0.810635 0.820146 0.831029 0.843604 0.858306 0.875726 0.896705 0.922462 0.954855
0.698131700798 0.786442 0.697452 0.661092299616 0.794159 0.802846 0.8127 0.823975 0.837006 0.85224 0.870294 0.892036 0.918733 0.95231
0.715584993318 0.778008 0.686406 0.64892496679 0.785991 0.794978 0.805173 0.816839 0.830323 0.846088 0.864772 0.887274 0.914907 0.949663
0.733038285838 0.769501 0.675358 0.636785272432 0.777748 0.787034 0.797568 0.809623 0.823557 0.83985 0.859161 0.88242 0.910983 0.946911
0.750491578358 0.760925 0.664316 0.624684836256 0.769435 0.779017 0.789888 0.802329 0.816711 0.833528 0.853462 0.877472 0.90696 0.944052
0.767944870878 0.752286 0.65329 0.612634868146 0.761056 0.770931 0.782136 0.794961 0.809786 0.827124 0.847675 0.872431 0.902835 0.941083
0.785398163397 0.743586 0.642288 0.600646156364 0.752614 0.762781 0.774317 0.787521 0.802786 0.820638 0.841801 0.867295 0.898609 0.938
0.802851455917 0.73483 0.631318 0.588729070494 0.744114 0.754568 0.766431 0.780011 0.795711 0.814073 0.835842 0.862066 0.894278 0.934802
0.820304748437 0.726022 0.620389 0.576893540808 0.735558 0.746297 0.758484 0.772435 0.788564 0.80743 0.829797 0.856742 0.889842 0.931484
0.837758040957 0.717166 0.609508 0.565149052365 0.726951 0.737971 0.750477 0.764793 0.781347 0.80071 0.823666 0.851324 0.8853 0.928046
0.855211333477 0.708267 0.598683 0.553504650911 0.718296 0.729592 0.742413 0.757091 0.774062 0.793914 0.817452 0.845811 0.88065 0.924483
0.872664625997 0.699326 0.587921 0.541968928135 0.709597 0.721166 0.734296 0.749328 0.766711 0.787045 0.811154 0.840204 0.875891 0.920793
0.890117918517 0.69035 0.577229 0.53055002167 0.700857 0.712693 0.726127 0.741509 0.759295 0.780102 0.804773 0.834501 0.871022 0.916975
0.907571211037 0.68134 0.566613 0.519255618042 0.69208 0.704179 0.717911 0.733634 0.751817 0.773088 0.79831 0.828702 0.866041 0.913025
0.925024503557 0.672301 0.556078 0.508092934977 0.683269 0.695625 0.709649 0.725707 0.744278 0.766004 0.791766 0.822809 0.860949 0.908941
0.942477796077 0.663237 0.545632 0.497068733196 0.674428 0.687035 0.701345 0.717731 0.736681 0.758851 0.78514 0.81682 0.855743 0.904722
0.959931088597 0.654151 0.535279 0.486189316418 0.665559 0.678411 0.693 0.709706 0.729026 0.75163 0.778435 0.810736 0.850423 0.900364
0.977384381117 0.645046 0.525025 0.475460525457 0.656666 0.669757 0.684618 0.701636 0.721317 0.744344 0.77165 0.804557 0.844989 0.895867
0.994837673637 0.635925 0.514874 0.464887747073 0.647752 0.661076 0.676202 0.693522 0.713555 0.736992 0.764787 0.798283 0.839438 0.891229
1.01229096616 0.626793 0.504831 0.454475905123 0.63882 0.65237 0.667753 0.685368 0.705741 0.729578 0.757846 0.791913 0.833772 0.886448
1.02974425868 0.617653 0.4949 0.444229481203 0.629874 0.643643 0.659274 0.677174 0.697878 0.722101 0.750829 0.78545 0.827989 0.881521
1.0471975512 0.608506 0.485085 0.434152502851 0.620915 0.634896 0.650768 0.668944 0.689967 0.714564 0.743736 0.778891 0.822088 0.876449
1.06465084372 0.599358 0.47539 0.424248555343 0.611948 0.626133 0.642237 0.66068 0.68201 0.706969 0.736568 0.772239 0.81607 0.87123
1.08210413624 0.590211 0.465817 0.414520784641 0.602975 0.617357 0.633685 0.652383 0.67401 0.699315 0.729326 0.765493 0.809934 0.865862
1.09955742876 0.581067 0.456369 0.404971912134 0.594 0.60857 0.625112 0.644056 0.665968 0.691605 0.722011 0.758655 0.803681 0.860345
1.11701072128 0.571931 0.44705 0.39560423464 0.585024 0.599775 0.616522 0.635702 0.657885 0.683841 0.714625 0.751724 0.797309 0.854677
1.1344640138 0.562805 0.437862 0.386419627353 0.57605 0.590974 0.607918 0.627321 0.649764 0.676024 0.707168 0.744701 0.79082 0.848859
1.15191730632 0.553691 0.428806 0.377419567429 0.567083 0.582171 0.5993 0.618917 0.641607 0.668156 0.699642 0.737587 0.784213 0.84289
1.16937059884 0.544593 0.419884 0.368605131042 0.558123 0.573366 0.590673 0.610492 0.633415 0.660238 0.692048 0.730384 0.777489 0.836769
1.18682389136 0.535514 0.411098 0.359977005172 0.549174 0.564564 0.582037 0.602047 0.625191 0.652271 0.684387 0.723091 0.770648 0.830497
1.20427718388 0.526456 0.402449 0.351535502352 0.540239 0.555767 0.573396 0.593585 0.616936 0.644258 0.676661 0.71571 0.763691 0.824073
1.2217304764 0.517422 0.393939 0.343280575408 0.53132 0.546977 0.564752 0.585109 0.608653 0.636201 0.668871 0.708242 0.756619 0.817497
1.23918376892 0.508415 0.385566 0.335211814508 0.522419 0.538196 0.556107 0.576619 0.600343 0.6281 0.661018 0.700688 0.749431 0.81077
1.25663706144 0.499437 0.377333 0.327328476652 0.513539 0.529427 0.547464 0.568119 0.592008 0.619958 0.653105 0.69305 0.74213 0.803893
1.27409035396 0.490492 0.369239 0.319629485668 0.504684 0.520673 0.538824 0.55961 0.58365 0.611777 0.645133 0.685329 0.734717 0.796866
1.29154364648 0.48158 0.361284 0.312113455799 0.495854 0.511935 0.53019 0.551095 0.575272 0.603559 0.637103 0.677526 0.727192 0.78969
1.308996939 0.472705 0.353468 0.304778694653 0.487053 0.503216 0.521564 0.542575 0.566875 0.595304 0.629017 0.669643 0.719557 0.782366
1.32645023152 0.46387 0.34579 0.297623223842 0.478282 0.494518 0.512949 0.534054 0.558461 0.587016 0.620878 0.661682 0.711813 0.774895
1.34390352404 0.455076 0.33825 0.290644793723 0.469545 0.485844 0.504346 0.525532 0.550033 0.578697 0.612686 0.653643 0.703963 0.767279
1.36135681656 0.446327 0.330847 0.28384090109 0.460843 0.477196 0.495758 0.517013 0.541593 0.570348 0.604445 0.645531 0.696007 0.75952
1.37881010908 0.437623 0.323579 0.277208789172 0.452179 0.468576 0.487188 0.508498 0.533142 0.561971 0.596155 0.637345 0.687948 0.751618
1.3962634016 0.428969 0.316446 0.270745483015 0.443555 0.459986 0.478636 0.499989 0.524682 0.553569 0.587819 0.629088 0.679787 0.743577
1.41371669412 0.420365 0.309446 0.264447789483 0.434973 0.451428 0.470106 0.49149 0.516217 0.545143 0.57944 0.620763 0.671527 0.735397
1.43116998664 0.411814 0.302578 0.258312320845 0.426436 0.442906 0.461599 0.483001 0.507748 0.536696 0.571018 0.612371 0.66317 0.727082
1.44862327916 0.403317 0.295839 0.252335509513 0.417945 0.43442 0.453118 0.474525 0.499277 0.528231 0.562558 0.603915 0.654718 0.718634
1.46607657168 0.394878 0.289229 0.246513616896 0.409502 0.425972 0.444665 0.466064 0.490807 0.519748 0.55406 0.595397 0.646174 0.710056
1.4835298642 0.386498 0.282744 0.240842759926 0.40111 0.417566 0.436242 0.457621 0.48234 0.511252 0.545528 0.58682 0.637541 0.701349
1.50098315672 0.37818 0.276383 0.235318916962 0.39277 0.409203 0.42785 0.449197 0.473877 0.502743 0.536963 0.578187 0.628821 0.692518
1.51843644924 0.369924 0.270144 0.229937954322 0.384485 0.400884 0.419494 0.440795 0.465422 0.494225 0.528368 0.569499 0.620017 0.683566
1.53588974176 0.361733 0.264024 0.224695632182 0.376257 0.392613 0.411173 0.432417 0.456977 0.485699 0.519747 0.56076 0.611132 0.674495
1.55334303427 0.353609 0.258021 0.219587616367 0.368087 0.384391 0.402891 0.424065 0.448543 0.477169 0.511101 0.551973 0.602169 0.665309
1.57079632679 0.345553 0.252132 0.214609513735 0.359977 0.37622 0.394649 0.415741 0.440124 0.468637 0.502433 0.54314 0.593132 0.656012
1.58824961931 0.337567 0.246355 0.209756866278 0.351929 0.368101 0.386449 0.407448 0.431721 0.460104 0.493745 0.534264 0.584023 0.646608
1.60570291183 0.329653 0.240688 0.205025174711 0.343945 0.360037 0.378294 0.399187 0.423337 0.451575 0.485042 0.525349 0.574846 0.637099
1.62315620435 0.321813 0.235128 0.200409919109 0.336027 0.35203 0.370185 0.390961 0.414974 0.44305 0.476325 0.516398 0.565605 0.627491
1.64060949687 0.314048 0.229671 0.195906555961 0.328176 0.344082 0.362125 0.382772 0.406635 0.434534 0.467597 0.507414 0.556304 0.617788
1.65806278939 0.30636 0.224316 0.1915105506 0.320395 0.336194 0.354115 0.374622 0.398322 0.426028 0.458862 0.4984 0.546946 0.607994
1.67551608191 0.298751 0.21906 0.187217388999 0.312684 0.328368 0.346158 0.366514 0.390037 0.417536 0.450122 0.48936 0.537535 0.598114
1.69296937443 0.291221 0.2139 0.183022571872 0.305046 0.320606 0.338256 0.358449 0.381783 0.40906 0.44138 0.480297 0.528075 0.588152
1.71042266695 0.283773 0.208833 0.178921655953 0.297481 0.31291 0.330409 0.350429 0.373562 0.400602 0.43264 0.471214 0.51857 0.578112
1.72787595947 0.276407 0.203857 0.174910245151 0.289992 0.305282 0.322621 0.342458 0.365377 0.392166 0.423904 0.462116 0.509024 0.568
1.74532925199 0.269125 0.198969 0.170984008242 0.28258 0.297722 0.314894 0.334536 0.35723 0.383754 0.415176 0.453006 0.499441 0.557821
1.76278254451 0.261929 0.194166 0.167138699503 0.275247 0.290234 0.307228 0.326666 0.349123 0.375369 0.406459 0.443887 0.489826 0.54758
1.78023583703 0.254819 0.189446 0.163370155769 0.267994 0.282818 0.299626 0.318851 0.34106 0.367013 0.397756 0.434763 0.480184 0.537282
1.79768912955 0.247798 0.184806 0.159674320016 0.260822 0.275476 0.292091 0.311092 0.333042 0.35869 0.389071 0.425639 0.470518 0.526932
1.81514242207 0.240865 0.180244 0.156047238417 0.253733 0.26821 0.284622 0.303392 0.325071 0.350403 0.380406 0.416517 0.460833 0.516536
1.83259571459 0.234023 0.175757 0.152485086874 0.246728 0.261021 0.277224 0.295752 0.317151 0.342154 0.371765 0.407402 0.451134 0.506099
1.85004900711 0.227272 0.171343 0.148984159225 0.239808 0.253911 0.269896 0.288174 0.309284 0.333946 0.363151 0.398298 0.441425 0.495627
1.86750229963 0.220613 0.166999 0.145540893782 0.232976 0.246881 0.262642 0.280662 0.301471 0.325781 0.354568 0.389208 0.431711 0.485125
1.88495559215 0.214048 0.162724 0.142151873329 0.226231 0.239933 0.255462 0.273216 0.293717 0.317664 0.346019 0.380137 0.421997 0.4746
1.90240888467 0.207577 0.158515 0.138813831018 0.219575 0.233068 0.248359 0.265839 0.286022 0.309596 0.337507 0.371089 0.412288 0.464056
1.91986217719 0.201202 0.15437 0.13552365627 0.21301 0.226288 0.241334 0.258533 0.278389 0.301581 0.329036 0.362068 0.402588 0.453501
1.93731546971 0.194923 0.150286 0.132278409512 0.206536 0.219594 0.234389 0.2513 0.270822 0.293621 0.32061 0.353077 0.392903 0.44294
1.95476876223 0.188741 0.146264 0.129075316282 0.200154 0.212987 0.227525 0.244141 0.263321 0.285719 0.312231 0.344122 0.383237 0.432378
1.97222205475 0.182657 0.142299 0.125911779024 0.193866 0.206468 0.220745 0.237059 0.25589 0.277878 0.303903 0.335205 0.373596 0.421823
1.98967534727 0.176672 0.138391 0.12278537414 0.187673 0.20004 0.214049 0.230056 0.248531 0.270101 0.295629 0.326332 0.363984 0.411279
2.00712863979 0.170786 0.134539 0.119693869677 0.181575 0.193703 0.207439 0.223134 0.241246 0.262391 0.287413 0.317506 0.354406 0.400754
2.02458193231 0.165 0.13074 0.116635207639 0.175574 0.187458 0.200917 0.216294 0.234038 0.25475 0.279259 0.308731 0.344868 0.390252
2.04203522483 0.159314 0.126993 0.113607521678 0.169669 0.181307 0.194485 0.209539 0.226908 0.247182 0.271169 0.300012 0.335374 0.379782
2.05948851735 0.15373 0.123298 0.110609131196 0.163863 0.17525 0.188143 0.202869 0.219859 0.239688 0.263147 0.291352 0.325929 0.369348
2.07694180987 0.148248 0.119653 0.107638547241 0.158156 0.169289 0.181893 0.196288 0.212894 0.232273 0.255197 0.282756 0.316539 0.358956
2.09439510239 0.142868 0.116056 0.104694469562 0.152549 0.163425 0.175736 0.189796 0.206014 0.224938 0.247321 0.274228 0.307208 0.348614
2.11184839491 0.137591 0.112508 0.10177577776 0.147042 0.157658 0.169675 0.183396 0.199221 0.217686 0.239524 0.265772 0.297942 0.338327
2.12930168743 0.132418 0.109007 0.0988815489798 0.141636 0.15199 0.163709 0.177089 0.192519 0.21052 0.231808 0.257392 0.288745 0.328101
2.14675497995 0.127348 0.105553 0.0960110372721 0.136332 0.146422 0.157841 0.170877 0.185908 0.203442 0.224176 0.249092 0.279622 0.317943
2.16420827247 0.122381 0.102145 0.0931636883343 0.131131 0.140955 0.152072 0.164761 0.179392 0.196456 0.216632 0.240875 0.270579 0.307858
2.18166156499 0.117519 0.0987825 0.0903391159235 0.126032 0.135589 0.146402 0.158744 0.172971 0.189564 0.209179 0.232747 0.26162 0.297853
2.19911485751 0.112762 0.0954656 0.0875371165991 0.121036 0.130325 0.140834 0.152825 0.166648 0.182767 0.201821 0.22471 0.25275 0.287933
2.21656815003 0.108109 0.0921938 0.0847576608768 0.116145 0.125164 0.135367 0.147008 0.160425 0.176069 0.194559 0.216769 0.243973 0.278106
2.23402144255 0.103561 0.0889671 0.0820008814354 0.111357 0.120107 0.130003 0.141294 0.154304 0.169472 0.187398 0.208928 0.235296 0.268375
2.25147473507 0.099118 0.0857856 0.0792670731167 0.106675 0.115155 0.124744 0.135683 0.148287 0.162979 0.18034 0.20119 0.226721 0.258749
2.26892802759 0.09478 0.0826494 0.076556689977 0.102097 0.110307 0.119589 0.130177 0.142375 0.156592 0.173389 0.193559 0.218255 0.249231
2.28638132011 0.090547 0.0795586 0.0738703364419 0.0976247 0.105565 0.114541 0.124778 0.13657 0.150312 0.166547 0.186038 0.209901 0.239829
2.30383461263 0.0864191 0.0765136 0.0712087584613 0.0932579 0.100929 0.1096 0.119487 0.130874 0.144143 0.159817 0.178632 0.201664 0.230547
2.32128790515 0.0823961 0.0735149 0.0685728346634 0.0889968 0.0963996 0.104766 0.114305 0.125289 0.138087 0.153201 0.171343 0.193549 0.221391
2.33874119767 0.078478 0.0705628 0.0659635822526 0.0848416 0.0919773 0.100041 0.109232 0.119816 0.132144 0.146703 0.164175 0.185559 0.212367
2.35619449019 0.0746646 0.067658 0.0633821304727 0.0807923 0.0876625 0.0954246 0.104271 0.114456 0.126319 0.140325 0.157132 0.177699 0.20348
2.37364778271 0.0709557 0.0648011 0.0608297265044 0.0768491 0.0834554 0.0909183 0.0994227 0.109212 0.120612 0.13407 0.150217 0.169973 0.194736
2.39110107523 0.067351 0.0619929 0.0583077177748 0.0730118 0.0793564 0.0865223 0.0946871 0.104084 0.115025 0.127939 0.143432 0.162386 0.186138
2.40855436775 0.0638503 0.0592341 0.0558175519568 0.0692806 0.0753657 0.0822374 0.0900656 0.0990736 0.10956 0.121937 0.136782 0.15494 0.177693
2.42600766027 0.0604533 0.0565258 0.0533607592794 0.0656553 0.0714836 0.078064 0.0855592 0.0941824 0.10422 0.116064 0.130268 0.14764 0.169406
2.44346095279 0.0571596 0.0538687 0.0509389495785 0.0621358 0.06771 0.0740026 0.0811685 0.0894116 0.0990048 0.110323 0.123894 0.14049 0.16128
2.46091424531 0.0539687 0.0512638 0.0485537946072 0.0587218 0.0640452 0.0700534 0.0768943 0.0847621 0.0939169 0.104716 0.117663 0.133493 0.153321
2.47836753783 0.0508803 0.0487122 0.0462070309833 0.0554133 0.0604891 0.0662169 0.0727372 0.080235 0.0889578 0.0992455 0.111578 0.126653 0.145533
2.49582083035 0.0478937 0.046215 0.0439004366029 0.0522098 0.0570417 0.0624932 0.0686979 0.0758312 0.0841286 0.0939129 0.10564 0.119973 0.13792
2.51327412287 0.0450085 0.0437731 0.0416358306396 0.049111 0.053703 0.0588826 0.0647767 0.0715518 0.0794309 0.0887203 0.0998519 0.113456 0.130487
2.53072741539 0.042224 0.0413878 0.0394150588031 0.0461166 0.0504726 0.0553852 0.0609742 0.0673973 0.0748657 0.0836693 0.0942168 0.107104 0.123237
2.54818070791 0.0395395 0.0390601 0.0372399844932 0.043226 0.0473506 0.052001 0.0572908 0.0633687 0.0704343 0.0787614 0.0887364 0.100922 0.116174
2.56563400043 0.0369544 0.0367912 0.0351124711101 0.0404389 0.0443365 0.0487301 0.0537266 0.0594664 0.0661376 0.0739983 0.0834129 0.0949121 0.109302
2.58308729295 0.034468 0.0345823 0.0330343908989 0.0377546 0.0414301 0.0455724 0.050282 0.0556911 0.0619766 0.0693813 0.0782481 0.0890762 0.102624
2.60054058547 0.0320794 0.0324344 0.0310075895693 0.0351727 0.0386311 0.0425278 0.0469572 0.0520432 0.0579521 0.0649118 0.0732439 0.0834172 0.0961433
2.61799387799 0.0297879 0.0303488 0.0290338980886 0.0326924 0.0359389 0.039596 0.043752 0.0485231 0.0540649 0.0605907 0.0684018 0.0779373 0.0898632
2.63544717051 0.0275925 0.0283266 0.0271151090948 0.030313 0.0333531 0.0367768 0.0406667 0.0451312 0.0503156 0.0564193 0.0637236 0.0726385 0.0837864
2.65290046303 0.0254923 0.0263688 0.0252529680513 0.0280338 0.0308732 0.0340699 0.037701 0.0418675 0.0467047 0.0523983 0.0592104 0.0675229 0.0779154
2.67035375555 0.0234864 0.0244765 0.0234491702981 0.025854 0.0284984 0.0314749 0.0348548 0.0387322 0.0432326 0.0485286 0.0548635 0.0625921 0.0722526
2.68780704807 0.0215737 0.0226508 0.0217053492589 0.0237727 0.0262281 0.0289911 0.0321279 0.0357252 0.0398996 0.0448107 0.0506839 0.0578476 0.0668003
2.70526034059 0.0197531 0.0208926 0.0200230558012 0.0217891 0.0240617 0.0266182 0.0295198 0.0328465 0.0367059 0.0412452 0.0466725 0.0532909 0.0615603
2.72271363311 0.0180236 0.0192029 0.0184037641341 0.019902 0.0219981 0.0243555 0.0270302 0.0300959 0.0336515 0.0378325 0.0428302 0.0489231 0.0565345
2.74016692563 0.0163839 0.0175825 0.0168488570653 0.0181106 0.0200367 0.0222022 0.0246584 0.027473 0.0307364 0.0345728 0.0391573 0.0447453 0.0517242
2.75762021815 0.0148329 0.0160322 0.0153596142083 0.0164136 0.0181764 0.0201575 0.0224041 0.0249775 0.0279604 0.0314661 0.0356544 0.0407581 0.0471307
2.77507351067 0.0133693 0.0145527 0.0139372001879 0.01481 0.0164162 0.0182207 0.0202663 0.0226088 0.0253232 0.0285125 0.0323216 0.0369621 0.042755
2.79252680319 0.0119917 0.0131448 0.0125826675895 0.0132986 0.014755 0.0163908 0.0182443 0.0203663 0.0228244 0.0257116 0.029159 0.0333578 0.0385979
2.80998009571 0.0106989 0.0118089 0.011296942216 0.0118781 0.0131918 0.0146666 0.0163373 0.0182493 0.0204635 0.0230633 0.0261666 0.0299453 0.0346599
2.82743338823 0.00948933 0.0105456 0.0100808112951 0.0105472 0.0117252 0.0130472 0.0145443 0.016257 0.0182396 0.0205668 0.0233439 0.0267244 0.0309411
2.84488668075 0.0083616 0.00935512 0.00893492347871 0.00930448 0.010354 0.0115314 0.0128642 0.0143883 0.0161521 0.0182217 0.0206906 0.023695 0.0274416
2.86233997327 0.00731417 0.00823783 0.00785977704938 0.00814851 0.00907682 0.0101178 0.0112957 0.0126422 0.0141999 0.016027 0.0182059 0.0208565 0.024161
2.87979326579 0.00634547 0.00719383 0.00685571107516 0.00707779 0.00789224 0.00880518 0.00983771 0.0110176 0.0123819 0.0139817 0.0158888 0.0182082 0.0210987
2.89724655831 0.00545386 0.00622316 0.00592290835795 0.00609076 0.00679875 0.00759199 0.00848875 0.00951304 0.010697 0.0120847 0.0137385 0.015749 0.0182539
2.91469985083 0.00463766 0.00532572 0.0050613747946 0.00518575 0.00579473 0.00647671 0.00724734 0.00812716 0.00914371 0.0103347 0.0117535 0.0134778 0.0156253
2.93215314335 0.00389512 0.00450126 0.0042709452737 0.00436108 0.00487853 0.00545773 0.00611189 0.0068584 0.00772052 0.0087302 0.00993249 0.0113931 0.0132116
2.94960643587 0.00322445 0.00374942 0.00355126893354 0.00361497 0.00404841 0.00453331 0.0050807 0.00570504 0.00642575 0.00726943 0.00827363 0.00949308 0.0110108
2.96705972839 0.00262376 0.00306968 0.0029018091621 0.00294556 0.00330252 0.00370164 0.00415194 0.00466528 0.00525755 0.00595056 0.00677506 0.00777587 0.00902104
2.98451302091 0.00209114 0.00246136 0.00232183770019 0.00235094 0.00263895 0.00296078 0.00332367 0.00373714 0.00421393 0.00477154 0.00543463 0.00623918 0.00723976
3.00196631343 0.00162457 0.00192364 0.00181041695097 0.0018291 0.00205568 0.0023087 0.00259383 0.00291851 0.00329271 0.00373009 0.00424996 0.00488044 0.00566421
3.01941960595 0.00122198 0.00145551 0.00136640587676 0.00137794 0.00155059 0.00174325 0.00196022 0.00220712 0.00249151 0.00282374 0.0032184 0.00369681 0.00429127
3.03687289847 0.000881216 0.00105577 0.000988445256981 0.00099528 0.00112146 0.00126216 0.00142049 0.00160055 0.00180781 0.00204978 0.00233707 0.00268514 0.00311743
3.05432619099 0.000600018 0.000723059 0.00067494589447 0.000678836 0.000765949 0.000863011 0.000972154 0.00109618 0.00123884 0.00140528 0.00160278 0.00184192 0.00213877
3.07177948351 0.000376036 0.000455777 0.000424076821803 0.000426201 0.000481595 0.00054326 0.000612541 0.000691204 0.000781616 0.000887027 0.00101202 0.00116327 0.00135092
3.08923277603 0.000206793 0.000252106 0.000233741713958 0.000234838 0.000265774 0.000300177 0.000338792 0.000382597 0.000432901 0.000491503 0.000560939 0.000644907 0.000749019
3.10668606855 8.96602e-05 0.000109953 0.000101543507306 0.000102038 0.000115676 0.000130824 0.000147809 0.000167057 0.000189138 0.000214839 0.000245266 0.000282032 0.000327587
3.12413936107 2.17942e-05 2.68908e-05 2.47224828329e-05 2.48637e-05 2.82407e-05 3.19868e-05 3.61814e-05 4.09289e-05 4.63691e-05 5.26942e-05 6.01748e-05 6.9206e-05 8.0387e-05
3.14159265359 0.0 0.0 0.0 0.0 0.0 0.0 0.0 0.0 0.0 0.0 0.0 0.0 0.0
