alpha phi_iso phi_ray phi_vec g0=0.1 g0=0.2 g0=0.3 g0=0.4 g0=0.5 g0=0.6 g0=0.7 g0=0.8 g0=0.9 g0=1.0
0.0 1.0 1.0 1.0 1.0 1.0 1.0 1.0 1.0 1.0 1.0 1.0 1.0 1.0
0.0174532925199 0.999675 0.999535 0.999525726565 0.99969 0.999708 0.99973 0.999757 0.999791 0.999836 0.999898 0.999988 1.00013 1.00041
0.0349065850399 0.998764 0.998211 0.998169617248 0.998824 0.998895 0.99898 0.999086 0.99922 0.999396 0.999637 0.999991 1.00056 1.00163
0.0523598775598 0.997361 0.996129 0.996030978682 0.997492 0.997648 0.997836 0.998069 0.998364 0.998751 0.999284 1.00006 1.00132 1.00369
0.0698131700798 0.995539 0.993373 0.993188698948 0.995767 0.996038 0.996365 0.99677 0.997284 0.997959 0.998889 1.00025 1.00245 1.00659
0.0872664625997 0.993345 0.989997 0.989695714308 0.993694 0.994108 0.99461 0.995231 0.996019 0.997055 0.998482 1.00058 1.00395 1.01032
0.10471975512 0.99081 0.986037 0.985587737741 0.991302 0.991888 0.992598 0.993476 0.994592 0.996061 0.998084 1.00105 1.00584 1.01487
0.12217304764 0.987954 0.981521 0.980892377153 0.988613 0.989398 0.990348 0.991525 0.993021 0.994992 0.997706 1.00169 1.00812 1.02025
0.13962634016 0.984795 0.976473 0.975634064665 0.985643 0.986652 0.987876 0.989391 0.991319 0.993858 0.997358 1.0025 1.01079 1.02644
0.157079632679 0.98135 0.970915 0.969836053654 0.982407 0.983667 0.985195 0.987088 0.989497 0.992671 0.997046 1.00347 1.01384 1.03342
0.174532925199 0.977633 0.964871 0.963520944805 0.978921 0.980456 0.982318 0.984626 0.987566 0.991438 0.996779 1.00462 1.01728 1.04119
0.191986217719 0.973657 0.95836 0.956710910171 0.975196 0.97703 0.979257 0.982018 0.985534 0.990168 0.996559 1.00595 1.02111 1.04974
0.209439510239 0.969435 0.951405 0.949427615236 0.971244 0.973402 0.976022 0.97927 0.983409 0.988865 0.996391 1.00745 1.02531 1.05903
0.226892802759 0.964979 0.944026 0.941692374784 0.967078 0.969582 0.972622 0.976393 0.981199 0.987535 0.996278 1.00913 1.02987 1.06906
0.244346095279 0.9603 0.936242 0.933526074966 0.962707 0.965578 0.969066 0.973394 0.978909 0.986183 0.99622 1.01097 1.0348 1.07981
0.261799387799 0.955409 0.928074 0.924949329166 0.958141 0.961401 0.965363 0.970279 0.976546 0.984812 0.99622 1.01299 1.04007 1.09125
0.279252680319 0.950314 0.91954 0.915982439034 0.953389 0.957059 0.961519 0.967055 0.974114 0.983425 0.996276 1.01517 1.04569 1.10335
0.296705972839 0.945025 0.910658 0.906645472419 0.948459 0.952559 0.957542 0.963728 0.971616 0.982023 0.996388 1.01751 1.05163 1.11611
0.314159265359 0.939551 0.901449 0.896958282856 0.94336 0.947908 0.953437 0.960301 0.969056 0.980607 0.996555 1.02 1.05789 1.12948
0.331612557879 0.933899 0.891929 0.886940529043 0.938098 0.943113 0.949209 0.95678 0.966437 0.979179 0.996774 1.02265 1.06445 1.14345
0.349065850399 0.928078 0.882118 0.876611674848 0.932681 0.93818 0.944865 0.953169 0.963761 0.97774 0.997042 1.02543 1.07129 1.15798
0.366519142919 0.922095 0.872032 0.865991008785 0.927116 0.933115 0.940409 0.949471 0.96103 0.976287 0.997357 1.02834 1.07842 1.17305
0.383972435439 0.915956 0.86169 0.855097644021 0.921408 0.927923 0.935846 0.945689 0.958246 0.974822 0.997714 1.03138 1.08579 1.18864
0.401425727959 0.909669 0.851109 0.843950498888 0.915564 0.92261 0.931179 0.941826 0.95541 0.973342 0.99811 1.03454 1.09342 1.2047
0.418879020479 0.90324 0.840306 0.832568335851 0.90959 0.91718 0.926412 0.937884 0.952522 0.971847 0.99854 1.03781 1.10126 1.22121
0.436332312999 0.896674 0.829299 0.820969673835 0.903491 0.911638 0.92155 0.933866 0.949583 0.970335 0.998999 1.04117 1.10932 1.23815
0.453785605519 0.889979 0.818103 0.809172875896 0.897271 0.905989 0.916594 0.929774 0.946594 0.968803 0.999482 1.04462 1.11756 1.25547
0.471238898038 0.88316 0.806735 0.797196032325 0.890937 0.900236 0.911548 0.925609 0.943554 0.967249 0.999984 1.04814 1.12599 1.27314
0.488692190558 0.876222 0.795213 0.785057048319 0.884493 0.894383 0.906416 0.921372 0.940462 0.965672 1.0005 1.05174 1.13456 1.29114
0.506145483078 0.86917 0.783551 0.77277355631 0.877944 0.888434 0.901199 0.917066 0.93732 0.964067 1.00102 1.05539 1.14328 1.30943
0.523598775598 0.862011 0.771766 0.760362915961 0.871293 0.882393 0.8959 0.912691 0.934125 0.962432 1.00154 1.05909 1.15211 1.32798
0.541052068118 0.854747 0.759873 0.747842243397 0.864545 0.876262 0.890521 0.908248 0.930877 0.960764 1.00206 1.06282 1.16105 1.34676
0.558505360638 0.847386 0.747887 0.735228323522 0.857705 0.870046 0.885065 0.903737 0.927575 0.95906 1.00257 1.06658 1.17007 1.36572
0.575958653158 0.83993 0.735824 0.722537648991 0.850775 0.863746 0.879533 0.89916 0.924218 0.957316 1.00305 1.07035 1.17915 1.38485
0.593411945678 0.832386 0.723698 0.709786390986 0.843761 0.857366 0.873927 0.894517 0.920805 0.955529 1.00351 1.07412 1.18827 1.4041
0.610865238198 0.824756 0.711523 0.696990360243 0.836665 0.85091 0.868248 0.889807 0.917334 0.953694 1.00394 1.07788 1.19742 1.42345
0.628318530718 0.817046 0.699313 0.6841650168 0.829491 0.844378 0.862499 0.885032 0.913803 0.951809 1.00433 1.08162 1.20658 1.44285
0.645771823238 0.809259 0.687083 0.671325460255 0.822243 0.837774 0.856681 0.880191 0.910211 0.949868 1.00467 1.08533 1.21572 1.46228
0.663225115758 0.8014 0.674844 0.658486390793 0.814923 0.831101 0.850795 0.875285 0.906557 0.94787 1.00496 1.08899 1.22483 1.4817
0.680678408278 0.793472 0.662611 0.645662099451 0.807536 0.82436 0.844842 0.870314 0.902839 0.945808 1.00519 1.09259 1.23389 1.50108
0.698131700798 0.78548 0.650395 0.632866468117 0.800083 0.817554 0.838825 0.865276 0.899055 0.943681 1.00536 1.09613 1.24288 1.52039
0.715584993318 0.777426 0.63821 0.620112959784 0.792569 0.810686 0.832742 0.860173 0.895203 0.941482 1.00544 1.09958 1.25179 1.53959
0.733038285838 0.769316 0.626066 0.607414579589 0.784996 0.803756 0.826597 0.855004 0.891281 0.939209 1.00545 1.10295 1.26058 1.55866
0.750491578358 0.761151 0.613976 0.594783894292 0.777366 0.796768 0.82039 0.849769 0.887288 0.936858 1.00537 1.10621 1.26925 1.57756
0.767944870878 0.752936 0.601949 0.582232993311 0.769684 0.789723 0.814122 0.844467 0.883221 0.934424 1.0052 1.10936 1.27778 1.59625
0.785398163397 0.744675 0.589997 0.569773508205 0.761951 0.782623 0.807793 0.839098 0.87908 0.931904 1.00492 1.11238 1.28614 1.61472
0.802851455917 0.736369 0.57813 0.55741657371 0.75417 0.77547 0.801405 0.833663 0.874861 0.929294 1.00453 1.11527 1.29433 1.63292
0.820304748437 0.728024 0.566358 0.545172837475 0.746344 0.768266 0.794959 0.82816 0.870563 0.926589 1.00403 1.11801 1.30231 1.65083
0.837758040957 0.719641 0.554689 0.533052460068 0.738475 0.761012 0.788455 0.822589 0.866184 0.923786 1.00341 1.1206 1.31009 1.66842
0.855211333477 0.711224 0.543132 0.521065095488 0.730566 0.753711 0.781894 0.81695 0.861723 0.920882 1.00265 1.12302 1.31763 1.68566
0.872664625997 0.702776 0.531697 0.509219871684 0.722618 0.746363 0.775278 0.811242 0.857177 0.917872 1.00177 1.12526 1.32493 1.70253
0.890117918517 0.694299 0.52039 0.49752541978 0.714636 0.738972 0.768606 0.805466 0.852546 0.914754 1.00074 1.12731 1.33197 1.71898
0.907571211037 0.685798 0.50922 0.485989854591 0.70662 0.731537 0.761879 0.799621 0.847826 0.911522 0.999568 1.12917 1.33872 1.73501
0.925024503557 0.677274 0.498193 0.474620774624 0.698573 0.724061 0.755099 0.793706 0.843017 0.908175 0.998242 1.13082 1.34518 1.75057
0.942477796077 0.668731 0.487315 0.463425223109 0.690497 0.716545 0.748265 0.787721 0.838118 0.904709 0.996758 1.13225 1.35134 1.76565
0.959931088597 0.66017 0.476593 0.452409775677 0.682395 0.708991 0.741379 0.781667 0.833125 0.901121 0.99511 1.13346 1.35717 1.78022
0.977384381117 0.651596 0.466033 0.441580452683 0.674268 0.701401 0.734442 0.775542 0.828039 0.897407 0.993294 1.13444 1.36266 1.79426
0.994837673637 0.643009 0.45564 0.430942767914 0.666119 0.693775 0.727454 0.769348 0.822857 0.893564 0.991303 1.13517 1.3678 1.80774
1.01229096616 0.634414 0.445417 0.420501699367 0.65795 0.686116 0.720416 0.763082 0.817579 0.889591 0.989133 1.13566 1.37258 1.82064
1.02974425868 0.625813 0.435371 0.410261737953 0.649763 0.678425 0.713329 0.756746 0.812204 0.885484 0.98678 1.13589 1.37699 1.83293
1.0471975512 0.617207 0.425503 0.400226848535 0.641559 0.670703 0.706193 0.75034 0.806729 0.88124 0.984238 1.13585 1.381 1.84461
1.06465084372 0.6086 0.415819 0.39040050889 0.633341 0.662951 0.69901 0.743863 0.801154 0.876858 0.981504 1.13554 1.38462 1.85565
1.08210413624 0.599993 0.40632 0.380785670745 0.625112 0.655172 0.691779 0.737316 0.795479 0.872335 0.978574 1.13496 1.38782 1.86602
1.09955742876 0.59139 0.39701 0.371384827969 0.616872 0.647367 0.684503 0.730698 0.789702 0.867669 0.975443 1.13409 1.39061 1.87571
1.11701072128 0.582792 0.38789 0.362199967864 0.608623 0.639536 0.677182 0.72401 0.783822 0.862858 0.972109 1.13293 1.39296 1.88471
1.1344640138 0.574202 0.378961 0.353232619873 0.600368 0.631683 0.669816 0.717252 0.77784 0.8579 0.968568 1.13147 1.39487 1.893
1.15191730632 0.565621 0.370226 0.344483826355 0.592108 0.623807 0.662408 0.710424 0.771754 0.852794 0.964816 1.12971 1.39634 1.90055
1.16937059884 0.557053 0.361685 0.335954191294 0.583846 0.61591 0.654957 0.703527 0.765564 0.847538 0.960851 1.12765 1.39734 1.90737
1.18682389136 0.548499 0.353339 0.32764389004 0.575583 0.607995 0.647465 0.696561 0.75927 0.842132 0.956671 1.12527 1.39788 1.91342
1.20427718388 0.539961 0.345187 0.319552630343 0.567321 0.600062 0.639932 0.689527 0.752872 0.836574 0.952273 1.12258 1.39795 1.91871
1.2217304764 0.531442 0.33723 0.311679730285 0.559061 0.592113 0.632361 0.682425 0.74637 0.830863 0.947656 1.11957 1.39755 1.92322
1.23918376892 0.522943 0.329466 0.304024079316 0.550806 0.584149 0.624752 0.675256 0.739763 0.824998 0.942817 1.11624 1.39665 1.92693
1.25663706144 0.514466 0.321895 0.296584206442 0.542557 0.576172 0.617105 0.668021 0.733052 0.818979 0.937754 1.11258 1.39527 1.92985
1.27409035396 0.506014 0.314515 0.289358212038 0.534315 0.568183 0.609423 0.66072 0.726237 0.812807 0.932468 1.1086 1.39339 1.93195
1.29154364648 0.497588 0.307325 0.282343894484 0.526084 0.560184 0.601707 0.653354 0.719319 0.806479 0.926956 1.10429 1.39102 1.93324
1.308996939 0.489191 0.300323 0.275538643012 0.517864 0.552176 0.593957 0.645925 0.712298 0.799997 0.921218 1.09965 1.38814 1.93371
1.32645023152 0.480823 0.293506 0.268939564345 0.509657 0.544161 0.586175 0.638432 0.705175 0.793361 0.915254 1.09467 1.38476 1.93334
1.34390352404 0.472487 0.286873 0.262543404762 0.501465 0.536141 0.578363 0.630879 0.697951 0.786572 0.909064 1.08936 1.38088 1.93214
1.36135681656 0.464185 0.280419 0.256346647521 0.49329 0.528116 0.570522 0.623265 0.690626 0.779629 0.902647 1.08372 1.37648 1.9301
1.37881010908 0.455918 0.274143 0.250345483624 0.485132 0.520089 0.562653 0.615592 0.683203 0.772533 0.896005 1.07774 1.37158 1.92723
1.3962634016 0.447689 0.26804 0.244535811828 0.476995 0.512061 0.554757 0.607861 0.675681 0.765287 0.889138 1.07143 1.36616 1.92351
1.41371669412 0.439498 0.262107 0.238913316571 0.468879 0.504034 0.546837 0.600074 0.668062 0.75789 0.882046 1.06478 1.36024 1.91894
1.43116998664 0.431348 0.256342 0.233473429007 0.460786 0.496009 0.538894 0.592232 0.660348 0.750344 0.874731 1.05781 1.35381 1.91354
1.44862327916 0.42324 0.250738 0.228211375716 0.452718 0.487988 0.53093 0.584336 0.652541 0.742651 0.867196 1.0505 1.34687 1.90729
1.46607657168 0.415176 0.245294 0.223122198185 0.444676 0.479972 0.522945 0.57639 0.644641 0.734813 0.85944 1.04287 1.33943 1.90021
1.4835298642 0.407158 0.240003 0.218200743068 0.436663 0.471964 0.514943 0.568393 0.636652 0.726831 0.851468 1.03491 1.33148 1.89229
1.50098315672 0.399186 0.234863 0.213441701152 0.428679 0.463964 0.506924 0.560349 0.628574 0.718708 0.84328 1.02662 1.32304 1.88354
1.51843644924 0.391263 0.229867 0.208839636583 0.420726 0.455976 0.49889 0.552259 0.62041 0.710445 0.834879 1.01802 1.3141 1.87397
1.53588974176 0.38339 0.225013 0.204388967382 0.412806 0.447999 0.490844 0.544124 0.612162 0.702046 0.826269 1.00909 1.30467 1.86357
1.55334303427 0.375569 0.220294 0.200084033635 0.404921 0.440037 0.482787 0.535948 0.603833 0.693513 0.817453 0.999857 1.29475 1.85236
1.57079632679 0.3678 0.215706 0.19591906827 0.397072 0.43209 0.47472 0.527732 0.595424 0.684849 0.808433 0.990312 1.28435 1.84035
1.58824961931 0.360086 0.211244 0.191888245767 0.38926 0.424161 0.466647 0.519478 0.586939 0.676056 0.799214 0.980462 1.27348 1.82754
1.60570291183 0.352428 0.206903 0.187985682154 0.381487 0.416251 0.458568 0.511189 0.57838 0.667138 0.789799 0.970313 1.26214 1.81394
1.62315620435 0.344827 0.202679 0.184205464234 0.373756 0.408362 0.450487 0.502867 0.56975 0.658099 0.780192 0.959869 1.25034 1.79957
1.64060949687 0.337284 0.198565 0.180541649585 0.366066 0.400495 0.442404 0.494515 0.561051 0.648942 0.770399 0.949137 1.23809 1.78444
1.65806278939 0.329802 0.194558 0.176988325012 0.358421 0.392654 0.434323 0.486135 0.552287 0.63967 0.760423 0.938122 1.22539 1.76855
1.67551608191 0.322381 0.190652 0.173539567575 0.350821 0.384839 0.426246 0.477729 0.543462 0.630288 0.750269 0.926831 1.21226 1.75193
1.69296937443 0.315022 0.186841 0.170189493304 0.343267 0.377052 0.418173 0.469301 0.534577 0.620799 0.739943 0.91527 1.1987 1.73458
1.71042266695 0.307727 0.183122 0.166932266934 0.335763 0.369295 0.410109 0.460852 0.525637 0.611207 0.729449 0.903446 1.18472 1.71652
1.72787595947 0.300497 0.179488 0.163762121395 0.328308 0.361571 0.402054 0.452386 0.516645 0.601518 0.718794 0.891366 1.17033 1.69777
1.74532925199 0.293333 0.175936 0.160673348066 0.320904 0.35388 0.394012 0.443906 0.507604 0.591734 0.707982 0.879039 1.15555 1.67835
1.76278254451 0.286237 0.17246 0.157660364966 0.313554 0.346224 0.385985 0.435414 0.498518 0.581862 0.697021 0.866472 1.14038 1.65826
1.78023583703 0.279209 0.169056 0.154717658307 0.306258 0.338607 0.377974 0.426914 0.489391 0.571905 0.685915 0.853672 1.12484 1.63753
1.79768912955 0.272251 0.165719 0.151839870169 0.299018 0.331028 0.369983 0.418408 0.480226 0.561868 0.674671 0.84065 1.10894 1.61618
1.81514242207 0.265364 0.162444 0.149021749789 0.291836 0.323492 0.362013 0.4099 0.471028 0.551757 0.663296 0.827412 1.09269 1.59422
1.83259571459 0.258549 0.159227 0.146258192529 0.284712 0.315998 0.354068 0.401392 0.4618 0.541576 0.651797 0.813969 1.0761 1.57168
1.85004900711 0.251807 0.156064 0.143544259361 0.277649 0.308549 0.34615 0.392888 0.452546 0.531331 0.64018 0.800329 1.05919 1.54857
1.86750229963 0.245139 0.15295 0.140875176863 0.270648 0.301148 0.338261 0.384391 0.443272 0.521028 0.628451 0.786503 1.04197 1.52492
1.88495559215 0.238547 0.149882 0.138246337223 0.263709 0.293796 0.330403 0.375904 0.433979 0.51067 0.61662 0.772499 1.02445 1.50075
1.90240888467 0.23203 0.146856 0.135653327463 0.256836 0.286494 0.32258 0.36743 0.424674 0.500265 0.604692 0.758328 1.00665 1.47608
1.91986217719 0.22559 0.143868 0.133091939179 0.250028 0.279246 0.314793 0.358973 0.41536 0.489817 0.592675 0.744 0.988578 1.45094
1.93731546971 0.219229 0.140915 0.130558139318 0.243288 0.272052 0.307046 0.350537 0.406042 0.479333 0.580578 0.729526 0.970257 1.42534
1.95476876223 0.212947 0.137992 0.128048138369 0.236617 0.264915 0.29934 0.342124 0.396724 0.468818 0.568407 0.714915 0.951699 1.39931
1.97222205475 0.206744 0.135098 0.125558331911 0.230016 0.257836 0.29168 0.333738 0.387411 0.458278 0.55617 0.700179 0.932919 1.37288
1.98967534727 0.200623 0.132229 0.123085368809 0.223487 0.250818 0.284066 0.325382 0.378107 0.447719 0.543876 0.685328 0.913933 1.34607
2.00712863979 0.194583 0.129382 0.120626112244 0.217031 0.243863 0.276502 0.31706 0.368816 0.437147 0.531532 0.670374 0.894756 1.3189
2.02458193231 0.188626 0.126555 0.118177639712 0.210648 0.236971 0.26899 0.308776 0.359544 0.426569 0.519147 0.655328 0.875404 1.29141
2.04203522483 0.182752 0.123745 0.11573731122 0.204342 0.230147 0.261533 0.300532 0.350295 0.41599 0.506728 0.6402 0.855895 1.26361
2.05948851735 0.176962 0.120951 0.113302681608 0.198112 0.22339 0.254134 0.292333 0.341073 0.405417 0.494285 0.625004 0.836244 1.23553
2.07694180987 0.171258 0.118169 0.110871578483 0.191961 0.216703 0.246795 0.284182 0.331884 0.394855 0.481826 0.609749 0.816468 1.2072
2.09439510239 0.165639 0.1154 0.108442043767 0.185889 0.210088 0.239519 0.276082 0.322732 0.384312 0.469359 0.594449 0.796585 1.17865
2.11184839491 0.160107 0.11264 0.106012392151 0.179898 0.203548 0.232308 0.268038 0.313622 0.373794 0.456892 0.579114 0.776611 1.1499
2.12930168743 0.154662 0.109889 0.103581172125 0.173989 0.197082 0.225165 0.260052 0.304559 0.363306 0.444435 0.563757 0.756563 1.12098
2.14675497995 0.149305 0.107145 0.101147175722 0.168163 0.190695 0.218093 0.252129 0.295547 0.352856 0.431996 0.548389 0.736458 1.09192
2.16420827247 0.144037 0.104408 0.0987094385158 0.162421 0.184386 0.211095 0.244271 0.286592 0.342449 0.419583 0.533022 0.716315 1.06274
2.18166156499 0.138858 0.101677 0.0962672298809 0.156765 0.178159 0.204172 0.236482 0.277697 0.332093 0.407205 0.517669 0.696149 1.03347
2.19911485751 0.133768 0.0989517 0.0938200627337 0.151195 0.172015 0.197327 0.228767 0.268869 0.321793 0.394872 0.502341 0.675979 1.00414
2.21656815003 0.12877 0.0962312 0.0913676837904 0.145714 0.165956 0.190564 0.221127 0.260111 0.311557 0.382591 0.487051 0.655822 0.974784
2.23402144255 0.123862 0.0935159 0.0889100735678 0.140321 0.159983 0.183884 0.213568 0.251428 0.301389 0.370371 0.47181 0.635696 0.945418
2.25147473507 0.119046 0.0908058 0.0864474463827 0.135019 0.154098 0.17729 0.206092 0.242825 0.291298 0.358221 0.45663 0.615617 0.916075
2.26892802759 0.114322 0.0881013 0.0839802113854 0.129808 0.148303 0.170785 0.198703 0.234308 0.281288 0.34615 0.441524 0.595604 0.886783
2.28638132011 0.109692 0.0854028 0.0815090115265 0.124689 0.1426 0.164371 0.191405 0.225879 0.271368 0.334166 0.426504 0.575674 0.857568
2.30383461263 0.105154 0.082711 0.0790347040733 0.119663 0.136991 0.158051 0.1842 0.217545 0.261542 0.322278 0.411581 0.555844 0.828459
2.32128790515 0.10071 0.0800269 0.0765583216435 0.114732 0.131476 0.151826 0.177093 0.20931 0.251817 0.310495 0.396767 0.536131 0.799483
2.33874119767 0.0963598 0.0773513 0.0740811209129 0.109895 0.126058 0.1457 0.170085 0.201178 0.242199 0.298824 0.382074 0.516553 0.770668
2.35619449019 0.0921045 0.0746857 0.0716045241662 0.105155 0.120738 0.139674 0.163182 0.193155 0.232695 0.287274 0.367514 0.497127 0.742039
2.37364778271 0.0879441 0.0720312 0.0691301387797 0.100513 0.115518 0.133752 0.156386 0.185243 0.223311 0.275854 0.353099 0.477869 0.713625
2.39110107523 0.083879 0.0693895 0.0666597377381 0.0959676 0.110399 0.127934 0.1497 0.177449 0.214052 0.264572 0.338839 0.458795 0.685452
2.40855436775 0.0799096 0.0667623 0.0641952498931 0.0915216 0.105383 0.122224 0.143128 0.169776 0.204925 0.253435 0.324746 0.439924 0.657546
2.42600766027 0.0760363 0.0641512 0.0617387599631 0.0871753 0.100472 0.116624 0.136673 0.162228 0.195935 0.242453 0.310832 0.421271 0.629934
2.44346095279 0.0722592 0.0615584 0.0592924793082 0.0829296 0.0956654 0.111136 0.130337 0.15481 0.187088 0.231632 0.297107 0.402853 0.602642
2.46091424531 0.0685788 0.0589858 0.0568587751555 0.0787851 0.0909662 0.105762 0.124124 0.147526 0.178391 0.220982 0.283583 0.384684 0.575694
2.47836753783 0.0649952 0.0564355 0.0544400926651 0.0747428 0.0863754 0.100504 0.118036 0.140381 0.169848 0.210508 0.27027 0.366782 0.549115
2.49582083035 0.0615087 0.0539099 0.0520390231228 0.0708032 0.0818942 0.0953641 0.112078 0.133377 0.161465 0.20022 0.257179 0.349161 0.522932
2.51327412287 0.0581194 0.0514113 0.0496582162639 0.0669671 0.0775239 0.0903441 0.10625 0.12652 0.153247 0.190124 0.24432 0.331836 0.497167
2.53072741539 0.0548276 0.0489422 0.0473004387241 0.0632351 0.0732658 0.0854461 0.100557 0.119812 0.145201 0.180228 0.231703 0.314823 0.471844
2.54818070791 0.0516334 0.0465049 0.0449685058475 0.0596077 0.0691209 0.0806717 0.095001 0.113258 0.13733 0.170538 0.219339 0.298136 0.446987
2.56563400043 0.0485369 0.0441022 0.0426653011696 0.0560857 0.0650904 0.0760229 0.0895842 0.106862 0.12964 0.161062 0.207236 0.281789 0.422619
2.58308729295 0.0455381 0.0417367 0.0403937569347 0.0526694 0.0611754 0.0715014 0.0843093 0.100626 0.122136 0.151807 0.195405 0.265797 0.398761
2.60054058547 0.0426373 0.0394109 0.0381568346119 0.0493596 0.0573768 0.0671088 0.0791788 0.0945543 0.114822 0.142778 0.183855 0.250172 0.375436
2.61799387799 0.0398343 0.0371276 0.0359575248953 0.0461564 0.0536957 0.0628467 0.0741951 0.0886503 0.107704 0.133983 0.172594 0.234928 0.352664
2.63544717051 0.0371292 0.0348895 0.0337988379624 0.0430605 0.050133 0.0587166 0.0693604 0.0829171 0.100785 0.125428 0.161631 0.220077 0.330466
2.65290046303 0.0345221 0.0326994 0.031683774249 0.0400722 0.0466896 0.0547199 0.0646769 0.0773577 0.0940698 0.117117 0.150976 0.205633 0.308862
2.67035375555 0.0320127 0.0305598 0.029615304966 0.0371918 0.0433661 0.0508581 0.0601467 0.0719751 0.0875628 0.109058 0.140635 0.191606 0.287871
2.68780704807 0.0296011 0.0284736 0.0275964110657 0.0344197 0.0401634 0.0471323 0.0557716 0.0667722 0.0812678 0.101256 0.130617 0.178009 0.26751
2.70526034059 0.0272871 0.0264434 0.0256300150507 0.0317559 0.0370822 0.0435439 0.0515535 0.0617516 0.0751886 0.0937159 0.120929 0.164852 0.247799
2.72271363311 0.0250705 0.0244718 0.023718990715 0.0292008 0.0341231 0.0400939 0.0474943 0.0569159 0.0693287 0.0864426 0.111578 0.152146 0.228754
2.74016692563 0.0229513 0.0225614 0.0218661631442 0.0267546 0.0312865 0.0367833 0.0435955 0.0522674 0.0636915 0.0794412 0.102571 0.139901 0.210391
2.75762021815 0.0209291 0.0207149 0.0200742600073 0.0244172 0.0285731 0.0336132 0.0398587 0.0478084 0.0582803 0.0727161 0.0939152 0.128127 0.192726
2.77507351067 0.0190037 0.0189346 0.0183459602648 0.0221888 0.0259832 0.0305844 0.0362853 0.0435411 0.0530981 0.0662715 0.0856157 0.116832 0.175773
2.79252680319 0.0171748 0.0172229 0.0166838162356 0.0200694 0.0235173 0.0276976 0.0328766 0.0394674 0.0481476 0.0601116 0.0776786 0.106025 0.159545
2.80998009571 0.0154421 0.0155822 0.0150902925633 0.0180589 0.0211754 0.0249536 0.0296337 0.035589 0.0434316 0.05424 0.0701091 0.0957146 0.144057
2.82743338823 0.0138052 0.0140147 0.0135677369916 0.0161572 0.018958 0.0223529 0.0265577 0.0319076 0.0389522 0.0486601 0.0629123 0.0859074 0.129319
2.84488668075 0.0122637 0.0125224 0.0121183608806 0.0143642 0.016865 0.019896 0.0236495 0.0284247 0.0347118 0.0433751 0.0560927 0.0766105 0.115344
2.86233997327 0.0108171 0.0111075 0.0107442489487 0.0126796 0.0148966 0.0175832 0.0209099 0.0251415 0.0307123 0.0383878 0.0496544 0.0678301 0.10214
2.87979326579 0.00946503 0.00977166 0.00944733004757 0.0111031 0.0130527 0.0154149 0.0183394 0.022059 0.0269552 0.0337005 0.043601 0.0595717 0.0897179
2.89724655831 0.00820684 0.00851672 0.00822936742026 0.00963441 0.0113332 0.0133911 0.0159386 0.0191782 0.0234421 0.0293157 0.0379359 0.0518404 0.078085
2.91469985083 0.00704195 0.00734423 0.00709197818481 0.00827308 0.00973784 0.0115119 0.0137078 0.0164998 0.0201741 0.025235 0.0326618 0.0446404 0.0672486
2.93215314335 0.00596972 0.00625562 0.00603657488405 0.00701862 0.00826634 0.00977727 0.0116471 0.0140242 0.0171521 0.02146 0.0277811 0.0379754 0.057215
2.94960643587 0.00498945 0.00525217 0.00506442393571 0.00587048 0.00691828 0.0081869 0.00975657 0.0117518 0.0143769 0.0179917 0.0232955 0.0318484 0.047989
2.96705972839 0.00410037 0.00433496 0.0041765579573 0.00482799 0.00569317 0.00674047 0.00803606 0.00968264 0.0118487 0.0148311 0.0192064 0.0262614 0.0395746
2.98451302091 0.00330165 0.00350492 0.00337380499119 0.00389044 0.00459039 0.00543749 0.00648522 0.00781656 0.00956764 0.0119784 0.0155146 0.0212162 0.0319745
3.00196631343 0.0025924 0.00276275 0.00265680798791 0.00305701 0.00360919 0.00427731 0.00510351 0.00615316 0.0075335 0.00943357 0.0122204 0.0167133 0.0251902
3.01941960595 0.00197164 0.00210896 0.00202595661444 0.00232677 0.00274872 0.00325915 0.00389021 0.00469178 0.00574571 0.00719624 0.00932346 0.0127526 0.0192219
3.03687289847 0.00143831 0.00154386 0.00148139699591 0.0016987 0.00200799 0.00238204 0.00284437 0.00343151 0.00420336 0.00526548 0.00682287 0.00933315 0.0140686
3.05432619099 0.00099126 0.0010675 0.00102304145724 0.00117164 0.00138584 0.00164482 0.00196484 0.00237115 0.00290517 0.0036399 0.00471708 0.00645311 0.00972774
3.07177948351 0.000629208 0.000679707 0.000650519814791 0.000744321 0.00088097 0.00104613 0.00125017 0.00150915 0.00184947 0.0023176 0.00300381 0.00410959 0.00619519
3.08923277603 0.000350756 0.000380018 0.000363159893011 0.000415288 0.000491863 0.000584384 0.000698646 0.00084364 0.00103412 0.00129608 0.00168002 0.00229861 0.0034652
3.10668606855 0.000154331 0.000167674 0.000159968041072 0.000182896 0.000216778 0.000257699 0.000308217 0.000372302 0.000456468 0.000572191 0.000741761 0.00101493 0.00153002
3.12413936107 3.81345e-05 4.15439e-05 3.95609411603e-05 4.52406e-05 5.36649e-05 6.38345e-05 7.63839e-05 9.22975e-05 0.00011319 0.000141908 0.000183979 0.000251739 0.00037949
3.14159265359 0.0 0.0 0.0 0.0 0.0 0.0 0.0 0.0 0.0 0.0 0.0 0.0 0.0
