alpha phi_iso phi_ray phi_vec g0=0.1 g0=0.2 g0=0.3 g0=0.4 g0=0.5 g0=0.6 g0=0.7 g0=0.8 g0=0.9 g0=1.0
0.0 1.0 1.0 1.0 1.0 1.0 1.0 1.0 1.0 1.0 1.0 1.0 1.0 1.0
0.0174532925199 0.999747 0.999649 0.9996204057 0.999758 0.999769 0.999782 0.999796 0.999811 0.999829 0.99985 0.999874 0.999902 0.999936
0.0349065850399 0.999026 0.998641 0.998523287737 0.999065 0.999109 0.999157 0.999211 0.999271 0.999339 0.999418 0.999509 0.999618 0.999749
0.0523598775598 0.997887 0.99704 0.99676981753 0.997971 0.998065 0.998168 0.998283 0.998413 0.99856 0.99873 0.998928 0.999162 0.999445
0.0698131700798 0.996371 0.994898 0.994408870061 0.996515 0.996673 0.996849 0.997045 0.997266 0.997517 0.997806 0.998145 0.998546 0.999031
0.0872664625997 0.994506 0.99225 0.991474462543 0.994721 0.994958 0.995221 0.995515 0.995847 0.996225 0.996661 0.997171 0.997776 0.99851
0.10471975512 0.992309 0.98912 0.98799098326 0.992607 0.992935 0.9933 0.993708 0.994169 0.994696 0.995303 0.996014 0.996859 0.997884
0.12217304764 0.989795 0.985528 0.983978446299 0.990186 0.990618 0.991098 0.991636 0.992244 0.992939 0.993741 0.994681 0.995799 0.997157
0.13962634016 0.986976 0.981491 0.97945529891 0.987471 0.988017 0.988625 0.989307 0.990079 0.990961 0.991982 0.993177 0.994602 0.996331
0.157079632679 0.983863 0.977025 0.974439498865 0.984471 0.985143 0.985891 0.986732 0.987683 0.988772 0.990032 0.991509 0.99327 0.99541
0.174532925199 0.980467 0.972148 0.968948820064 0.981197 0.982005 0.982906 0.983918 0.985065 0.986377 0.987897 0.989681 0.991809 0.994395
0.191986217719 0.976798 0.966873 0.963000888783 0.977659 0.978614 0.979678 0.980874 0.982231 0.983785 0.985585 0.987698 0.990221 0.993289
0.209439510239 0.972866 0.961218 0.9566132044 0.973867 0.974976 0.976215 0.977608 0.979188 0.980999 0.983099 0.985565 0.98851 0.992093
0.226892802759 0.968679 0.955197 0.94980313939 0.969828 0.971102 0.972525 0.974126 0.975944 0.978028 0.980444 0.983285 0.986678 0.99081
0.244346095279 0.964248 0.948825 0.942587941919 0.965552 0.966999 0.968616 0.970437 0.972504 0.974876 0.977627 0.980863 0.98473 0.989439
0.261799387799 0.95958 0.942116 0.934984766918 0.961047 0.962675 0.964496 0.966546 0.968876 0.971549 0.974652 0.978303 0.982666 0.987983
0.279252680319 0.954684 0.935086 0.927010673496 0.95632 0.958138 0.960171 0.962461 0.965064 0.968053 0.971523 0.975607 0.98049 0.986442
0.296705972839 0.949567 0.927748 0.918682656016 0.95138 0.953394 0.955647 0.958187 0.961075 0.964391 0.968244 0.972779 0.978204 0.984818
0.314159265359 0.944237 0.920116 0.910017628557 0.946232 0.94845 0.950932 0.95373 0.956913 0.96057 0.964818 0.969822 0.975809 0.98311
0.331612557879 0.938702 0.912204 0.901032437862 0.940885 0.943313 0.946031 0.949096 0.952584 0.956592 0.961251 0.966739 0.973307 0.981319
0.349065850399 0.932968 0.904026 0.891743855572 0.935345 0.937989 0.94095 0.944291 0.948093 0.952463 0.957544 0.963532 0.970699 0.979445
0.366519142919 0.927043 0.895595 0.88216857304 0.929619 0.932485 0.935696 0.939319 0.943444 0.948187 0.953703 0.960203 0.967988 0.977488
0.383972435439 0.920934 0.886925 0.872323198747 0.923714 0.926807 0.930273 0.934186 0.938643 0.943767 0.949729 0.956756 0.965173 0.975449
0.401425727959 0.914646 0.878029 0.862224237581 0.917634 0.920961 0.924688 0.928898 0.933693 0.939208 0.945625 0.953192 0.962257 0.973326
0.418879020479 0.908187 0.868919 0.85188808307 0.911388 0.914951 0.918946 0.923458 0.928598 0.934513 0.941396 0.949513 0.95924 0.971119
0.436332312999 0.901563 0.85961 0.841331004427 0.904979 0.908784 0.913051 0.917871 0.923363 0.929684 0.937042 0.945721 0.956123 0.968828
0.453785605519 0.894779 0.850113 0.830569125839 0.898415 0.902466 0.907009 0.912142 0.917993 0.924727 0.932568 0.941818 0.952906 0.966452
0.471238898038 0.887842 0.840442 0.81961842387 0.891701 0.896001 0.900824 0.906275 0.91249 0.919644 0.927974 0.937805 0.94959 0.963991
0.488692190558 0.880758 0.830608 0.808494696391 0.884843 0.889395 0.894502 0.900275 0.906858 0.914438 0.923265 0.933684 0.946176 0.961442
0.506145483078 0.873532 0.820624 0.797213559983 0.877845 0.882653 0.888047 0.894146 0.901102 0.909112 0.918442 0.929456 0.942664 0.958807
0.523598775598 0.86617 0.810502 0.785790421453 0.870714 0.875779 0.881464 0.887892 0.895224 0.903669 0.913507 0.925122 0.939053 0.956082
0.541052068118 0.858678 0.800254 0.774240472652 0.863454 0.86878 0.874757 0.881517 0.889228 0.898112 0.908463 0.920684 0.935345 0.953268
0.558505360638 0.851061 0.789892 0.762578661992 0.856071 0.861658 0.86793 0.875024 0.883118 0.892443 0.90331 0.916144 0.931539 0.950363
0.575958653158 0.843325 0.779426 0.750819691848 0.84857 0.85442 0.860988 0.868418 0.876897 0.886666 0.898053 0.9115 0.927636 0.947366
0.593411945678 0.835474 0.768869 0.738977992667 0.840955 0.847069 0.853934 0.861702 0.870567 0.880783 0.892691 0.906756 0.923634 0.944276
0.610865238198 0.827514 0.758232 0.727067712608 0.833231 0.83961 0.846774 0.85488 0.864132 0.874796 0.887227 0.901912 0.919535 0.94109
0.628318530718 0.819449 0.747524 0.715102704587 0.825404 0.832048 0.839511 0.847956 0.857596 0.868708 0.881663 0.896969 0.915339 0.937809
0.645771823238 0.811285 0.736757 0.703096502975 0.817477 0.824386 0.832148 0.840932 0.85096 0.862521 0.876 0.891927 0.911044 0.93443
0.663225115758 0.803027 0.725941 0.691062318418 0.809456 0.81663 0.82469 0.833813 0.844229 0.856237 0.87024 0.886787 0.906651 0.930952
0.680678408278 0.794679 0.715086 0.679013024882 0.801344 0.808783 0.81714 0.826601 0.837404 0.849859 0.864385 0.881551 0.902159 0.927373
0.698131700798 0.786247 0.704202 0.666961136352 0.793147 0.800849 0.809503 0.8193 0.830488 0.843389 0.858435 0.876218 0.897569 0.923693
0.715584993318 0.777734 0.693299 0.654918812007 0.784868 0.792832 0.801781 0.811913 0.823485 0.836829 0.852394 0.87079 0.892879 0.919909
0.733038285838 0.769145 0.682385 0.642897830324 0.776512 0.784736 0.793978 0.804444 0.816396 0.830181 0.846261 0.865268 0.888091 0.916021
0.750491578358 0.760485 0.67147 0.630909586487 0.768083 0.776565 0.786099 0.796895 0.809225 0.823448 0.840038 0.859651 0.883203 0.912026
0.767944870878 0.751759 0.660562 0.618965079438 0.759585 0.768323 0.778145 0.789269 0.801975 0.81663 0.833728 0.853941 0.878215 0.907924
0.785398163397 0.742969 0.649671 0.607074904108 0.751022 0.760014 0.770122 0.78157 0.794647 0.809731 0.827331 0.848138 0.873127 0.903713
0.802851455917 0.734122 0.638803 0.59524924624 0.742399 0.751641 0.762031 0.7738 0.787244 0.802753 0.820848 0.842243 0.867939 0.899392
0.820304748437 0.72522 0.627967 0.583497866842 0.733718 0.743208 0.753877 0.765962 0.779768 0.795696 0.814281 0.836256 0.86265 0.89496
0.837758040957 0.716268 0.617171 0.571830112557 0.724985 0.734719 0.745663 0.75806 0.772223 0.788564 0.807632 0.830179 0.857261 0.890414
0.855211333477 0.707271 0.606422 0.560254889756 0.716202 0.726176 0.737391 0.750095 0.76461 0.781358 0.800901 0.824011 0.851771 0.885755
0.872664625997 0.698232 0.595726 0.548780674903 0.707374 0.717584 0.729065 0.742071 0.756933 0.77408 0.794091 0.817754 0.84618 0.880981
0.890117918517 0.689154 0.585091 0.537415501602 0.698504 0.708946 0.720688 0.733991 0.749192 0.766732 0.787201 0.811408 0.840488 0.876091
0.907571211037 0.680043 0.574522 0.52616697096 0.689595 0.700265 0.712264 0.725857 0.741391 0.759316 0.780235 0.804974 0.834695 0.871084
0.925024503557 0.670901 0.564026 0.515042230863 0.680653 0.691545 0.703794 0.717673 0.733532 0.751833 0.773192 0.798453 0.828801 0.865958
0.942477796077 0.661733 0.553609 0.504047988932 0.671679 0.682789 0.695283 0.709439 0.725617 0.744286 0.766075 0.791845 0.822806 0.860714
0.959931088597 0.652542 0.543276 0.493190515109 0.662677 0.674 0.686733 0.70116 0.717648 0.736676 0.758885 0.785152 0.81671 0.85535
0.977384381117 0.643332 0.533031 0.482475623526 0.653652 0.665181 0.678147 0.692838 0.709629 0.729006 0.751623 0.778373 0.810513 0.849866
0.994837673637 0.634106 0.522881 0.471908695818 0.644605 0.656335 0.669527 0.684476 0.70156 0.721277 0.74429 0.77151 0.804215 0.844262
1.01229096616 0.624867 0.512829 0.461494670762 0.635541 0.647466 0.660878 0.676075 0.693445 0.71349 0.736889 0.764565 0.797818 0.838535
1.02974425868 0.61562 0.50288 0.451238049456 0.626463 0.638577 0.652201 0.66764 0.685285 0.705649 0.72942 0.757537 0.79132 0.832687
1.0471975512 0.606368 0.493037 0.441142903088 0.617374 0.62967 0.643499 0.659171 0.677082 0.697755 0.721885 0.750428 0.784723 0.826718
1.06465084372 0.597114 0.483305 0.431212872936 0.608277 0.620748 0.634776 0.650672 0.66884 0.689809 0.714286 0.743238 0.778026 0.820625
1.08210413624 0.587861 0.473686 0.421451183321 0.599175 0.611816 0.626033 0.642145 0.66056 0.681814 0.706624 0.73597 0.771232 0.814411
1.09955742876 0.578612 0.464183 0.411860633832 0.590071 0.602874 0.617274 0.633593 0.652244 0.673771 0.6989 0.728624 0.764339 0.808074
1.11701072128 0.569371 0.4548 0.402443622638 0.580969 0.593927 0.608501 0.625017 0.643895 0.665683 0.691116 0.721201 0.75735 0.801615
1.1344640138 0.560141 0.445539 0.393202146484 0.571871 0.584976 0.599717 0.616422 0.635514 0.657551 0.683275 0.713703 0.750264 0.795035
1.15191730632 0.550925 0.436402 0.384137808467 0.56278 0.576026 0.590924 0.607808 0.627105 0.649378 0.675377 0.70613 0.743083 0.788333
1.16937059884 0.541725 0.42739 0.375251825799 0.553699 0.567078 0.582126 0.599178 0.618669 0.641164 0.667424 0.698485 0.735807 0.78151
1.18682389136 0.532546 0.418507 0.366545045349 0.544632 0.558135 0.573324 0.590536 0.610208 0.632914 0.659418 0.690768 0.728438 0.774566
1.20427718388 0.523389 0.409752 0.358017948824 0.53558 0.549201 0.564521 0.581882 0.601725 0.624627 0.651361 0.682982 0.720978 0.767504
1.2217304764 0.514257 0.401128 0.349670668303 0.526546 0.540277 0.55572 0.57322 0.593222 0.616307 0.643254 0.675128 0.713426 0.760322
1.23918376892 0.505154 0.392634 0.341502991422 0.517534 0.531366 0.546923 0.564552 0.5847 0.607955 0.6351 0.667207 0.705785 0.753023
1.25663706144 0.496082 0.384273 0.33351437691 0.508546 0.522471 0.538132 0.55588 0.576164 0.599574 0.6269 0.659221 0.698055 0.745607
1.27409035396 0.487044 0.376043 0.325703964948 0.499584 0.513594 0.529351 0.547206 0.567613 0.591165 0.618656 0.651172 0.690239 0.738076
1.29154364648 0.478042 0.367946 0.318070597889 0.490651 0.504738 0.520581 0.538534 0.559052 0.582731 0.61037 0.643061 0.682339 0.730431
1.308996939 0.469079 0.359982 0.310612820258 0.48175 0.495905 0.511825 0.529865 0.550481 0.574274 0.602045 0.634891 0.674355 0.722674
1.32645023152 0.460158 0.35215 0.303328902057 0.472883 0.487098 0.503085 0.521201 0.541904 0.565796 0.593682 0.626664 0.666289 0.714806
1.34390352404 0.451281 0.34445 0.296216846541 0.464052 0.478319 0.494365 0.512545 0.533322 0.557299 0.585284 0.618381 0.658145 0.70683
1.36135681656 0.44245 0.336882 0.289274410929 0.45526 0.469571 0.485665 0.5039 0.524738 0.548786 0.576852 0.610045 0.649923 0.698746
1.37881010908 0.433668 0.329444 0.28249911677 0.44651 0.460856 0.476988 0.495267 0.516154 0.540258 0.568389 0.601658 0.641625 0.690557
1.3962634016 0.424937 0.322136 0.275888265476 0.437803 0.452175 0.468337 0.486648 0.507573 0.531718 0.559897 0.593221 0.633255 0.682266
1.41371669412 0.41626 0.314956 0.269438946095 0.429143 0.443533 0.459714 0.478047 0.498996 0.523168 0.551378 0.584738 0.624813 0.673874
1.43116998664 0.407639 0.307904 0.263148066391 0.42053 0.43493 0.451121 0.469465 0.490426 0.514611 0.542835 0.576211 0.616303 0.665384
1.44862327916 0.399075 0.300978 0.257012350246 0.411968 0.426369 0.442561 0.460905 0.481865 0.506049 0.53427 0.567642 0.607728 0.656799
1.46607657168 0.390572 0.294177 0.251028363566 0.403458 0.417852 0.434035 0.452369 0.473316 0.497484 0.525686 0.559033 0.599089 0.648121
1.4835298642 0.38213 0.287498 0.245192527229 0.395004 0.409381 0.425546 0.443859 0.46478 0.488918 0.517084 0.550387 0.590389 0.639353
1.50098315672 0.373753 0.280941 0.239501132619 0.386606 0.400959 0.417097 0.435377 0.456261 0.480355 0.508468 0.541708 0.581631 0.630499
1.51843644924 0.365443 0.274504 0.233950349401 0.378266 0.392588 0.408688 0.426926 0.44776 0.471796 0.49984 0.532996 0.572818 0.62156
1.53588974176 0.3572 0.268183 0.228536251416 0.369988 0.384269 0.400323 0.418507 0.43928 0.463244 0.491202 0.524256 0.563954 0.61254
1.55334303427 0.349028 0.261979 0.223254829631 0.361773 0.376005 0.392003 0.410124 0.430823 0.4547 0.482557 0.51549 0.55504 0.603444
1.57079632679 0.340927 0.255888 0.218101994729 0.353622 0.367797 0.383731 0.401778 0.422391 0.446169 0.473908 0.5067 0.546079 0.594272
1.58824961931 0.3329 0.249907 0.213073608186 0.345537 0.359648 0.375508 0.393471 0.413987 0.437652 0.465257 0.49789 0.537076 0.585031
1.60570291183 0.324948 0.244036 0.208165487452 0.337521 0.351559 0.367337 0.385205 0.405613 0.429151 0.456608 0.489062 0.528033 0.575722
1.62315620435 0.317074 0.238272 0.203373421487 0.329576 0.343533 0.35922 0.376984 0.397272 0.42067 0.447962 0.480221 0.518954 0.56635
1.64060949687 0.309278 0.232612 0.198693183716 0.321702 0.335572 0.351159 0.368808 0.388965 0.41221 0.439323 0.471368 0.509842 0.556919
1.65806278939 0.301563 0.227054 0.19412054756 0.313902 0.327676 0.343155 0.360681 0.380695 0.403775 0.430693 0.462506 0.500701 0.547432
1.67551608191 0.29393 0.221597 0.189651296801 0.306178 0.319849 0.335211 0.352604 0.372465 0.395367 0.422076 0.45364 0.491533 0.537895
1.69296937443 0.286381 0.216236 0.185281246299 0.29853 0.312091 0.327328 0.344579 0.364276 0.386988 0.413473 0.444772 0.482344 0.52831
1.71042266695 0.278917 0.210971 0.181006241992 0.290961 0.304405 0.319509 0.336609 0.356132 0.378641 0.404889 0.435905 0.473136 0.518681
1.72787595947 0.271539 0.205799 0.176822181613 0.283473 0.296792 0.311756 0.328695 0.348033 0.370329 0.396326 0.427043 0.463913 0.509014
1.74532925199 0.264248 0.200716 0.172725025051 0.276066 0.289254 0.304069 0.320839 0.339983 0.362053 0.387786 0.418189 0.454679 0.499313
1.76278254451 0.257047 0.195722 0.168710802121 0.268742 0.281792 0.296452 0.313044 0.331985 0.353818 0.379273 0.409346 0.445438 0.489582
1.78023583703 0.249937 0.190814 0.164775625511 0.261503 0.274409 0.288906 0.305312 0.324039 0.345625 0.37079 0.400518 0.436193 0.479825
1.79768912955 0.242918 0.18599 0.160915706322 0.25435 0.267105 0.281432 0.297645 0.316149 0.337477 0.362339 0.391707 0.426949 0.470048
1.81514242207 0.235991 0.181246 0.157127348889 0.247284 0.259883 0.274033 0.290044 0.308317 0.329376 0.353924 0.382919 0.41771 0.460255
1.83259571459 0.229159 0.176582 0.153406976679 0.240307 0.252743 0.266709 0.282511 0.300545 0.321326 0.345548 0.374155 0.408479 0.45045
1.85004900711 0.222422 0.171995 0.149751127108 0.23342 0.245688 0.259464 0.27505 0.292835 0.313328 0.337213 0.36542 0.399261 0.440639
1.86750229963 0.215781 0.167482 0.146156472266 0.226624 0.238718 0.252298 0.26766 0.285189 0.305386 0.328922 0.356717 0.39006 0.430826
1.88495559215 0.209237 0.163043 0.142619811141 0.21992 0.231836 0.245213 0.260345 0.27761 0.297501 0.32068 0.348049 0.38088 0.421016
1.90240888467 0.202791 0.158674 0.139138095522 0.21331 0.225041 0.238211 0.253107 0.2701 0.289677 0.312488 0.339421 0.371725 0.411215
1.91986217719 0.196444 0.154375 0.135708414457 0.206795 0.218337 0.231293 0.245946 0.262662 0.281916 0.304349 0.330834 0.362599 0.401426
1.93731546971 0.190196 0.150143 0.132328017563 0.200375 0.211723 0.224461 0.238866 0.255296 0.274221 0.296268 0.322294 0.353507 0.391656
1.95476876223 0.18405 0.145977 0.128994309846 0.194051 0.205202 0.217716 0.231867 0.248006 0.266594 0.288246 0.313804 0.344452 0.381908
1.97222205475 0.178004 0.141875 0.12570485947 0.187825 0.198774 0.21106 0.224951 0.240793 0.259037 0.280286 0.305367 0.335439 0.372189
1.98967534727 0.172061 0.137835 0.122457405527 0.181698 0.19244 0.204494 0.218121 0.23366 0.251553 0.272392 0.296986 0.326473 0.362503
2.00712863979 0.16622 0.133856 0.119249847677 0.17567 0.186202 0.198019 0.211378 0.226608 0.244145 0.264566 0.288666 0.317557 0.352856
2.02458193231 0.160483 0.129938 0.116080266869 0.169742 0.180061 0.191637 0.204723 0.21964 0.236814 0.256812 0.280409 0.308695 0.343251
2.04203522483 0.154849 0.126077 0.112946909796 0.163916 0.174018 0.18535 0.198158 0.212758 0.229564 0.249132 0.272219 0.299892 0.333696
2.05948851735 0.14932 0.122275 0.109848201852 0.15819 0.168073 0.179158 0.191685 0.205963 0.222397 0.241529 0.264101 0.291152 0.324193
2.07694180987 0.143896 0.118528 0.106782747128 0.152568 0.162228 0.173063 0.185305 0.199257 0.215315 0.234007 0.256056 0.282479 0.31475
2.09439510239 0.138577 0.114837 0.10374932064 0.147048 0.156484 0.167065 0.17902 0.192643 0.20832 0.226567 0.248089 0.273877 0.30537
2.11184839491 0.133364 0.111201 0.100746868334 0.141632 0.150841 0.161167 0.172832 0.186122 0.201415 0.219213 0.240203 0.265351 0.296059
2.12930168743 0.128257 0.107618 0.0977745200328 0.136321 0.145301 0.155369 0.166741 0.179696 0.194602 0.211947 0.232401 0.256904 0.286821
2.14675497995 0.123256 0.104089 0.0948315661268 0.131114 0.139864 0.149671 0.160749 0.173367 0.187883 0.204773 0.224687 0.248541 0.277663
2.16420827247 0.118361 0.100612 0.0919174705244 0.126012 0.13453 0.144077 0.154857 0.167137 0.181261 0.197692 0.217064 0.240266 0.268588
2.18166156499 0.113574 0.0971872 0.089031865472 0.121016 0.129301 0.138585 0.149068 0.161006 0.174737 0.190708 0.209535 0.232082 0.259601
2.19911485751 0.108893 0.0938145 0.0861745411947 0.116126 0.124176 0.133197 0.143381 0.154978 0.168313 0.183823 0.202104 0.223993 0.250708
2.21656815003 0.104319 0.0904935 0.0833454510757 0.111342 0.119158 0.127914 0.137799 0.149052 0.161992 0.177039 0.194773 0.216004 0.241913
2.23402144255 0.0998519 0.0872239 0.0805446961178 0.106665 0.114245 0.122737 0.132321 0.143232 0.155775 0.17036 0.187545 0.208119 0.233221
2.25147473507 0.0954919 0.0840058 0.0777725301229 0.102094 0.10944 0.117667 0.126951 0.137518 0.149665 0.163787 0.180425 0.20034 0.224637
2.26892802759 0.0912389 0.0808392 0.0750293519223 0.0976307 0.104741 0.112703 0.121687 0.131912 0.143663 0.157322 0.173414 0.192673 0.216165
2.28638132011 0.0870928 0.0777242 0.0723156898383 0.0932744 0.10015 0.107848 0.116533 0.126415 0.137771 0.150969 0.166516 0.185119 0.207809
2.30383461263 0.0830533 0.074661 0.0696322120431 0.0890253 0.0956665 0.103101 0.111487 0.121029 0.131991 0.14473 0.159733 0.177684 0.199575
2.32128790515 0.0791203 0.0716498 0.0669797032503 0.0848835 0.0912913 0.0984636 0.106553 0.115754 0.126324 0.138606 0.153068 0.17037 0.191466
2.33874119767 0.0752936 0.0686911 0.0643590673054 0.0808488 0.0870244 0.0939356 0.101729 0.110592 0.120773 0.1326 0.146525 0.163181 0.183487
2.35619449019 0.0715729 0.0657852 0.0617713194156 0.0769213 0.082866 0.0895177 0.097017 0.105545 0.115338 0.126714 0.140105 0.15612 0.175642
2.37364778271 0.0679578 0.0629327 0.0592175732012 0.0731009 0.0788163 0.0852103 0.0924178 0.100612 0.110022 0.120949 0.133811 0.14919 0.167934
2.39110107523 0.064448 0.060134 0.0566990329259 0.0693873 0.0748752 0.0810137 0.0879319 0.0957962 0.104825 0.115308 0.127645 0.142394 0.160369
2.40855436775 0.061043 0.0573899 0.0542169960869 0.0657804 0.0710429 0.0769283 0.0835599 0.0910972 0.0997485 0.109792 0.12161 0.135737 0.152949
2.42600766027 0.0577423 0.054701 0.0517728249266 0.0622799 0.0673194 0.0729542 0.0793024 0.0865162 0.0947946 0.104404 0.115708 0.129219 0.145679
2.44346095279 0.0545456 0.052068 0.0493679542023 0.0588854 0.0637045 0.0690917 0.0751599 0.082054 0.0899642 0.0991444 0.109942 0.122845 0.138562
2.46091424531 0.0514521 0.0494916 0.0470038756471 0.0555967 0.0601981 0.0653409 0.0711326 0.0777113 0.0852582 0.0940152 0.104313 0.116617 0.131601
2.47836753783 0.0484613 0.0469727 0.044682127611 0.0524133 0.0568 0.0617018 0.067221 0.0734889 0.0806777 0.0890177 0.0988234 0.110537 0.1248
2.49582083035 0.0455724 0.0445121 0.0424042898807 0.0493348 0.0535099 0.0581744 0.0634252 0.0693872 0.0762238 0.0841534 0.093475 0.104608 0.118162
2.51327412287 0.0427848 0.0421106 0.0401719707312 0.0463605 0.0503276 0.0547587 0.0597457 0.0654068 0.0718971 0.0794236 0.0882694 0.0988324 0.11169
2.53072741539 0.0400978 0.039769 0.037986796566 0.04349 0.0472527 0.0514545 0.0561823 0.0615481 0.0676985 0.0748294 0.0832085 0.0932122 0.105387
2.54818070791 0.0375105 0.0374883 0.035850401558 0.0407226 0.0442847 0.0482615 0.0527352 0.0578115 0.0636287 0.0703717 0.0782936 0.0877495 0.0992549
2.56563400043 0.035022 0.0352693 0.0337644224701 0.0380576 0.0414231 0.0451796 0.0494045 0.0541972 0.0596882 0.0660518 0.0735262 0.0824462 0.0932974
2.58308729295 0.0326315 0.033113 0.0317304882957 0.0354944 0.0386676 0.0422085 0.0461899 0.0507054 0.0558776 0.0618703 0.0689076 0.0773041 0.0875164
2.60054058547 0.030338 0.0310201 0.0297502047197 0.033032 0.0360173 0.0393477 0.0430914 0.0473362 0.0521973 0.0578281 0.064439 0.0723249 0.0819144
2.61799387799 0.0281406 0.0289915 0.0278251541188 0.0306698 0.0334718 0.0365968 0.0401087 0.0440897 0.0486475 0.0539258 0.0601213 0.0675101 0.0764931
2.63544717051 0.0260382 0.0270282 0.0259568696634 0.0284069 0.0310302 0.0339553 0.0372416 0.0409659 0.0452286 0.050164 0.0559556 0.0628611 0.0712547
2.65290046303 0.0240297 0.0251308 0.0241468482661 0.0262422 0.0286919 0.0314225 0.0344896 0.0379644 0.0419406 0.046543 0.0519425 0.058379 0.0662007
2.67035375555 0.0221139 0.0233002 0.0223965246843 0.0241748 0.026456 0.0289979 0.0318522 0.0350852 0.0387835 0.0430632 0.0480827 0.0540649 0.0613328
2.68780704807 0.0202898 0.0215372 0.0207072637503 0.0222037 0.0243215 0.0266807 0.029329 0.0323278 0.0357572 0.0397247 0.0443768 0.0499196 0.0566521
2.70526034059 0.018556 0.0198423 0.0190803603712 0.0203278 0.0222875 0.0244701 0.0269193 0.0296918 0.0328616 0.0365276 0.040825 0.0459439 0.05216
2.72271363311 0.0169114 0.0182163 0.0175170214008 0.0185458 0.0203531 0.0223652 0.0246225 0.0271768 0.0300963 0.0334718 0.0374276 0.0421383 0.0478572
2.74016692563 0.0153545 0.0166597 0.0160183682287 0.0168567 0.0185172 0.0203652 0.0224376 0.0247821 0.0274609 0.0305572 0.0341847 0.0385032 0.0437446
2.75762021815 0.013884 0.015173 0.0145854108826 0.0152591 0.0167785 0.0184689 0.020364 0.0225071 0.0249549 0.0277834 0.0310961 0.0350388 0.0398227
2.77507351067 0.0124986 0.0137568 0.0132190609772 0.0137517 0.0151359 0.0166753 0.0184005 0.0203508 0.0225777 0.02515 0.0281617 0.0317451 0.0360918
2.79252680319 0.0111966 0.0124113 0.0119201032263 0.0123332 0.0135882 0.0149834 0.0165463 0.0183125 0.0203285 0.0226564 0.0253811 0.028622 0.0325521
2.80998009571 0.00997675 0.0111369 0.0106892109817 0.0110022 0.012134 0.0133917 0.0148002 0.0163912 0.0182065 0.020302 0.0227538 0.0256692 0.0292035
2.82743338823 0.00883732 0.00993375 0.00952691774525 0.00975713 0.0107719 0.0118991 0.0131609 0.0145857 0.0162107 0.0180859 0.0202791 0.0228861 0.0260455
2.84488668075 0.00777678 0.00880196 0.00843361975854 0.00859652 0.00950051 0.0105042 0.0116273 0.0128949 0.0143401 0.016007 0.0179561 0.020272 0.0230778
2.86233997327 0.00679344 0.00774154 0.0074095734132 0.00751875 0.00831823 0.00920551 0.0101978 0.0113174 0.0125933 0.0140644 0.0157838 0.0178261 0.0202995
2.87979326579 0.00588562 0.00675237 0.00645488230184 0.00652219 0.00722351 0.00800149 0.00887117 0.00985193 0.0109692 0.0122568 0.0137611 0.0155472 0.0177097
2.89724655831 0.00505155 0.00583426 0.00556949462814 0.00560512 0.00621469 0.00689055 0.00764571 0.00849692 0.00946613 0.0105827 0.0118865 0.0134341 0.015307
2.91469985083 0.00428943 0.00498686 0.00475319802733 0.00476578 0.00529004 0.005871 0.00651979 0.00725075 0.00808264 0.00904053 0.0101587 0.0114852 0.0130901
2.93215314335 0.0035974 0.00420972 0.00400560920684 0.00400234 0.00444776 0.00494107 0.00549169 0.00611172 0.006817 0.00762871 0.00857579 0.00969892 0.0110571
2.94960643587 0.00297356 0.00350226 0.00332617394637 0.00331292 0.00368598 0.00409891 0.00455955 0.00507797 0.00566736 0.00634535 0.00713602 0.00807323 0.0092061
2.96705972839 0.00241593 0.00286375 0.00271416191819 0.00269556 0.00300276 0.00334258 0.00372143 0.00414756 0.00463175 0.00518842 0.00583729 0.00660605 0.00753487
2.98451302091 0.0019225 0.00229335 0.00216865632796 0.00214825 0.00239608 0.00267005 0.0029753 0.00331842 0.00370806 0.00415578 0.00467736 0.005295 0.00604089
3.00196631343 0.00149118 0.00179004 0.00168855650449 0.00166889 0.00186384 0.00207921 0.00231899 0.00258834 0.00289403 0.00324506 0.00365377 0.00413749 0.00472137
3.01941960595 0.00111981 0.00135265 0.00127255977106 0.00125531 0.00140385 0.00156781 0.00175023 0.001955 0.00218723 0.00245374 0.00276386 0.00313067 0.0035732
3.03687289847 0.000806174 0.000979858 0.000919166625022 0.000905276 0.00101382 0.00113354 0.00126663 0.00141592 0.0015851 0.00177912 0.00200473 0.00227143 0.002593
3.05432619099 0.000547966 0.000670152 0.000626660019338 0.000616445 0.00069138 0.000773957 0.000865676 0.000968471 0.00108487 0.00121826 0.00137326 0.00155637 0.00177702
3.07177948351 0.000342794 0.000421834 0.00039309759308 0.000386379 0.000434026 0.00048648 0.000544687 0.000609863 0.000683602 0.000768033 0.000866068 0.000981797 0.00112116
3.08923277603 0.000188157 0.00023299 0.000216298722389 0.000212524 0.000239132 0.000268392 0.000300826 0.000337108 0.000378116 0.000425028 0.000479451 0.000543647 0.000620895
3.10668606855 8.14172e-05 0.000101459 9.37953139854e-05 9.21728e-05 0.000103902 0.000116784 0.000131047 0.000146982 0.000164974 0.000185535 0.000209365 0.000237449 0.000271215
3.12413936107 1.97479e-05 2.47724e-05 2.27929579586e-05 2.24154e-05 2.53198e-05 2.85049e-05 3.20262e-05 3.5955e-05 4.03852e-05 4.54415e-05 5.12953e-05 5.81867e-05 6.64646e-05
3.14159265359 0.0 0.0 0.0 0.0 0.0 0.0 0.0 0.0 0.0 0.0 0.0 0.0 0.0
