alpha phi_iso phi_ray phi_vec g0=0.1 g0=0.2 g0=0.3 g0=0.4 g0=0.5 g0=0.6 g0=0.7 g0=0.8 g0=0.9 g0=1.0
0.0 1.0 1.0 1.0 1.0 1.0 1.0 1.0 1.0 1.0 1.0 1.0 1.0 1.0
0.0174532925199 0.999636 0.999484 0.999483323311 0.999652 0.999673 0.9997 0.999736 0.999785 0.999859 0.999979 1.00021 1.00086 1.01208
0.0349065850399 0.998622 0.998016 0.998013952895 0.998689 0.998773 0.99888 0.999022 0.999219 0.999512 0.999993 1.00093 1.00352 1.04827
0.0523598775598 0.997077 0.995718 0.995712265849 0.997227 0.997415 0.997655 0.997974 0.998417 0.999074 1.00015 1.00225 1.00807 1.10847
0.0698131700798 0.995092 0.992684 0.992673793994 0.995359 0.995691 0.996117 0.996681 0.997466 0.998631 1.00054 1.00425 1.01457 1.19246
0.0872664625997 0.992727 0.988979 0.988961525346 0.993142 0.99366 0.994322 0.995201 0.996422 0.998235 1.00121 1.00698 1.02304 1.3
0.10471975512 0.990017 0.984643 0.984616752048 0.990613 0.991355 0.992305 0.993565 0.995317 0.997918 1.00218 1.01047 1.0335 1.43078
0.12217304764 0.986987 0.979708 0.979670443206 0.987795 0.9888 0.990088 0.991796 0.99417 0.997696 1.00348 1.01471 1.04593 1.58445
0.13962634016 0.983658 0.9742 0.974149193762 0.984707 0.986015 0.98769 0.98991 0.992998 0.997583 1.0051 1.0197 1.06031 1.76062
0.157079632679 0.980046 0.968144 0.968078198921 0.981368 0.983015 0.985125 0.987922 0.991812 0.997587 1.00706 1.02546 1.07661 1.95885
0.174532925199 0.976169 0.961565 0.961481604088 0.977793 0.979816 0.982407 0.985844 0.990622 0.997717 1.00935 1.03195 1.0948 2.17866
0.191986217719 0.97204 0.954485 0.954383029769 0.973995 0.97643 0.979549 0.983685 0.989437 0.997977 1.01199 1.03919 1.11484 2.41957
0.209439510239 0.967674 0.946929 0.94680557157 0.969987 0.972869 0.976561 0.981457 0.988264 0.998373 1.01495 1.04715 1.13669 2.68102
0.226892802759 0.963084 0.938917 0.938771625229 0.965782 0.969145 0.973452 0.979166 0.987109 0.998905 1.01825 1.05583 1.16032 2.96246
0.244346095279 0.95828 0.930474 0.930303236552 0.961391 0.965268 0.970233 0.976819 0.985977 0.999576 1.02188 1.0652 1.18566 3.26331
0.261799387799 0.953274 0.921618 0.921421751476 0.956823 0.961245 0.966909 0.974423 0.98487 1.00038 1.02583 1.07525 1.21268 3.58294
0.279252680319 0.948076 0.912373 0.912148515941 0.952087 0.957086 0.963489 0.971982 0.983792 1.00133 1.0301 1.08596 1.24131 3.92074
0.296705972839 0.942695 0.902758 0.902504176018 0.947193 0.952798 0.959977 0.969501 0.982743 1.00241 1.03466 1.09731 1.27151 4.27604
0.314159265359 0.93714 0.892794 0.892509377778 0.942147 0.948387 0.95638 0.966982 0.981724 1.00362 1.03953 1.10927 1.30321 4.64817
0.331612557879 0.931419 0.882502 0.88218441736 0.936958 0.94386 0.952701 0.964429 0.980735 1.00495 1.04468 1.12182 1.33635 5.03645
0.349065850399 0.925541 0.8719 0.871549415935 0.931632 0.939223 0.948945 0.961843 0.979776 1.00641 1.0501 1.13494 1.37087 5.44017
0.366519142919 0.919512 0.86101 0.860624144741 0.926175 0.93448 0.945116 0.959226 0.978845 1.00798 1.05578 1.1486 1.40671 5.85862
0.383972435439 0.91334 0.84985 0.849428200049 0.920595 0.929636 0.941216 0.956579 0.97794 1.00966 1.0617 1.16277 1.4438 6.29107
0.401425727959 0.90703 0.83844 0.837981178131 0.914895 0.924696 0.937249 0.953903 0.97706 1.01145 1.06786 1.17742 1.48208 6.73678
0.418879020479 0.900591 0.826798 0.826302150358 0.909082 0.919663 0.933217 0.951198 0.9762 1.01333 1.07424 1.19253 1.52147 7.195
0.436332312999 0.894026 0.814945 0.814410013135 0.90316 0.914542 0.929122 0.948464 0.975358 1.0153 1.08082 1.20806 1.56191 7.66498
0.453785605519 0.887343 0.802898 0.802323837832 0.897134 0.909336 0.924966 0.945701 0.974531 1.01735 1.08759 1.224 1.60333 8.14594
0.471238898038 0.880547 0.790676 0.790061820987 0.891009 0.904049 0.92075 0.942907 0.973715 1.01947 1.09453 1.24029 1.64565 8.63713
0.488692190558 0.873643 0.778297 0.777642334105 0.88479 0.898682 0.916475 0.940082 0.972906 1.02165 1.10162 1.25693 1.6888 9.13776
0.506145483078 0.866636 0.765779 0.765083573723 0.878479 0.893238 0.912143 0.937225 0.972099 1.02389 1.10886 1.27386 1.73272 9.64706
0.523598775598 0.859531 0.75314 0.752403036512 0.872081 0.887721 0.907755 0.934334 0.97129 1.02618 1.11621 1.29107 1.77733 10.1643
0.541052068118 0.852333 0.740397 0.739618219143 0.865599 0.882133 0.90331 0.931407 0.970475 1.0285 1.12368 1.30852 1.82256 10.6886
0.558505360638 0.845046 0.727566 0.72674644332 0.859038 0.876475 0.898811 0.928444 0.969647 1.03084 1.13123 1.32618 1.86833 11.2192
0.575958653158 0.837675 0.714665 0.713804330881 0.852399 0.87075 0.894256 0.925441 0.968803 1.0332 1.13885 1.34402 1.91457 11.7554
0.593411945678 0.830224 0.701711 0.700808328695 0.845687 0.86496 0.889646 0.922397 0.967937 1.03557 1.14652 1.362 1.96121 12.2963
0.610865238198 0.822697 0.688718 0.687774708667 0.838905 0.859106 0.884981 0.91931 0.967044 1.03794 1.15423 1.38009 2.00817 12.8412
0.628318530718 0.815098 0.675703 0.674719217801 0.832055 0.85319 0.880261 0.916177 0.966118 1.04029 1.16196 1.39826 2.05539 13.3894
0.645771823238 0.807431 0.662682 0.661657078199 0.825141 0.847213 0.875486 0.912997 0.965155 1.04262 1.16969 1.41649 2.10278 13.9399
0.663225115758 0.799699 0.649668 0.648603337 0.818164 0.841177 0.870656 0.909766 0.964148 1.04491 1.17741 1.43472 2.15028 14.4922
0.680678408278 0.791906 0.636677 0.635572691406 0.811127 0.835084 0.86577 0.906482 0.963091 1.04717 1.18509 1.45295 2.19782 15.0454
0.698131700798 0.784056 0.623722 0.622579138754 0.804034 0.828934 0.860827 0.903142 0.961981 1.04937 1.19272 1.47112 2.24533 15.5988
0.715584993318 0.776153 0.610817 0.609636501415 0.796886 0.822728 0.855829 0.899745 0.96081 1.0515 1.20028 1.48922 2.29273 16.1516
0.733038285838 0.768198 0.597975 0.59675790189 0.789686 0.816468 0.850773 0.896287 0.959574 1.05357 1.20776 1.50721 2.33996 16.7031
0.750491578358 0.760196 0.58521 0.583956112751 0.782436 0.810154 0.845659 0.892765 0.958266 1.05555 1.21513 1.52506 2.38694 17.2526
0.767944870878 0.752151 0.572532 0.571243731599 0.775138 0.803789 0.840488 0.889178 0.956882 1.05743 1.22239 1.54274 2.43361 17.7993
0.785398163397 0.744063 0.559955 0.558632131271 0.767794 0.797371 0.835257 0.885522 0.955416 1.05922 1.22951 1.56023 2.47991 18.3426
0.802851455917 0.735938 0.547489 0.546133034537 0.760407 0.790904 0.829967 0.881795 0.953862 1.06089 1.23648 1.57748 2.52576 18.8817
0.820304748437 0.727778 0.535144 0.533757114365 0.752978 0.784386 0.824617 0.877995 0.952216 1.06245 1.24328 1.59448 2.57111 19.416
0.837758040957 0.719585 0.522933 0.521514693792 0.745509 0.777819 0.819207 0.874118 0.950472 1.06387 1.2499 1.61119 2.61588 19.9448
0.855211333477 0.711362 0.510863 0.509415570952 0.738002 0.771205 0.813735 0.870162 0.948624 1.06515 1.25632 1.62758 2.66002 20.4675
0.872664625997 0.703113 0.498944 0.497469194049 0.730459 0.764542 0.808201 0.866125 0.946668 1.06629 1.26253 1.64364 2.70347 20.9833
0.890117918517 0.694839 0.487185 0.485684136451 0.722882 0.757834 0.802604 0.862004 0.944599 1.06727 1.26851 1.65933 2.74616 21.4918
0.907571211037 0.686544 0.475595 0.47406879656 0.715272 0.751079 0.796944 0.857797 0.942412 1.06808 1.27424 1.67462 2.78804 21.9921
0.925024503557 0.678229 0.46418 0.462630697944 0.707632 0.744279 0.791221 0.853501 0.940103 1.06872 1.27972 1.6895 2.82904 22.4839
0.942477796077 0.669898 0.452949 0.451377189205 0.699962 0.737434 0.785433 0.849115 0.937666 1.06918 1.28493 1.70393 2.86913 22.9664
0.959931088597 0.661552 0.441907 0.440314919079 0.692266 0.730546 0.77958 0.844636 0.935098 1.06945 1.28985 1.71789 2.90823 23.4391
0.977384381117 0.653195 0.43106 0.429449836432 0.684543 0.723614 0.773661 0.840062 0.932393 1.06952 1.29448 1.73137 2.9463 23.9015
0.994837673637 0.644828 0.420415 0.418787540201 0.676796 0.71664 0.767677 0.835391 0.929549 1.06939 1.2988 1.74433 2.9833 24.353
1.01229096616 0.636454 0.409976 0.408333279385 0.669027 0.709624 0.761627 0.830622 0.92656 1.06905 1.30279 1.75675 3.01916 24.7931
1.02974425868 0.628075 0.399748 0.398091253187 0.661236 0.702567 0.75551 0.825752 0.923424 1.06848 1.30646 1.76862 3.05384 25.2213
1.0471975512 0.619692 0.389735 0.388065660806 0.653426 0.69547 0.749326 0.820779 0.920136 1.0677 1.30977 1.77991 3.0873 25.6371
1.06465084372 0.61131 0.37994 0.378260001578 0.645598 0.688333 0.743075 0.815703 0.916694 1.06668 1.31274 1.7906 3.11949 26.0401
1.08210413624 0.602928 0.370366 0.36867707497 0.637753 0.681158 0.736756 0.810522 0.913093 1.06543 1.31534 1.80068 3.15038 26.4298
1.09955742876 0.59455 0.361015 0.359319505481 0.629893 0.673944 0.73037 0.805233 0.909331 1.06394 1.31756 1.81013 3.17991 26.8058
1.11701072128 0.586178 0.35189 0.350189217747 0.62202 0.666693 0.723916 0.799837 0.905406 1.06219 1.3194 1.81893 3.20806 27.1676
1.1344640138 0.577813 0.342992 0.341287436533 0.614135 0.659406 0.717394 0.794331 0.901313 1.0602 1.32085 1.82706 3.23478 27.515
1.15191730632 0.569457 0.334322 0.332615561574 0.606239 0.652083 0.710805 0.788716 0.897051 1.05795 1.3219 1.83452 3.26004 27.8475
1.16937059884 0.561113 0.325881 0.324173767836 0.598334 0.644725 0.704149 0.782989 0.892618 1.05544 1.32254 1.84127 3.28382 28.1648
1.18682389136 0.552782 0.317668 0.315962230287 0.590421 0.637334 0.697425 0.777151 0.888011 1.05266 1.32276 1.84732 3.30607 28.4665
1.20427718388 0.544466 0.309684 0.307980598992 0.582502 0.629909 0.690633 0.7712 0.883229 1.04961 1.32256 1.85265 3.32677 28.7524
1.2217304764 0.536167 0.301927 0.300228174084 0.574578 0.622453 0.683776 0.765136 0.878269 1.04629 1.32193 1.85725 3.3459 29.0221
1.23918376892 0.527887 0.294396 0.292703380864 0.566651 0.614965 0.676851 0.758959 0.873131 1.0427 1.32087 1.8611 3.36342 29.2754
1.25663706144 0.519627 0.28709 0.285404819598 0.558721 0.607447 0.669861 0.752669 0.867814 1.03882 1.31936 1.8642 3.37932 29.5121
1.27409035396 0.511389 0.280007 0.278330215718 0.550791 0.599901 0.662805 0.746265 0.862316 1.03467 1.31742 1.86654 3.39358 29.7319
1.29154364648 0.503176 0.273144 0.271477469624 0.542862 0.592326 0.655685 0.739747 0.856636 1.03024 1.31502 1.86811 3.40617 29.9346
1.308996939 0.494987 0.266498 0.264843606883 0.534935 0.584725 0.648501 0.733116 0.850774 1.02552 1.31218 1.8689 3.41708 30.1201
1.32645023152 0.486826 0.260067 0.258425478092 0.527012 0.577098 0.641253 0.726372 0.84473 1.02051 1.30888 1.86891 3.4263 30.2881
1.34390352404 0.478694 0.253846 0.252219583919 0.519094 0.569446 0.633944 0.719516 0.838504 1.01522 1.30512 1.86814 3.43382 30.4386
1.36135681656 0.470592 0.247833 0.246222250061 0.511182 0.561772 0.626572 0.712547 0.832095 1.00964 1.30091 1.86657 3.43961 30.5713
1.37881010908 0.462522 0.242023 0.240429277319 0.503278 0.554075 0.619141 0.705467 0.825504 1.00378 1.29623 1.86421 3.44368 30.6863
1.3962634016 0.454486 0.236412 0.234836466491 0.495384 0.546357 0.61165 0.698277 0.818731 0.997627 1.2911 1.86105 3.44602 30.7835
1.41371669412 0.446484 0.230995 0.229439093476 0.4875 0.53862 0.604101 0.690977 0.811778 0.991188 1.28551 1.8571 3.44662 30.8627
1.43116998664 0.438519 0.225768 0.22423208424 0.479629 0.530866 0.596495 0.68357 0.804646 0.984464 1.27945 1.85234 3.44549 30.9239
1.44862327916 0.430592 0.220725 0.219210714681 0.471771 0.523094 0.588834 0.676055 0.797335 0.977455 1.27294 1.84679 3.44261 30.9671
1.46607657168 0.422704 0.215861 0.214369560832 0.463928 0.515307 0.581119 0.668435 0.789847 0.970163 1.26597 1.84045 3.43799 30.9924
1.4835298642 0.414857 0.211171 0.20970284879 0.456102 0.507507 0.573352 0.660711 0.782183 0.962589 1.25854 1.8333 3.43165 30.9997
1.50098315672 0.407052 0.20665 0.205205329556 0.448294 0.499694 0.565534 0.652885 0.774346 0.954736 1.25066 1.82537 3.42357 30.9891
1.51843644924 0.399291 0.20229 0.200870879293 0.440505 0.491871 0.557666 0.644959 0.766338 0.946606 1.24233 1.81665 3.41377 30.9607
1.53588974176 0.391575 0.198087 0.196693724102 0.432737 0.484039 0.549751 0.636934 0.758161 0.938203 1.23355 1.80715 3.40226 30.9145
1.55334303427 0.383905 0.194035 0.192667740146 0.424992 0.476199 0.541791 0.628814 0.749818 0.929528 1.22434 1.79688 3.38904 30.8506
1.57079632679 0.376283 0.190127 0.188786628624 0.41727 0.468354 0.533787 0.620599 0.74131 0.920585 1.21468 1.78584 3.37414 30.7691
1.58824961931 0.368709 0.186357 0.185044440669 0.409574 0.460505 0.525741 0.612293 0.732642 0.911379 1.20459 1.77403 3.35757 30.6703
1.60570291183 0.361186 0.182719 0.181434702512 0.401904 0.452653 0.517656 0.603898 0.723816 0.901913 1.19407 1.76147 3.33934 30.5542
1.62315620435 0.353713 0.179206 0.177950940385 0.394263 0.444801 0.509534 0.595417 0.714836 0.892192 1.18314 1.74818 3.31947 30.421
1.64060949687 0.346294 0.175813 0.174586855486 0.386651 0.43695 0.501376 0.586852 0.705705 0.88222 1.17178 1.73414 3.29798 30.2709
1.65806278939 0.338928 0.172533 0.171336323981 0.379071 0.429102 0.493186 0.578207 0.696427 0.872002 1.16002 1.71939 3.2749 30.1041
1.67551608191 0.331618 0.16936 0.168192697135 0.371524 0.421259 0.484965 0.569484 0.687006 0.861544 1.14786 1.70392 3.25024 29.921
1.69296937443 0.324363 0.166287 0.165149676145 0.36401 0.413423 0.476716 0.560687 0.677446 0.85085 1.13531 1.68776 3.22404 29.7216
1.71042266695 0.317166 0.163309 0.162200962212 0.356533 0.405597 0.468441 0.551818 0.667751 0.839928 1.12238 1.67091 3.19632 29.5062
1.72787595947 0.310027 0.160418 0.159340431499 0.349093 0.397781 0.460143 0.542881 0.657926 0.828783 1.10907 1.6534 3.1671 29.2753
1.74532925199 0.302948 0.157609 0.156561960173 0.341691 0.389977 0.451826 0.533881 0.647975 0.817421 1.09539 1.63523 3.13642 29.0289
1.76278254451 0.29593 0.154876 0.153859074465 0.33433 0.382189 0.44349 0.524819 0.637903 0.80585 1.08136 1.61641 3.10432 28.7675
1.78023583703 0.288973 0.152213 0.151226350406 0.327011 0.374418 0.43514 0.5157 0.627716 0.794075 1.06698 1.59698 3.07082 28.4914
1.79768912955 0.282079 0.149614 0.148657489196 0.319735 0.366666 0.426777 0.506528 0.617418 0.782104 1.05226 1.57693 3.03595 28.2009
1.81514242207 0.275249 0.147074 0.146147066867 0.312504 0.358935 0.418406 0.497306 0.607014 0.769945 1.03722 1.5563 2.99976 27.8964
1.83259571459 0.268484 0.144587 0.143689309517 0.305319 0.351227 0.410028 0.488039 0.596511 0.757605 1.02187 1.53509 2.96228 27.5782
1.85004900711 0.261785 0.142147 0.141278793178 0.298183 0.343545 0.401647 0.478731 0.585913 0.745091 1.00621 1.51333 2.92355 27.2467
1.86750229963 0.255153 0.139749 0.138910443815 0.291096 0.33589 0.393266 0.469386 0.575226 0.732413 0.990268 1.49104 2.8836 26.9023
1.88495559215 0.248589 0.137389 0.136579187395 0.284059 0.328266 0.384887 0.460007 0.564457 0.719578 0.974044 1.46823 2.84249 26.5455
1.90240888467 0.242094 0.135061 0.134279949883 0.277076 0.320673 0.376515 0.4506 0.553611 0.706594 0.957554 1.44493 2.80025 26.1765
1.91986217719 0.235668 0.132761 0.132008182143 0.270146 0.313115 0.368152 0.441168 0.542694 0.693471 0.940811 1.42116 2.75693 25.796
1.93731546971 0.229313 0.130485 0.129759510009 0.263272 0.305594 0.359801 0.431717 0.531712 0.680217 0.923828 1.39693 2.71256 25.4043
1.95476876223 0.22303 0.128227 0.127529559313 0.256455 0.298111 0.351466 0.422251 0.520673 0.66684 0.906618 1.37228 2.6672 25.0018
1.97222205475 0.21682 0.125985 0.125314130854 0.249696 0.29067 0.34315 0.412774 0.509581 0.653352 0.889196 1.34722 2.6209 24.5891
1.98967534727 0.210683 0.123755 0.123109725297 0.242998 0.283272 0.334856 0.403291 0.498445 0.639759 0.871575 1.32177 2.57369 24.1665
2.00712863979 0.20462 0.121532 0.120912843309 0.236362 0.27592 0.326587 0.393807 0.48727 0.626073 0.853769 1.29596 2.52563 23.7347
2.02458193231 0.198633 0.119313 0.118719810588 0.229788 0.268616 0.318348 0.384326 0.476063 0.612302 0.835792 1.26982 2.47677 23.294
2.04203522483 0.192721 0.117097 0.116527827668 0.22328 0.261363 0.310141 0.374854 0.464831 0.598457 0.817659 1.24336 2.42715 22.845
2.05948851735 0.186887 0.114879 0.11433409508 0.216837 0.254163 0.30197 0.365395 0.453581 0.584547 0.799385 1.21661 2.37684 22.3881
2.07694180987 0.18113 0.112657 0.112135813358 0.210462 0.247018 0.293839 0.355954 0.44232 0.570582 0.780985 1.1896 2.32587 21.924
2.09439510239 0.175451 0.11043 0.109931057868 0.204157 0.239931 0.28575 0.346536 0.431055 0.556573 0.762474 1.16234 2.2743 21.453
2.11184839491 0.169852 0.108194 0.107717379076 0.197922 0.232903 0.277707 0.337147 0.419793 0.542529 0.743866 1.13487 2.22218 20.9758
2.12930168743 0.164333 0.105948 0.105493377248 0.191759 0.225938 0.269715 0.327791 0.40854 0.52846 0.725177 1.10721 2.16956 20.4928
2.14675497995 0.158895 0.103691 0.103257302717 0.18567 0.219038 0.261775 0.318472 0.397305 0.514377 0.706424 1.07938 2.11651 20.0046
2.16420827247 0.153538 0.101422 0.101008105683 0.179656 0.212204 0.253892 0.309198 0.386094 0.500291 0.68762 1.05142 2.06307 19.5117
2.18166156499 0.148263 0.0991384 0.0987445613786 0.173718 0.205441 0.24607 0.299971 0.374914 0.486211 0.668782 1.02334 2.00929 19.0148
2.19911485751 0.143072 0.0968409 0.0964659699376 0.167859 0.198749 0.238312 0.290798 0.363774 0.472149 0.649926 0.995174 1.95524 18.5142
2.21656815003 0.137964 0.0945285 0.0941719814262 0.162079 0.192131 0.230621 0.281683 0.352679 0.458113 0.631067 0.966947 1.90096 18.0105
2.23402144255 0.13294 0.0922012 0.0918622459112 0.156379 0.185589 0.223 0.272631 0.341638 0.444116 0.612222 0.938685 1.84651 17.5044
2.25147473507 0.128001 0.0898588 0.0895369383591 0.150762 0.179127 0.215455 0.263649 0.330657 0.430168 0.593405 0.910413 1.79195 16.9964
2.26892802759 0.123148 0.0875017 0.0871960587699 0.145229 0.172745 0.207987 0.25474 0.319744 0.416279 0.574633 0.882159 1.73732 16.4869
2.28638132011 0.118382 0.0851302 0.0848403070106 0.13978 0.166447 0.200601 0.245909 0.308906 0.402459 0.555921 0.853947 1.68269 15.9766
2.30383461263 0.113702 0.0827452 0.0824703829479 0.134418 0.160235 0.193299 0.237163 0.29815 0.388719 0.537286 0.825805 1.62811 15.466
2.32128790515 0.109109 0.0803476 0.0800871614154 0.129144 0.15411 0.186086 0.228505 0.287484 0.37507 0.518743 0.797758 1.57364 14.9557
2.33874119767 0.104605 0.0779385 0.0776920421467 0.123958 0.148076 0.178965 0.219942 0.276914 0.361521 0.500308 0.769833 1.51932 14.4462
2.35619449019 0.100189 0.0755193 0.0752860749421 0.118863 0.142134 0.171938 0.211476 0.266448 0.348084 0.481997 0.742055 1.46522 13.9381
2.37364778271 0.0958631 0.0730916 0.0728710094687 0.11386 0.136287 0.165011 0.203115 0.256094 0.334769 0.463824 0.71445 1.41138 13.4318
2.39110107523 0.0916266 0.0706571 0.0704485953935 0.10895 0.130537 0.158185 0.194862 0.245857 0.321585 0.445806 0.687044 1.35787 12.928
2.40855436775 0.0874804 0.0682178 0.0680209323171 0.104134 0.124886 0.151465 0.186723 0.235745 0.308543 0.427958 0.659861 1.30473 12.4271
2.42600766027 0.083425 0.0657759 0.0655899448732 0.0994131 0.119337 0.144853 0.178702 0.225764 0.295653 0.410295 0.632928 1.25202 11.9298
2.44346095279 0.0794611 0.0633336 0.0631580825958 0.0947891 0.11389 0.138353 0.170804 0.215923 0.282925 0.392832 0.60627 1.19979 11.4365
2.46091424531 0.075589 0.0608933 0.0607277950188 0.090263 0.108549 0.131968 0.163034 0.206227 0.270369 0.375584 0.57991 1.14809 10.9478
2.47836753783 0.0718093 0.0584577 0.0583017066428 0.085836 0.103315 0.125701 0.155396 0.196683 0.257995 0.358566 0.553874 1.09698 10.4642
2.49582083035 0.0681224 0.0560295 0.0558826169351 0.0815092 0.0981908 0.119555 0.147895 0.187298 0.245811 0.341793 0.528186 1.0465 9.9861
2.51327412287 0.0645288 0.0536115 0.0534731503963 0.0772838 0.093178 0.113533 0.140536 0.178078 0.233829 0.325278 0.502869 0.996704 9.51414
2.53072741539 0.061029 0.0512067 0.051076631394 0.0731609 0.0882786 0.107639 0.133323 0.16903 0.222056 0.309036 0.477947 0.947645 9.04878
2.54818070791 0.0576233 0.0488182 0.0486958593954 0.0691415 0.0834944 0.101876 0.126259 0.16016 0.210502 0.29308 0.453443 0.89937 8.5905
2.56563400043 0.0543122 0.0464491 0.0463343337346 0.0652268 0.0788274 0.0962453 0.119351 0.151474 0.199177 0.277426 0.42938 0.851926 8.13978
2.58308729295 0.051096 0.0441027 0.0439948538792 0.0614177 0.0742795 0.090751 0.112601 0.142979 0.188089 0.262085 0.405781 0.80536 7.6971
2.60054058547 0.0479753 0.0417822 0.0416810941298 0.0577154 0.0698523 0.0853955 0.106014 0.134679 0.177247 0.247071 0.382666 0.759719 7.26292
2.61799387799 0.0449503 0.0394911 0.039396378854 0.0541207 0.0655477 0.0801816 0.0995937 0.126582 0.166659 0.232398 0.360058 0.715047 6.83769
2.63544717051 0.0420214 0.0372326 0.0371438574525 0.0506346 0.0613673 0.075112 0.0933445 0.118693 0.156334 0.218077 0.337978 0.671388 6.42187
2.65290046303 0.0391889 0.0350103 0.0349273791929 0.0472582 0.0573129 0.0701893 0.0872699 0.111016 0.146279 0.204121 0.316445 0.628787 6.01588
2.67035375555 0.0364532 0.0328275 0.032750093476 0.0439922 0.053386 0.065416 0.0813737 0.103559 0.136503 0.190542 0.295481 0.587285 5.62015
2.68780704807 0.0338147 0.0306877 0.0306154996358 0.0408375 0.0495883 0.0607946 0.0756596 0.0963257 0.127014 0.177352 0.275103 0.546922 5.23509
2.70526034059 0.0312735 0.0285944 0.0285272719733 0.0377951 0.0459211 0.0563273 0.070131 0.0893215 0.117818 0.164561 0.255332 0.507739 4.86109
2.72271363311 0.0288301 0.026551 0.0264885598893 0.0348657 0.0423861 0.0520167 0.0647914 0.0825513 0.108924 0.152182 0.236186 0.469774 4.49856
2.74016692563 0.0264846 0.0245608 0.0245030376845 0.03205 0.0389845 0.0478648 0.0596441 0.0760201 0.100337 0.140224 0.217681 0.433064 4.14785
2.75762021815 0.0242374 0.0226272 0.0225738547598 0.0293489 0.0357179 0.0438738 0.0546922 0.0697323 0.0920658 0.128699 0.199836 0.397646 3.80935
2.77507351067 0.0220887 0.0207536 0.0207043354826 0.0267631 0.0325874 0.0400458 0.0499389 0.0636925 0.0841156 0.117615 0.182667 0.363555 3.48339
2.79252680319 0.0200387 0.0189431 0.018897979187 0.0242933 0.0295944 0.0363827 0.0453871 0.057905 0.0764931 0.106982 0.166189 0.330823 3.17031
2.80998009571 0.0180877 0.0171989 0.0171575853404 0.02194 0.02674 0.0328865 0.0410395 0.0523738 0.0692041 0.09681 0.150418 0.299482 2.87044
2.82743338823 0.0162358 0.0155241 0.0154864783103 0.0197041 0.0240254 0.029559 0.0368989 0.0471028 0.0622546 0.0871071 0.135368 0.269564 2.58408
2.84488668075 0.0144832 0.0139217 0.0138876325307 0.0175859 0.0214517 0.0264019 0.0329679 0.0420959 0.0556499 0.0778817 0.121053 0.241097 2.31153
2.86233997327 0.0128302 0.0123945 0.0123638474689 0.0155862 0.0190199 0.0234168 0.0292488 0.0373564 0.0493953 0.0691416 0.107486 0.21411 2.05307
2.87979326579 0.0112769 0.0109453 0.0109177476256 0.0137053 0.0167309 0.0206052 0.025744 0.0328878 0.0434955 0.0608944 0.0946806 0.188628 1.80896
2.89724655831 0.00982339 0.0095768 0.0095523074347 0.0119438 0.0145857 0.0179686 0.0224556 0.0286933 0.0379553 0.053147 0.0826471 0.164676 1.57944
2.91469985083 0.00846986 0.00829141 0.00826997643023 0.0103022 0.0125851 0.0155084 0.0193857 0.0247756 0.032779 0.0459061 0.0713969 0.142277 1.36476
2.93215314335 0.00721641 0.00709154 0.00707285421266 0.00878086 0.01073 0.0132257 0.016536 0.0211377 0.0279706 0.0391777 0.0609402 0.121454 1.16513
2.94960643587 0.00606315 0.00597939 0.00596339031591 0.00738012 0.00902088 0.0111218 0.0139084 0.017782 0.0235337 0.0329676 0.0512865 0.102224 0.980755
2.96705972839 0.00501014 0.00495703 0.00494350937375 0.00610034 0.00745856 0.00919768 0.0115043 0.0147108 0.0194719 0.0272808 0.0424445 0.0846085 0.811815
2.98451302091 0.00405747 0.00402635 0.00401513601999 0.00494182 0.00604357 0.00745428 0.00932532 0.0119262 0.0157881 0.0221223 0.034422 0.0686225 0.658479
3.00196631343 0.00320518 0.00318908 0.00318001992171 0.00390482 0.00477643 0.00589246 0.00737264 0.00943022 0.0124853 0.0174961 0.0272261 0.0542813 0.520901
3.01941960595 0.0024533 0.00244676 0.00243956081257 0.00298955 0.00365759 0.00451295 0.0056474 0.00722437 0.00956583 0.0134062 0.0208633 0.0415983 0.399215
3.03687289847 0.00180185 0.00180078 0.00179533339294 0.00219618 0.00268742 0.0033164 0.00415058 0.00531015 0.00703184 0.00985563 0.0153388 0.0305852 0.293538
3.05432619099 0.00125082 0.00125229 0.00124838746308 0.00152485 0.00186623 0.00230331 0.00288299 0.00368876 0.00488514 0.00684735 0.0106575 0.0212518 0.203971
3.07177948351 0.000800176 0.000802306 0.000799772823226 0.000975647 0.00119424 0.0014741 0.00184526 0.00236119 0.00312721 0.00438355 0.00682307 0.0136062 0.130595
3.08923277603 0.00044987 0.000451602 0.000450189340223 0.000548603 0.000671595 0.000829062 0.00103789 0.00132817 0.00175915 0.002466 0.00383851 0.00765481 0.0734739
3.10668606855 0.000199822 0.000200771 0.000200161914192 0.000243708 0.000298375 0.000368364 0.000461181 0.000590195 0.000781743 0.00109589 0.00170589 0.00340198 0.0326541
3.12413936107 4.99189e-05 5.0186e-05 5.00404785479e-05 6.08889e-05 7.45534e-05 9.20473e-05 0.000115247 0.000147493 0.000195368 0.000273884 0.000426341 0.000850245 0.00816119
3.14159265359 0.0 0.0 0.0 0.0 0.0 0.0 0.0 0.0 0.0 0.0 0.0 0.0 0.0
