alpha phi_iso phi_ray phi_vec g0=0.1 g0=0.2 g0=0.3 g0=0.4 g0=0.5 g0=0.6 g0=0.7 g0=0.8 g0=0.9 g0=1.0
0.0 1.0 1.0 1.0 1.0 1.0 1.0 1.0 1.0 1.0 1.0 1.0 1.0 1.0
0.0174532925199 0.999706 0.999581 0.999562344892 0.99972 0.999735 0.999753 0.999774 0.999799 0.99983 0.999868 0.999918 0.999986 1.00008
0.0349065850399 0.998876 0.998383 0.998305481545 0.998928 0.998988 0.999057 0.999139 0.999236 0.999356 0.999506 0.9997 0.999964 1.00034
0.0523598775598 0.997586 0.996493 0.996312394134 0.997699 0.997828 0.997979 0.998156 0.998369 0.998629 0.998957 0.999382 0.999958 1.00079
0.0698131700798 0.995894 0.993983 0.993649116876 0.996088 0.99631 0.996569 0.996875 0.997242 0.997691 0.998256 0.998991 0.999988 1.00142
0.0872664625997 0.993839 0.990898 0.990360630823 0.994132 0.994469 0.994862 0.995325 0.995882 0.996566 0.997426 0.998545 1.00006 1.00225
0.10471975512 0.991446 0.98727 0.986478075559 0.991856 0.992328 0.992879 0.993529 0.994311 0.995271 0.996481 0.998055 1.00019 1.00328
0.12217304764 0.988733 0.983123 0.982026139931 0.989277 0.989904 0.990635 0.9915 0.992541 0.993819 0.995431 0.997531 1.00038 1.0045
0.13962634016 0.985716 0.97848 0.977027070761 0.986411 0.987212 0.988146 0.989252 0.990584 0.992221 0.994286 0.996977 1.00064 1.00591
0.157079632679 0.98241 0.973361 0.971502229574 0.98327 0.984263 0.985422 0.986795 0.98845 0.990485 0.993053 0.996401 1.00096 1.00753
0.174532925199 0.978826 0.967786 0.965472550165 0.979869 0.981071 0.982476 0.984141 0.986149 0.988619 0.991738 0.995806 1.00134 1.00933
0.191986217719 0.974979 0.961774 0.958958633102 0.976217 0.977647 0.979318 0.9813 0.98369 0.986632 0.990348 0.995197 1.0018 1.01132
0.209439510239 0.970878 0.955344 0.951980765616 0.972327 0.974001 0.975958 0.978279 0.98108 0.984529 0.988888 0.994576 1.00232 1.01351
0.226892802759 0.966536 0.948514 0.944558926575 0.968208 0.970142 0.972403 0.975087 0.978326 0.982317 0.987362 0.993947 1.00292 1.01587
0.244346095279 0.961961 0.941303 0.936712856118 0.963872 0.96608 0.968664 0.971732 0.975436 0.980002 0.985774 0.99331 1.00358 1.01841
0.261799387799 0.957165 0.933728 0.928462045702 0.959325 0.961824 0.964749 0.968222 0.972416 0.977587 0.984127 0.992668 1.00431 1.02112
0.279252680319 0.952156 0.925807 0.919825792816 0.954579 0.957381 0.960663 0.964562 0.969271 0.975078 0.982424 0.99202 1.0051 1.024
0.296705972839 0.946943 0.917556 0.910823220873 0.94964 0.95276 0.956415 0.960758 0.966006 0.972478 0.980667 0.991367 1.00595 1.02703
0.314159265359 0.941534 0.908993 0.90147328916 0.944516 0.947967 0.952011 0.956817 0.962625 0.969791 0.978859 0.990709 1.00687 1.03022
0.331612557879 0.935938 0.900134 0.8917948177 0.939215 0.943009 0.947456 0.952742 0.959133 0.967019 0.976999 0.990044 1.00783 1.03354
0.349065850399 0.93016 0.890995 0.881806477313 0.933743 0.937893 0.942757 0.94854 0.955533 0.964164 0.975089 0.989372 1.00885 1.03701
0.366519142919 0.92421 0.881593 0.871526794581 0.928108 0.932624 0.937919 0.944215 0.95183 0.96123 0.97313 0.98869 1.00991 1.0406
0.383972435439 0.918093 0.871943 0.860974166775 0.922316 0.927209 0.932947 0.939772 0.948026 0.958218 0.971122 0.987997 1.01102 1.0443
0.401425727959 0.911818 0.862062 0.850166822065 0.916374 0.921654 0.927846 0.935213 0.944125 0.955129 0.969066 0.987291 1.01216 1.04811
0.418879020479 0.905389 0.851964 0.839122829466 0.910286 0.915962 0.922621 0.930543 0.940128 0.951966 0.966959 0.98657 1.01333 1.05202
0.436332312999 0.898813 0.841666 0.827860098837 0.904059 0.91014 0.917275 0.925765 0.936039 0.948728 0.964802 0.985829 1.01452 1.05602
0.453785605519 0.892097 0.831182 0.816396341095 0.897698 0.904192 0.911813 0.920882 0.931859 0.945417 0.962594 0.985066 1.01573 1.06009
0.471238898038 0.885246 0.820527 0.804749078161 0.891209 0.898124 0.906239 0.915898 0.92759 0.942034 0.960335 0.984278 1.01696 1.06423
0.488692190558 0.878265 0.809716 0.792935608145 0.884596 0.891939 0.900557 0.910816 0.923235 0.938579 0.958022 0.983462 1.01819 1.06842
0.506145483078 0.871161 0.798764 0.780973005345 0.877866 0.885642 0.89477 0.905637 0.918794 0.935052 0.955654 0.982613 1.01941 1.07265
0.523598775598 0.863939 0.787684 0.768878095381 0.871021 0.879237 0.888882 0.900365 0.91427 0.931453 0.95323 0.981729 1.02063 1.07692
0.541052068118 0.856604 0.776491 0.756667450221 0.864068 0.872728 0.882896 0.895003 0.909664 0.927783 0.950748 0.980804 1.02184 1.08121
0.558505360638 0.849161 0.765198 0.744357353364 0.857011 0.866119 0.876815 0.889551 0.904976 0.924041 0.948206 0.979834 1.02302 1.0855
0.575958653158 0.841614 0.75382 0.731963789894 0.849854 0.859414 0.870642 0.884013 0.900208 0.920226 0.945602 0.978817 1.02417 1.08979
0.593411945678 0.83397 0.742368 0.719502456429 0.842601 0.852617 0.86438 0.878391 0.895361 0.91634 0.942934 0.977746 1.02528 1.09407
0.610865238198 0.826231 0.730857 0.706988696461 0.835256 0.84573 0.858032 0.872686 0.890436 0.91238 0.940199 0.976618 1.02635 1.09831
0.628318530718 0.818404 0.719299 0.694437525228 0.827824 0.838757 0.8516 0.8669 0.885433 0.908346 0.937396 0.975428 1.02736 1.10252
0.645771823238 0.810491 0.707705 0.681863599869 0.820308 0.831703 0.845088 0.861034 0.880353 0.904238 0.934523 0.974172 1.02832 1.10668
0.663225115758 0.802499 0.696089 0.66928119953 0.812712 0.824569 0.838497 0.855092 0.875197 0.900055 0.931575 0.972845 1.02921 1.11078
0.680678408278 0.79443 0.684461 0.656704220392 0.805041 0.817358 0.83183 0.849073 0.869964 0.895796 0.928553 0.971442 1.03002 1.1148
0.698131700798 0.78629 0.672834 0.644146160751 0.797297 0.810075 0.825089 0.842979 0.864656 0.89146 0.925451 0.969959 1.03075 1.11873
0.715584993318 0.778081 0.661218 0.631620106095 0.789483 0.802722 0.818277 0.836813 0.859273 0.887047 0.922269 0.968391 1.03139 1.12257
0.733038285838 0.769809 0.649624 0.619138719157 0.781605 0.795301 0.811395 0.830574 0.853815 0.882555 0.919004 0.966734 1.03193 1.12629
0.750491578358 0.761476 0.638062 0.606714215049 0.773664 0.787816 0.804447 0.824265 0.848282 0.877984 0.915653 0.964983 1.03236 1.1299
0.767944870878 0.753087 0.626542 0.594358381154 0.765665 0.78027 0.797433 0.817887 0.842675 0.873332 0.912214 0.963133 1.03269 1.13337
0.785398163397 0.744646 0.615074 0.582082537339 0.75761 0.772664 0.790355 0.811441 0.836994 0.868599 0.908684 0.961179 1.03289 1.13669
0.802851455917 0.736156 0.603667 0.569897540928 0.749502 0.765001 0.783217 0.804927 0.831239 0.863783 0.90506 0.959119 1.03296 1.13986
0.820304748437 0.72762 0.59233 0.55781378173 0.741345 0.757285 0.776019 0.798348 0.825411 0.858884 0.901341 0.956946 1.0329 1.14287
0.837758040957 0.719042 0.581071 0.545841167115 0.733142 0.749518 0.768764 0.791704 0.819509 0.8539 0.897523 0.954656 1.0327 1.14569
0.855211333477 0.710426 0.569899 0.533989117042 0.724896 0.741701 0.761453 0.784997 0.813534 0.848831 0.893605 0.952247 1.03236 1.14833
0.872664625997 0.701775 0.558821 0.522266574008 0.716609 0.733838 0.754089 0.778227 0.807485 0.843676 0.889584 0.949712 1.03185 1.15077
0.890117918517 0.693092 0.547844 0.510681973203 0.708285 0.725931 0.746672 0.771396 0.801364 0.838434 0.885458 0.947049 1.03119 1.153
0.907571211037 0.68438 0.536976 0.49924325246 0.699926 0.717981 0.739205 0.764504 0.79517 0.833104 0.881225 0.944253 1.03036 1.15502
0.925024503557 0.675643 0.526222 0.487957862203 0.691534 0.709992 0.731689 0.757553 0.788904 0.827685 0.876882 0.94132 1.02935 1.1568
0.942477796077 0.666884 0.515589 0.476832745547 0.683114 0.701966 0.724126 0.750543 0.782565 0.822177 0.872428 0.938247 1.02817 1.15835
0.959931088597 0.658105 0.505084 0.465874348252 0.674667 0.693904 0.716518 0.743476 0.776154 0.816578 0.86786 0.93503 1.0268 1.15966
0.977384381117 0.649311 0.49471 0.455088603798 0.666196 0.68581 0.708866 0.736352 0.769671 0.810889 0.863177 0.931667 1.02524 1.16071
0.994837673637 0.640502 0.484473 0.444480968202 0.657704 0.677685 0.701173 0.729174 0.763117 0.805108 0.858377 0.928152 1.02348 1.1615
1.01229096616 0.631684 0.474377 0.434056380229 0.649192 0.66953 0.693439 0.721941 0.756492 0.799235 0.853459 0.924485 1.02152 1.16201
1.02974425868 0.622857 0.464427 0.423819306154 0.640664 0.66135 0.685666 0.714655 0.749796 0.793269 0.84842 0.920661 1.01936 1.16225
1.0471975512 0.614026 0.454627 0.413773714892 0.632123 0.653144 0.677856 0.707317 0.74303 0.787211 0.84326 0.916677 1.01698 1.16221
1.06465084372 0.605193 0.444979 0.403923087949 0.623569 0.644916 0.670011 0.699927 0.736194 0.781059 0.837977 0.912532 1.01439 1.16187
1.08210413624 0.59636 0.435487 0.394270444288 0.615007 0.636668 0.662132 0.692488 0.729289 0.774814 0.83257 0.908222 1.01158 1.16123
1.09955742876 0.58753 0.426154 0.384818315461 0.606437 0.628401 0.65422 0.685001 0.722315 0.768476 0.827037 0.903746 1.00855 1.16028
1.11701072128 0.578706 0.416981 0.375568790372 0.597863 0.620117 0.646278 0.677465 0.715272 0.762044 0.821379 0.899101 1.00529 1.15903
1.1344640138 0.569891 0.407971 0.366523485434 0.589287 0.611819 0.638306 0.669883 0.708163 0.755518 0.815594 0.894286 1.0018 1.15745
1.15191730632 0.561086 0.399125 0.357683594306 0.580711 0.603508 0.630308 0.662256 0.700986 0.748899 0.809681 0.889298 0.998074 1.15556
1.16937059884 0.552295 0.390444 0.349049863025 0.572137 0.595187 0.622283 0.654585 0.693744 0.742186 0.80364 0.884137 0.994114 1.15334
1.18682389136 0.543519 0.381929 0.340622614873 0.563568 0.586857 0.614234 0.646872 0.686436 0.73538 0.797471 0.878801 0.989916 1.15079
1.20427718388 0.534761 0.373582 0.3324017653 0.555005 0.57852 0.606163 0.639117 0.679064 0.728482 0.791173 0.873289 0.985477 1.1479
1.2217304764 0.526024 0.365401 0.324386836843 0.54645 0.570178 0.598071 0.631322 0.671629 0.721492 0.784747 0.8676 0.980795 1.14467
1.23918376892 0.517309 0.357387 0.31657695415 0.537907 0.561833 0.589959 0.623488 0.664132 0.71441 0.778191 0.861734 0.975869 1.14111
1.25663706144 0.508619 0.34954 0.308970873828 0.529376 0.553488 0.58183 0.615617 0.656573 0.707237 0.771507 0.855689 0.970697 1.1372
1.27409035396 0.499956 0.341858 0.301566994383 0.520861 0.545143 0.573686 0.607711 0.648955 0.699975 0.764695 0.849467 0.965278 1.13294
1.29154364648 0.491323 0.334342 0.294363366173 0.512362 0.5368 0.565527 0.59977 0.641277 0.692623 0.757756 0.843066 0.959612 1.12834
1.308996939 0.482721 0.326989 0.287357716271 0.503883 0.528463 0.557355 0.591796 0.633543 0.685183 0.750689 0.836487 0.953698 1.12339
1.32645023152 0.474152 0.319799 0.280547448469 0.495424 0.520131 0.549173 0.583791 0.625752 0.677656 0.743496 0.82973 0.947536 1.11808
1.34390352404 0.465619 0.312769 0.273929668144 0.486988 0.511808 0.540982 0.575756 0.617906 0.670044 0.736178 0.822797 0.941127 1.11243
1.36135681656 0.457123 0.305897 0.267501207125 0.478578 0.503496 0.532784 0.567694 0.610008 0.662347 0.728736 0.815687 0.934469 1.10643
1.37881010908 0.448667 0.299182 0.261258623696 0.470194 0.495195 0.52458 0.559605 0.602057 0.654567 0.721171 0.808402 0.927565 1.10007
1.3962634016 0.440253 0.292621 0.255198222486 0.461839 0.486908 0.516372 0.551492 0.594057 0.646705 0.713485 0.800943 0.920416 1.09337
1.41371669412 0.431882 0.286212 0.249316074369 0.453514 0.478637 0.508163 0.543356 0.586009 0.638764 0.705678 0.793312 0.913022 1.08631
1.43116998664 0.423556 0.279951 0.243608046299 0.445222 0.470383 0.499954 0.535199 0.577914 0.630745 0.697754 0.785511 0.905385 1.07891
1.44862327916 0.415277 0.273836 0.238069791367 0.436964 0.462149 0.491747 0.527023 0.569775 0.62265 0.689714 0.77754 0.897508 1.07117
1.46607657168 0.407048 0.267863 0.232696788591 0.428742 0.453936 0.483543 0.518829 0.561593 0.614481 0.681559 0.769403 0.889392 1.06308
1.4835298642 0.398869 0.26203 0.227484347884 0.420559 0.445746 0.475345 0.510621 0.55337 0.60624 0.673293 0.761102 0.881041 1.05465
1.50098315672 0.390742 0.256334 0.222427634927 0.412415 0.437581 0.467155 0.502399 0.545109 0.597929 0.664917 0.752639 0.872457 1.04589
1.51843644924 0.38267 0.250769 0.217521681114 0.404312 0.429443 0.458974 0.494166 0.536811 0.58955 0.656434 0.744017 0.863643 1.0368
1.53588974176 0.374653 0.245334 0.212761418368 0.396253 0.421333 0.450804 0.485923 0.52848 0.581107 0.647846 0.735239 0.854602 1.02737
1.55334303427 0.366694 0.240025 0.208141659244 0.388239 0.413254 0.442648 0.477674 0.520116 0.5726 0.639157 0.726308 0.845339 1.01762
1.57079632679 0.358794 0.234837 0.203657161591 0.380271 0.405207 0.434507 0.469419 0.511723 0.564034 0.630369 0.717228 0.835857 1.00756
1.58824961931 0.350954 0.229766 0.199302608651 0.372352 0.397194 0.426383 0.461162 0.503302 0.55541 0.621485 0.708002 0.82616 0.997174
1.60570291183 0.343177 0.22481 0.195072638906 0.364483 0.389217 0.418278 0.452904 0.494857 0.546731 0.612509 0.698633 0.816253 0.986484
1.62315620435 0.335463 0.219964 0.190961870942 0.356665 0.381278 0.410194 0.444647 0.486389 0.538001 0.603444 0.689127 0.806141 0.975492
1.64060949687 0.327815 0.215224 0.186964893506 0.348901 0.373378 0.402134 0.436395 0.477902 0.529222 0.594293 0.679486 0.795829 0.964204
1.65806278939 0.320233 0.210586 0.183076325184 0.341191 0.36552 0.394099 0.428148 0.469398 0.520397 0.58506 0.669716 0.785322 0.952626
1.67551608191 0.31272 0.206047 0.179290774615 0.333539 0.357704 0.386092 0.419911 0.46088 0.511531 0.575749 0.659821 0.774625 0.940766
1.69296937443 0.305275 0.201602 0.175602905149 0.325944 0.349934 0.378114 0.411684 0.45235 0.502624 0.566363 0.649805 0.763745 0.928631
1.71042266695 0.297902 0.197247 0.172007424898 0.318409 0.34221 0.370167 0.40347 0.443811 0.493682 0.556907 0.639673 0.752688 0.916229
1.72787595947 0.290601 0.192979 0.168499096681 0.310935 0.334535 0.362254 0.395272 0.435267 0.484707 0.547384 0.62943 0.741458 0.903568
1.74532925199 0.283373 0.188794 0.165072767871 0.303524 0.32691 0.354377 0.387093 0.42672 0.475704 0.5378 0.619082 0.730064 0.890657
1.76278254451 0.276219 0.184687 0.161723375363 0.296177 0.319337 0.346537 0.378934 0.418173 0.466675 0.528157 0.608634 0.718512 0.877503
1.78023583703 0.269142 0.180656 0.158445955525 0.288896 0.311818 0.338738 0.370799 0.409629 0.457624 0.518461 0.598091 0.706809 0.864116
1.79768912955 0.262142 0.176696 0.155235664091 0.281682 0.304355 0.33098 0.362689 0.401091 0.448555 0.508716 0.587459 0.694961 0.850505
1.81514242207 0.25522 0.172805 0.152087781133 0.274536 0.296948 0.323266 0.354607 0.392562 0.439471 0.498927 0.576743 0.682977 0.83668
1.83259571459 0.248378 0.168978 0.148997725985 0.267461 0.289601 0.315599 0.346557 0.384046 0.430377 0.489099 0.56595 0.670863 0.822651
1.85004900711 0.241616 0.165212 0.145961067187 0.260456 0.282315 0.30798 0.33854 0.375545 0.421277 0.479235 0.555085 0.658627 0.808427
1.86750229963 0.234935 0.161504 0.142973522488 0.253525 0.275091 0.300411 0.330559 0.367064 0.412174 0.469342 0.544154 0.646277 0.794019
1.88495559215 0.228337 0.157851 0.140030993657 0.246668 0.267931 0.292895 0.322617 0.358604 0.403072 0.459424 0.533165 0.633822 0.779437
1.90240888467 0.221824 0.154249 0.13712954162 0.239886 0.260838 0.285434 0.314716 0.350169 0.393975 0.449486 0.522123 0.621269 0.764693
1.91986217719 0.215394 0.150696 0.134265426245 0.233181 0.253812 0.278029 0.30686 0.341763 0.384888 0.439533 0.511034 0.608626 0.749797
1.93731546971 0.209051 0.14719 0.131435086448 0.226554 0.246855 0.270684 0.29905 0.333389 0.375815 0.429571 0.499906 0.595902 0.73476
1.95476876223 0.202794 0.143727 0.128635165065 0.220007 0.239969 0.2634 0.291289 0.32505 0.366759 0.419605 0.488745 0.583106 0.719594
1.97222205475 0.196624 0.140304 0.125862503871 0.21354 0.233156 0.256178 0.283581 0.31675 0.357726 0.409639 0.477557 0.570246 0.70431
1.98967534727 0.190543 0.136921 0.123114153534 0.207155 0.226417 0.249023 0.275928 0.308492 0.348719 0.399681 0.46635 0.557331 0.68892
2.00712863979 0.184551 0.133574 0.120387388532 0.200853 0.219754 0.241934 0.268331 0.300279 0.339742 0.389733 0.45513 0.54437 0.673436
2.02458193231 0.178649 0.130261 0.117679682287 0.194635 0.213168 0.234915 0.260795 0.292116 0.3308 0.379803 0.443904 0.531372 0.657869
2.04203522483 0.172838 0.126981 0.114988737006 0.188502 0.206662 0.227968 0.253322 0.284004 0.321898 0.369896 0.432679 0.518345 0.642232
2.05948851735 0.167119 0.123732 0.112312478705 0.182456 0.200235 0.221095 0.245914 0.275948 0.313038 0.360017 0.421463 0.5053 0.626537
2.07694180987 0.161491 0.120513 0.109649047265 0.176497 0.193891 0.214297 0.238575 0.267951 0.304227 0.350172 0.410262 0.492246 0.610797
2.09439510239 0.155957 0.117322 0.106996816327 0.170627 0.187631 0.207576 0.231306 0.260016 0.295468 0.340366 0.399083 0.47919 0.595023
2.11184839491 0.150516 0.114157 0.104354378367 0.164847 0.181455 0.200936 0.224111 0.252147 0.286765 0.330604 0.387934 0.466144 0.579228
2.12930168743 0.14517 0.111018 0.101720549673 0.159157 0.175366 0.194377 0.216991 0.244348 0.278124 0.320894 0.376822 0.453116 0.563425
2.14675497995 0.139918 0.107905 0.0990943703451 0.153559 0.169365 0.187902 0.20995 0.236621 0.269547 0.311239 0.365754 0.440116 0.547626
2.16420827247 0.134762 0.104816 0.0964750893716 0.148053 0.163454 0.181513 0.202991 0.22897 0.26104 0.301645 0.354736 0.427152 0.531844
2.18166156499 0.129702 0.101751 0.0938621944743 0.142641 0.157633 0.175211 0.196115 0.221398 0.252607 0.292119 0.343777 0.414235 0.516091
2.19911485751 0.124738 0.0987089 0.0912553723177 0.137324 0.151904 0.168998 0.189326 0.213909 0.244252 0.282665 0.332883 0.401373 0.500379
2.21656815003 0.119871 0.0956905 0.0886545184565 0.132101 0.146268 0.162877 0.182625 0.206506 0.23598 0.273289 0.322062 0.388577 0.484722
2.23402144255 0.115101 0.0926955 0.0860597423096 0.126975 0.140728 0.156849 0.176016 0.199192 0.227794 0.263997 0.31132 0.375854 0.469132
2.25147473507 0.11043 0.0897239 0.0834713522388 0.121946 0.135283 0.150916 0.169501 0.191971 0.219699 0.254794 0.300665 0.363216 0.453622
2.26892802759 0.105856 0.0867762 0.0808898456022 0.117014 0.129936 0.14508 0.163082 0.184845 0.211699 0.245685 0.290104 0.35067 0.438203
2.28638132011 0.101381 0.0838526 0.0783159137273 0.112181 0.124687 0.139342 0.156761 0.177818 0.203798 0.236676 0.279643 0.338227 0.422889
2.30383461263 0.0970044 0.0809538 0.0757504319641 0.107447 0.119537 0.133704 0.150541 0.170893 0.196001 0.227772 0.26929 0.325894 0.407692
2.32128790515 0.0927271 0.0780806 0.0731944447643 0.102813 0.114488 0.128168 0.144425 0.164073 0.188311 0.218978 0.259052 0.313682 0.392623
2.33874119767 0.0885491 0.0752337 0.0706491656813 0.098279 0.109541 0.122736 0.138414 0.157361 0.180732 0.2103 0.248934 0.301599 0.377694
2.35619449019 0.0844707 0.0724141 0.0681159624495 0.0938462 0.104697 0.117408 0.132511 0.15076 0.173268 0.201743 0.238945 0.289654 0.362919
2.37364778271 0.0804919 0.069623 0.0655963669314 0.089515 0.0999569 0.112187 0.126717 0.144273 0.165924 0.193311 0.22909 0.277855 0.348308
2.39110107523 0.076613 0.0668615 0.0630920353291 0.0852859 0.0953214 0.107074 0.121036 0.137903 0.158702 0.18501 0.219376 0.266212 0.333873
2.40855436775 0.072834 0.0641311 0.0606047680782 0.0811594 0.0907916 0.102071 0.115468 0.131652 0.151607 0.176844 0.209809 0.254732 0.319626
2.42600766027 0.0691551 0.0614332 0.0581364700599 0.077136 0.0863685 0.0971785 0.110017 0.125523 0.144642 0.168819 0.200396 0.243425 0.305578
2.44346095279 0.0655762 0.0587692 0.0556891804417 0.0732161 0.0820528 0.0923981 0.104683 0.11952 0.13781 0.160938 0.191143 0.232298 0.29174
2.46091424531 0.0620975 0.0561408 0.0532650229421 0.0694 0.0778453 0.0877313 0.0994692 0.113644 0.131116 0.153208 0.182056 0.221359 0.278124
2.47836753783 0.0587188 0.0535498 0.0508662157775 0.065688 0.0737469 0.0831792 0.094377 0.107898 0.124563 0.145631 0.17314 0.210617 0.264739
2.49582083035 0.0554401 0.0509978 0.0484950617154 0.0620805 0.0697581 0.0787429 0.0894082 0.102285 0.118153 0.138212 0.164402 0.200078 0.251596
2.51327412287 0.0522613 0.0484867 0.0461539232061 0.0585777 0.0658796 0.0744236 0.0845644 0.096806 0.11189 0.130957 0.155847 0.189751 0.238705
2.53072741539 0.0491822 0.0460184 0.0438452223827 0.0551798 0.062112 0.0702224 0.0798472 0.0914644 0.105778 0.123868 0.147481 0.179642 0.226077
2.54818070791 0.0462027 0.0435948 0.0415714360879 0.0518869 0.0584559 0.0661402 0.0752581 0.086262 0.0998183 0.116949 0.139309 0.169759 0.21372
2.56563400043 0.0433225 0.0412179 0.0393350610587 0.0486991 0.0549117 0.0621779 0.0707985 0.081201 0.0940146 0.110205 0.131335 0.160108 0.201645
2.58308729295 0.0405415 0.0388896 0.0371386238735 0.0456165 0.0514798 0.0583365 0.0664699 0.0762833 0.0883696 0.103639 0.123566 0.150697 0.189861
2.60054058547 0.0378592 0.036612 0.0349846660314 0.0426392 0.0481607 0.0546166 0.0622736 0.0715107 0.0828859 0.0972555 0.116005 0.141531 0.178375
2.61799387799 0.0352754 0.0343871 0.0328757190845 0.0397671 0.0449546 0.0510191 0.0582107 0.0668851 0.0775658 0.0910566 0.108657 0.132617 0.167197
2.63544717051 0.0327898 0.032217 0.0308143096111 0.0370001 0.0418619 0.0475445 0.0542823 0.0624081 0.0724119 0.0850461 0.101527 0.123961 0.156335
2.65290046303 0.0304018 0.0301036 0.0288029393219 0.0343381 0.0388826 0.0441935 0.0504895 0.0580813 0.0674264 0.079227 0.094619 0.115568 0.145797
2.67035375555 0.0281111 0.028049 0.026844065165 0.0317809 0.036017 0.0409665 0.0468331 0.0539061 0.0626112 0.0736022 0.0879364 0.107444 0.135589
2.68780704807 0.0259171 0.0260551 0.0249401043002 0.0293283 0.033265 0.037864 0.0433141 0.0498838 0.0579683 0.0681743 0.0814831 0.0995927 0.125719
2.70526034059 0.0238193 0.0241238 0.0230934241514 0.0269799 0.0306267 0.0348862 0.0399331 0.0460157 0.0534996 0.062946 0.0752626 0.0920203 0.116194
2.72271363311 0.0218171 0.022257 0.021306302618 0.0247355 0.028102 0.0320335 0.0366907 0.0423028 0.0492066 0.0579196 0.0692783 0.0847308 0.107019
2.74016692563 0.0199099 0.0204565 0.0195809479693 0.0225945 0.0256908 0.0293059 0.0335875 0.038746 0.0450909 0.0530971 0.063533 0.0777283 0.0982012
2.75762021815 0.018097 0.0187242 0.0179194839239 0.0205567 0.0233929 0.0267036 0.030624 0.0353463 0.0411537 0.0484806 0.0580296 0.0710168 0.0897452
2.77507351067 0.0163777 0.0170617 0.0163239247814 0.0186214 0.021208 0.0242266 0.0278003 0.0321043 0.0373963 0.0440717 0.0527704 0.0645996 0.0816561
2.79252680319 0.0147512 0.0154705 0.014796160502 0.0167881 0.0191356 0.0218747 0.0251168 0.0290206 0.0338196 0.0398721 0.0477578 0.0584801 0.0739386
2.80998009571 0.0132167 0.0139523 0.0133379815745 0.0150561 0.0171755 0.0196478 0.0225735 0.0260955 0.0304244 0.035883 0.0429938 0.0526609 0.0665966
2.82743338823 0.0117733 0.0125084 0.0119510292801 0.0134247 0.0153271 0.0175456 0.0201703 0.0233294 0.0272113 0.0321055 0.0384799 0.0471447 0.0596338
2.84488668075 0.0104202 0.0111402 0.0106368056397 0.0118933 0.0135897 0.0155676 0.0179072 0.0207223 0.0241809 0.0285404 0.0342176 0.0419335 0.0530533
2.86233997327 0.00915619 0.00984878 0.00939666844076 0.0104608 0.0119628 0.0137135 0.0157837 0.0182742 0.0213333 0.0251885 0.030208 0.0370289 0.0468576
2.87979326579 0.00798039 0.00863522 0.00823180139506 0.00912641 0.0104454 0.0119825 0.0137995 0.0159849 0.0186686 0.0220501 0.0264519 0.0324324 0.0410489
2.89724655831 0.00689166 0.00750047 0.00714322906003 0.00788916 0.00903691 0.0103739 0.0119541 0.0138541 0.0161868 0.0191253 0.0229497 0.0281449 0.0356288
2.91469985083 0.00588884 0.00644529 0.0061317969442 0.00674798 0.00773618 0.00888699 0.0102467 0.0118812 0.0138873 0.016414 0.0197017 0.0241669 0.0305983
2.93215314335 0.00497072 0.00547032 0.00519814663934 0.00570171 0.00654224 0.00752074 0.00867653 0.0100655 0.0117698 0.0139158 0.0167076 0.0204985 0.0259579
2.94960643587 0.00413598 0.004576 0.00434274566192 0.00474915 0.00545392 0.00627411 0.00724258 0.00840606 0.00983335 0.01163 0.0139669 0.0171395 0.0217075
2.96705972839 0.00338328 0.00376264 0.00356584269092 0.00388896 0.00446998 0.00514589 0.00594372 0.0069019 0.00807699 0.0095558 0.0114787 0.0140889 0.0178463
2.98451302091 0.00271116 0.00303036 0.0028674725414 0.00311976 0.00358904 0.00413474 0.00477865 0.00555171 0.00649947 0.00769185 0.00924196 0.0113455 0.0143732
3.00196631343 0.00211811 0.00237906 0.00224745119092 0.00244004 0.00280961 0.0032392 0.00374589 0.00435399 0.00509927 0.00603663 0.00725488 0.00890771 0.0112862
3.01941960595 0.00160249 0.00180847 0.00170535588521 0.00184817 0.00213008 0.00245762 0.00284378 0.00330706 0.00387463 0.00458826 0.00551547 0.00677312 0.00858252
3.03687289847 0.0011626 0.00131809 0.00124051519103 0.00134244 0.00154869 0.00178821 0.00207047 0.00240896 0.00282349 0.00334451 0.00402126 0.00493895 0.00625893
3.05432619099 0.000796598 0.000907204 0.000851999048992 0.000920969 0.00106353 0.00122899 0.00142389 0.0016575 0.00194347 0.00230278 0.00276932 0.00340178 0.00431127
3.07177948351 0.000502532 0.000574821 0.000538593905691 0.000581756 0.000672509 0.000777784 0.000901719 0.0010502 0.00123187 0.00146004 0.0017562 0.00215756 0.00273456
3.08923277603 0.000278287 0.000319693 0.000298787792932 0.000322614 0.000373356 0.000432179 0.000501387 0.000584253 0.000685599 0.00081282 0.000977883 0.0012015 0.00152288
3.10668606855 0.000121561 0.000140247 0.000130705671215 0.000141141 0.000163538 0.000189482 0.000219984 0.000256484 0.000301097 0.000357072 0.000429663 0.000527965 0.0006692
3.12413936107 2.97923e-05 3.45217e-05 3.20696410957e-05 3.46519e-05 4.0205e-05 4.66321e-05 5.41822e-05 6.32099e-05 7.42366e-05 8.8063e-05 0.000105984 0.000130241 0.000165079
3.14159265359 0.0 0.0 0.0 0.0 0.0 0.0 0.0 0.0 0.0 0.0 0.0 0.0 0.0
