alpha phi_iso phi_ray phi_vec g0=0.1 g0=0.2 g0=0.3 g0=0.4 g0=0.5 g0=0.6 g0=0.7 g0=0.8 g0=0.9 g0=1.0
0.0 1.0 1.0 1.0 1.0 1.0 1.0 1.0 1.0 1.0 1.0 1.0 1.0 1.0
0.0174532925199 0.999664 0.99952 0.999513454579 0.99968 0.999699 0.999722 0.999751 0.999789 0.99984 0.999914 1.00003 1.00023 1.00068
0.0349065850399 0.998724 0.998153 0.998124313208 0.998786 0.998861 0.998952 0.999067 0.999217 0.999419 0.999708 1.00016 1.00095 1.00275
0.0523598775598 0.997281 0.996008 0.995937816161 0.997418 0.997583 0.997785 0.99804 0.99837 0.998818 0.999458 1.00045 1.00222 1.0062
0.0698131700798 0.995413 0.99317 0.993037470655 0.995652 0.99594 0.996294 0.996739 0.997318 0.998101 0.999223 1.00097 1.00406 1.01104
0.0872664625997 0.99317 0.989697 0.989479081133 0.993538 0.993981 0.994525 0.99521 0.996101 0.997307 0.999036 1.00172 1.00649 1.01726
0.10471975512 0.990585 0.985626 0.985299937673 0.991106 0.991735 0.992507 0.993481 0.994746 0.996461 0.998919 1.00274 1.00952 1.02484
0.12217304764 0.987679 0.980986 0.980528609619 0.98838 0.989224 0.990262 0.99157 0.993272 0.995578 0.998886 1.00403 1.01315 1.03378
0.13962634016 0.984471 0.975802 0.97519020003 0.985375 0.986464 0.987803 0.989492 0.99169 0.99467 0.998945 1.0056 1.01739 1.04405
0.157079632679 0.980978 0.970098 0.96930856025 0.982108 0.983471 0.985147 0.987262 0.990015 0.993748 0.999103 1.00744 1.02221 1.05564
0.174532925199 0.977215 0.963896 0.962906798849 0.978594 0.980258 0.982306 0.984891 0.988255 0.992818 0.999366 1.00956 1.02763 1.06852
0.191986217719 0.973195 0.957218 0.956007529212 0.974846 0.976839 0.979292 0.982388 0.98642 0.99189 0.999739 1.01196 1.03363 1.08265
0.209439510239 0.968931 0.950087 0.948632855786 0.970876 0.973224 0.976115 0.979765 0.984518 0.990967 1.00022 1.01464 1.0402 1.09802
0.226892802759 0.964436 0.942522 0.940804442853 0.966696 0.969425 0.972786 0.977028 0.982555 0.990055 1.00082 1.01759 1.04732 1.1146
0.244346095279 0.959721 0.934545 0.932543542046 0.962317 0.965451 0.969311 0.974186 0.980537 0.989158 1.00153 1.02081 1.05499 1.13234
0.261799387799 0.954796 0.926175 0.923871047362 0.957747 0.961311 0.965701 0.971246 0.97847 0.988277 1.00236 1.02429 1.06319 1.15121
0.279252680319 0.949671 0.917433 0.914807536431 0.952997 0.957013 0.961962 0.968212 0.976358 0.987416 1.00329 1.02803 1.0719 1.17118
0.296705972839 0.944356 0.908338 0.905373353047 0.948074 0.952565 0.9581 0.965091 0.974203 0.986574 1.00434 1.03201 1.0811 1.1922
0.314159265359 0.938859 0.898908 0.895588579657 0.942987 0.947974 0.954121 0.961887 0.972009 0.985753 1.00549 1.03624 1.09079 1.21424
0.331612557879 0.933187 0.889163 0.885473078627 0.937743 0.943247 0.950031 0.958604 0.969777 0.984951 1.00674 1.04069 1.10093 1.23725
0.349065850399 0.92735 0.879122 0.875046533506 0.932348 0.938389 0.945835 0.955244 0.967511 0.984169 1.00809 1.04537 1.11151 1.26119
0.366519142919 0.921354 0.868802 0.86432843527 0.926811 0.933406 0.941538 0.951813 0.965209 0.983404 1.00954 1.05026 1.1225 1.28601
0.383972435439 0.915206 0.858223 0.853338054817 0.921136 0.928304 0.937142 0.948312 0.962874 0.982654 1.01107 1.05534 1.13389 1.31168
0.401425727959 0.908913 0.847401 0.842094511737 0.91533 0.923088 0.932653 0.944743 0.960506 0.981918 1.01268 1.0606 1.14565 1.33813
0.418879020479 0.902482 0.836355 0.830616705537 0.909399 0.917761 0.928074 0.941108 0.958104 0.981192 1.01436 1.06604 1.15775 1.36533
0.436332312999 0.895918 0.825103 0.818923343154 0.903347 0.912329 0.923407 0.937409 0.955669 0.980474 1.01611 1.07164 1.17018 1.39323
0.453785605519 0.889227 0.813661 0.807032911444 0.89718 0.906796 0.918656 0.933648 0.953199 0.97976 1.01792 1.07739 1.18291 1.42178
0.471238898038 0.882416 0.802046 0.794963663426 0.890903 0.901165 0.913823 0.929825 0.950694 0.979046 1.01978 1.08326 1.19591 1.45092
0.488692190558 0.875489 0.790277 0.782733645791 0.88452 0.895441 0.908911 0.925941 0.948152 0.978329 1.02168 1.08926 1.20917 1.48061
0.506145483078 0.868452 0.778368 0.770360616374 0.878036 0.889625 0.903922 0.921997 0.945572 0.977604 1.02363 1.09535 1.22265 1.51079
0.523598775598 0.86131 0.766337 0.757862071663 0.871455 0.883723 0.898858 0.917994 0.942953 0.976866 1.02559 1.10154 1.23632 1.54143
0.541052068118 0.854067 0.754199 0.745255246801 0.86478 0.877737 0.893721 0.913931 0.940293 0.976113 1.02758 1.1078 1.25017 1.57245
0.558505360638 0.84673 0.741971 0.732557060559 0.858017 0.871669 0.888512 0.909809 0.937589 0.975337 1.02958 1.11412 1.26416 1.60382
0.575958653158 0.839301 0.729667 0.719784129101 0.851168 0.865523 0.883233 0.905627 0.93484 0.974536 1.03158 1.12049 1.27828 1.63549
0.593411945678 0.831785 0.717303 0.706952710954 0.844238 0.859301 0.877886 0.901386 0.932044 0.973703 1.03357 1.12688 1.29248 1.66739
0.610865238198 0.824188 0.704894 0.694078762037 0.83723 0.853006 0.872471 0.897086 0.929197 0.972834 1.03554 1.13328 1.30676 1.69948
0.628318530718 0.816512 0.692454 0.681177825611 0.830146 0.846639 0.86699 0.892725 0.926299 0.971923 1.03749 1.13969 1.32107 1.73171
0.645771823238 0.808763 0.679997 0.668265128575 0.822992 0.840204 0.861443 0.888303 0.923345 0.970966 1.0394 1.14607 1.3354 1.76403
0.663225115758 0.800943 0.667538 0.655355443906 0.815768 0.833702 0.855833 0.88382 0.920334 0.969956 1.04127 1.15243 1.34972 1.79638
0.680678408278 0.793058 0.655089 0.642463173194 0.808479 0.827136 0.850159 0.879275 0.917263 0.968889 1.04308 1.15873 1.364 1.82872
0.698131700798 0.785109 0.642663 0.629602291622 0.801128 0.820508 0.844423 0.874668 0.914129 0.967758 1.04483 1.16498 1.37822 1.86099
0.715584993318 0.777103 0.630273 0.616786361719 0.793717 0.813818 0.838624 0.869997 0.91093 0.96656 1.04651 1.17114 1.39235 1.89315
0.733038285838 0.76904 0.617931 0.60402845083 0.78625 0.80707 0.832765 0.865262 0.907662 0.965288 1.04811 1.17721 1.40636 1.92515
0.750491578358 0.760926 0.60565 0.591341227404 0.778728 0.800265 0.826844 0.860462 0.904324 0.963937 1.04961 1.18317 1.42023 1.95693
0.767944870878 0.752764 0.593439 0.578736850949 0.771154 0.793404 0.820864 0.855595 0.900911 0.962502 1.05102 1.18901 1.43394 1.98845
0.785398163397 0.744556 0.581311 0.566227027056 0.763532 0.78649 0.814825 0.850662 0.897423 0.960977 1.05232 1.19471 1.44745 2.01967
0.802851455917 0.736307 0.569275 0.553822966132 0.755863 0.779524 0.808726 0.845661 0.893855 0.959357 1.0535 1.20026 1.46076 2.05053
0.820304748437 0.728019 0.557342 0.541535369646 0.748149 0.772507 0.802568 0.840591 0.890205 0.957638 1.05455 1.20564 1.47382 2.08099
0.837758040957 0.719694 0.545522 0.529374485147 0.740394 0.765441 0.796353 0.835452 0.88647 0.955813 1.05548 1.21085 1.48663 2.111
0.855211333477 0.711338 0.533822 0.51734998247 0.7326 0.758327 0.790079 0.830242 0.882649 0.953879 1.05625 1.21586 1.49914 2.14053
0.872664625997 0.702951 0.522252 0.50547109129 0.724768 0.751167 0.783749 0.824961 0.878737 0.951829 1.05688 1.22066 1.51136 2.16952
0.890117918517 0.694537 0.51082 0.493746463564 0.716901 0.743962 0.777361 0.819608 0.874734 0.949661 1.05735 1.22524 1.52324 2.19793
0.907571211037 0.6861 0.499534 0.482184256066 0.709002 0.736714 0.770917 0.814181 0.870635 0.947367 1.05765 1.22959 1.53478 2.22574
0.925024503557 0.67764 0.4884 0.470792102878 0.701071 0.729423 0.764417 0.80868 0.866439 0.944946 1.05778 1.23369 1.54594 2.25288
0.942477796077 0.669162 0.477426 0.459577115386 0.693112 0.722092 0.757861 0.803105 0.862144 0.94239 1.05773 1.23754 1.55671 2.27933
0.959931088597 0.660668 0.466618 0.448545868529 0.685126 0.714721 0.751249 0.797454 0.857747 0.939698 1.05749 1.24112 1.56707 2.30504
0.977384381117 0.652161 0.455981 0.437704400796 0.677115 0.707312 0.744583 0.791727 0.853246 0.936864 1.05705 1.24442 1.577 2.32999
0.994837673637 0.643642 0.445521 0.427058269247 0.669082 0.699866 0.737862 0.785923 0.848639 0.933884 1.05641 1.24742 1.58648 2.35412
1.01229096616 0.635115 0.435243 0.41661245323 0.661028 0.692384 0.731087 0.780042 0.843924 0.930755 1.05556 1.25013 1.59549 2.37742
1.02974425868 0.626582 0.42515 0.406371464416 0.652955 0.684868 0.724258 0.774083 0.8391 0.927473 1.05449 1.25252 1.60402 2.39984
1.0471975512 0.618045 0.415247 0.396339278031 0.644865 0.677319 0.717376 0.768045 0.834164 0.924035 1.05321 1.25459 1.61204 2.42135
1.06465084372 0.609507 0.405537 0.386519346604 0.63676 0.669738 0.710441 0.761929 0.829115 0.920437 1.05169 1.25633 1.61955 2.44193
1.08210413624 0.60097 0.396023 0.376914641237 0.628641 0.662126 0.703455 0.755733 0.823952 0.916676 1.04995 1.25772 1.62653 2.46154
1.09955742876 0.592436 0.386707 0.367527624094 0.620511 0.654484 0.696417 0.749458 0.818672 0.91275 1.04797 1.25877 1.63296 2.48015
1.11701072128 0.583907 0.377592 0.358360275908 0.612372 0.646815 0.689328 0.743104 0.813276 0.908655 1.04574 1.25947 1.63883 2.49774
1.1344640138 0.575386 0.368679 0.349414095985 0.604224 0.639119 0.682189 0.736669 0.807761 0.90439 1.04327 1.2598 1.64413 2.51428
1.15191730632 0.566875 0.35997 0.340690129714 0.59607 0.631397 0.675 0.730155 0.802126 0.899951 1.04055 1.25975 1.64884 2.52976
1.16937059884 0.558375 0.351464 0.332188927298 0.587911 0.623651 0.667763 0.723561 0.796372 0.895337 1.03758 1.25933 1.65295 2.54413
1.18682389136 0.549889 0.343163 0.323910612533 0.57975 0.615881 0.660478 0.716888 0.790496 0.890546 1.03435 1.25853 1.65646 2.5574
1.20427718388 0.54142 0.335066 0.315854882808 0.571587 0.608091 0.653145 0.710135 0.784499 0.885576 1.03085 1.25734 1.65935 2.56952
1.2217304764 0.532968 0.327173 0.30802098159 0.563425 0.600279 0.645766 0.703302 0.77838 0.880425 1.02709 1.25575 1.66161 2.5805
1.23918376892 0.524536 0.319483 0.300407767208 0.555266 0.592449 0.638342 0.696392 0.772139 0.875094 1.02307 1.25376 1.66323 2.5903
1.25663706144 0.516125 0.311995 0.293013685335 0.54711 0.584601 0.630873 0.689402 0.765775 0.869579 1.01877 1.25136 1.66421 2.59891
1.27409035396 0.507739 0.304708 0.285836796501 0.538959 0.576736 0.623361 0.682336 0.759288 0.863881 1.01421 1.24856 1.66454 2.60633
1.29154364648 0.499378 0.297618 0.278874803605 0.530816 0.568857 0.615807 0.675192 0.75268 0.858 1.00937 1.24535 1.66422 2.61254
1.308996939 0.491044 0.290725 0.272125065667 0.522682 0.560964 0.608211 0.667971 0.745949 0.851933 1.00426 1.24173 1.66323 2.61752
1.32645023152 0.482739 0.284026 0.265584556565 0.514558 0.553058 0.600575 0.660676 0.739097 0.845683 0.998872 1.23769 1.66157 2.62127
1.34390352404 0.474465 0.277518 0.259249988831 0.506447 0.545143 0.5929 0.653306 0.732123 0.839248 0.99321 1.23323 1.65925 2.62377
1.36135681656 0.466224 0.271198 0.253117731117 0.498349 0.537217 0.585188 0.645862 0.72503 0.832629 0.987273 1.22835 1.65626 2.62503
1.37881010908 0.458017 0.265062 0.24718386322 0.490266 0.529284 0.577439 0.638346 0.717816 0.825826 0.981059 1.22306 1.65258 2.62504
1.3962634016 0.449846 0.259107 0.2414442311 0.4822 0.521345 0.569656 0.630759 0.710485 0.818841 0.974571 1.21734 1.64824 2.62379
1.41371669412 0.441712 0.253329 0.235894378103 0.474152 0.513401 0.561839 0.623102 0.703036 0.811674 0.967808 1.2112 1.64322 2.62129
1.43116998664 0.433618 0.247724 0.230529655007 0.466125 0.505454 0.55399 0.615377 0.695471 0.804327 0.960771 1.20465 1.63752 2.61752
1.44862327916 0.425564 0.242288 0.225345178749 0.458119 0.497505 0.54611 0.607585 0.687792 0.7968 0.953463 1.19768 1.63115 2.6125
1.46607657168 0.417554 0.237016 0.220335846188 0.450136 0.489555 0.538202 0.599727 0.68 0.789096 0.945884 1.1903 1.6241 2.60622
1.4835298642 0.409586 0.231904 0.215496416631 0.442178 0.481608 0.530267 0.591806 0.672097 0.781217 0.938037 1.1825 1.61639 2.59869
1.50098315672 0.401665 0.226947 0.210821443058 0.434246 0.473663 0.522306 0.583823 0.664085 0.773164 0.929924 1.17429 1.608 2.58991
1.51843644924 0.39379 0.22214 0.206305354652 0.426343 0.465724 0.514321 0.575781 0.655966 0.76494 0.921547 1.16567 1.59896 2.5799
1.53588974176 0.385964 0.217478 0.201942470557 0.418468 0.457791 0.506314 0.567681 0.647743 0.756547 0.91291 1.15665 1.58926 2.56865
1.55334303427 0.378188 0.212956 0.197726972366 0.410625 0.449865 0.498287 0.559524 0.639416 0.747989 0.904017 1.14723 1.57891 2.55617
1.57079632679 0.370463 0.208569 0.193652972895 0.402814 0.44195 0.490242 0.551314 0.63099 0.739268 0.89487 1.13742 1.56791 2.54249
1.58824961931 0.36279 0.204311 0.189714488677 0.395037 0.434046 0.482181 0.543053 0.622467 0.730387 0.885473 1.12722 1.55627 2.5276
1.60570291183 0.355172 0.200177 0.185905508731 0.387296 0.426156 0.474106 0.534743 0.613849 0.721349 0.875831 1.11663 1.54401 2.51153
1.62315620435 0.347608 0.196161 0.182219980813 0.379592 0.41828 0.466018 0.526386 0.605139 0.712159 0.865949 1.10567 1.53112 2.49429
1.64060949687 0.340102 0.192259 0.17865182517 0.371926 0.410422 0.45792 0.517985 0.596341 0.70282 0.855831 1.09433 1.51763 2.47589
1.65806278939 0.332654 0.188465 0.175194962046 0.364301 0.402582 0.449815 0.509542 0.587458 0.693336 0.845482 1.08264 1.50353 2.45635
1.67551608191 0.325264 0.184773 0.171843325442 0.356718 0.394763 0.441704 0.501061 0.578492 0.683712 0.834908 1.07058 1.48884 2.43569
1.69296937443 0.317936 0.181178 0.168590876869 0.349178 0.386966 0.433589 0.492543 0.569448 0.67395 0.824115 1.05817 1.47357 2.41393
1.71042266695 0.310669 0.177675 0.165431646613 0.341682 0.379193 0.425473 0.483993 0.560329 0.664057 0.813107 1.04543 1.45773 2.3911
1.72787595947 0.303465 0.174258 0.162359692471 0.334233 0.371447 0.417359 0.475412 0.551139 0.654037 0.801892 1.03235 1.44134 2.3672
1.74532925199 0.296325 0.170922 0.15936918228 0.326832 0.363728 0.409248 0.466804 0.541881 0.643894 0.790476 1.01894 1.4244 2.34227
1.76278254451 0.289251 0.167663 0.156454366408 0.319479 0.356039 0.401143 0.458171 0.532559 0.633634 0.778865 1.00523 1.40694 2.31633
1.78023583703 0.282242 0.164474 0.153609577754 0.312178 0.348382 0.393047 0.449518 0.523177 0.623261 0.767068 0.991204 1.38897 2.2894
1.79768912955 0.275302 0.161351 0.150829300521 0.304929 0.340759 0.384961 0.440847 0.51374 0.612782 0.755089 0.976887 1.3705 2.26151
1.81514242207 0.26843 0.158289 0.148108128956 0.297734 0.333172 0.376889 0.43216 0.504252 0.602202 0.742938 0.962285 1.35154 2.2327
1.83259571459 0.261628 0.155283 0.145440836121 0.290594 0.325622 0.368833 0.423463 0.494717 0.591527 0.730622 0.947409 1.33212 2.20298
1.85004900711 0.254897 0.152329 0.142822305117 0.283511 0.318112 0.360796 0.414758 0.485139 0.580761 0.718149 0.93227 1.31225 2.17238
1.86750229963 0.248237 0.149422 0.140247611619 0.276485 0.310644 0.35278 0.406048 0.475522 0.569912 0.705526 0.91688 1.29194 2.14095
1.88495559215 0.241651 0.146559 0.137712023873 0.26952 0.303219 0.344787 0.397337 0.465873 0.558985 0.692762 0.90125 1.27122 2.1087
1.90240888467 0.235138 0.143734 0.135210961429 0.262616 0.29584 0.336822 0.388629 0.456194 0.547987 0.679865 0.885391 1.2501 2.07567
1.91986217719 0.2287 0.140943 0.132740091431 0.255774 0.288509 0.328886 0.379927 0.446492 0.536924 0.666844 0.869317 1.22861 2.04189
1.93731546971 0.222338 0.138184 0.130295232328 0.248996 0.281228 0.320982 0.371234 0.43677 0.525802 0.653708 0.85304 1.20675 2.0074
1.95476876223 0.216053 0.135453 0.127872436407 0.242284 0.273998 0.313112 0.362556 0.427034 0.514627 0.640466 0.836571 1.18455 1.97223
1.97222205475 0.209846 0.132745 0.125468003545 0.235638 0.266821 0.305281 0.353894 0.417289 0.503408 0.627126 0.819925 1.16204 1.93641
1.98967534727 0.203717 0.130059 0.123078439947 0.229061 0.259701 0.297489 0.345253 0.407539 0.49215 0.613699 0.803114 1.13922 1.89999
2.00712863979 0.197667 0.12739 0.120700444389 0.222553 0.252638 0.289741 0.336637 0.39779 0.48086 0.600192 0.786151 1.11612 1.86299
2.02458193231 0.191698 0.124736 0.118331032013 0.216116 0.245636 0.282039 0.32805 0.388047 0.469544 0.586617 0.76905 1.09276 1.82545
2.04203522483 0.18581 0.122095 0.11596739678 0.209752 0.238695 0.274386 0.319495 0.378315 0.458211 0.572982 0.751825 1.06916 1.78742
2.05948851735 0.180004 0.119465 0.113606993996 0.203461 0.231817 0.266784 0.310976 0.368599 0.446867 0.559297 0.73449 1.04534 1.74892
2.07694180987 0.174281 0.116842 0.111247540313 0.197246 0.225006 0.259237 0.302498 0.358904 0.43552 0.545572 0.717057 1.02132 1.71
2.09439510239 0.168641 0.114225 0.108886986222 0.191107 0.218263 0.251747 0.294064 0.349237 0.424175 0.531817 0.699543 0.997135 1.6707
2.11184839491 0.163085 0.111613 0.106523529805 0.185046 0.211589 0.244318 0.285677 0.339602 0.412842 0.518042 0.68196 0.972792 1.63105
2.12930168743 0.157615 0.109005 0.104155616736 0.179064 0.204988 0.236951 0.277343 0.330004 0.401526 0.504256 0.664323 0.948319 1.59109
2.14675497995 0.15223 0.106398 0.101781981544 0.173162 0.19846 0.229651 0.269065 0.320449 0.390236 0.490471 0.646647 0.923736 1.55087
2.16420827247 0.146932 0.103791 0.0994015375782 0.167342 0.192009 0.222419 0.260846 0.310942 0.378978 0.476696 0.628947 0.899066 1.51042
2.18166156499 0.141721 0.101185 0.0970135145515 0.161605 0.185635 0.215259 0.252691 0.301489 0.36776 0.46294 0.611235 0.874332 1.46979
2.19911485751 0.136598 0.098579 0.0946173485052 0.155952 0.179341 0.208173 0.244604 0.292095 0.356589 0.449215 0.593528 0.849557 1.42901
2.21656815003 0.131563 0.0959717 0.0922127093169 0.150385 0.173128 0.201165 0.236589 0.282765 0.345473 0.435531 0.57584 0.824761 1.38812
2.23402144255 0.126618 0.0933635 0.0897995282111 0.144904 0.166999 0.194237 0.228649 0.273505 0.334419 0.421898 0.558186 0.799969 1.34717
2.25147473507 0.121762 0.0907545 0.0873779702489 0.13951 0.160956 0.187391 0.220788 0.264321 0.323434 0.408325 0.54058 0.775202 1.30619
2.26892802759 0.116996 0.088145 0.0849484068182 0.134206 0.155001 0.180631 0.213011 0.255217 0.312525 0.394824 0.523036 0.750484 1.26523
2.28638132011 0.112321 0.0855356 0.0825114431433 0.128992 0.149134 0.17396 0.205322 0.246198 0.301701 0.381405 0.505571 0.725837 1.22432
2.30383461263 0.107737 0.0829269 0.0800679045304 0.123869 0.143359 0.16738 0.197723 0.237271 0.290968 0.368077 0.488197 0.701283 1.18351
2.32128790515 0.103246 0.0803198 0.0776188226118 0.118839 0.137677 0.160893 0.19022 0.22844 0.280334 0.35485 0.47093 0.676845 1.14283
2.33874119767 0.0988461 0.0777154 0.0751654078365 0.113902 0.132089 0.154503 0.182815 0.219711 0.269805 0.341735 0.453784 0.652544 1.10234
2.35619449019 0.0945396 0.075115 0.0727091182452 0.109059 0.126599 0.148212 0.175512 0.211089 0.259389 0.328742 0.436773 0.628403 1.06205
2.37364778271 0.0903264 0.07252 0.0702515494296 0.104312 0.121206 0.142023 0.168316 0.202578 0.249093 0.31588 0.419912 0.604445 1.02203
2.39110107523 0.0862069 0.0699321 0.0677944757975 0.099662 0.115913 0.135938 0.161229 0.194185 0.238924 0.30316 0.403215 0.58069 0.982297
2.40855436775 0.0821816 0.0673529 0.0653398780836 0.0951092 0.110723 0.12996 0.154256 0.185913 0.228889 0.29059 0.386696 0.557161 0.9429
2.42600766027 0.0782508 0.0647845 0.0628898470631 0.0906548 0.105635 0.124092 0.147399 0.177769 0.218995 0.278182 0.370368 0.533878 0.903874
2.44346095279 0.074415 0.0622288 0.0604466385725 0.0862999 0.100652 0.118335 0.140664 0.169757 0.209248 0.265943 0.354245 0.510864 0.865259
2.46091424531 0.0706744 0.059688 0.0580126597545 0.0820454 0.0957763 0.112692 0.134052 0.161881 0.199655 0.253883 0.338342 0.488138 0.827092
2.47836753783 0.0670295 0.0571645 0.0555904415475 0.077892 0.0910084 0.107166 0.127568 0.154147 0.190223 0.242013 0.32267 0.465722 0.789409
2.49582083035 0.0634804 0.0546606 0.0531825974208 0.0738408 0.08635 0.101759 0.121214 0.146559 0.180959 0.23034 0.307244 0.443636 0.752248
2.51327412287 0.0600276 0.0521789 0.0507918921494 0.0698924 0.0818026 0.0964727 0.114994 0.139122 0.171868 0.218873 0.292075 0.421899 0.715645
2.53072741539 0.0566712 0.0497219 0.0484211455292 0.0660478 0.0773677 0.0913099 0.108912 0.13184 0.162957 0.207622 0.277178 0.400532 0.679634
2.54818070791 0.0534114 0.0472924 0.0460732736413 0.0623075 0.0730466 0.0862727 0.102969 0.124718 0.154232 0.196595 0.262564 0.379553 0.64425
2.56563400043 0.0502486 0.044893 0.0437512475876 0.0586724 0.0688407 0.081363 0.0971703 0.117759 0.145699 0.1858 0.248245 0.358982 0.609528
2.58308729295 0.0471829 0.0425267 0.0414581210004 0.0551432 0.0647513 0.0765829 0.0915175 0.110969 0.137363 0.175245 0.234233 0.338836 0.5755
2.60054058547 0.0442145 0.0401962 0.0391969887774 0.0517204 0.0607795 0.0719344 0.086014 0.104351 0.129231 0.16494 0.22054 0.319135 0.542199
2.61799387799 0.0413434 0.0379045 0.036970932061 0.0484048 0.0569267 0.0674194 0.0806623 0.0979084 0.121308 0.15489 0.207177 0.299894 0.509657
2.63544717051 0.0385699 0.0356544 0.0347831145245 0.0451969 0.0531939 0.0630397 0.0754653 0.0916462 0.1136 0.145104 0.194156 0.281132 0.477904
2.65290046303 0.035894 0.033449 0.0326366723308 0.0420972 0.0495823 0.058797 0.0704256 0.0855676 0.106111 0.13559 0.181486 0.262865 0.446971
2.67035375555 0.0333158 0.0312911 0.030534755398 0.0391063 0.0460928 0.0546931 0.0655456 0.0796762 0.098846 0.126353 0.169178 0.245109 0.416886
2.68780704807 0.0308354 0.0291837 0.0284804586237 0.0362246 0.0427264 0.0507295 0.0608277 0.0739753 0.0918107 0.117402 0.157242 0.22788 0.387677
2.70526034059 0.0284527 0.0271296 0.0264769044157 0.0334525 0.0394841 0.0469078 0.0562742 0.0684684 0.0850095 0.108742 0.145688 0.211192 0.359371
2.72271363311 0.0261677 0.0251319 0.0245271326513 0.0307904 0.0363667 0.0432294 0.0518874 0.0631586 0.0784467 0.100381 0.134525 0.19506 0.331995
2.74016692563 0.0239803 0.0231932 0.0226341419425 0.0282388 0.033375 0.0396957 0.0476693 0.0580488 0.0721267 0.0923234 0.123762 0.179497 0.305573
2.75762021815 0.0218906 0.0213164 0.0208008758808 0.0257977 0.0305098 0.036308 0.0436219 0.053142 0.0660534 0.0845757 0.113406 0.164517 0.280129
2.77507351067 0.0198984 0.0195043 0.0190301955271 0.0234676 0.0277717 0.0330674 0.039747 0.0484407 0.0602307 0.0771433 0.103467 0.150132 0.255686
2.79252680319 0.0180036 0.0177594 0.0173248794118 0.0212486 0.0251613 0.0299751 0.0360463 0.0439476 0.0546622 0.0700314 0.093952 0.136355 0.232265
2.80998009571 0.016206 0.0160844 0.0156875960244 0.0191408 0.0226792 0.0270321 0.0325214 0.039665 0.0493514 0.0632449 0.0848677 0.123196 0.209888
2.82743338823 0.0145053 0.0144817 0.0141209175687 0.0171444 0.0203259 0.0242392 0.0291738 0.035595 0.0443013 0.0567883 0.076221 0.110666 0.188572
2.84488668075 0.0129015 0.0129536 0.0126272786975 0.0152594 0.0181016 0.0215973 0.0260049 0.0317398 0.039515 0.0506658 0.0680183 0.0987748 0.168336
2.86233997327 0.0113942 0.0115025 0.011209017778 0.0134858 0.0160068 0.0191071 0.0230158 0.0281011 0.034995 0.0448814 0.0602653 0.0875315 0.149197
2.87979326579 0.00998303 0.0101305 0.00986829436091 0.0118236 0.0140417 0.0167692 0.0202075 0.0246805 0.0307438 0.0394385 0.0529673 0.0769444 0.131169
2.89724655831 0.00866775 0.00883959 0.00860714420121 0.0102726 0.0122065 0.0145841 0.0175811 0.0214795 0.0267636 0.0343404 0.046129 0.0670211 0.114268
2.91469985083 0.00744791 0.00763158 0.00742743799256 0.0088327 0.0105011 0.0125521 0.0151371 0.0184994 0.0230563 0.0295899 0.0397548 0.0577685 0.0985042
2.93215314335 0.00632311 0.00650821 0.00633088136743 0.00750358 0.00892561 0.0106736 0.0128763 0.0157411 0.0196235 0.0251894 0.0338484 0.0491925 0.0838901
2.94960643587 0.00529285 0.00547103 0.0053189736318 0.00628497 0.00747993 0.00894857 0.0107991 0.0132055 0.0164664 0.0211411 0.0284129 0.0412983 0.0704349
2.96705972839 0.0043566 0.0045214 0.00439304903044 0.00517647 0.00616381 0.00737712 0.00890573 0.0108933 0.0135863 0.0174465 0.0234511 0.0340903 0.0581468
2.98451302091 0.00351379 0.00366053 0.0035542492367 0.00417765 0.00497698 0.00595909 0.00719627 0.00880469 0.0109838 0.0141071 0.0189649 0.0275719 0.0470323
3.00196631343 0.00276376 0.00288942 0.00280350959743 0.00328796 0.00391901 0.00469424 0.00567065 0.00693991 0.00865931 0.0111235 0.0149559 0.0217455 0.0370963
3.01941960595 0.00210581 0.00220887 0.00214151786766 0.00250677 0.00298936 0.00358212 0.00432859 0.0052988 0.00661295 0.00849611 0.0114247 0.0166127 0.0283418
3.03687289847 0.00153916 0.00161947 0.00156876923101 0.00183336 0.0021874 0.00262216 0.00316958 0.00388098 0.00484443 0.00622491 0.00837153 0.012174 0.0207704
3.05432619099 0.00106294 0.00112161 0.00108549752419 0.00126691 0.00151231 0.00181361 0.00219292 0.00268576 0.00335312 0.00430924 0.00579584 0.008429 0.0143815
3.07177948351 0.000676193 0.000715405 0.000691675237011 0.00080647 0.00096317 0.00115552 0.00139762 0.00171214 0.00213796 0.00274795 0.00369628 0.00537588 0.00917251
3.08923277603 0.000377848 0.000400736 0.000387013512351 0.000450947 0.000538848 0.000646722 0.000782466 0.000958777 0.00119745 0.00153929 0.00207067 0.00301173 0.00513878
3.10668606855 0.00016669 0.000177187 0.00017090712578 0.00019908 0.000238017 0.000285788 0.000345885 0.000423925 0.000529545 0.000680798 0.000915886 0.00133217 0.00227303
3.12413936107 4.13129e-05 4.40078e-05 4.23932202539e-05 4.938e-05 5.90739e-05 7.0963e-05 8.59154e-05 0.000105327 0.000131592 0.000169198 0.000227638 0.000331109 0.000564945
3.14159265359 0.0 0.0 0.0 0.0 0.0 0.0 0.0 0.0 0.0 0.0 0.0 0.0 0.0
