alpha phi_iso phi_ray phi_vec g0=0.1 g0=0.2 g0=0.3 g0=0.4 g0=0.5 g0=0.6 g0=0.7 g0=0.8 g0=0.9 g0=1.0
0.0 1.0 1.0 1.0 1.0 1.0 1.0 1.0 1.0 1.0 1.0 1.0 1.0 1.0
0.0174532925199 0.999669 0.999527 0.999519433136 0.999685 0.999704 0.999726 0.999754 0.99979 0.999838 0.999905 1.00001 1.00018 1.00053
0.0349065850399 0.998744 0.998181 0.998146355429 0.998805 0.998878 0.998966 0.999077 0.999218 0.999407 0.999671 1.00007 1.00074 1.00212
0.0523598775598 0.99732 0.996067 0.995983121411 0.997454 0.997615 0.99781 0.998054 0.998366 0.998783 0.999368 1.00025 1.00173 1.00478
0.0698131700798 0.995474 0.993269 0.993110937317 0.995708 0.995988 0.996329 0.996754 0.9973 0.998028 0.99905 1.00059 1.00319 1.00851
0.0872664625997 0.993256 0.989843 0.98958421236 0.993614 0.994043 0.994566 0.995219 0.996058 0.997177 0.998749 1.00112 1.00512 1.01332
0.10471975512 0.990695 0.985826 0.985439468105 0.991202 0.99181 0.992551 0.993477 0.994667 0.996255 0.998487 1.00186 1.00754 1.01918
0.12217304764 0.987814 0.981246 0.980704798948 0.988494 0.989308 0.990303 0.991545 0.993143 0.995277 0.998276 1.0028 1.01044 1.0261
0.13962634016 0.98463 0.976128 0.97540499271 0.985506 0.986555 0.987837 0.989439 0.9915 0.994254 0.998124 1.00397 1.01383 1.03405
0.157079632679 0.98116 0.970495 0.969563608731 0.982254 0.983566 0.985168 0.987171 0.98975 0.993196 0.99804 1.00536 1.01771 1.04303
0.174532925199 0.977419 0.96437 0.963203517478 0.978753 0.980354 0.982309 0.984754 0.987903 0.992111 0.998029 1.00697 1.02206 1.05301
0.191986217719 0.973421 0.957774 0.956347107211 0.975017 0.976931 0.979271 0.982198 0.985968 0.991008 0.998097 1.00881 1.02689 1.06397
0.209439510239 0.969178 0.950728 0.949016295461 0.971056 0.973309 0.976064 0.979512 0.983952 0.989891 0.998245 1.01087 1.03218 1.0759
0.226892802759 0.964702 0.943253 0.941232551997 0.966882 0.969499 0.972699 0.976704 0.981864 0.988766 0.998476 1.01315 1.03793 1.08876
0.244346095279 0.960004 0.93537 0.933016979187 0.962506 0.96551 0.969184 0.973783 0.979709 0.987637 0.998791 1.01565 1.04413 1.10253
0.261799387799 0.955095 0.927099 0.924390312005 0.957938 0.961351 0.965526 0.970754 0.977492 0.986506 0.999191 1.01837 1.05075 1.11719
0.279252680319 0.949985 0.918458 0.915373032838 0.953186 0.957031 0.961735 0.967625 0.975217 0.985377 0.999674 1.02129 1.0578 1.1327
0.296705972839 0.944683 0.909467 0.905985314082 0.94826 0.952557 0.957815 0.9644 0.972889 0.984249 1.00024 1.02442 1.06525 1.14903
0.314159265359 0.939197 0.900144 0.896247155916 0.943167 0.947935 0.953773 0.961084 0.97051 0.983125 1.00088 1.02774 1.0731 1.16615
0.331612557879 0.933535 0.890509 0.886178328895 0.937914 0.943174 0.949614 0.957681 0.968082 0.982005 1.0016 1.03124 1.08131 1.18403
0.349065850399 0.927706 0.88058 0.875798396913 0.932508 0.938279 0.945344 0.954195 0.965609 0.980887 1.0024 1.03493 1.08988 1.20264
0.366519142919 0.921716 0.870374 0.865126751649 0.926957 0.933255 0.940967 0.950629 0.96309 0.979772 1.00326 1.03879 1.0988 1.22194
0.383972435439 0.915573 0.859911 0.854182612561 0.921266 0.928108 0.936487 0.946987 0.960528 0.978659 1.00419 1.0428 1.10803 1.24188
0.401425727959 0.909283 0.849206 0.84298500393 0.915441 0.922843 0.931909 0.94327 0.957924 0.977544 1.00517 1.04696 1.11757 1.26245
0.418879020479 0.902853 0.838279 0.831552731895 0.909488 0.917466 0.927236 0.939481 0.955277 0.976427 1.00621 1.05127 1.12739 1.28359
0.436332312999 0.896288 0.827146 0.819904441856 0.903413 0.911979 0.922472 0.935622 0.952587 0.975305 1.0073 1.0557 1.13747 1.30527
0.453785605519 0.889595 0.815824 0.808058561074 0.89722 0.906388 0.917618 0.931695 0.949855 0.974175 1.00842 1.06024 1.14779 1.32745
0.471238898038 0.88278 0.80433 0.796033252742 0.890915 0.900696 0.912679 0.9277 0.94708 0.973034 1.00959 1.06489 1.15833 1.35009
0.488692190558 0.875848 0.792681 0.783846507837 0.884502 0.894908 0.907658 0.92364 0.944261 0.971879 1.01078 1.06963 1.16907 1.37316
0.506145483078 0.868804 0.780893 0.771516030304 0.877986 0.889027 0.902555 0.919515 0.941398 0.970707 1.01199 1.07445 1.17999 1.3966
0.523598775598 0.861654 0.768982 0.759059248543 0.87137 0.883055 0.897374 0.915325 0.938488 0.969514 1.01321 1.07934 1.19107 1.42038
0.541052068118 0.854401 0.756964 0.746493338368 0.86466 0.876998 0.892116 0.911071 0.935532 0.968295 1.01445 1.08428 1.20228 1.44447
0.558505360638 0.847052 0.744854 0.7338351656 0.857858 0.870856 0.886784 0.906755 0.932526 0.967048 1.01568 1.08926 1.2136 1.46881
0.575958653158 0.839611 0.732668 0.72110127459 0.85097 0.864634 0.881379 0.902375 0.929471 0.965768 1.0169 1.09427 1.22502 1.49336
0.593411945678 0.832081 0.720421 0.708307888215 0.843999 0.858334 0.875903 0.897933 0.926364 0.96445 1.0181 1.09929 1.23649 1.5181
0.610865238198 0.824468 0.708126 0.69547090788 0.836947 0.851959 0.870357 0.893428 0.923203 0.963091 1.01928 1.10432 1.24802 1.54297
0.628318530718 0.816776 0.695799 0.68260583315 0.829819 0.845511 0.864742 0.888859 0.919986 0.961685 1.02043 1.10933 1.25956 1.56793
0.645771823238 0.809009 0.683453 0.669727807672 0.822619 0.838992 0.859061 0.884228 0.916711 0.960228 1.02154 1.11432 1.27111 1.59294
0.663225115758 0.80117 0.671101 0.656851607699 0.815348 0.832406 0.853313 0.879533 0.913376 0.958716 1.02259 1.11926 1.28263 1.61796
0.680678408278 0.793264 0.658758 0.643991550235 0.808011 0.825753 0.847501 0.874775 0.909979 0.957145 1.02359 1.12416 1.29411 1.64296
0.698131700798 0.785295 0.646435 0.63116160785 0.80061 0.819037 0.841625 0.869953 0.906518 0.955508 1.02453 1.12899 1.30552 1.66789
0.715584993318 0.777266 0.634146 0.618375247944 0.793149 0.812259 0.835685 0.865066 0.90299 0.953802 1.02539 1.13374 1.31685 1.6927
0.733038285838 0.76918 0.621901 0.605645547557 0.785629 0.805422 0.829684 0.860114 0.899393 0.952022 1.02617 1.13839 1.32806 1.71737
0.750491578358 0.761042 0.609713 0.59298510152 0.778055 0.798526 0.823621 0.855096 0.895725 0.950164 1.02686 1.14295 1.33914 1.74185
0.767944870878 0.752855 0.597593 0.580406056899 0.770428 0.791575 0.817498 0.850012 0.891984 0.948222 1.02746 1.14738 1.35007 1.76611
0.785398163397 0.744621 0.585551 0.567920078551 0.762752 0.784569 0.811315 0.844862 0.888167 0.946192 1.02795 1.15169 1.36082 1.7901
0.802851455917 0.736345 0.573599 0.555538326163 0.755028 0.77751 0.805072 0.839644 0.884271 0.94407 1.02832 1.15585 1.37138 1.81379
0.820304748437 0.728029 0.561744 0.543271511656 0.74726 0.770401 0.798772 0.834357 0.880296 0.941851 1.02858 1.15985 1.38172 1.83714
0.837758040957 0.719676 0.549998 0.531129795855 0.739449 0.763242 0.792413 0.829003 0.876237 0.93953 1.02871 1.16369 1.39182 1.86012
0.855211333477 0.711291 0.538369 0.51912288034 0.731598 0.756036 0.785997 0.823579 0.872094 0.937104 1.0287 1.16735 1.40167 1.88268
0.872664625997 0.702874 0.526865 0.507259915594 0.72371 0.748784 0.779525 0.818085 0.867864 0.934567 1.02856 1.17081 1.41125 1.9048
0.890117918517 0.694431 0.515495 0.495549581373 0.715787 0.741487 0.772996 0.81252 0.863545 0.931917 1.02826 1.17407 1.42053 1.92644
0.907571211037 0.685962 0.504266 0.483999971894 0.70783 0.734147 0.766412 0.806885 0.859134 0.929148 1.0278 1.17712 1.4295 1.94757
0.925024503557 0.677472 0.493185 0.472618733609 0.699843 0.726765 0.759773 0.801177 0.85463 0.926257 1.02718 1.17995 1.43814 1.96816
0.942477796077 0.668963 0.482259 0.461412950394 0.691827 0.719343 0.753079 0.795398 0.850031 0.92324 1.0264 1.18253 1.44644 1.98816
0.959931088597 0.660437 0.471494 0.450389166507 0.683784 0.711882 0.746332 0.789546 0.845335 0.920094 1.02543 1.18488 1.45437 2.00757
0.977384381117 0.651897 0.460895 0.439553444002 0.675717 0.704384 0.739531 0.78362 0.84054 0.916814 1.02429 1.18696 1.46192 2.02633
0.994837673637 0.643346 0.450468 0.428911293835 0.667627 0.696849 0.732678 0.777622 0.835645 0.913397 1.02296 1.18879 1.46907 2.04443
1.01229096616 0.634786 0.440218 0.418467710309 0.659517 0.68928 0.725773 0.771549 0.830647 0.90984 1.02143 1.19033 1.47581 2.06184
1.02974425868 0.62622 0.430148 0.408227194039 0.651388 0.681678 0.718816 0.765402 0.825546 0.90614 1.0197 1.1916 1.48213 2.07852
1.0471975512 0.61765 0.420263 0.398193706024 0.643243 0.674044 0.711808 0.759181 0.820339 0.902294 1.01778 1.19257 1.48801 2.09447
1.06465084372 0.609078 0.410566 0.388370713575 0.635083 0.666379 0.704751 0.752885 0.815027 0.898299 1.01564 1.19324 1.49343 2.10964
1.08210413624 0.600508 0.401061 0.378761190312 0.62691 0.658685 0.697643 0.746514 0.809606 0.894152 1.01328 1.1936 1.49838 2.12402
1.09955742876 0.591941 0.391748 0.369367604684 0.618727 0.650963 0.690488 0.740068 0.804077 0.889851 1.01071 1.19365 1.50286 2.13758
1.11701072128 0.583379 0.382631 0.36019193145 0.610534 0.643215 0.683284 0.733547 0.798438 0.885394 1.00792 1.19338 1.50684 2.1503
1.1344640138 0.574824 0.373712 0.351235697605 0.602334 0.635441 0.676033 0.726952 0.792689 0.880778 1.0049 1.19278 1.51032 2.16217
1.15191730632 0.56628 0.36499 0.342499936452 0.594129 0.627644 0.668735 0.720282 0.786828 0.876001 1.00165 1.19184 1.51329 2.17316
1.16937059884 0.557747 0.356468 0.333985222049 0.58592 0.619824 0.661393 0.713537 0.780855 0.871063 0.998172 1.19056 1.51574 2.18325
1.18682389136 0.549228 0.348146 0.325691715134 0.577709 0.611983 0.654005 0.706718 0.77477 0.86596 0.994454 1.18894 1.51766 2.19243
1.20427718388 0.540726 0.340023 0.317619105714 0.569497 0.604122 0.646574 0.699825 0.768572 0.860692 0.990497 1.18696 1.51903 2.20069
1.2217304764 0.532242 0.332099 0.309766681957 0.561288 0.596243 0.6391 0.692859 0.76226 0.855258 0.986298 1.18464 1.51986 2.208
1.23918376892 0.523777 0.324374 0.30213330723 0.553082 0.588347 0.631584 0.68582 0.755836 0.849657 0.981856 1.18195 1.52014 2.21435
1.25663706144 0.515335 0.316846 0.294717466018 0.544881 0.580436 0.624028 0.678708 0.749298 0.843888 0.977169 1.1789 1.51985 2.21974
1.27409035396 0.506917 0.309514 0.28751725245 0.536686 0.572511 0.616432 0.671525 0.742647 0.83795 0.972234 1.17548 1.519 2.22415
1.29154364648 0.498524 0.302376 0.280530393257 0.5285 0.564573 0.608797 0.664271 0.735884 0.831843 0.967052 1.1717 1.51758 2.22757
1.308996939 0.49016 0.295431 0.273754270733 0.520324 0.556623 0.601126 0.656947 0.729008 0.825567 0.96162 1.16754 1.51558 2.23
1.32645023152 0.481825 0.288675 0.26718592274 0.51216 0.548664 0.593418 0.649554 0.72202 0.819121 0.955938 1.16301 1.513 2.23142
1.34390352404 0.473521 0.282106 0.260822065667 0.504009 0.540697 0.585676 0.642092 0.714921 0.812507 0.950006 1.15811 1.50984 2.23183
1.36135681656 0.46525 0.275721 0.254659140354 0.495874 0.532724 0.5779 0.634564 0.707712 0.805725 0.943823 1.15284 1.50609 2.23122
1.37881010908 0.457014 0.269518 0.248693266169 0.487754 0.524745 0.570092 0.62697 0.700394 0.798775 0.937391 1.14719 1.50176 2.2296
1.3962634016 0.448815 0.263491 0.242920321378 0.479654 0.516762 0.562253 0.619312 0.692967 0.791658 0.930709 1.14116 1.49685 2.22695
1.41371669412 0.440654 0.257638 0.237335908695 0.471573 0.508777 0.554386 0.611591 0.685434 0.784375 0.923778 1.13476 1.49134 2.22328
1.43116998664 0.432533 0.251956 0.231935412695 0.463514 0.500792 0.546491 0.603808 0.677795 0.776928 0.9166 1.12799 1.48525 2.21859
1.44862327916 0.424453 0.246439 0.226714022773 0.455478 0.492808 0.53857 0.595965 0.670052 0.769318 0.909176 1.12084 1.47858 2.21287
1.46607657168 0.416416 0.241083 0.221666675737 0.447466 0.484826 0.530624 0.588064 0.662207 0.761547 0.901508 1.11333 1.47132 2.20614
1.4835298642 0.408424 0.235884 0.216788182103 0.439481 0.476849 0.522656 0.580105 0.654261 0.753616 0.893597 1.10545 1.46348 2.19839
1.50098315672 0.400479 0.230838 0.212073180171 0.431524 0.468878 0.514666 0.572093 0.646217 0.745528 0.885446 1.0972 1.45507 2.18963
1.51843644924 0.392581 0.22594 0.207516136022 0.423597 0.460915 0.506658 0.564027 0.638076 0.737286 0.877058 1.08859 1.44608 2.17987
1.53588974176 0.384732 0.221184 0.203111423888 0.415701 0.452961 0.498632 0.55591 0.629841 0.72889 0.868436 1.07962 1.43653 2.1691
1.55334303427 0.376933 0.216566 0.19885330319 0.407837 0.445017 0.490591 0.547745 0.621514 0.720346 0.859583 1.0703 1.42641 2.15735
1.57079632679 0.369187 0.212082 0.194735941499 0.400008 0.437087 0.482536 0.539532 0.613097 0.711654 0.850503 1.06063 1.41574 2.14461
1.58824961931 0.361495 0.207725 0.190753426018 0.392214 0.429171 0.474469 0.531275 0.604593 0.702819 0.841198 1.05061 1.40451 2.1309
1.60570291183 0.353857 0.20349 0.186899820988 0.384457 0.421271 0.466392 0.522976 0.596005 0.693843 0.831673 1.04025 1.39274 2.11624
1.62315620435 0.346275 0.199373 0.183169110282 0.37674 0.413389 0.458308 0.514637 0.587336 0.68473 0.821933 1.02956 1.38044 2.10062
1.64060949687 0.338751 0.195368 0.179555312216 0.369063 0.405527 0.450219 0.506261 0.578589 0.675484 0.811982 1.01854 1.36761 2.08407
1.65806278939 0.331286 0.19147 0.176052410663 0.361428 0.397687 0.442126 0.49785 0.569766 0.666108 0.801826 1.0072 1.35427 2.06661
1.67551608191 0.323881 0.187674 0.172654400977 0.353837 0.38987 0.434031 0.489407 0.560872 0.656607 0.791468 0.995545 1.34041 2.04824
1.69296937443 0.316538 0.183974 0.169355335918 0.34629 0.382079 0.425938 0.480934 0.551909 0.646984 0.780915 0.983581 1.32606 2.02898
1.71042266695 0.309257 0.180365 0.166149291207 0.33879 0.374314 0.417848 0.472435 0.54288 0.637245 0.770172 0.971316 1.31122 2.00885
1.72787595947 0.302041 0.176843 0.163030422935 0.331338 0.366578 0.409764 0.463912 0.53379 0.627393 0.759245 0.95876 1.29591 1.98787
1.74532925199 0.294889 0.173402 0.159992944598 0.323936 0.358874 0.401688 0.455369 0.524641 0.617433 0.748139 0.945918 1.28013 1.96606
1.76278254451 0.287804 0.170036 0.157031195985 0.316585 0.351202 0.393621 0.446807 0.515439 0.60737 0.736862 0.932802 1.2639 1.94343
1.78023583703 0.280786 0.166743 0.154139574289 0.309286 0.343564 0.385568 0.43823 0.506186 0.597209 0.72542 0.919418 1.24723 1.92002
1.79768912955 0.273837 0.163515 0.151312648924 0.302042 0.335964 0.37753 0.429642 0.496886 0.586955 0.713819 0.905777 1.23014 1.89583
1.81514242207 0.266958 0.160349 0.148545081149 0.294853 0.328402 0.369509 0.421045 0.487544 0.576613 0.702067 0.891888 1.21263 1.8709
1.83259571459 0.260149 0.15724 0.145831704444 0.287721 0.32088 0.361508 0.412443 0.478164 0.566189 0.69017 0.87776 1.19473 1.84525
1.85004900711 0.253412 0.154184 0.143167490061 0.280648 0.3134 0.35353 0.403838 0.468749 0.555688 0.678137 0.863404 1.17645 1.8189
1.86750229963 0.246748 0.151177 0.140547592951 0.273634 0.305965 0.345577 0.395235 0.459305 0.545116 0.665973 0.84883 1.1578 1.79188
1.88495559215 0.240159 0.148213 0.13796731732 0.266682 0.298576 0.337652 0.386636 0.449836 0.534478 0.653688 0.834049 1.1388 1.76421
1.90240888467 0.233644 0.14529 0.135422185516 0.259793 0.291236 0.329757 0.378045 0.440345 0.523781 0.641289 0.819072 1.11946 1.73591
1.91986217719 0.227205 0.142403 0.132907903586 0.252968 0.283945 0.321895 0.369466 0.430838 0.51303 0.628784 0.80391 1.0998 1.70703
1.93731546971 0.220843 0.139549 0.130420384237 0.246208 0.276707 0.314069 0.360901 0.42132 0.502232 0.616181 0.788573 1.07984 1.67757
1.95476876223 0.214559 0.136724 0.127955746838 0.239516 0.269523 0.306282 0.352356 0.411794 0.491392 0.603489 0.773075 1.0596 1.64759
1.97222205475 0.208354 0.133925 0.125510328898 0.232892 0.262395 0.298535 0.343832 0.402266 0.480518 0.590715 0.757425 1.03909 1.61709
1.98967534727 0.202228 0.131149 0.123080709033 0.226338 0.255325 0.290832 0.335334 0.392741 0.469614 0.577869 0.741638 1.01832 1.58611
2.00712863979 0.196183 0.128393 0.120663672518 0.219856 0.248315 0.283175 0.326865 0.383223 0.458689 0.56496 0.725723 0.997329 1.55468
2.02458193231 0.190219 0.125655 0.118256268695 0.213446 0.241368 0.275568 0.318429 0.373716 0.447748 0.551995 0.709695 0.976119 1.52283
2.04203522483 0.184338 0.122931 0.115855753568 0.20711 0.234484 0.268012 0.310029 0.364227 0.436797 0.538984 0.693564 0.954714 1.4906
2.05948851735 0.178539 0.12022 0.113459647206 0.200849 0.227666 0.260511 0.30167 0.35476 0.425844 0.525937 0.677345 0.933132 1.458
2.07694180987 0.172825 0.117519 0.111065699301 0.194665 0.220916 0.253067 0.293356 0.34532 0.414895 0.512861 0.661049 0.911392 1.42509
2.09439510239 0.167195 0.114828 0.108671935095 0.188558 0.214236 0.245683 0.285088 0.335912 0.403958 0.499767 0.64469 0.889513 1.39187
2.11184839491 0.16165 0.112143 0.106276586489 0.182531 0.207628 0.238362 0.276873 0.326541 0.393037 0.486663 0.628281 0.867514 1.3584
2.12930168743 0.156192 0.109464 0.103878160932 0.176585 0.201094 0.231107 0.268713 0.317212 0.382142 0.473559 0.611833 0.845415 1.3247
2.14675497995 0.15082 0.10679 0.101475406979 0.17072 0.194635 0.22392 0.260611 0.30793 0.371277 0.460465 0.595362 0.823235 1.2908
2.16420827247 0.145536 0.10412 0.0990673257678 0.164938 0.188254 0.216804 0.252573 0.2987 0.360451 0.447388 0.578879 0.800994 1.25673
2.18166156499 0.14034 0.101452 0.0966531365803 0.15924 0.181953 0.209761 0.244601 0.289528 0.34967 0.43434 0.562398 0.77871 1.22254
2.19911485751 0.135233 0.0987871 0.0942323112829 0.153628 0.175732 0.202795 0.236699 0.280418 0.338941 0.421329 0.545933 0.756406 1.18824
2.21656815003 0.130215 0.096124 0.0918045972902 0.148102 0.169595 0.195908 0.228872 0.271376 0.328271 0.408365 0.529496 0.734099 1.15389
2.23402144255 0.125288 0.0934629 0.0893699142341 0.142665 0.163543 0.189103 0.221122 0.262406 0.317666 0.395456 0.513101 0.711809 1.1195
2.25147473507 0.120451 0.090804 0.0869284572944 0.137316 0.157578 0.182383 0.213453 0.253514 0.307135 0.382614 0.496761 0.689558 1.08511
2.26892802759 0.115705 0.0881475 0.0844806283115 0.132057 0.151702 0.175749 0.20587 0.244705 0.296682 0.369846 0.480489 0.667364 1.05076
2.28638132011 0.111051 0.085494 0.082027047268 0.126889 0.145916 0.169205 0.198376 0.235983 0.286316 0.357163 0.464299 0.645247 1.01648
2.30383461263 0.106489 0.0828441 0.0795685408074 0.121813 0.140222 0.162754 0.190974 0.227354 0.276043 0.344574 0.448204 0.623228 0.982298
2.32128790515 0.10202 0.0801987 0.0771061651963 0.116831 0.134622 0.156397 0.183667 0.218823 0.26587 0.332088 0.432217 0.601325 0.948252
2.33874119767 0.0976443 0.077559 0.0746411603998 0.111943 0.129118 0.150138 0.176461 0.210394 0.255803 0.319713 0.416351 0.579557 0.914373
2.35619449019 0.0933622 0.074926 0.0721749271193 0.107151 0.123711 0.143978 0.169358 0.202072 0.245849 0.307461 0.400619 0.557946 0.880693
2.37364778271 0.0891742 0.0723014 0.0697091071606 0.102455 0.118404 0.137921 0.162361 0.193863 0.236015 0.295338 0.385034 0.536509 0.847246
2.39110107523 0.0850807 0.0696865 0.0672454571408 0.0978555 0.113197 0.131969 0.155474 0.18577 0.226308 0.283356 0.369609 0.515266 0.814063
2.40855436775 0.0810821 0.0670831 0.0647859403383 0.0933546 0.108092 0.126124 0.148701 0.177799 0.216733 0.271521 0.354355 0.494235 0.781176
2.42600766027 0.0771789 0.0644932 0.0623326348426 0.088953 0.103091 0.120388 0.142045 0.169955 0.207297 0.259844 0.339287 0.473437 0.748617
2.44346095279 0.0733712 0.0619187 0.0598878024421 0.0846512 0.0981948 0.114764 0.135508 0.162241 0.198007 0.248333 0.324415 0.452888 0.716417
2.46091424531 0.0696594 0.0593616 0.0574538082556 0.0804504 0.0934058 0.109255 0.129096 0.154663 0.188868 0.236996 0.309753 0.432607 0.684606
2.47836753783 0.0660439 0.0568244 0.0550331436944 0.0763511 0.0887249 0.103861 0.122809 0.147225 0.179887 0.225842 0.295312 0.412613 0.653215
2.49582083035 0.0625249 0.0543092 0.0526284264629 0.0723543 0.0841537 0.0985866 0.116653 0.13993 0.171069 0.214879 0.281104 0.392922 0.622273
2.51327412287 0.0591025 0.0518185 0.0502423661144 0.0684607 0.0796935 0.0934324 0.110629 0.132784 0.162421 0.204116 0.267141 0.373553 0.591811
2.53072741539 0.0557772 0.0493549 0.0478777410894 0.0646709 0.0753455 0.0884008 0.10474 0.125791 0.153948 0.19356 0.253434 0.354522 0.561856
2.54818070791 0.0525489 0.0469209 0.0455374331587 0.0609857 0.0711111 0.0834938 0.0989905 0.118954 0.145656 0.183218 0.239993 0.335845 0.532436
2.56563400043 0.049418 0.0445192 0.0432243700179 0.0574058 0.0669915 0.0787134 0.0933821 0.112278 0.13755 0.1731 0.226831 0.317541 0.503581
2.58308729295 0.0463845 0.0421525 0.0409415482494 0.0539316 0.0629878 0.0740614 0.0879178 0.105766 0.129636 0.163212 0.213957 0.299624 0.475315
2.60054058547 0.0434486 0.0398237 0.0386919988792 0.050564 0.0591013 0.0695397 0.0826003 0.0994229 0.121919 0.153561 0.201382 0.282109 0.447667
2.61799387799 0.0406104 0.0375354 0.0364787644142 0.0473032 0.055333 0.0651499 0.0774322 0.0932511 0.114404 0.144155 0.189116 0.265013 0.420661
2.63544717051 0.0378698 0.0352905 0.0343049332863 0.04415 0.0516839 0.0608939 0.0724159 0.0872547 0.107096 0.135001 0.177169 0.24835 0.394322
2.65290046303 0.0352271 0.0330919 0.0321735709648 0.0411047 0.048155 0.0567731 0.0675539 0.081437 0.0999992 0.126104 0.165551 0.232134 0.368676
2.67035375555 0.0326821 0.0309423 0.0300877429192 0.0381677 0.0447473 0.0527892 0.0628483 0.0758013 0.0931188 0.117472 0.154269 0.21638 0.343744
2.68780704807 0.0302349 0.0288446 0.0280505031377 0.0353395 0.0414615 0.0489434 0.0583015 0.0703507 0.0864589 0.10911 0.143334 0.201099 0.319549
2.70526034059 0.0278854 0.0268016 0.0260648596838 0.0326204 0.0382985 0.0452373 0.0539154 0.0650882 0.0800238 0.101025 0.132754 0.186306 0.296114
2.72271363311 0.0256335 0.024816 0.0241337861778 0.0300106 0.035259 0.0416722 0.049692 0.0600167 0.0738174 0.0932215 0.122537 0.172013 0.273459
2.74016692563 0.0234791 0.0228906 0.0222601873528 0.0275104 0.0323437 0.0382491 0.0456332 0.0551388 0.0678437 0.0857059 0.112691 0.158231 0.251605
2.75762021815 0.021422 0.021028 0.0204469220173 0.0251201 0.0295533 0.0349692 0.0417408 0.0504571 0.0621062 0.078483 0.103223 0.144972 0.230569
2.77507351067 0.0194622 0.0192309 0.0186967341683 0.0228397 0.0268882 0.0318337 0.0380164 0.045974 0.0566084 0.0715576 0.0941394 0.132245 0.210371
2.79252680319 0.0175993 0.0175017 0.0170123218781 0.0206694 0.024349 0.0288433 0.0344614 0.0416917 0.0513534 0.0649344 0.0854481 0.120063 0.191028
2.80998009571 0.0158332 0.015843 0.0153962454452 0.0186092 0.021936 0.025999 0.0310773 0.0376124 0.0463443 0.0586175 0.0771547 0.108433 0.172555
2.82743338823 0.0141635 0.014257 0.0138509618375 0.0166592 0.0196497 0.0233014 0.0278654 0.0337379 0.0415838 0.052611 0.0692652 0.0973645 0.154968
2.84488668075 0.0125899 0.012746 0.0123788017303 0.0148193 0.0174902 0.0207513 0.0248266 0.0300699 0.0370745 0.0469185 0.0617847 0.0868662 0.138281
2.86233997327 0.0111121 0.0113121 0.0109819809872 0.0130893 0.0154577 0.0183492 0.0219621 0.02661 0.0328187 0.0415433 0.0547183 0.0769453 0.122507
2.87979326579 0.00972972 0.00995742 0.0096625432544 0.0114691 0.0135524 0.0160955 0.0192727 0.0233595 0.0288183 0.0364885 0.0480704 0.0676087 0.107657
2.89724655831 0.00844223 0.00868372 0.00842240588555 0.00995849 0.0117743 0.0139905 0.0167589 0.0203197 0.0250752 0.0317567 0.041845 0.0588626 0.0937429
2.91469985083 0.00724916 0.00749274 0.00726330253558 0.00855713 0.0101232 0.0120344 0.0144215 0.0174914 0.0215909 0.0273503 0.0360456 0.0507124 0.0807732
2.93215314335 0.00614999 0.00638607 0.00618679464209 0.00726467 0.00859911 0.0102273 0.0122608 0.0148754 0.0183668 0.0232712 0.0306751 0.0431629 0.0687564
2.94960643587 0.00514412 0.00536511 0.00519427142529 0.00608067 0.00720167 0.00856924 0.0102769 0.0124724 0.0154037 0.0195209 0.025736 0.0362181 0.0576996
2.96705972839 0.00423091 0.00443109 0.00428692692571 0.00500463 0.00593055 0.00705994 0.00846998 0.0102826 0.0127024 0.0161008 0.0212304 0.029881 0.0476085
2.98451302091 0.00340966 0.00358509 0.00346573704183 0.00403594 0.00478529 0.00569914 0.00683989 0.00830611 0.0102632 0.0130116 0.0171595 0.0241542 0.0384874
3.00196631343 0.00267958 0.00282795 0.00273149397362 0.00317394 0.00376532 0.00448637 0.0053863 0.00654283 0.00808633 0.0102536 0.0135242 0.0190391 0.0303392
3.01941960595 0.00203985 0.00216034 0.0020847488167 0.00241785 0.00286993 0.00342103 0.00410872 0.00499234 0.00617144 0.00782685 0.0103248 0.0145364 0.0231655
3.03687289847 0.00148954 0.00158271 0.00152581156236 0.0017668 0.00209831 0.00250234 0.00300641 0.00365398 0.00451797 0.0057308 0.00756071 0.0106457 0.0169661
3.05432619099 0.00102764 0.00109527 0.00105476257871 0.00121979 0.00144947 0.00172934 0.00207843 0.00252681 0.00312493 0.00396443 0.0052309 0.00736581 0.0117394
3.07177948351 0.000653032 0.00069801 0.000671406686044 0.000775704 0.000922301 0.00110088 0.00132357 0.00160954 0.00199095 0.00252619 0.00333354 0.00469436 0.00748197
3.08923277603 0.000364479 0.000390628 0.000375250194542 0.000433279 0.000515471 0.000615564 0.000740349 0.000900555 0.00111418 0.00141392 0.00186597 0.00262784 0.00418836
3.10668606855 0.000160584 0.000172539 0.000165512385403 0.000191054 0.000227441 0.000271738 0.000326946 0.000397806 0.000492272 0.00062479 0.000824615 0.00116134 0.00185099
3.12413936107 3.97404e-05 4.28022e-05 4.09877369513e-05 4.73247e-05 5.63778e-05 6.73944e-05 8.11196e-05 9.87302e-05 0.000122201 0.000155118 0.000204744 0.000288356 0.000459582
3.14159265359 0.0 0.0 0.0 0.0 0.0 0.0 0.0 0.0 0.0 0.0 0.0 0.0 0.0
