alpha phi_iso phi_ray phi_vec g0=0.1 g0=0.2 g0=0.3 g0=0.4 g0=0.5 g0=0.6 g0=0.7 g0=0.8 g0=0.9 g0=1.0
0.0 1.0 1.0 1.0 1.0 1.0 1.0 1.0 1.0 1.0 1.0 1.0 1.0 1.0
0.0174532925199 0.99968 0.999542 0.999531026865 0.999695 0.999713 0.999734 0.99976 0.999792 0.999835 0.999892 0.999974 1.0001 1.00033
0.0349065850399 0.998781 0.998236 0.998189201685 0.99884 0.998909 0.998992 0.999094 0.999222 0.999387 0.999612 0.999933 1.00043 1.00132
0.0523598775598 0.997395 0.996182 0.996071364401 0.997523 0.997675 0.997858 0.998081 0.998362 0.998727 0.999221 0.999929 1.00103 1.003
0.0698131700798 0.995592 0.993462 0.993254432019 0.995815 0.996079 0.996396 0.996784 0.997273 0.997908 0.998768 1.0 1.00193 1.00535
0.0872664625997 0.993419 0.990128 0.989790150744 0.99376 0.994163 0.994647 0.995241 0.99599 0.996963 0.998282 1.00017 1.00313 1.00839
0.10471975512 0.990905 0.986216 0.985713558054 0.991385 0.991954 0.992638 0.993478 0.994537 0.995914 0.997781 1.00046 1.00464 1.0121
0.12217304764 0.988071 0.981753 0.981051832557 0.988712 0.989472 0.990387 0.991512 0.99293 0.994774 0.997277 1.00087 1.00648 1.01649
0.13962634016 0.984933 0.976763 0.975829110991 0.985757 0.986734 0.98791 0.989357 0.991182 0.993557 0.99678 1.00141 1.00864 1.02153
0.157079632679 0.981508 0.971269 0.970068375392 0.982535 0.983753 0.98522 0.987026 0.989304 0.99227 0.996297 1.00208 1.01112 1.02724
0.174532925199 0.977811 0.965293 0.963792030445 0.979061 0.980543 0.982331 0.98453 0.987307 0.990923 0.995834 1.00289 1.01392 1.03359
0.191986217719 0.973854 0.958855 0.957021998272 0.975346 0.977116 0.979252 0.981881 0.985199 0.989524 0.995398 1.00384 1.01704 1.04057
0.209439510239 0.96965 0.951977 0.949779787371 0.971403 0.973483 0.975994 0.979086 0.982989 0.988077 0.99499 1.00493 1.02046 1.04818
0.226892802759 0.965211 0.944678 0.942086527082 0.967243 0.969655 0.972567 0.976154 0.980684 0.98659 0.994615 1.00616 1.0242 1.05638
0.244346095279 0.960548 0.936977 0.933962958973 0.962876 0.965641 0.96898 0.973093 0.97829 0.985066 0.994275 1.00752 1.02823 1.06518
0.261799387799 0.95567 0.928895 0.925429548861 0.958312 0.96145 0.96524 0.969911 0.975812 0.983509 0.99397 1.00902 1.03255 1.07454
0.279252680319 0.950588 0.920451 0.916506469581 0.95356 0.95709 0.961355 0.966613 0.973256 0.981922 0.993703 1.01066 1.03716 1.08445
0.296705972839 0.945311 0.911662 0.907213669918 0.948628 0.95257 0.957332 0.963204 0.970625 0.980307 0.993471 1.01242 1.04203 1.0949
0.314159265359 0.939846 0.902547 0.897570900465 0.943524 0.947895 0.953177 0.95969 0.967924 0.978666 0.993274 1.0143 1.04717 1.10585
0.331612557879 0.934203 0.893125 0.887597704999 0.938255 0.943073 0.948895 0.956076 0.965154 0.977 0.993111 1.0163 1.05256 1.1173
0.349065850399 0.928389 0.883412 0.877313446338 0.93283 0.93811 0.944492 0.952365 0.962319 0.97531 0.99298 1.01842 1.05819 1.1292
0.366519142919 0.92241 0.873427 0.866737340808 0.927253 0.933011 0.939973 0.948561 0.959422 0.973596 0.992878 1.02064 1.06405 1.14155
0.383972435439 0.916276 0.863187 0.855888389306 0.921532 0.927784 0.935343 0.944668 0.956463 0.971858 0.992802 1.02296 1.07011 1.15432
0.401425727959 0.909991 0.85271 0.844785454851 0.915673 0.922431 0.930605 0.940689 0.953444 0.970095 0.992749 1.02537 1.07638 1.16748
0.418879020479 0.903562 0.842011 0.833447185036 0.909681 0.91696 0.925763 0.936626 0.950367 0.968307 0.992716 1.02786 1.08284 1.181
0.436332312999 0.896996 0.831108 0.821892063726 0.903562 0.911373 0.920821 0.932481 0.947232 0.966491 0.992697 1.03043 1.08946 1.19487
0.453785605519 0.890299 0.820018 0.810138333503 0.897321 0.905676 0.915783 0.928257 0.94404 0.964647 0.992689 1.03307 1.09624 1.20905
0.471238898038 0.883475 0.808756 0.798204055991 0.890963 0.899873 0.910652 0.923956 0.940791 0.962772 0.992687 1.03577 1.10316 1.22352
0.488692190558 0.876532 0.797339 0.786107042913 0.884493 0.893968 0.905431 0.91958 0.937485 0.960866 0.992686 1.03852 1.11021 1.23825
0.506145483078 0.869474 0.785783 0.773864864714 0.877916 0.887964 0.900122 0.91513 0.934122 0.958925 0.992682 1.0413 1.11737 1.25322
0.523598775598 0.862306 0.774103 0.76149483332 0.871236 0.881866 0.894728 0.910606 0.930702 0.956946 0.992668 1.04412 1.12462 1.26839
0.541052068118 0.855034 0.762315 0.749013976292 0.864458 0.875676 0.889251 0.906011 0.927224 0.954929 0.992639 1.04696 1.13194 1.28373
0.558505360638 0.847661 0.750433 0.736439036823 0.857585 0.869398 0.883694 0.901346 0.923687 0.952869 0.99259 1.04981 1.13933 1.29923
0.575958653158 0.840194 0.738472 0.723786447887 0.850621 0.863035 0.878059 0.896611 0.920092 0.950763 0.992515 1.05266 1.14676 1.31485
0.593411945678 0.832636 0.726447 0.711072306389 0.843571 0.85659 0.872348 0.891806 0.916437 0.94861 0.992408 1.0555 1.15422 1.33056
0.610865238198 0.824992 0.714371 0.698312390396 0.836438 0.850067 0.866563 0.886934 0.91272 0.946405 0.992262 1.05833 1.16169 1.34634
0.628318530718 0.817266 0.70226 0.685522107439 0.829226 0.843467 0.860705 0.881993 0.908941 0.944146 0.992073 1.06112 1.16916 1.36215
0.645771823238 0.809462 0.690125 0.672716494507 0.821938 0.836793 0.854776 0.876984 0.905099 0.941828 0.991833 1.06387 1.1766 1.37797
0.663225115758 0.801585 0.67798 0.659910200818 0.814578 0.830049 0.848778 0.871909 0.901193 0.93945 0.991536 1.06658 1.18401 1.39377
0.680678408278 0.793639 0.665839 0.647117479197 0.807148 0.823236 0.842712 0.866766 0.89722 0.937007 0.991177 1.06922 1.19136 1.40952
0.698131700798 0.785626 0.653713 0.634352160228 0.799653 0.816356 0.836579 0.861556 0.89318 0.934496 0.990749 1.0718 1.19863 1.4252
0.715584993318 0.777552 0.641614 0.621627669489 0.792094 0.809413 0.830381 0.85628 0.889071 0.931913 0.990246 1.07429 1.20582 1.44078
0.733038285838 0.769419 0.629554 0.608956967227 0.784476 0.802408 0.824119 0.850937 0.884891 0.929256 0.989662 1.0767 1.2129 1.45622
0.750491578358 0.761232 0.617544 0.596352574215 0.776801 0.795344 0.817795 0.845527 0.88064 0.92652 0.98899 1.079 1.21987 1.47151
0.767944870878 0.752994 0.605595 0.583826554513 0.769072 0.788222 0.811408 0.84005 0.876316 0.923702 0.988225 1.0812 1.22669 1.48661
0.785398163397 0.744708 0.593717 0.57139048962 0.761292 0.781045 0.804962 0.834506 0.871916 0.920798 0.98736 1.08327 1.23336 1.50151
0.802851455917 0.736378 0.581921 0.559055487089 0.753464 0.773814 0.798456 0.828896 0.867441 0.917807 0.986389 1.08521 1.23987 1.51616
0.820304748437 0.728006 0.570216 0.546832163293 0.745589 0.766532 0.791891 0.823218 0.862887 0.914723 0.985307 1.08702 1.24619 1.53056
0.837758040957 0.719597 0.558611 0.534730660662 0.737671 0.7592 0.785269 0.817474 0.858254 0.911543 0.984108 1.08867 1.25231 1.54467
0.855211333477 0.711153 0.547114 0.52276057874 0.729713 0.75182 0.77859 0.811662 0.853541 0.908265 0.982785 1.09017 1.25823 1.55847
0.872664625997 0.702677 0.535735 0.510931043129 0.721716 0.744394 0.771856 0.805782 0.848745 0.904885 0.981335 1.0915 1.26391 1.57193
0.890117918517 0.694173 0.52448 0.499250653779 0.713683 0.736924 0.765067 0.799836 0.843865 0.9014 0.97975 1.09265 1.26935 1.58503
0.907571211037 0.685643 0.513357 0.48772750223 0.705618 0.729411 0.758224 0.793821 0.8389 0.897807 0.978026 1.09362 1.27454 1.59775
0.925024503557 0.67709 0.502374 0.476369162988 0.697521 0.721857 0.751329 0.787739 0.833849 0.894103 0.976157 1.0944 1.27946 1.61007
0.942477796077 0.668518 0.491536 0.465182693529 0.689395 0.714264 0.744382 0.78159 0.82871 0.890285 0.974139 1.09498 1.28409 1.62196
0.959931088597 0.659927 0.48085 0.454174617062 0.681242 0.706634 0.737383 0.775372 0.823482 0.886351 0.971966 1.09534 1.28843 1.63341
0.977384381117 0.651323 0.470321 0.443350957002 0.673066 0.698967 0.730334 0.769087 0.818164 0.882297 0.969635 1.09549 1.29247 1.64439
0.994837673637 0.642707 0.459954 0.43271721973 0.664867 0.691266 0.723236 0.762734 0.812755 0.878122 0.967139 1.09542 1.29619 1.65488
1.01229096616 0.634081 0.449754 0.422278377362 0.656648 0.683532 0.71609 0.756313 0.807253 0.873822 0.964476 1.09512 1.29958 1.66486
1.02974425868 0.625449 0.439725 0.412038919453 0.648412 0.675767 0.708896 0.749825 0.801659 0.869396 0.961641 1.09457 1.30262 1.67432
1.0471975512 0.616812 0.429872 0.402002809909 0.64016 0.667972 0.701655 0.743269 0.79597 0.864841 0.95863 1.09379 1.30532 1.68324
1.06465084372 0.608174 0.420196 0.392173512839 0.631893 0.660149 0.694369 0.736646 0.790187 0.860155 0.955439 1.09275 1.30765 1.6916
1.08210413624 0.599537 0.410702 0.382554001171 0.623615 0.6523 0.687038 0.729956 0.784309 0.855337 0.952065 1.09146 1.30962 1.69938
1.09955742876 0.590902 0.401392 0.373146756656 0.615328 0.644425 0.679663 0.723199 0.778334 0.850385 0.948505 1.0899 1.3112 1.70657
1.11701072128 0.582274 0.392268 0.363953795715 0.607032 0.636527 0.672246 0.716376 0.772263 0.845296 0.944755 1.08808 1.3124 1.71316
1.1344640138 0.573652 0.383331 0.354976634973 0.598731 0.628606 0.664787 0.709486 0.766095 0.84007 0.940812 1.08599 1.3132 1.71913
1.15191730632 0.565041 0.374583 0.346216360195 0.590426 0.620666 0.657287 0.702531 0.759829 0.834706 0.936674 1.08362 1.31359 1.72446
1.16937059884 0.556442 0.366025 0.337673574585 0.582119 0.612706 0.649747 0.695511 0.753466 0.829202 0.932339 1.08096 1.31357 1.72915
1.18682389136 0.547858 0.357658 0.329348467721 0.573812 0.604728 0.64217 0.688427 0.747006 0.823557 0.927804 1.07803 1.31314 1.73319
1.20427718388 0.53929 0.349481 0.321240772469 0.565506 0.596735 0.634554 0.681278 0.740448 0.81777 0.923067 1.0748 1.31228 1.73655
1.2217304764 0.530741 0.341494 0.313349833924 0.557204 0.588728 0.626903 0.674066 0.733792 0.811841 0.918127 1.07129 1.31099 1.73924
1.23918376892 0.522212 0.333697 0.30567456632 0.548907 0.580707 0.619216 0.666792 0.72704 0.80577 0.912982 1.06748 1.30927 1.74125
1.25663706144 0.513706 0.326088 0.29821352197 0.540618 0.572675 0.611496 0.659456 0.72019 0.799555 0.907632 1.06337 1.30711 1.74256
1.27409035396 0.505225 0.318667 0.290964856796 0.532337 0.564633 0.603743 0.652059 0.713244 0.793197 0.902074 1.05897 1.30451 1.74318
1.29154364648 0.49677 0.311432 0.283926356181 0.524068 0.556584 0.595959 0.644603 0.706202 0.786696 0.896309 1.05426 1.30146 1.74308
1.308996939 0.488344 0.304382 0.277095486672 0.515811 0.548527 0.588145 0.637088 0.699065 0.780052 0.890336 1.04925 1.29796 1.74228
1.32645023152 0.479949 0.297513 0.270469370129 0.507568 0.540465 0.580302 0.629515 0.691834 0.773266 0.884154 1.04394 1.29401 1.74076
1.34390352404 0.471586 0.290824 0.264044818193 0.499341 0.5324 0.572433 0.621886 0.684509 0.766338 0.877765 1.03833 1.2896 1.73851
1.36135681656 0.463257 0.284312 0.257818332287 0.491131 0.524333 0.564537 0.614202 0.677092 0.759268 0.871167 1.03241 1.28475 1.73555
1.37881010908 0.454963 0.277973 0.251786146699 0.482942 0.516266 0.556618 0.606464 0.669583 0.752058 0.864363 1.02619 1.27943 1.73186
1.3962634016 0.446708 0.271806 0.24594421997 0.474773 0.5082 0.548675 0.598674 0.661985 0.744709 0.857352 1.01966 1.27367 1.72744
1.41371669412 0.438492 0.265806 0.240288286592 0.466627 0.500137 0.540712 0.590833 0.654297 0.737222 0.850135 1.01283 1.26745 1.7223
1.43116998664 0.430318 0.259969 0.234813822543 0.458506 0.492079 0.532729 0.582943 0.646523 0.729598 0.842715 1.00571 1.26077 1.71643
1.44862327916 0.422186 0.254293 0.22951611422 0.450411 0.484027 0.524728 0.575005 0.638663 0.721839 0.835092 0.998277 1.25364 1.70984
1.46607657168 0.414098 0.248773 0.224390241212 0.442343 0.475982 0.516711 0.56702 0.630719 0.713947 0.827269 0.990551 1.24607 1.70253
1.4835298642 0.406057 0.243405 0.219431119378 0.434306 0.467948 0.50868 0.558992 0.622694 0.705924 0.819247 0.982529 1.23804 1.6945
1.50098315672 0.398064 0.238184 0.214633500851 0.426299 0.459925 0.500636 0.550922 0.614589 0.697771 0.81103 0.974215 1.22958 1.68575
1.51843644924 0.390119 0.233107 0.209991991273 0.418325 0.451915 0.492581 0.542811 0.606405 0.689492 0.802618 0.965611 1.22067 1.67629
1.53588974176 0.382226 0.228168 0.205501092879 0.410385 0.443919 0.484518 0.534661 0.598146 0.681089 0.794016 0.95672 1.21132 1.66613
1.55334303427 0.374385 0.223364 0.201155187263 0.402482 0.43594 0.476447 0.526476 0.589814 0.672564 0.785227 0.947547 1.20155 1.65528
1.57079632679 0.366597 0.218689 0.196948578465 0.394616 0.42798 0.468371 0.518256 0.581411 0.663919 0.776252 0.938095 1.19134 1.64373
1.58824961931 0.358865 0.214139 0.192875510205 0.386788 0.420039 0.460291 0.510004 0.572939 0.655159 0.767097 0.928368 1.18072 1.6315
1.60570291183 0.351189 0.209709 0.188930165882 0.379002 0.41212 0.45221 0.501722 0.564402 0.646286 0.757764 0.918372 1.16968 1.61859
1.62315620435 0.343572 0.205394 0.185106685809 0.371258 0.404224 0.44413 0.493413 0.555801 0.637303 0.748259 0.908111 1.15823 1.60502
1.64060949687 0.336014 0.20119 0.181399210299 0.363558 0.396354 0.436053 0.485079 0.54714 0.628214 0.738585 0.897591 1.14639 1.5908
1.65806278939 0.328517 0.19709 0.177801888282 0.355904 0.388511 0.427981 0.476722 0.538423 0.619022 0.728746 0.886818 1.13415 1.57594
1.67551608191 0.321082 0.193091 0.174308860073 0.348296 0.380697 0.419916 0.468346 0.529651 0.609732 0.718747 0.875796 1.12152 1.56044
1.69296937443 0.313711 0.189188 0.170914317687 0.340737 0.372914 0.41186 0.459952 0.520828 0.600346 0.708594 0.864533 1.10852 1.54433
1.71042266695 0.306404 0.185375 0.167612487609 0.333228 0.365163 0.403815 0.451543 0.511957 0.590869 0.69829 0.853036 1.09515 1.52761
1.72787595947 0.299163 0.181649 0.16439767388 0.325771 0.357447 0.395784 0.443123 0.503041 0.581306 0.687842 0.84131 1.08142 1.5103
1.74532925199 0.291989 0.178003 0.161264258094 0.318366 0.349767 0.38777 0.434693 0.494085 0.571659 0.677254 0.829363 1.06735 1.49241
1.76278254451 0.284884 0.174434 0.158206699399 0.311016 0.342125 0.379773 0.426257 0.485091 0.561935 0.666533 0.817203 1.05293 1.47396
1.78023583703 0.277848 0.170938 0.155219586203 0.303723 0.334523 0.371797 0.417817 0.476063 0.552136 0.655683 0.804837 1.03819 1.45497
1.79768912955 0.270883 0.167508 0.152297593085 0.296487 0.326963 0.363844 0.409377 0.467005 0.542269 0.644712 0.792273 1.02313 1.43544
1.81514242207 0.26399 0.164142 0.149435558349 0.289309 0.319447 0.355916 0.400939 0.45792 0.532338 0.633626 0.779519 1.00776 1.41541
1.83259571459 0.25717 0.160835 0.14662844956 0.282193 0.311976 0.348015 0.392507 0.448813 0.522347 0.622429 0.766584 0.992101 1.39487
1.85004900711 0.250424 0.157582 0.143871389389 0.275138 0.304553 0.340145 0.384083 0.439686 0.512301 0.61113 0.753476 0.976159 1.37387
1.86750229963 0.243753 0.15438 0.141159672853 0.268147 0.297179 0.332307 0.375671 0.430545 0.502206 0.599735 0.740204 0.959948 1.3524
1.88495559215 0.237158 0.151225 0.138488758695 0.26122 0.289856 0.324504 0.367273 0.421393 0.492067 0.58825 0.726777 0.943479 1.33049
1.90240888467 0.23064 0.148113 0.135854295235 0.25436 0.282587 0.316738 0.358893 0.412235 0.481889 0.576682 0.713205 0.926767 1.30816
1.91986217719 0.2242 0.14504 0.133252137607 0.247567 0.275372 0.309012 0.350535 0.403073 0.471678 0.565039 0.699497 0.909823 1.28544
1.93731546971 0.21784 0.142004 0.130678330523 0.240843 0.268215 0.301329 0.3422 0.393914 0.461439 0.553328 0.685662 0.892663 1.26233
1.95476876223 0.21156 0.139 0.128129125505 0.23419 0.261116 0.29369 0.333894 0.38476 0.451177 0.541555 0.67171 0.875299 1.23887
1.97222205475 0.20536 0.136027 0.125600998125 0.227608 0.254078 0.286099 0.325618 0.375617 0.440898 0.529729 0.657652 0.857746 1.21506
1.98967534727 0.199243 0.13308 0.123090639384 0.221099 0.247103 0.278558 0.317377 0.366488 0.430608 0.517857 0.643498 0.840017 1.19095
2.00712863979 0.193208 0.130158 0.120594972945 0.214665 0.240192 0.271069 0.309173 0.357378 0.420313 0.505946 0.629257 0.822128 1.16654
2.02458193231 0.187257 0.127257 0.118111137904 0.208306 0.233347 0.263635 0.30101 0.348291 0.410018 0.494004 0.61494 0.804092 1.14185
2.04203522483 0.181391 0.124376 0.115636531869 0.202025 0.226571 0.256258 0.292892 0.339232 0.399729 0.482039 0.600558 0.785925 1.11692
2.05948851735 0.175609 0.121512 0.113168776497 0.195821 0.219864 0.248942 0.284821 0.330206 0.389452 0.470058 0.586121 0.767642 1.09177
2.07694180987 0.169914 0.118664 0.110705726109 0.189698 0.21323 0.241688 0.276802 0.321216 0.379193 0.45807 0.571641 0.749258 1.06641
2.09439510239 0.164305 0.115829 0.108245493541 0.183655 0.206669 0.234499 0.268837 0.312267 0.368958 0.446083 0.557127 0.730789 1.04087
2.11184839491 0.158784 0.113007 0.105786424293 0.177694 0.200183 0.227378 0.26093 0.303365 0.358754 0.434105 0.542591 0.712249 1.01517
2.12930168743 0.153351 0.110196 0.103327105147 0.171816 0.193775 0.220327 0.253084 0.294512 0.348585 0.422143 0.528043 0.693654 0.989343
2.14675497995 0.148007 0.107396 0.100866364165 0.166022 0.187446 0.213349 0.245303 0.285715 0.338458 0.410205 0.513496 0.67502 0.963407
2.16420827247 0.142753 0.104604 0.098403270691 0.160315 0.181198 0.206446 0.237591 0.276977 0.32838 0.3983 0.498959 0.656362 0.937386
2.18166156499 0.137589 0.101821 0.0959371353503 0.154693 0.175032 0.19962 0.22995 0.268303 0.318356 0.386437 0.484444 0.637697 0.911305
2.19911485751 0.132515 0.0990453 0.0934674928147 0.14916 0.168951 0.192875 0.222384 0.259697 0.308391 0.374622 0.469961 0.619039 0.885187
2.21656815003 0.127533 0.0962779 0.0909941276546 0.143716 0.162955 0.186212 0.214896 0.251165 0.298494 0.362864 0.455523 0.600405 0.859056
2.23402144255 0.122643 0.0935181 0.0885170312528 0.138361 0.157048 0.179634 0.207491 0.24271 0.288668 0.351172 0.44114 0.581811 0.832938
2.25147473507 0.117846 0.0907662 0.0860364276561 0.133098 0.15123 0.173144 0.20017 0.234338 0.278921 0.339552 0.426823 0.563272 0.806856
2.26892802759 0.113142 0.0880225 0.0835527563411 0.127927 0.145502 0.166744 0.192937 0.226052 0.269258 0.328015 0.412584 0.544804 0.780834
2.28638132011 0.108531 0.0852874 0.0810666722138 0.122849 0.139868 0.160435 0.185797 0.217857 0.259686 0.316567 0.398433 0.526423 0.754896
2.30383461263 0.104014 0.0825617 0.0785790369931 0.117865 0.134328 0.154222 0.178751 0.209757 0.250209 0.305216 0.384381 0.508145 0.729067
2.32128790515 0.0995921 0.0798462 0.0760908933583 0.112977 0.128884 0.148105 0.171803 0.201758 0.240835 0.29397 0.370439 0.489984 0.703369
2.33874119767 0.0952648 0.0771418 0.0736034908015 0.108184 0.123537 0.142087 0.164956 0.193862 0.231569 0.282838 0.356619 0.471957 0.677828
2.35619449019 0.0910327 0.0744499 0.0711182597758 0.103488 0.118289 0.13617 0.158214 0.186075 0.222417 0.271827 0.34293 0.454078 0.652465
2.37364778271 0.0868964 0.0717718 0.0686368030776 0.0988903 0.113141 0.130357 0.15158 0.1784 0.213384 0.260945 0.329384 0.436364 0.627305
2.39110107523 0.082856 0.0691088 0.066160869996 0.0943909 0.108095 0.12465 0.145056 0.170843 0.204476 0.250199 0.315991 0.418828 0.602371
2.40855436775 0.0789119 0.0664627 0.0636923907805 0.0899909 0.103153 0.119051 0.138646 0.163406 0.195699 0.239598 0.302761 0.401487 0.577686
2.42600766027 0.0750646 0.0638352 0.0612334335561 0.0856913 0.0983145 0.113561 0.132352 0.156095 0.187058 0.229147 0.289705 0.384354 0.553272
2.44346095279 0.0713141 0.0612282 0.058786187088 0.0814926 0.0935824 0.108184 0.126178 0.148912 0.178559 0.218856 0.276832 0.367444 0.529152
2.46091424531 0.0676608 0.0586437 0.0563529866336 0.0773956 0.0889575 0.10292 0.120126 0.141862 0.170206 0.208731 0.264154 0.350772 0.505348
2.47836753783 0.0641048 0.0560839 0.0539362622397 0.0734011 0.0844411 0.0977724 0.114199 0.134949 0.162006 0.198779 0.25168 0.334352 0.481881
2.49582083035 0.0606464 0.0535508 0.0515385559762 0.0695096 0.0800344 0.0927423 0.108399 0.128177 0.153963 0.189008 0.239419 0.318197 0.458773
2.51327412287 0.0572857 0.0510468 0.0491625047021 0.0657218 0.0757385 0.0878319 0.102731 0.121549 0.146083 0.179423 0.22738 0.302321 0.436045
2.53072741539 0.0540228 0.0485742 0.0468108142139 0.0620383 0.0715545 0.0830428 0.0971947 0.115069 0.138369 0.170032 0.215574 0.286738 0.413717
2.54818070791 0.0508579 0.0461354 0.0444862678629 0.0584595 0.0674836 0.0783767 0.0917943 0.108739 0.130828 0.160842 0.204009 0.27146 0.391809
2.56563400043 0.047791 0.0437331 0.0421916920861 0.0549861 0.0635267 0.0738353 0.0865318 0.102565 0.123463 0.151858 0.192695 0.2565 0.370341
2.58308729295 0.0448221 0.0413696 0.0399299822583 0.0516185 0.0596849 0.0694202 0.0814095 0.0965485 0.11628 0.143087 0.181638 0.24187 0.349332
2.60054058547 0.0419514 0.0390476 0.0377040423713 0.0483571 0.0559591 0.0651329 0.0764297 0.0906931 0.109282 0.134535 0.170849 0.227583 0.328801
2.61799387799 0.0391786 0.0367696 0.0355168022683 0.0452022 0.05235 0.0609748 0.0715946 0.0850019 0.102474 0.126207 0.160335 0.213651 0.308765
2.63544717051 0.036504 0.0345383 0.03337120041 0.0421544 0.0488587 0.0569474 0.0669061 0.0794778 0.0958593 0.118111 0.150105 0.200084 0.289243
2.65290046303 0.0339272 0.0323563 0.0312701752569 0.0392139 0.0454857 0.0530519 0.0623664 0.0741238 0.0894428 0.11025 0.140165 0.186894 0.270252
2.67035375555 0.0314483 0.0302263 0.0292166480353 0.0363809 0.0422319 0.0492896 0.0579773 0.0689424 0.0832279 0.102629 0.130523 0.174091 0.251807
2.68780704807 0.0290671 0.0281507 0.0272135055025 0.0336556 0.0390978 0.0456617 0.0537405 0.0639362 0.0772182 0.0952555 0.121185 0.161685 0.233924
2.70526034059 0.0267834 0.0261322 0.0252636085645 0.0310382 0.036084 0.0421691 0.0496578 0.0591078 0.0714172 0.0881324 0.11216 0.149687 0.216619
2.72271363311 0.024597 0.0241733 0.0233697319553 0.0285289 0.0331911 0.0388129 0.0457307 0.0544593 0.0658281 0.0812647 0.103453 0.138104 0.199906
2.74016692563 0.0225076 0.0222765 0.0215346331744 0.0261276 0.0304195 0.035594 0.0419607 0.0499931 0.060454 0.0746567 0.0950698 0.126947 0.183799
2.75762021815 0.020515 0.0204442 0.0197609576982 0.0238345 0.0277696 0.0325133 0.0383491 0.045711 0.0552978 0.0683125 0.0870168 0.116224 0.16831
2.77507351067 0.0186189 0.0186789 0.0180512820654 0.0216495 0.0252416 0.0295713 0.0348972 0.041615 0.0503621 0.0622359 0.079299 0.105942 0.153452
2.79252680319 0.0168188 0.0169827 0.0164080794085 0.0195726 0.022836 0.0267689 0.0316061 0.0377068 0.0456496 0.0564304 0.0719218 0.0961086 0.139238
2.80998009571 0.0151144 0.0153579 0.0148337194537 0.0176035 0.0205527 0.0241065 0.0284768 0.0339879 0.0411624 0.0508994 0.0648897 0.0867313 0.125676
2.82743338823 0.0135053 0.0138066 0.0133304340522 0.015742 0.0183919 0.0215845 0.0255101 0.0304598 0.0369026 0.0456457 0.0582069 0.0778161 0.112779
2.84488668075 0.0119909 0.0123307 0.0119003430321 0.0139881 0.0163537 0.0192034 0.0227068 0.0271236 0.0328721 0.0406722 0.0518776 0.0693689 0.100553
2.86233997327 0.0105707 0.0109322 0.0105454283461 0.0123412 0.0144379 0.0169633 0.0200675 0.0239804 0.0290725 0.0359813 0.0459052 0.0613949 0.0890093
2.87979326579 0.00924416 0.00961281 0.00926749960333 0.010801 0.0126444 0.0148643 0.0175926 0.0210311 0.0255053 0.031575 0.0402928 0.0538989 0.0781536
2.89724655831 0.00801063 0.00837411 0.00806823715521 0.00936715 0.010973 0.0129065 0.0152824 0.0182764 0.0221715 0.0274551 0.0350431 0.0468849 0.067993
2.91469985083 0.00686942 0.00721759 0.00694912315777 0.00803902 0.00942334 0.0110897 0.0131371 0.0157166 0.0190722 0.0236232 0.0301584 0.0403564 0.0585331
2.93215314335 0.0058198 0.00614456 0.00591146742334 0.00681605 0.00799495 0.00941378 0.0111566 0.0133522 0.0162078 0.0200803 0.0256406 0.0343163 0.0497787
2.94960643587 0.00486096 0.00515616 0.00495639880335 0.00569758 0.00668734 0.00787829 0.00934094 0.0111832 0.0135789 0.0168273 0.0214909 0.0287668 0.0417335
2.96705972839 0.00399206 0.00425337 0.00408484795393 0.00468283 0.00549986 0.00648275 0.00768964 0.00920947 0.0111856 0.0138646 0.0177103 0.0237096 0.0344003
2.98451302091 0.00321216 0.00343698 0.00329751286716 0.00377099 0.0044318 0.00522656 0.00620223 0.00743065 0.00902758 0.0111922 0.0142991 0.0191454 0.0277807
3.00196631343 0.00252026 0.00270758 0.00259491057424 0.00296111 0.00348227 0.00410891 0.00487801 0.00584616 0.00710449 0.0088099 0.0112573 0.0150745 0.0218754
3.01941960595 0.00191528 0.00206557 0.00197729959076 0.00225216 0.00265028 0.00312886 0.00371609 0.00445513 0.0054155 0.00671685 0.00858415 0.0114961 0.0166839
3.03687289847 0.00139605 0.0015111 0.00144468853391 0.00164298 0.00193471 0.00228529 0.00271535 0.00325647 0.00395948 0.00491192 0.00627835 0.00840899 0.0122043
3.05432619099 0.000961296 0.00104413 0.000996870591205 0.00113231 0.00133427 0.00157691 0.00187446 0.00224876 0.00273492 0.00339345 0.00433806 0.00581074 0.0084338
3.07177948351 0.000609621 0.000664336 0.000633311497096 0.000718717 0.000847513 0.00100219 0.00119182 0.00143028 0.00173994 0.0021593 0.00276071 0.0036982 0.0053678
3.08923277603 0.000339495 0.000371129 0.000353209853246 0.000400632 0.000472778 0.000559388 0.000665531 0.000798966 0.000972192 0.00120672 0.00154301 0.00206711 0.00300039
3.10668606855 0.000149211 0.000163607 0.000155419573865 0.000176263 0.000208171 0.000246458 0.000293362 0.000352304 0.000428799 0.000532336 0.000680757 0.000912033 0.0013238
3.12413936107 3.68229e-05 4.04952e-05 3.83895654007e-05 4.35496e-05 5.14791e-05 6.0989e-05 7.26332e-05 8.72598e-05 0.000106235 0.000131909 0.000168703 0.000226024 0.000328062
3.14159265359 0.0 0.0 0.0 0.0 0.0 0.0 0.0 0.0 0.0 0.0 0.0 0.0 0.0
