alpha phi_iso phi_ray phi_vec g0=0.1 g0=0.2 g0=0.3 g0=0.4 g0=0.5 g0=0.6 g0=0.7 g0=0.8 g0=0.9 g0=1.0
0.0 1.0 1.0 1.0 1.0 1.0 1.0 1.0 1.0 1.0 1.0 1.0 1.0 1.0
0.0174532925199 0.999638 0.999487 0.999486254224 0.999655 0.999676 0.999702 0.999737 0.999786 0.999856 0.999971 1.00019 1.00075 1.00579
0.0349065850399 0.998632 0.998029 0.998024372499 0.998698 0.998781 0.998887 0.999026 0.999218 0.999501 0.999957 1.00082 1.00305 1.02315
0.0523598775598 0.997096 0.995744 0.995733302165 0.997246 0.997431 0.997668 0.99798 0.99841 0.999043 1.00006 1.00199 1.007 1.05202
0.0698131700798 0.995123 0.992729 0.992707546968 0.995387 0.995715 0.996134 0.996685 0.997447 0.998567 1.00037 1.00379 1.01266 1.09234
0.0872664625997 0.992769 0.989045 0.989009334784 0.99318 0.99369 0.99434 0.995199 0.996383 0.998124 1.00093 1.00624 1.02004 1.14396
0.10471975512 0.990071 0.984733 0.984679634451 0.990659 0.99139 0.992322 0.993552 0.995249 0.997743 1.00177 1.00938 1.02915 1.20677
0.12217304764 0.987053 0.979825 0.979749086528 0.98785 0.988839 0.990101 0.991766 0.994065 0.997444 1.0029 1.0132 1.03998 1.28058
0.13962634016 0.983735 0.974347 0.974244200263 0.98477 0.986056 0.987696 0.989859 0.992846 0.997237 1.00433 1.01772 1.05252 1.36521
0.157079632679 0.980135 0.968323 0.96819002173 0.981438 0.983056 0.98512 0.987844 0.991604 0.997132 1.00606 1.02292 1.06674 1.46047
0.174532925199 0.976268 0.961778 0.961610736314 0.977867 0.979854 0.982388 0.985732 0.990349 0.997138 1.0081 1.0288 1.08262 1.56611
0.191986217719 0.972149 0.954736 0.954529840849 0.974074 0.976464 0.979513 0.983536 0.989091 0.997259 1.01045 1.03536 1.10012 1.68191
0.209439510239 0.967793 0.947219 0.946970229685 0.970069 0.972897 0.976504 0.981264 0.987836 0.9975 1.01311 1.04259 1.11921 1.8076
0.226892802759 0.963211 0.939249 0.938954280757 0.965866 0.969164 0.973371 0.978924 0.986591 0.997864 1.01607 1.05046 1.13984 1.94293
0.244346095279 0.958416 0.930848 0.930503941658 0.961475 0.965276 0.970124 0.976523 0.985359 0.998352 1.01934 1.05897 1.16199 2.0876
0.261799387799 0.953417 0.922037 0.921640557496 0.956906 0.96124 0.96677 0.974068 0.984145 0.998964 1.0229 1.0681 1.1856 2.24132
0.279252680319 0.948226 0.912839 0.91238547338 0.952168 0.957066 0.963315 0.971563 0.982952 0.999698 1.02675 1.07784 1.21063 2.40379
0.296705972839 0.942851 0.903272 0.902759259796 0.947271 0.952761 0.959766 0.969012 0.981779 1.00055 1.03088 1.08816 1.23704 2.5747
0.314159265359 0.937302 0.893357 0.892782573303 0.94222 0.948331 0.956128 0.966419 0.98063 1.00153 1.03528 1.09904 1.26476 2.75372
0.331612557879 0.931586 0.883116 0.88247564011 0.937025 0.943783 0.952406 0.963787 0.979503 1.00262 1.03995 1.11046 1.29374 2.94053
0.349065850399 0.925711 0.872566 0.871858428224 0.931692 0.939123 0.948603 0.961118 0.978399 1.00381 1.04486 1.1224 1.32394 3.13477
0.366519142919 0.919685 0.861729 0.860950819579 0.926227 0.934355 0.944724 0.958413 0.977316 1.00511 1.05002 1.13483 1.35529 3.33611
0.383972435439 0.913515 0.850623 0.849772437905 0.920636 0.929484 0.940773 0.955674 0.976253 1.00652 1.0554 1.14773 1.38774 3.54419
0.401425727959 0.907208 0.839267 0.838342648723 0.914926 0.924515 0.936751 0.952903 0.975208 1.00801 1.061 1.16107 1.42122 3.75866
0.418879020479 0.900769 0.827682 0.826680645418 0.909101 0.919453 0.932661 0.950098 0.974178 1.00959 1.06679 1.17484 1.45569 3.97916
0.436332312999 0.894205 0.815884 0.814805363165 0.903166 0.9143 0.928507 0.947261 0.97316 1.01125 1.07278 1.18899 1.49107 4.20531
0.453785605519 0.887521 0.803894 0.802735565005 0.897126 0.90906 0.924288 0.94439 0.972152 1.01298 1.07893 1.2035 1.52731 4.43675
0.471238898038 0.880724 0.791728 0.790489841837 0.890986 0.903737 0.920008 0.941487 0.97115 1.01477 1.08524 1.21834 1.56434 4.67311
0.488692190558 0.873818 0.779406 0.778086354218 0.88475 0.898334 0.915667 0.938549 0.97015 1.01662 1.0917 1.23349 1.6021 4.91402
0.506145483078 0.866809 0.766945 0.765543090567 0.878422 0.892853 0.911267 0.935576 0.969148 1.01852 1.09828 1.24892 1.64052 5.15908
0.523598775598 0.8597 0.754363 0.752877781093 0.872006 0.887297 0.906808 0.932566 0.96814 1.02046 1.10497 1.2646 1.67955 5.40794
0.541052068118 0.852499 0.741676 0.740107897802 0.865506 0.881668 0.902292 0.929519 0.967121 1.02242 1.11175 1.28049 1.71911 5.6602
0.558505360638 0.845207 0.728902 0.727250482352 0.858924 0.875969 0.897719 0.926432 0.966088 1.02441 1.11862 1.29657 1.75915 5.9155
0.575958653158 0.837831 0.716058 0.714322404265 0.852265 0.870202 0.893089 0.923304 0.965034 1.02641 1.12555 1.31281 1.79959 6.17344
0.593411945678 0.830374 0.703159 0.701340102716 0.845532 0.864368 0.888403 0.920134 0.963956 1.02841 1.13252 1.32918 1.84038 6.43366
0.610865238198 0.822841 0.690221 0.688319758676 0.838728 0.858469 0.883661 0.916918 0.962849 1.0304 1.13952 1.34564 1.88145 6.69577
0.628318530718 0.815235 0.67726 0.6752770367 0.831855 0.852508 0.878862 0.913655 0.961707 1.03238 1.14654 1.36218 1.92273 6.95941
0.645771823238 0.807561 0.664292 0.662227257067 0.824917 0.846485 0.874008 0.910343 0.960525 1.03433 1.15356 1.37875 1.96417 7.22419
0.663225115758 0.799821 0.65133 0.649185481849 0.817917 0.840403 0.869097 0.906979 0.959299 1.03625 1.16055 1.39534 2.00569 7.48975
0.680678408278 0.792021 0.63839 0.636166256706 0.810856 0.834262 0.86413 0.903562 0.958022 1.03812 1.16751 1.41191 2.04723 7.75572
0.698131700798 0.784162 0.625485 0.62318369695 0.803738 0.828064 0.859106 0.900089 0.95669 1.03994 1.17441 1.42842 2.08873 8.02173
0.715584993318 0.776249 0.612629 0.610251401483 0.796565 0.82181 0.854026 0.896557 0.955298 1.04169 1.18125 1.44486 2.13014 8.28743
0.733038285838 0.768285 0.599835 0.597382710996 0.789339 0.815501 0.848887 0.892964 0.953839 1.04337 1.188 1.4612 2.17138 8.55246
0.750491578358 0.760274 0.587115 0.584590449768 0.782062 0.809139 0.843691 0.889308 0.95231 1.04497 1.19466 1.4774 2.21239 8.81646
0.767944870878 0.752218 0.574482 0.571886753527 0.774738 0.802724 0.838437 0.885585 0.950704 1.04648 1.20119 1.49343 2.25312 9.07909
0.785398163397 0.74412 0.561948 0.559283585861 0.767367 0.796257 0.833123 0.881795 0.949017 1.04788 1.2076 1.50928 2.29351 9.34
0.802851455917 0.735984 0.549523 0.546792221808 0.759953 0.78974 0.827751 0.877934 0.947244 1.04918 1.21386 1.52491 2.3335 9.59886
0.820304748437 0.727812 0.537218 0.53442350606 0.752497 0.783172 0.822318 0.874 0.945379 1.05036 1.21995 1.54029 2.37303 9.85534
0.837758040957 0.719608 0.525043 0.522187766895 0.745 0.776556 0.816826 0.86999 0.943418 1.05141 1.22587 1.5554 2.41204 10.1091
0.855211333477 0.711373 0.513009 0.510094730108 0.737466 0.769892 0.811272 0.865902 0.941355 1.05233 1.2316 1.57022 2.45048 10.3598
0.872664625997 0.703112 0.501124 0.498153863288 0.729896 0.763181 0.805657 0.861734 0.939186 1.0531 1.23712 1.58471 2.4883 10.6072
0.890117918517 0.694826 0.489397 0.486373687265 0.722291 0.756423 0.799979 0.857484 0.936907 1.05372 1.24242 1.59886 2.52544 10.851
0.907571211037 0.686518 0.477836 0.474762636799 0.714654 0.749619 0.79424 0.853149 0.934512 1.05418 1.24749 1.61264 2.56185 11.0908
0.925024503557 0.67819 0.466448 0.463328285961 0.706986 0.742771 0.788437 0.848727 0.931997 1.05447 1.25231 1.62602 2.59749 11.3264
0.942477796077 0.669846 0.455242 0.452077864546 0.699289 0.735878 0.782571 0.844216 0.929358 1.05458 1.25687 1.63898 2.63229 11.5574
0.959931088597 0.661487 0.444223 0.441017999865 0.691565 0.728942 0.776641 0.839615 0.926591 1.05451 1.26116 1.6515 2.66622 11.7836
0.977384381117 0.653117 0.433397 0.430154716748 0.683815 0.721964 0.770647 0.83492 0.923691 1.05425 1.26517 1.66357 2.69922 12.0048
0.994837673637 0.644736 0.422771 0.419493781817 0.676041 0.714943 0.764588 0.830131 0.920655 1.05379 1.26888 1.67515 2.73126 12.2207
1.01229096616 0.636349 0.412348 0.409040014935 0.668244 0.707882 0.758464 0.825245 0.91748 1.05313 1.27228 1.68622 2.76228 12.431
1.02974425868 0.627956 0.402134 0.398797977758 0.660427 0.70078 0.752275 0.820261 0.91416 1.05226 1.27536 1.69678 2.79226 12.6354
1.0471975512 0.61956 0.392132 0.388771801597 0.652591 0.693638 0.74602 0.815177 0.910694 1.05117 1.27812 1.70679 2.82114 12.8338
1.06465084372 0.611164 0.382346 0.378964843143 0.644736 0.686458 0.7397 0.809992 0.907077 1.04986 1.28053 1.71624 2.84889 13.026
1.08210413624 0.602768 0.372778 0.369380028742 0.636866 0.67924 0.733314 0.804705 0.903307 1.04833 1.2826 1.72512 2.87547 13.2116
1.09955742876 0.594377 0.363432 0.360019854394 0.628981 0.671984 0.726862 0.799314 0.899381 1.04655 1.28431 1.7334 2.90084 13.3906
1.11701072128 0.58599 0.35431 0.350886299685 0.621082 0.664692 0.720344 0.793818 0.895296 1.04454 1.28565 1.74108 2.92498 13.5626
1.1344640138 0.577611 0.345412 0.341980827789 0.613173 0.657365 0.71376 0.788215 0.891049 1.04229 1.28662 1.74813 2.94785 13.7276
1.15191730632 0.569242 0.336739 0.333304471533 0.605252 0.650003 0.707111 0.782506 0.886639 1.03979 1.28721 1.75454 2.96941 13.8853
1.16937059884 0.560884 0.328293 0.324857661263 0.597324 0.642608 0.700396 0.77669 0.882063 1.03704 1.2874 1.76031 2.98965 14.0355
1.18682389136 0.552539 0.320073 0.316640483047 0.589388 0.635179 0.693615 0.770764 0.877319 1.03403 1.2872 1.76541 3.00853 14.1782
1.20427718388 0.54421 0.31208 0.308652592609 0.581446 0.627719 0.68677 0.76473 0.872406 1.03077 1.2866 1.76983 3.02602 14.3132
1.2217304764 0.535897 0.304311 0.300893129259 0.573499 0.620228 0.67986 0.758587 0.867321 1.02724 1.28559 1.77357 3.04211 14.4402
1.23918376892 0.527604 0.296767 0.293360888032 0.56555 0.612707 0.672885 0.752334 0.862065 1.02345 1.28416 1.77662 3.05678 14.5593
1.25663706144 0.51933 0.289445 0.286054233617 0.5576 0.605158 0.665847 0.745971 0.856634 1.01939 1.28232 1.77896 3.07 14.6702
1.27409035396 0.511079 0.282344 0.278971100358 0.549649 0.59758 0.658746 0.739499 0.85103 1.01506 1.28005 1.78059 3.08175 14.773
1.29154364648 0.502852 0.275461 0.272109164393 0.5417 0.589976 0.651583 0.732917 0.84525 1.01046 1.27736 1.7815 3.09202 14.8673
1.308996939 0.494651 0.268793 0.265465413307 0.533754 0.582347 0.644357 0.726225 0.839295 1.00559 1.27424 1.78168 3.10079 14.9533
1.32645023152 0.486477 0.262338 0.259037006824 0.525812 0.574693 0.637071 0.719424 0.833165 1.00045 1.27069 1.78113 3.10806 15.0308
1.34390352404 0.478332 0.256092 0.252820243976 0.517876 0.567016 0.629725 0.712515 0.826858 0.995027 1.2667 1.77985 3.1138 15.0997
1.36135681656 0.470218 0.250051 0.246811509868 0.509947 0.559318 0.62232 0.705498 0.820376 0.989332 1.26227 1.77782 3.11802 15.1599
1.37881010908 0.462135 0.244212 0.241006673187 0.502026 0.551598 0.614858 0.698373 0.813719 0.983362 1.25741 1.77506 3.1207 15.2116
1.3962634016 0.454087 0.23857 0.235401344415 0.494116 0.54386 0.607338 0.691143 0.806888 0.977117 1.25212 1.77155 3.12184 15.2545
1.41371669412 0.446073 0.23312 0.229991047965 0.486217 0.536103 0.599763 0.683807 0.799882 0.970597 1.24638 1.76729 3.12143 15.2886
1.43116998664 0.438097 0.227859 0.224770791836 0.478331 0.52833 0.592133 0.676367 0.792704 0.963803 1.24021 1.76229 3.11948 15.314
1.44862327916 0.430158 0.22278 0.219735497957 0.47046 0.520542 0.584451 0.668824 0.785354 0.956737 1.2336 1.75655 3.11598 15.3307
1.46607657168 0.422259 0.217879 0.21488000219 0.462604 0.51274 0.576718 0.661181 0.777835 0.9494 1.22656 1.75006 3.11093 15.3386
1.4835298642 0.414402 0.213151 0.210198796119 0.454766 0.504926 0.568934 0.653438 0.770147 0.941793 1.21908 1.74283 3.10434 15.3377
1.50098315672 0.406586 0.208589 0.205686113122 0.446947 0.497101 0.561102 0.645596 0.762293 0.933919 1.21117 1.73486 3.09621 15.3282
1.51843644924 0.398815 0.204189 0.201336272647 0.439147 0.489267 0.553224 0.637659 0.754274 0.92578 1.20284 1.72616 3.08655 15.3099
1.53588974176 0.391089 0.199944 0.197143249863 0.43137 0.481426 0.545301 0.629628 0.746093 0.917379 1.19408 1.71673 3.07537 15.283
1.55334303427 0.383409 0.195849 0.193101106012 0.423616 0.473579 0.537335 0.621505 0.737753 0.90872 1.18491 1.70658 3.06268 15.2475
1.57079632679 0.375777 0.191897 0.189203644126 0.415886 0.465727 0.529328 0.613293 0.729256 0.899804 1.17531 1.69571 3.04848 15.2034
1.58824961931 0.368195 0.188082 0.185444667239 0.408182 0.457873 0.521282 0.604993 0.720605 0.890637 1.16531 1.68413 3.0328 15.1509
1.60570291183 0.360662 0.184398 0.181817806244 0.400506 0.450018 0.513199 0.596608 0.711804 0.881222 1.15491 1.67185 3.01565 15.0899
1.62315620435 0.353182 0.18084 0.178316864176 0.39286 0.442165 0.505081 0.588141 0.702854 0.871563 1.1441 1.65888 2.99704 15.0207
1.64060949687 0.345754 0.1774 0.17493547193 0.385243 0.434314 0.49693 0.579595 0.693761 0.861665 1.1329 1.64522 2.977 14.9432
1.65806278939 0.338381 0.174072 0.17166717433 0.377659 0.426468 0.48875 0.570972 0.684528 0.851533 1.12132 1.63089 2.95554 14.8577
1.67551608191 0.331063 0.170851 0.168505688342 0.370109 0.418628 0.480541 0.562276 0.675158 0.841171 1.10935 1.6159 2.93268 14.7641
1.69296937443 0.323802 0.16773 0.16544473093 0.362593 0.410797 0.472307 0.553509 0.665655 0.830587 1.09702 1.60027 2.90845 14.6627
1.71042266695 0.316598 0.164703 0.162477932988 0.355115 0.402976 0.464049 0.544675 0.656024 0.819784 1.08432 1.58399 2.88288 14.5535
1.72787595947 0.309453 0.161763 0.159599269687 0.347674 0.395168 0.455771 0.535777 0.64627 0.808769 1.07127 1.56709 2.85597 14.4367
1.74532925199 0.302368 0.158906 0.156802371924 0.340273 0.387374 0.447476 0.526818 0.636396 0.797548 1.05787 1.54958 2.82778 14.3125
1.76278254451 0.295344 0.156124 0.154081300936 0.332913 0.379596 0.439164 0.517803 0.626407 0.786127 1.04414 1.53148 2.79831 14.1809
1.78023583703 0.288383 0.153412 0.151430204034 0.325596 0.371837 0.430841 0.508734 0.616309 0.774514 1.03008 1.5128 2.76761 14.0422
1.79768912955 0.281484 0.150764 0.148843142458 0.318323 0.364098 0.422508 0.499615 0.606105 0.762716 1.0157 1.49355 2.7357 13.8966
1.81514242207 0.27465 0.148175 0.146314349585 0.311096 0.356382 0.414167 0.490451 0.595803 0.750738 1.00102 1.47375 2.70262 13.7441
1.83259571459 0.267882 0.14564 0.143838489138 0.303916 0.348691 0.405823 0.481245 0.585406 0.73859 0.986043 1.45343 2.66839 13.5849
1.85004900711 0.261179 0.143152 0.141410052703 0.296784 0.341026 0.397478 0.472001 0.57492 0.726278 0.970779 1.43259 2.63306 13.4194
1.86750229963 0.254544 0.140707 0.13902379007 0.289703 0.33339 0.389135 0.462723 0.564351 0.713809 0.955243 1.41126 2.59666 13.2476
1.88495559215 0.247978 0.138299 0.13667470924 0.282674 0.325786 0.380796 0.453416 0.553705 0.701194 0.939445 1.38945 2.55922 13.0697
1.90240888467 0.24148 0.135925 0.134357904279 0.275698 0.318215 0.372466 0.444083 0.542987 0.688438 0.923397 1.36718 2.52079 12.886
1.91986217719 0.235053 0.133579 0.132068813531 0.268777 0.31068 0.364147 0.434729 0.532203 0.675551 0.907113 1.34448 2.4814 12.6967
1.93731546971 0.228697 0.131258 0.129802875341 0.261912 0.303183 0.355843 0.425358 0.52136 0.662542 0.890604 1.32136 2.4411 12.502
1.95476876223 0.222414 0.128956 0.127556044466 0.255105 0.295726 0.347556 0.415975 0.510463 0.649419 0.873883 1.29784 2.39991 12.302
1.97222205475 0.216203 0.12667 0.125324189594 0.248358 0.288311 0.339289 0.406584 0.499519 0.63619 0.856963 1.27395 2.35789 12.0971
1.98967534727 0.210066 0.124396 0.12310352369 0.241671 0.280941 0.331047 0.397191 0.488535 0.622865 0.839858 1.24971 2.31508 11.8875
2.00712863979 0.204004 0.122131 0.120890603995 0.235047 0.273618 0.322833 0.387798 0.477516 0.609454 0.822581 1.22513 2.27152 11.6734
2.02458193231 0.198018 0.119872 0.118682073818 0.228487 0.266345 0.314649 0.378412 0.466469 0.595965 0.805146 1.20024 2.22726 11.455
2.04203522483 0.192108 0.117615 0.116475006815 0.221992 0.259123 0.306499 0.369037 0.455401 0.582408 0.787567 1.17506 2.18233 11.2326
2.05948851735 0.186275 0.115358 0.114266476638 0.215564 0.251955 0.298386 0.359677 0.444319 0.568792 0.769858 1.14962 2.13679 11.0065
2.07694180987 0.180521 0.113098 0.112053987288 0.209204 0.244843 0.290314 0.350338 0.433229 0.555127 0.752032 1.12394 2.09067 10.7768
2.09439510239 0.174846 0.110834 0.10983538704 0.202915 0.23779 0.282287 0.341024 0.422138 0.541422 0.734106 1.09803 2.04404 10.5439
2.11184839491 0.16925 0.108562 0.107608524169 0.196696 0.230798 0.274307 0.331741 0.411053 0.527689 0.716092 1.07194 1.99692 10.3079
2.12930168743 0.163735 0.106282 0.105371677296 0.190551 0.223869 0.266379 0.322492 0.399982 0.513935 0.698007 1.04567 1.94938 10.0692
2.14675497995 0.1583 0.103992 0.103123297179 0.184479 0.217005 0.258504 0.313283 0.38893 0.500172 0.679864 1.01925 1.90146 9.82805
2.16420827247 0.152948 0.10169 0.10086235099 0.178484 0.21021 0.250688 0.30412 0.377905 0.48641 0.661678 0.992711 1.8532 9.58465
2.18166156499 0.147679 0.0993757 0.098587633763 0.172565 0.203485 0.242934 0.295006 0.366914 0.472657 0.643465 0.966073 1.80466 9.3393
2.19911485751 0.142493 0.0970485 0.0962985430156 0.166725 0.196832 0.235244 0.285947 0.355963 0.458925 0.62524 0.939359 1.75588 9.09226
2.21656815003 0.137391 0.0947078 0.0939945623336 0.160965 0.190254 0.227623 0.276948 0.345061 0.445224 0.607017 0.912595 1.70691 8.84379
2.23402144255 0.132374 0.0923533 0.0916755195791 0.155287 0.183754 0.220073 0.268013 0.334214 0.431564 0.588812 0.885806 1.65781 8.59417
2.25147473507 0.127442 0.089985 0.0893414147521 0.149691 0.177333 0.212599 0.259148 0.323429 0.417954 0.57064 0.859015 1.60861 8.34367
2.26892802759 0.122596 0.0876033 0.0869925060595 0.144179 0.170993 0.205203 0.250358 0.312713 0.404406 0.552516 0.832248 1.55938 8.09255
2.28638132011 0.117837 0.0852086 0.0846293959842 0.138753 0.164738 0.19789 0.241648 0.302073 0.390929 0.534454 0.805528 1.51015 7.84109
2.30383461263 0.113165 0.0828017 0.0822526870092 0.133413 0.158569 0.190662 0.233022 0.291517 0.377533 0.516471 0.778881 1.46098 7.58955
2.32128790515 0.108581 0.0803834 0.0798634119622 0.128162 0.152488 0.183522 0.224486 0.28105 0.364228 0.498582 0.752331 1.41192 7.3382
2.33874119767 0.104086 0.077955 0.0774627758091 0.123 0.146498 0.176475 0.216043 0.270681 0.351025 0.4808 0.725902 1.36301 7.08731
2.35619449019 0.0996797 0.0755178 0.0750520695847 0.117929 0.140601 0.169524 0.2077 0.260416 0.337933 0.463142 0.699619 1.3143 6.83715
2.37364778271 0.0953631 0.0730733 0.0726330146687 0.11295 0.134798 0.162672 0.199461 0.250262 0.324963 0.445622 0.673505 1.26585 6.58798
2.39110107523 0.0911365 0.0706233 0.0702073324407 0.108064 0.129093 0.155921 0.191331 0.240226 0.312124 0.428255 0.647586 1.2177 6.34007
2.40855436775 0.0870007 0.0681698 0.0677769164185 0.103273 0.123488 0.149276 0.183314 0.230314 0.299425 0.411055 0.621884 1.1699 6.09368
2.42600766027 0.0829561 0.0657149 0.0653440904647 0.0985774 0.117983 0.14274 0.175415 0.220534 0.286878 0.394038 0.596423 1.12249 5.84907
2.44346095279 0.0790033 0.0632608 0.062911006304 0.0939788 0.112582 0.136315 0.167639 0.210891 0.27449 0.377216 0.571227 1.07552 5.6065
2.46091424531 0.0751426 0.0608099 0.0604801599368 0.0894784 0.107287 0.130005 0.15999 0.201393 0.262273 0.360606 0.546319 1.02905 5.36623
2.47836753783 0.0713746 0.0583649 0.0580541334329 0.0850772 0.102099 0.123814 0.152473 0.192046 0.250235 0.34422 0.521722 0.983103 5.1285
2.49582083035 0.0676997 0.0559284 0.0556357670687 0.0807764 0.0970207 0.117743 0.145093 0.182857 0.238385 0.328073 0.497458 0.937741 4.89356
2.51327412287 0.0641184 0.0535033 0.0532279011209 0.0765772 0.0920536 0.111796 0.137853 0.173831 0.226733 0.312178 0.47355 0.893004 4.66167
2.53072741539 0.0606311 0.0510924 0.0508333758658 0.0724805 0.0871998 0.105976 0.130758 0.164975 0.215287 0.296549 0.45002 0.848936 4.43307
2.54818070791 0.0572383 0.0486989 0.0484553758559 0.0684875 0.0824612 0.100286 0.123812 0.156295 0.204057 0.281199 0.42689 0.80558 4.20799
2.56563400043 0.0539402 0.0463257 0.0460970856439 0.0645992 0.0778395 0.0947291 0.11702 0.147797 0.19305 0.266142 0.40418 0.762979 3.98667
2.58308729295 0.0507373 0.0439762 0.0437616897821 0.0608166 0.0733366 0.0893072 0.110385 0.139487 0.182277 0.251389 0.381912 0.721175 3.76934
2.60054058547 0.0476301 0.0416536 0.0414524588919 0.0571407 0.0689542 0.0840235 0.103911 0.13137 0.171744 0.236954 0.360106 0.680209 3.55622
2.61799387799 0.0446187 0.0393612 0.039172749664 0.0535724 0.064694 0.0788805 0.0976029 0.123453 0.161461 0.222849 0.338782 0.640121 3.34754
2.63544717051 0.0417036 0.0371024 0.0369260909265 0.0501127 0.0605577 0.0738809 0.0914638 0.11574 0.151435 0.209085 0.31796 0.600951 3.14351
2.65290046303 0.0388851 0.0348805 0.0347156672322 0.0467624 0.0565468 0.0690272 0.0854976 0.108238 0.141673 0.195675 0.297658 0.562736 2.94435
2.67035375555 0.0361635 0.0326989 0.0325450934782 0.0435225 0.0526629 0.0643218 0.0797079 0.100951 0.132185 0.18263 0.277896 0.525515 2.75026
2.68780704807 0.0335391 0.0305611 0.0304177263552 0.0403937 0.0489076 0.0597671 0.0740982 0.0938843 0.122976 0.16996 0.258692 0.489323 2.56144
2.70526034059 0.0310122 0.0284703 0.0283369225535 0.037377 0.0452822 0.0553654 0.0686718 0.087043 0.114054 0.157678 0.240062 0.454196 2.37809
2.72271363311 0.028583 0.0264301 0.0263062969705 0.0344729 0.0417883 0.0511189 0.063432 0.0804318 0.105426 0.145793 0.222025 0.420168 2.20038
2.74016692563 0.0262518 0.0244437 0.0243290341588 0.0316824 0.0384271 0.0470298 0.0583821 0.0740552 0.0970986 0.134315 0.204597 0.387272 2.02852
2.75762021815 0.0240188 0.0225145 0.0224084908087 0.029006 0.0352 0.0431001 0.0535251 0.0679178 0.0890785 0.123254 0.187792 0.35554 1.86266
2.77507351067 0.0218843 0.0206456 0.0205480236108 0.0264446 0.0321082 0.0393318 0.0488639 0.0620238 0.0813717 0.112619 0.171628 0.325002 1.70299
2.79252680319 0.0198484 0.0188404 0.0187507310484 0.0239986 0.0291529 0.0357267 0.0444014 0.0563772 0.0739843 0.10242 0.156119 0.29569 1.54966
2.80998009571 0.0179114 0.0171018 0.0170197116052 0.0216688 0.0263353 0.0322868 0.0401402 0.0509821 0.0669218 0.0926644 0.141277 0.267629 1.40283
2.82743338823 0.0160733 0.0154329 0.0153582359025 0.0194557 0.0236564 0.0290137 0.0360829 0.045842 0.0601898 0.0833611 0.127118 0.240849 1.26265
2.84488668075 0.0143344 0.0138366 0.013768972079 0.0173599 0.0211172 0.025909 0.0322319 0.0409607 0.0537934 0.0745179 0.113654 0.215373 1.12926
2.86233997327 0.0126948 0.0123158 0.01225484648 0.0153818 0.0187187 0.0229743 0.0285896 0.0363413 0.0477376 0.0661419 0.100897 0.191228 1.00279
2.87979326579 0.0111546 0.0108732 0.0108186133133 0.013522 0.0164618 0.020211 0.025158 0.0319871 0.0420269 0.0582403 0.0888576 0.168434 0.883378
2.89724655831 0.0097139 0.00951125 0.00946285464833 0.0117808 0.0143474 0.0176205 0.0219393 0.0279011 0.0366656 0.0508196 0.0775476 0.147015 0.771135
2.91469985083 0.00837279 0.00823251 0.00818998041672 0.0101586 0.0123761 0.015204 0.0189353 0.0240859 0.0316579 0.0438859 0.0669766 0.126991 0.666174
2.93215314335 0.00713134 0.00703927 0.00700222841211 0.00865579 0.0105488 0.0129627 0.0161477 0.0205442 0.0270075 0.0374448 0.0571541 0.108379 0.5686
2.94960643587 0.00598958 0.00593366 0.00590183642813 0.00727268 0.0088659 0.0108976 0.0135781 0.0172783 0.0227177 0.0315017 0.0480885 0.0911983 0.478506
2.96705972839 0.00494755 0.00491768 0.00489078405145 0.00600952 0.00732814 0.00900959 0.011228 0.0142902 0.0187918 0.0260611 0.0397878 0.0754635 0.39598
2.98451302091 0.00400524 0.00399317 0.00397087873078 0.00486653 0.00593595 0.00729959 0.00909868 0.011582 0.0152325 0.0211275 0.0322588 0.061189 0.321102
3.00196631343 0.00316263 0.00316178 0.00314375577684 0.0038439 0.00468976 0.00576831 0.00719123 0.00915529 0.0120424 0.0167046 0.025508 0.0483878 0.253942
3.01941960595 0.0024197 0.002425 0.00241079229342 0.00294175 0.00358991 0.00441635 0.00550664 0.00701154 0.00922368 0.0127958 0.0195408 0.0370708 0.194561
3.03687289847 0.00177635 0.00178411 0.00177345145326 0.00216016 0.00263666 0.00324421 0.00404571 0.00515197 0.0067781 0.00940389 0.014362 0.0272477 0.143013
3.05432619099 0.00123251 0.00124022 0.00123259394623 0.00149917 0.00183021 0.00225229 0.00280909 0.00357759 0.00470721 0.00653123 0.00997534 0.0189263 0.0993413
3.07177948351 0.000788041 0.000794235 0.000789252600166 0.000958743 0.00117066 0.00144083 0.00179724 0.00228913 0.00301215 0.00417961 0.00638397 0.0121128 0.0635806
3.08923277603 0.000442788 0.000446851 0.00044394382897 0.000538809 0.000658007 0.000809971 0.00101043 0.00128708 0.00169372 0.00235029 0.00359001 0.00681184 0.0357564
3.10668606855 0.000196546 0.000198553 0.000197184046563 0.000239213 0.000292175 0.000359692 0.000448751 0.000571659 0.000752307 0.00104399 0.00159471 0.00302594 0.0158839
3.12413936107 4.90626e-05 4.96007e-05 4.92314599013e-05 5.97236e-05 7.29564e-05 8.98249e-05 0.000112074 0.000142779 0.000187907 0.000260769 0.000398338 0.000755849 0.00396764
3.14159265359 0.0 0.0 0.0 0.0 0.0 0.0 0.0 0.0 0.0 0.0 0.0 0.0 0.0
