alpha phi_iso phi_ray phi_vec g0=0.1 g0=0.2 g0=0.3 g0=0.4 g0=0.5 g0=0.6 g0=0.7 g0=0.8 g0=0.9 g0=1.0
0.0 1.0 1.0 1.0 1.0 1.0 1.0 1.0 1.0 1.0 1.0 1.0 1.0 1.0
0.0174532925199 0.999683 0.999547 0.999535164866 0.999698 0.999716 0.999736 0.999762 0.999793 0.999834 0.999888 0.999964 1.00008 1.00028
0.0349065850399 0.998794 0.998255 0.998204546082 0.998852 0.99892 0.999001 0.9991 0.999223 0.999382 0.999594 0.999892 1.00035 1.00113
0.0523598775598 0.997421 0.996223 0.996103034536 0.997548 0.997697 0.997874 0.998091 0.998362 0.99871 0.999176 0.999834 1.00084 1.00255
0.0698131700798 0.995634 0.993531 0.993306061575 0.995853 0.996111 0.996419 0.996796 0.997266 0.997871 0.998682 0.999827 1.00157 1.00456
0.0872664625997 0.993477 0.99023 0.98986443821 0.993811 0.994205 0.994676 0.995251 0.99597 0.996897 0.998138 0.999893 1.00257 1.00715
0.10471975512 0.990979 0.986355 0.985812680263 0.99145 0.992005 0.992669 0.993481 0.994497 0.995807 0.997564 1.00005 1.00383 1.01032
0.12217304764 0.988161 0.981935 0.98117763337 0.988789 0.98953 0.990419 0.991505 0.992864 0.994618 0.99697 1.0003 1.00537 1.01407
0.13962634016 0.98504 0.976991 0.975983191885 0.985846 0.986798 0.987939 0.989334 0.991082 0.993338 0.996366 1.00065 1.00718 1.01838
0.157079632679 0.981631 0.971547 0.970252137511 0.982635 0.98382 0.985243 0.986983 0.989164 0.991979 0.995759 1.00111 1.00927 1.02326
0.174532925199 0.977949 0.965624 0.964006691682 0.97917 0.980612 0.982343 0.984462 0.987119 0.99055 0.995157 1.00168 1.01163 1.0287
0.191986217719 0.974007 0.959243 0.957268602362 0.975463 0.977184 0.979251 0.981782 0.984956 0.989056 0.994563 1.00236 1.01426 1.03468
0.209439510239 0.969817 0.952424 0.950059246633 0.971527 0.973549 0.975977 0.978952 0.982683 0.987505 0.993983 1.00316 1.01716 1.04119
0.226892802759 0.965391 0.945187 0.94239959913 0.967372 0.969715 0.97253 0.97598 0.980308 0.985903 0.99342 1.00407 1.02032 1.04823
0.244346095279 0.96074 0.937553 0.934310287277 0.963009 0.965693 0.96892 0.972874 0.977837 0.984253 0.992876 1.00509 1.02374 1.05576
0.261799387799 0.955873 0.929538 0.925811646525 0.958446 0.961492 0.965153 0.969641 0.975275 0.98256 0.992352 1.00623 1.02741 1.06379
0.279252680319 0.950801 0.921164 0.91692375981 0.953694 0.957119 0.961238 0.966288 0.972627 0.980827 0.991851 1.00747 1.03133 1.07229
0.296705972839 0.945533 0.912447 0.907666481225 0.948761 0.952583 0.957181 0.962819 0.969898 0.979056 0.991371 1.00882 1.03547 1.08125
0.314159265359 0.940076 0.903407 0.898059451803 0.943654 0.947891 0.952988 0.95924 0.967092 0.97725 0.990912 1.01027 1.03985 1.09064
0.331612557879 0.934439 0.89406 0.888122146862 0.93838 0.943048 0.948665 0.955556 0.964211 0.97541 0.990473 1.01182 1.04444 1.10046
0.349065850399 0.92863 0.884424 0.877873852333 0.932948 0.938062 0.944218 0.951771 0.961259 0.973537 0.990053 1.01346 1.04923 1.11067
0.366519142919 0.922656 0.874518 0.867333680543 0.927363 0.932939 0.939652 0.947889 0.958238 0.971631 0.98965 1.01519 1.05422 1.12127
0.383972435439 0.916524 0.864357 0.856520593887 0.921631 0.927684 0.934971 0.943913 0.955149 0.969693 0.989261 1.017 1.05939 1.13222
0.401425727959 0.91024 0.85396 0.845453373262 0.91576 0.922302 0.930179 0.939847 0.951996 0.967722 0.988883 1.01888 1.06473 1.14351
0.418879020479 0.903812 0.843342 0.8341505944 0.909755 0.916799 0.925281 0.935693 0.948778 0.965718 0.988514 1.02084 1.07023 1.15511
0.436332312999 0.897245 0.832521 0.822630675205 0.903621 0.911178 0.92028 0.931453 0.945497 0.96368 0.988149 1.02285 1.07588 1.167
0.453785605519 0.890546 0.821513 0.810911812633 0.897363 0.905445 0.91518 0.927131 0.942154 0.961607 0.987786 1.02491 1.08165 1.17916
0.471238898038 0.88372 0.810334 0.799011998469 0.890987 0.899604 0.909984 0.922729 0.93875 0.959496 0.987419 1.02702 1.08755 1.19156
0.488692190558 0.876772 0.798999 0.786948987765 0.884498 0.893659 0.904695 0.918247 0.935284 0.957348 0.987045 1.02916 1.09355 1.20418
0.506145483078 0.869708 0.787525 0.774740298837 0.8779 0.887614 0.899317 0.913689 0.931758 0.95516 0.98666 1.03134 1.09963 1.217
0.523598775598 0.862534 0.775927 0.762403189596 0.871197 0.881472 0.893851 0.909054 0.92817 0.952929 0.986257 1.03353 1.1058 1.22999
0.541052068118 0.855254 0.764219 0.749954633871 0.864395 0.875237 0.8883 0.904346 0.924521 0.950654 0.985833 1.03573 1.11202 1.24313
0.558505360638 0.847873 0.752417 0.73741132141 0.857497 0.868912 0.882668 0.899564 0.92081 0.948332 0.985383 1.03794 1.11829 1.25638
0.575958653158 0.840396 0.740536 0.724789642098 0.850507 0.862501 0.876955 0.89471 0.917038 0.945961 0.984901 1.04014 1.12459 1.26974
0.593411945678 0.832827 0.72859 0.712105654392 0.843429 0.856006 0.871164 0.889785 0.913202 0.943538 0.984382 1.04232 1.13091 1.28317
0.610865238198 0.825171 0.716592 0.699375069541 0.836268 0.849432 0.865298 0.884789 0.909303 0.941061 0.98382 1.04448 1.13723 1.29664
0.628318530718 0.817433 0.704556 0.686613267363 0.829026 0.842779 0.859357 0.879724 0.905339 0.938526 0.983211 1.0466 1.14353 1.31014
0.645771823238 0.809616 0.692495 0.673835233124 0.821707 0.836052 0.853344 0.874589 0.901311 0.935931 0.982548 1.04868 1.14981 1.32363
0.663225115758 0.801725 0.680424 0.661055581202 0.814315 0.829253 0.847261 0.869386 0.897215 0.933273 0.981826 1.05071 1.15604 1.33709
0.680678408278 0.793763 0.668353 0.648288523529 0.806853 0.822385 0.841109 0.864114 0.893053 0.930549 0.98104 1.05268 1.16222 1.35051
0.698131700798 0.785735 0.656295 0.6355478617 0.799324 0.815449 0.834889 0.858775 0.888822 0.927755 0.980183 1.05457 1.16832 1.36384
0.715584993318 0.777644 0.644263 0.622846963294 0.791731 0.808449 0.828603 0.853368 0.884521 0.924889 0.97925 1.05638 1.17433 1.37707
0.733038285838 0.769494 0.632268 0.610198769772 0.784078 0.801386 0.822252 0.847894 0.88015 0.921948 0.978237 1.0581 1.18024 1.39018
0.750491578358 0.761288 0.62032 0.597615772798 0.776368 0.794263 0.815839 0.842352 0.875707 0.918928 0.977136 1.05973 1.18603 1.40314
0.767944870878 0.753031 0.608431 0.585109982679 0.768602 0.787082 0.809363 0.836743 0.87119 0.915827 0.975942 1.06124 1.19169 1.41592
0.785398163397 0.744726 0.596611 0.572692975707 0.760786 0.779845 0.802826 0.831068 0.866598 0.912641 0.974651 1.06264 1.1972 1.42851
0.802851455917 0.736376 0.584869 0.560375823144 0.75292 0.772555 0.79623 0.825325 0.861931 0.909368 0.973256 1.06391 1.20255 1.44088
0.820304748437 0.727984 0.573216 0.548169114891 0.745007 0.765212 0.789575 0.819516 0.857186 0.906004 0.971752 1.06505 1.20773 1.453
0.837758040957 0.719553 0.561659 0.5360829516 0.737052 0.75782 0.782863 0.813641 0.852364 0.902547 0.970135 1.06604 1.21272 1.46486
0.855211333477 0.711088 0.550209 0.52412693678 0.729055 0.75038 0.776095 0.807698 0.847461 0.898993 0.968398 1.06688 1.21751 1.47644
0.872664625997 0.70259 0.538872 0.512310161019 0.721019 0.742894 0.769271 0.801689 0.842478 0.89534 0.966537 1.06757 1.22208 1.4877
0.890117918517 0.694064 0.527657 0.50064121776 0.712948 0.735363 0.762393 0.795614 0.837413 0.891584 0.964546 1.06808 1.22643 1.49864
0.907571211037 0.685511 0.516572 0.489128163852 0.704843 0.72779 0.755462 0.789472 0.832264 0.887724 0.962422 1.06842 1.23054 1.50923
0.925024503557 0.676935 0.505622 0.477778566891 0.696707 0.720177 0.748479 0.783264 0.827032 0.883756 0.960159 1.06858 1.2344 1.51945
0.942477796077 0.668339 0.494814 0.46659946577 0.688542 0.712524 0.741444 0.776989 0.821714 0.879679 0.957752 1.06854 1.23799 1.52929
0.959931088597 0.659725 0.484154 0.455597378565 0.680351 0.704834 0.734359 0.770649 0.81631 0.875489 0.955198 1.06831 1.24131 1.53871
0.977384381117 0.651097 0.473649 0.444778326212 0.672135 0.697109 0.727225 0.764242 0.810818 0.871184 0.952492 1.06787 1.24434 1.54772
0.994837673637 0.642456 0.463302 0.434147793047 0.663898 0.68935 0.720043 0.757769 0.805239 0.866762 0.94963 1.06723 1.24708 1.55628
1.01229096616 0.633806 0.453119 0.423710758377 0.65564 0.681558 0.712814 0.751231 0.799571 0.862221 0.946608 1.06636 1.24951 1.56438
1.02974425868 0.62515 0.443103 0.413471704367 0.647365 0.673736 0.705539 0.744627 0.793812 0.857559 0.943422 1.06527 1.25163 1.572
1.0471975512 0.616489 0.433259 0.403434584473 0.639075 0.665885 0.698218 0.737959 0.787964 0.852774 0.940069 1.06395 1.25342 1.57914
1.06465084372 0.607826 0.42359 0.393602878686 0.63077 0.658007 0.690853 0.731225 0.782025 0.847864 0.936546 1.06239 1.25487 1.58577
1.08210413624 0.599164 0.414099 0.383979561963 0.622455 0.650103 0.683445 0.724427 0.775994 0.842828 0.932849 1.0606 1.25598 1.59188
1.09955742876 0.590505 0.404788 0.374567112121 0.61413 0.642175 0.675995 0.717565 0.769871 0.837663 0.928975 1.05856 1.25674 1.59745
1.11701072128 0.581852 0.39566 0.36536754929 0.605798 0.634224 0.668504 0.710639 0.763656 0.83237 0.924922 1.05626 1.25714 1.60248
1.1344640138 0.573206 0.386716 0.356382420132 0.597461 0.626252 0.660973 0.70365 0.757348 0.826945 0.920688 1.05372 1.25718 1.60695
1.15191730632 0.564571 0.377957 0.347612797841 0.58912 0.618261 0.653404 0.696598 0.750948 0.82139 0.916268 1.05091 1.25684 1.61085
1.16937059884 0.555947 0.369385 0.339059321599 0.580777 0.610252 0.645796 0.689484 0.744456 0.815701 0.911663 1.04784 1.25612 1.61416
1.18682389136 0.547339 0.361 0.330722172903 0.572436 0.602227 0.638153 0.682309 0.73787 0.809879 0.906869 1.04451 1.25501 1.61689
1.20427718388 0.538747 0.352803 0.322601122908 0.564096 0.594187 0.630474 0.675074 0.731192 0.803923 0.901885 1.0409 1.25351 1.61902
1.2217304764 0.530174 0.344792 0.314695532435 0.555761 0.586134 0.622761 0.667779 0.724422 0.797833 0.89671 1.03702 1.25162 1.62053
1.23918376892 0.521621 0.336968 0.307004336178 0.547432 0.57807 0.615015 0.660424 0.71756 0.791608 0.891343 1.03287 1.24933 1.62143
1.25663706144 0.513092 0.32933 0.299526105844 0.539111 0.569995 0.607238 0.653012 0.710606 0.785248 0.885782 1.02844 1.24663 1.62171
1.27409035396 0.504588 0.321876 0.29225901858 0.530799 0.561913 0.599431 0.645543 0.703561 0.778753 0.880026 1.02374 1.24353 1.62136
1.29154364648 0.49611 0.314605 0.285200904324 0.5225 0.553823 0.591595 0.638017 0.696426 0.772123 0.874076 1.01875 1.24001 1.62037
1.308996939 0.487662 0.307516 0.278349253696 0.514213 0.545729 0.583731 0.630437 0.689202 0.765359 0.867931 1.01348 1.23608 1.61874
1.32645023152 0.479244 0.300606 0.271701217997 0.505942 0.537631 0.575842 0.622803 0.681889 0.758461 0.861591 1.00793 1.23174 1.61647
1.34390352404 0.470859 0.293873 0.26525362499 0.497688 0.529531 0.567928 0.615117 0.674488 0.75143 0.855056 1.0021 1.22698 1.61356
1.36135681656 0.462509 0.287315 0.259003042032 0.489452 0.521431 0.559991 0.607379 0.667001 0.744266 0.848326 0.995985 1.2218 1.60999
1.37881010908 0.454195 0.280927 0.252945720835 0.481237 0.513332 0.552032 0.599592 0.659428 0.73697 0.841403 0.989588 1.21621 1.60578
1.3962634016 0.445919 0.274709 0.247077676377 0.473044 0.505237 0.544053 0.591756 0.651771 0.729544 0.834287 0.98291 1.2102 1.60091
1.41371669412 0.437683 0.268655 0.241394655335 0.464875 0.497146 0.536056 0.583874 0.644032 0.72199 0.826979 0.97595 1.20377 1.59539
1.43116998664 0.429489 0.262764 0.23589219922 0.456731 0.489062 0.528043 0.575946 0.636212 0.714307 0.819481 0.968712 1.19693 1.58922
1.44862327916 0.421338 0.25703 0.230565628588 0.448614 0.480985 0.520014 0.567975 0.628312 0.706499 0.811794 0.961196 1.18967 1.58241
1.46607657168 0.413233 0.25145 0.225410074611 0.440527 0.472919 0.511972 0.559962 0.620335 0.698566 0.80392 0.953404 1.182 1.57494
1.4835298642 0.405173 0.246021 0.220420486962 0.43247 0.464864 0.503918 0.551909 0.612282 0.690512 0.795862 0.945339 1.17392 1.56684
1.50098315672 0.397163 0.240738 0.215591673275 0.424445 0.456822 0.495855 0.543818 0.604155 0.682337 0.787622 0.937003 1.16544 1.55809
1.51843644924 0.389202 0.235596 0.210918291254 0.416455 0.448795 0.487783 0.535691 0.595957 0.674045 0.779201 0.928398 1.15655 1.54871
1.53588974176 0.381292 0.230592 0.206394888123 0.408499 0.440785 0.479706 0.52753 0.587689 0.665638 0.770604 0.91953 1.14726 1.5387
1.55334303427 0.373436 0.225721 0.202015892744 0.400581 0.432793 0.471624 0.519337 0.579354 0.657118 0.761833 0.9104 1.13758 1.52807
1.57079632679 0.365633 0.220978 0.197775670845 0.392702 0.424821 0.46354 0.511113 0.570954 0.648488 0.752891 0.901013 1.12751 1.51682
1.58824961931 0.357887 0.216359 0.193668517138 0.384863 0.416871 0.455455 0.502862 0.562492 0.63975 0.743781 0.891373 1.11706 1.50496
1.60570291183 0.350198 0.211859 0.18968864742 0.377066 0.408945 0.447372 0.494585 0.55397 0.630909 0.734508 0.881485 1.10622 1.4925
1.62315620435 0.342568 0.207473 0.185830293274 0.369312 0.401044 0.439293 0.486285 0.545391 0.621967 0.725075 0.871353 1.09502 1.47945
1.64060949687 0.334997 0.203197 0.182087623151 0.361604 0.39317 0.431219 0.477964 0.536758 0.612928 0.715487 0.860983 1.08345 1.46582
1.65806278939 0.327489 0.199026 0.178454844959 0.353942 0.385326 0.423153 0.469625 0.528074 0.603795 0.705747 0.85038 1.07152 1.45161
1.67551608191 0.320043 0.194955 0.174926166606 0.346328 0.377512 0.415098 0.46127 0.519341 0.594571 0.69586 0.839549 1.05925 1.43684
1.69296937443 0.312662 0.190979 0.171495819672 0.338765 0.369732 0.407054 0.452902 0.510563 0.585261 0.685832 0.828498 1.04663 1.42152
1.71042266695 0.305346 0.187093 0.168158106759 0.331252 0.361985 0.399024 0.444523 0.501744 0.575869 0.675665 0.817231 1.03368 1.40567
1.72787595947 0.298096 0.183294 0.164907377816 0.323793 0.354275 0.391011 0.436137 0.492885 0.566397 0.665367 0.805756 1.0204 1.38929
1.74532925199 0.290915 0.179576 0.161738061701 0.316387 0.346603 0.383017 0.427745 0.483992 0.556852 0.654941 0.794079 1.0068 1.37239
1.76278254451 0.283803 0.175935 0.158644689859 0.309038 0.338971 0.375043 0.41935 0.475066 0.547236 0.644394 0.782207 0.992904 1.355
1.78023583703 0.276761 0.172366 0.155621888427 0.301746 0.331381 0.367093 0.410956 0.466112 0.537554 0.63373 0.770148 0.978707 1.33713
1.79768912955 0.26979 0.168865 0.152664409802 0.294513 0.323835 0.359168 0.402565 0.457132 0.527811 0.622957 0.75791 0.964225 1.31878
1.81514242207 0.262893 0.165428 0.149767140529 0.28734 0.316334 0.351271 0.39418 0.448132 0.518012 0.612079 0.745499 0.949467 1.29998
1.83259571459 0.256069 0.16205 0.146925101302 0.280229 0.308881 0.343405 0.385804 0.439114 0.50816 0.601102 0.732924 0.934445 1.28075
1.85004900711 0.24932 0.158728 0.144133462748 0.27318 0.301477 0.335571 0.37744 0.430082 0.498261 0.590034 0.720193 0.919169 1.26109
1.86750229963 0.242647 0.155457 0.141387584879 0.266197 0.294124 0.327771 0.369091 0.421041 0.48832 0.578879 0.707315 0.903651 1.24103
1.88495559215 0.23605 0.152234 0.138682969749 0.259279 0.286825 0.32001 0.360761 0.411993 0.478342 0.567646 0.694298 0.887903 1.22059
1.90240888467 0.229532 0.149055 0.136015332473 0.252429 0.27958 0.312288 0.352452 0.402944 0.468332 0.55634 0.681151 0.871937 1.19977
1.91986217719 0.223093 0.145917 0.133380569661 0.245648 0.272392 0.304608 0.344167 0.393896 0.458294 0.544968 0.667883 0.855766 1.17861
1.93731546971 0.216734 0.142816 0.13077476731 0.238937 0.265262 0.296973 0.33591 0.384855 0.448236 0.533537 0.654502 0.839402 1.15711
1.95476876223 0.210455 0.13975 0.128194248152 0.232297 0.258193 0.289385 0.327683 0.375824 0.43816 0.522054 0.641019 0.822857 1.1353
1.97222205475 0.204259 0.136715 0.125635508524 0.225731 0.251186 0.281847 0.319491 0.366807 0.428074 0.510525 0.627443 0.806146 1.1132
1.98967534727 0.198145 0.133708 0.12309530517 0.219238 0.244244 0.274361 0.311335 0.357809 0.417982 0.498959 0.613783 0.789281 1.09082
2.00712863979 0.192115 0.130727 0.120570592111 0.212821 0.237367 0.266929 0.30322 0.348834 0.407891 0.487363 0.600049 0.772276 1.06819
2.02458193231 0.186169 0.127769 0.118058575887 0.206481 0.230558 0.259554 0.295149 0.339886 0.397805 0.475742 0.58625 0.755144 1.04532
2.04203522483 0.180308 0.124833 0.115556668205 0.200219 0.223819 0.252239 0.287125 0.330969 0.38773 0.464107 0.572398 0.737899 1.02224
2.05948851735 0.174533 0.121916 0.113062541182 0.194036 0.217151 0.244985 0.279151 0.322087 0.377671 0.452462 0.558501 0.720555 0.998969
2.07694180987 0.168846 0.119016 0.110574087884 0.187934 0.210556 0.237796 0.271231 0.313246 0.367636 0.440817 0.54457 0.703126 0.975526
2.09439510239 0.163245 0.116131 0.108089453894 0.181913 0.204037 0.230674 0.263367 0.304449 0.357629 0.429178 0.530615 0.685627 0.951932
2.11184839491 0.157733 0.113262 0.105607021531 0.175976 0.197594 0.223621 0.255564 0.295701 0.347656 0.417554 0.516646 0.668072 0.928209
2.12930168743 0.152311 0.110405 0.103125401955 0.170123 0.191229 0.21664 0.247825 0.287007 0.337722 0.405951 0.502674 0.650475 0.904378
2.14675497995 0.146977 0.10756 0.100643466733 0.164355 0.184945 0.209733 0.240152 0.278369 0.327834 0.394379 0.48871 0.632851 0.880461
2.16420827247 0.141734 0.104726 0.0981602926032 0.158674 0.178743 0.202903 0.232549 0.269794 0.317998 0.382843 0.474762 0.615214 0.85648
2.18166156499 0.136582 0.101903 0.0956752324925 0.15308 0.172625 0.196152 0.225019 0.261285 0.308219 0.371353 0.460843 0.597579 0.832456
2.19911485751 0.131522 0.0990893 0.093187828715 0.147575 0.166592 0.189482 0.217566 0.252846 0.298502 0.359915 0.446961 0.57996 0.808411
2.21656815003 0.126554 0.0962859 0.0906978918836 0.14216 0.160646 0.182896 0.210193 0.244482 0.288854 0.348537 0.433129 0.562372 0.784366
2.23402144255 0.121678 0.0934922 0.0882054298892 0.136835 0.154789 0.176396 0.202903 0.236198 0.279281 0.337228 0.419356 0.54483 0.760345
2.25147473507 0.116896 0.0907084 0.0857106873572 0.131603 0.149022 0.169984 0.195699 0.227997 0.269788 0.325994 0.405652 0.527348 0.736369
2.26892802759 0.112207 0.0879349 0.083214106191 0.126463 0.143347 0.163664 0.188585 0.219885 0.260381 0.314844 0.392028 0.509942 0.712459
2.28638132011 0.107613 0.0851721 0.0807163492458 0.121417 0.137765 0.157436 0.181563 0.211864 0.251066 0.303785 0.378495 0.492625 0.688637
2.30383461263 0.103113 0.0824206 0.0782182845464 0.116466 0.132279 0.151304 0.174638 0.20394 0.241848 0.292825 0.365063 0.475411 0.664925
2.32128790515 0.0987084 0.0796814 0.0757209695047 0.111611 0.126889 0.145269 0.167811 0.196116 0.232733 0.281971 0.351741 0.458317 0.641345
2.33874119767 0.0943993 0.0769555 0.0732256430288 0.106853 0.121597 0.139334 0.161085 0.188397 0.223726 0.27123 0.338541 0.441355 0.617918
2.35619449019 0.090186 0.0742439 0.0707337255227 0.102191 0.116404 0.133501 0.154465 0.180787 0.214834 0.260611 0.325471 0.424539 0.594664
2.37364778271 0.086069 0.071548 0.0682468267778 0.0976285 0.111313 0.127772 0.147953 0.17329 0.20606 0.25012 0.312543 0.407885 0.571606
2.39110107523 0.0820484 0.0688693 0.0657666907346 0.0931648 0.106323 0.122148 0.141551 0.165909 0.197412 0.239764 0.299766 0.391405 0.548763
2.40855436775 0.0781247 0.0662093 0.0632952270477 0.0888009 0.101437 0.116633 0.135263 0.158649 0.188893 0.229551 0.287149 0.375114 0.526158
2.42600766027 0.0742982 0.0635698 0.0608344874117 0.0845377 0.0966559 0.111228 0.129092 0.151514 0.18051 0.219487 0.274703 0.359025 0.503809
2.44346095279 0.070569 0.0609526 0.0583866497796 0.0803758 0.0919809 0.105935 0.123039 0.144507 0.172267 0.209581 0.262437 0.343152 0.481738
2.46091424531 0.0669374 0.0583597 0.0559540262538 0.076316 0.0874134 0.100756 0.117109 0.137633 0.16417 0.199838 0.25036 0.327508 0.459963
2.47836753783 0.0634035 0.0557931 0.05353902363 0.0723589 0.0829543 0.0956922 0.111303 0.130894 0.156223 0.190265 0.238481 0.312105 0.438506
2.49582083035 0.0599675 0.053255 0.05114415918 0.068505 0.078605 0.0907461 0.105625 0.124294 0.148431 0.180869 0.22681 0.296957 0.417384
2.51327412287 0.0566296 0.0507475 0.0487720369779 0.064755 0.0743665 0.0859193 0.100076 0.117838 0.1408 0.171656 0.215355 0.282076 0.396616
2.53072741539 0.0533898 0.0482731 0.046425324227 0.0611093 0.0702398 0.0812133 0.0946586 0.111527 0.133332 0.162632 0.204125 0.267474 0.376221
2.54818070791 0.0502482 0.045834 0.044106774933 0.0575685 0.0662259 0.0766298 0.089376 0.105366 0.126034 0.153805 0.193129 0.253163 0.356217
2.56563400043 0.0472049 0.0434326 0.0418191904486 0.054133 0.0623258 0.0721704 0.0842301 0.099358 0.11891 0.145178 0.182374 0.239156 0.336622
2.58308729295 0.0442598 0.0410715 0.0395654036907 0.0508033 0.0585404 0.0678365 0.0792232 0.0935055 0.111963 0.136759 0.171868 0.225462 0.317452
2.60054058547 0.041413 0.0387532 0.0373482712498 0.0475798 0.0548706 0.0636295 0.0743572 0.0878118 0.105198 0.128554 0.16162 0.212094 0.298724
2.61799387799 0.0386643 0.0364801 0.0351706970633 0.0444627 0.0513171 0.0595508 0.0696343 0.0822796 0.0986188 0.120566 0.151637 0.199062 0.280455
2.63544717051 0.0360137 0.0342549 0.033035561395 0.0414523 0.0478807 0.0556018 0.0650564 0.076912 0.0922293 0.112803 0.141926 0.186376 0.262661
2.65290046303 0.0334611 0.03208 0.0309457445088 0.038549 0.0445621 0.0517835 0.0606253 0.0717114 0.0860332 0.105268 0.132495 0.174047 0.245355
2.67035375555 0.0310063 0.029958 0.0289041108862 0.0357529 0.0413619 0.0480971 0.0563428 0.0666804 0.0800339 0.0979668 0.123349 0.162084 0.228554
2.68780704807 0.0286492 0.0278913 0.0269135013356 0.0330642 0.0382806 0.0445437 0.0522105 0.0618213 0.0742349 0.090904 0.114496 0.150496 0.21227
2.70526034059 0.0263894 0.0258826 0.024976693536 0.0304829 0.0353188 0.0411243 0.04823 0.0571365 0.0686392 0.0840839 0.105941 0.139292 0.196518
2.72271363311 0.0242268 0.0239342 0.0230964257109 0.0280092 0.0324769 0.0378396 0.0444027 0.052628 0.06325 0.0775108 0.0976909 0.128481 0.18131
2.74016692563 0.022161 0.0220486 0.0212753650636 0.025643 0.0297552 0.0346906 0.0407299 0.0482979 0.05807 0.0711885 0.0897507 0.11807 0.166658
2.75762021815 0.0201918 0.0202281 0.0195161077771 0.0233843 0.0271541 0.0316779 0.0372128 0.0441479 0.0531019 0.0651209 0.0821259 0.108068 0.152574
2.77507351067 0.0183187 0.0184749 0.0178211395586 0.021233 0.0246738 0.0288022 0.0338526 0.0401799 0.0483481 0.0593113 0.0748213 0.0984808 0.139068
2.79252680319 0.0165413 0.0167913 0.0161928750952 0.019189 0.0223145 0.026064 0.0306502 0.0363953 0.043811 0.0537632 0.0678415 0.0893156 0.126152
2.80998009571 0.0148592 0.0151794 0.0146336028156 0.0172521 0.0200763 0.0234637 0.0276066 0.0327955 0.0394925 0.0484793 0.0611908 0.0805784 0.113833
2.82743338823 0.0132718 0.0136412 0.0131454848905 0.0154219 0.017959 0.0210017 0.0247223 0.0293817 0.0353946 0.0434624 0.0548729 0.0722749 0.102122
2.84488668075 0.0117787 0.0121785 0.0117305572324 0.0136982 0.0159628 0.0186782 0.0219981 0.0261551 0.0315189 0.0387149 0.0488915 0.0644104 0.0910257
2.86233997327 0.0103792 0.0107933 0.0103907058225 0.0120805 0.0140874 0.0164934 0.0194344 0.0231164 0.0278667 0.034239 0.0432496 0.0569893 0.0805516
2.87979326579 0.00907264 0.00948701 0.00912768249234 0.0105685 0.0123326 0.0144471 0.0170315 0.0202664 0.0244394 0.0300364 0.03795 0.0500157 0.070706
2.89724655831 0.00785839 0.00826132 0.00794305757766 0.00916153 0.0106981 0.0125394 0.0147895 0.0176056 0.0212377 0.0261087 0.0329949 0.0434933 0.0614945
2.91469985083 0.00673567 0.00711755 0.00683823570028 0.00785906 0.00918338 0.0107701 0.0127086 0.0151343 0.0182625 0.0224571 0.0283864 0.0374249 0.0529217
2.93215314335 0.00570368 0.00605692 0.00581443998595 0.00666041 0.007788 0.00913871 0.0107886 0.0128527 0.0155142 0.0190824 0.0241257 0.0318129 0.0449917
2.94960643587 0.00476155 0.0050805 0.00487270417323 0.00556483 0.00651133 0.00764486 0.00902916 0.0107607 0.012993 0.0159853 0.0202141 0.0266591 0.0377073
2.96705972839 0.00390834 0.00418915 0.00401385683116 0.00457148 0.00535264 0.00628794 0.0074299 0.00885804 0.0106988 0.0131659 0.0166521 0.0219645 0.0310705
2.98451302091 0.00314306 0.00338357 0.00323852135933 0.00367943 0.00431109 0.0050672 0.00599015 0.00714416 0.00863129 0.0106241 0.0134397 0.0177297 0.0250825
3.00196631343 0.00246462 0.00266428 0.00254710020556 0.00288767 0.00338573 0.00398175 0.00470911 0.00561835 0.00678981 0.00835938 0.0105765 0.0139544 0.0197432
3.01941960595 0.00187187 0.00203155 0.00193975119255 0.00219507 0.00257546 0.00303054 0.00358574 0.00427961 0.0051734 0.0063707 0.0080617 0.0106376 0.0150516
3.03687289847 0.00136354 0.00148546 0.00141641119121 0.00160039 0.00187906 0.00221234 0.00261883 0.00312671 0.00378076 0.00465674 0.0058937 0.00777772 0.0110057
3.05432619099 0.000938272 0.00102586 0.000976725100513 0.00110227 0.00129515 0.00152574 0.0018069 0.00215808 0.00261023 0.00321566 0.00407043 0.00537211 0.00760207
3.07177948351 0.000594592 0.000652341 0.000620093194292 0.000699189 0.000822155 0.00096911 0.00114823 0.00137189 0.00165977 0.00204516 0.00258914 0.0034174 0.00483613
3.08923277603 0.000330868 0.000364203 0.000345584318739 0.000389469 0.000458329 0.000540588 0.000640812 0.000765916 0.000926891 0.00114233 0.00144635 0.00190917 0.00270181
3.10668606855 0.000145296 0.000160445 0.000151943783562 0.000171218 0.000201663 0.000238013 0.000282284 0.000337522 0.000408573 0.000503633 0.000637748 0.000841865 0.00119139
3.12413936107 3.58219e-05 3.96817e-05 3.74907772372e-05 4.22656e-05 4.98288e-05 5.88538e-05 6.98392e-05 8.35398e-05 0.000101155 0.000124714 0.000157941 0.000208499 0.000295055
3.14159265359 0.0 0.0 0.0 0.0 0.0 0.0 0.0 0.0 0.0 0.0 0.0 0.0 0.0
