alpha phi_iso phi_ray phi_vec g0=0.1 g0=0.2 g0=0.3 g0=0.4 g0=0.5 g0=0.6 g0=0.7 g0=0.8 g0=0.9 g0=1.0
0.0 1.0 1.0 1.0 1.0 1.0 1.0 1.0 1.0 1.0 1.0 1.0 1.0 1.0
0.0174532925199 0.999672 0.999531 0.999521907616 0.999687 0.999705 0.999728 0.999755 0.999791 0.999837 0.999902 0.999999 1.00016 1.00047
0.0349065850399 0.998752 0.998193 0.998155504665 0.998812 0.998884 0.998972 0.99908 0.999219 0.999402 0.999657 1.00004 1.00067 1.00191
0.0523598775598 0.997336 0.996091 0.996001926279 0.997469 0.997628 0.997821 0.99806 0.998365 0.99877 0.999333 1.00017 1.00156 1.00431
0.0698131700798 0.9955 0.99331 0.99314148597 0.995732 0.996008 0.996343 0.99676 0.997293 0.998 0.998984 1.00045 1.00288 1.00768
0.0872664625997 0.993291 0.989903 0.989627987242 0.993646 0.994069 0.994584 0.995223 0.996042 0.997128 0.99864 1.0009 1.00463 1.01202
0.10471975512 0.99074 0.985909 0.98549765328 0.991242 0.991841 0.992569 0.993476 0.994636 0.996176 0.998322 1.00152 1.00683 1.01733
0.12217304764 0.987869 0.981354 0.980778367887 0.988541 0.989344 0.99032 0.991536 0.993093 0.995161 0.998043 1.00235 1.00947 1.02358
0.13962634016 0.984695 0.976263 0.975494795029 0.98556 0.986594 0.987852 0.989419 0.991427 0.994093 0.997811 1.00336 1.01256 1.03077
0.157079632679 0.981235 0.97066 0.969670353665 0.982315 0.983606 0.985178 0.987137 0.989647 0.992983 0.997635 1.00458 1.01609 1.03889
0.174532925199 0.977503 0.964567 0.96332782952 0.978819 0.980394 0.982312 0.984702 0.987766 0.991838 0.997519 1.006 1.02007 1.04792
0.191986217719 0.973514 0.958004 0.956489514611 0.975087 0.97697 0.979264 0.982125 0.985792 0.990667 0.99747 1.00763 1.02448 1.05784
0.209439510239 0.969279 0.950994 0.949177239445 0.97113 0.973345 0.976046 0.979414 0.983733 0.989475 0.997489 1.00946 1.02931 1.06863
0.226892802759 0.964811 0.943557 0.941412405216 0.966959 0.969531 0.972667 0.976578 0.981595 0.988267 0.99758 1.0115 1.03457 1.08028
0.244346095279 0.960121 0.935713 0.933216037471 0.962585 0.965536 0.969135 0.973625 0.979386 0.987047 0.997743 1.01373 1.04023 1.09274
0.261799387799 0.955219 0.927482 0.924608807575 0.958018 0.96137 0.96546 0.970562 0.97711 0.985819 0.99798 1.01616 1.04629 1.10601
0.279252680319 0.950115 0.918883 0.915611140037 0.953266 0.957041 0.961647 0.967395 0.974771 0.984586 0.99829 1.01877 1.05274 1.12006
0.296705972839 0.944818 0.909935 0.906243180315 0.948338 0.952556 0.957704 0.964129 0.972375 0.983347 0.99867 1.02158 1.05956 1.13485
0.314159265359 0.939337 0.900658 0.896524848477 0.943242 0.947923 0.953637 0.960768 0.969923 0.982105 0.99912 1.02456 1.06675 1.15036
0.331612557879 0.933679 0.891068 0.886475882136 0.937986 0.943148 0.94945 0.957318 0.967418 0.980861 0.999637 1.02771 1.07427 1.16656
0.349065850399 0.927853 0.881185 0.876115804247 0.932576 0.938238 0.945151 0.953782 0.964863 0.979613 1.00022 1.03102 1.08212 1.18341
0.366519142919 0.921865 0.871027 0.865463966039 0.927019 0.933197 0.940742 0.950163 0.962259 0.978362 1.00086 1.03449 1.09029 1.20089
0.383972435439 0.915724 0.860611 0.854539557752 0.921321 0.928033 0.936229 0.946464 0.959608 0.977106 1.00155 1.03811 1.09875 1.21896
0.401425727959 0.909435 0.849955 0.843361544236 0.915489 0.922749 0.931616 0.942689 0.95691 0.975844 1.0023 1.04186 1.10749 1.23758
0.418879020479 0.903005 0.839077 0.831948729349 0.909528 0.91735 0.926905 0.938839 0.954166 0.974574 1.00309 1.04573 1.11648 1.25673
0.436332312999 0.896441 0.827993 0.820319702293 0.903443 0.911842 0.922101 0.934916 0.951377 0.973294 1.00392 1.04973 1.12572 1.27637
0.453785605519 0.889747 0.816721 0.808492859079 0.897239 0.906227 0.917207 0.930923 0.948541 0.972001 1.00478 1.05382 1.13517 1.29646
0.471238898038 0.88293 0.805277 0.796486359599 0.890923 0.900511 0.912226 0.92686 0.945659 0.970694 1.00568 1.05801 1.14483 1.31696
0.488692190558 0.875996 0.793678 0.784318138353 0.884497 0.894697 0.90716 0.922729 0.942731 0.969368 1.00659 1.06228 1.15467 1.33785
0.506145483078 0.868949 0.78194 0.772005882989 0.877968 0.888789 0.902011 0.918531 0.939755 0.968021 1.00753 1.06662 1.16467 1.35907
0.523598775598 0.861795 0.770078 0.759566991368 0.871338 0.88279 0.896783 0.914267 0.936731 0.96665 1.00847 1.07102 1.17481 1.3806
0.541052068118 0.854538 0.75811 0.747018614499 0.864613 0.876703 0.891477 0.909938 0.933658 0.96525 1.00941 1.07547 1.18507 1.4024
0.558505360638 0.847184 0.746049 0.734377592138 0.857796 0.870532 0.886095 0.905544 0.930533 0.963818 1.01034 1.07994 1.19543 1.42443
0.575958653158 0.839737 0.733911 0.721660452789 0.850892 0.864279 0.88064 0.901085 0.927357 0.962351 1.01126 1.08444 1.20587 1.44665
0.593411945678 0.832202 0.721711 0.708883392243 0.843903 0.857947 0.875112 0.896562 0.924126 0.960843 1.01217 1.08895 1.21637 1.46903
0.610865238198 0.824583 0.709464 0.69606227357 0.836834 0.851539 0.869513 0.891975 0.920841 0.959292 1.01304 1.09346 1.22691 1.49152
0.628318530718 0.816883 0.697183 0.683212584194 0.829688 0.845058 0.863845 0.887324 0.917498 0.957693 1.01388 1.09795 1.23745 1.51409
0.645771823238 0.809108 0.684883 0.670349468092 0.822469 0.838506 0.858109 0.882609 0.914096 0.956041 1.01468 1.10241 1.248 1.5367
0.663225115758 0.801262 0.672576 0.657487639925 0.815179 0.831885 0.852306 0.87783 0.910633 0.954333 1.01542 1.10683 1.25852 1.55931
0.680678408278 0.793347 0.660276 0.644641438708 0.807822 0.825197 0.846438 0.872986 0.907107 0.952563 1.01611 1.1112 1.26899 1.58189
0.698131700798 0.785369 0.647996 0.631824774145 0.800401 0.818446 0.840505 0.868078 0.903516 0.950729 1.01673 1.11549 1.27939 1.6044
0.715584993318 0.77733 0.635747 0.61905113736 0.792918 0.811632 0.834509 0.863105 0.899858 0.948824 1.01728 1.11971 1.2897 1.6268
0.733038285838 0.769235 0.623543 0.6063335687 0.785378 0.804758 0.82845 0.858066 0.896131 0.946845 1.01775 1.12384 1.29991 1.64906
0.750491578358 0.761087 0.611393 0.593684636268 0.777782 0.797825 0.82233 0.852961 0.892332 0.944788 1.01812 1.12786 1.30998 1.67114
0.767944870878 0.752888 0.59931 0.581116489589 0.770133 0.790837 0.816149 0.84779 0.88846 0.942648 1.01841 1.13177 1.31991 1.693
0.785398163397 0.744644 0.587304 0.568640763014 0.762434 0.783794 0.809908 0.842553 0.884513 0.94042 1.01858 1.13555 1.32966 1.71462
0.802851455917 0.736356 0.575385 0.55626861865 0.754688 0.776698 0.803608 0.837248 0.880488 0.938101 1.01865 1.13919 1.33923 1.73594
0.820304748437 0.728029 0.563563 0.544010735629 0.746897 0.769551 0.797249 0.831875 0.876383 0.935686 1.0186 1.14267 1.34859 1.75696
0.837758040957 0.719664 0.551848 0.531877277908 0.739063 0.762355 0.790833 0.826434 0.872196 0.933171 1.01842 1.146 1.35773 1.77761
0.855211333477 0.711267 0.540247 0.51987792647 0.731189 0.755111 0.784359 0.820924 0.867925 0.930552 1.01811 1.14915 1.36661 1.79789
0.872664625997 0.702838 0.528771 0.508021825655 0.723278 0.747821 0.777829 0.815344 0.863568 0.927825 1.01767 1.15211 1.37524 1.81775
0.890117918517 0.694381 0.517426 0.496317636831 0.715331 0.740486 0.771243 0.809695 0.859124 0.924985 1.01707 1.15488 1.38359 1.83716
0.907571211037 0.6859 0.50622 0.48477347399 0.707351 0.733109 0.764603 0.803976 0.854589 0.92203 1.01632 1.15744 1.39163 1.85609
0.925024503557 0.677397 0.49516 0.473396925219 0.69934 0.725689 0.757907 0.798186 0.849963 0.918955 1.01542 1.15978 1.39937 1.87452
0.942477796077 0.668874 0.484253 0.462195106362 0.691301 0.71823 0.751158 0.792325 0.845243 0.915757 1.01435 1.16189 1.40677 1.8924
0.959931088597 0.660335 0.473505 0.451174542959 0.683235 0.710733 0.744356 0.786392 0.840429 0.912432 1.01311 1.16377 1.41382 1.90973
0.977384381117 0.651781 0.462922 0.440341299039 0.675144 0.703198 0.737501 0.780387 0.835517 0.908978 1.01169 1.1654 1.42052 1.92646
0.994837673637 0.643216 0.452508 0.429700869793 0.667031 0.695627 0.730594 0.77431 0.830507 0.905389 1.01009 1.16678 1.42683 1.94257
1.01229096616 0.634643 0.442269 0.419258256705 0.658898 0.688023 0.723636 0.76816 0.825397 0.901665 1.0083 1.16789 1.43276 1.95804
1.02974425868 0.626063 0.432209 0.409017956815 0.650746 0.680385 0.716627 0.761938 0.820185 0.897801 1.00632 1.16873 1.43828 1.97284
1.0471975512 0.617479 0.422331 0.398983919793 0.642578 0.672716 0.709569 0.755643 0.814871 0.893794 1.00415 1.16929 1.44338 1.98695
1.06465084372 0.608893 0.41264 0.389159633797 0.634395 0.665017 0.702461 0.749275 0.809454 0.889643 1.00177 1.16956 1.44804 2.00034
1.08210413624 0.600309 0.403137 0.379548050345 0.6262 0.657289 0.695305 0.742833 0.803931 0.885345 0.999178 1.16953 1.45227 2.01299
1.09955742876 0.591727 0.393825 0.370151648715 0.617994 0.649534 0.688101 0.736319 0.798303 0.880897 0.996381 1.16921 1.45604 2.02489
1.11701072128 0.583151 0.384707 0.360972414472 0.609779 0.641754 0.680851 0.729731 0.792567 0.876297 0.993368 1.16857 1.45934 2.03601
1.1344640138 0.574583 0.375784 0.352011871674 0.601557 0.633948 0.673555 0.723071 0.786725 0.871543 0.990137 1.16762 1.46217 2.04634
1.15191730632 0.566024 0.367058 0.34327105067 0.593331 0.62612 0.666213 0.716338 0.780774 0.866634 0.986684 1.16634 1.46452 2.05585
1.16937059884 0.557478 0.358529 0.334750563228 0.585101 0.61827 0.658827 0.709533 0.774714 0.861568 0.983007 1.16474 1.46636 2.06454
1.18682389136 0.548945 0.350197 0.326450548875 0.576869 0.610399 0.651398 0.702655 0.768545 0.856343 0.979101 1.16281 1.46771 2.07237
1.20427718388 0.540429 0.342063 0.318370707092 0.568638 0.60251 0.643927 0.695706 0.762267 0.850958 0.974965 1.16054 1.46854 2.07935
1.2217304764 0.531931 0.334126 0.310510340249 0.560409 0.594603 0.636414 0.688686 0.755879 0.845413 0.970597 1.15794 1.46885 2.08546
1.23918376892 0.523453 0.326386 0.302868342867 0.552183 0.586681 0.628861 0.681595 0.749381 0.839705 0.965994 1.15498 1.46864 2.09068
1.25663706144 0.514998 0.318841 0.295443180156 0.543963 0.578743 0.621269 0.674434 0.742774 0.833836 0.961155 1.15169 1.4679 2.095
1.27409035396 0.506566 0.31149 0.288232973877 0.53575 0.570793 0.613639 0.667204 0.736058 0.827803 0.956077 1.14804 1.46662 2.09842
1.29154364648 0.498161 0.304332 0.28123545941 0.527547 0.562831 0.605972 0.659905 0.729233 0.821607 0.950761 1.14404 1.4648 2.10092
1.308996939 0.489783 0.297365 0.274448039418 0.519353 0.554858 0.598269 0.652539 0.722299 0.815249 0.945205 1.13968 1.46244 2.10251
1.32645023152 0.481435 0.290585 0.267867773116 0.511172 0.546877 0.590532 0.645107 0.715257 0.808727 0.939409 1.13497 1.45952 2.10316
1.34390352404 0.473119 0.283991 0.261491397734 0.503005 0.538889 0.582762 0.637609 0.708108 0.802042 0.933373 1.1299 1.45606 2.10288
1.36135681656 0.464836 0.277579 0.25531533925 0.494854 0.530895 0.574961 0.630046 0.700853 0.795195 0.927095 1.12448 1.45204 2.10166
1.37881010908 0.456588 0.271347 0.24933577679 0.48672 0.522897 0.567129 0.622421 0.693492 0.788186 0.920578 1.11869 1.44747 2.09949
1.3962634016 0.448377 0.26529 0.243548578227 0.478605 0.514897 0.559268 0.614734 0.686028 0.781017 0.913821 1.11255 1.44235 2.09638
1.41371669412 0.440204 0.259406 0.237949396779 0.47051 0.506895 0.551379 0.606986 0.67846 0.773689 0.906825 1.10605 1.43667 2.09233
1.43116998664 0.432072 0.253691 0.232533617343 0.462438 0.498894 0.543465 0.59918 0.670791 0.766202 0.899592 1.09919 1.43044 2.08733
1.44862327916 0.423981 0.24814 0.227296442361 0.454389 0.490896 0.535527 0.591316 0.663023 0.758559 0.892122 1.09198 1.42366 2.08139
1.46607657168 0.415934 0.242749 0.222232859615 0.446366 0.482901 0.527566 0.583397 0.655156 0.750761 0.884419 1.08442 1.41632 2.07451
1.4835298642 0.407931 0.237515 0.217337685167 0.43837 0.474912 0.519584 0.575424 0.647193 0.74281 0.876483 1.0765 1.40844 2.06669
1.50098315672 0.399975 0.232431 0.212605584817 0.430402 0.466929 0.511583 0.567399 0.639135 0.734708 0.868318 1.06824 1.40001 2.05793
1.51843644924 0.392067 0.227495 0.20803105264 0.422465 0.458956 0.503565 0.559323 0.630985 0.726457 0.859925 1.05963 1.39105 2.04825
1.53588974176 0.384209 0.2227 0.20360849685 0.414559 0.450993 0.495531 0.5512 0.622745 0.718061 0.851308 1.05069 1.38154 2.03764
1.55334303427 0.376402 0.218043 0.199332186133 0.406687 0.443042 0.487483 0.54303 0.614417 0.709521 0.84247 1.0414 1.37151 2.02612
1.57079632679 0.368647 0.213518 0.195196335514 0.39885 0.435106 0.479424 0.534816 0.606004 0.700841 0.833414 1.03178 1.36095 2.0137
1.58824961931 0.360946 0.209119 0.191195041955 0.391049 0.427184 0.471355 0.52656 0.597508 0.692022 0.824144 1.02183 1.34988 2.00038
1.60570291183 0.3533 0.204843 0.18732241315 0.383286 0.41928 0.463277 0.518265 0.588932 0.68307 0.814665 1.01156 1.33829 1.98617
1.62315620435 0.345711 0.200684 0.1835724602 0.375563 0.411396 0.455194 0.509933 0.580278 0.673987 0.804979 1.00097 1.32619 1.97109
1.64060949687 0.338179 0.196636 0.179939226403 0.367881 0.403532 0.447108 0.501567 0.571551 0.664777 0.795092 0.990069 1.31361 1.95515
1.65806278939 0.330707 0.192695 0.176416722859 0.360242 0.395692 0.43902 0.493168 0.562752 0.655443 0.785009 0.978861 1.30053 1.93837
1.67551608191 0.323296 0.188855 0.172998971401 0.352647 0.387876 0.430932 0.48474 0.553885 0.64599 0.774735 0.967355 1.28698 1.92075
1.69296937443 0.315947 0.185112 0.169680068991 0.345098 0.380086 0.422847 0.476286 0.544954 0.636422 0.764274 0.955557 1.27295 1.90231
1.71042266695 0.30866 0.18146 0.166454112592 0.337597 0.372325 0.414768 0.467807 0.535961 0.626742 0.753632 0.943473 1.25847 1.88307
1.72787595947 0.301439 0.177894 0.163315295761 0.330144 0.364593 0.406695 0.459307 0.52691 0.616956 0.742816 0.931112 1.24355 1.86305
1.74532925199 0.294282 0.174409 0.160257854987 0.322741 0.356894 0.398633 0.450789 0.517805 0.607067 0.73183 0.918482 1.22818 1.84227
1.76278254451 0.287193 0.171 0.157276166285 0.31539 0.349229 0.390582 0.442255 0.508649 0.597081 0.720681 0.905591 1.2124 1.82073
1.78023583703 0.280171 0.167663 0.154364659334 0.308093 0.341599 0.382546 0.433709 0.499447 0.587003 0.709375 0.892447 1.1962 1.79848
1.79768912955 0.273218 0.164392 0.151517935537 0.30085 0.334008 0.374526 0.425154 0.490201 0.576836 0.69792 0.879059 1.1796 1.77551
1.81514242207 0.266336 0.161183 0.148730682162 0.293664 0.326456 0.366526 0.416592 0.480917 0.566588 0.686321 0.865438 1.16262 1.75186
1.83259571459 0.259525 0.158032 0.145997758198 0.286535 0.318945 0.358547 0.408028 0.471598 0.556262 0.674586 0.851591 1.14527 1.72754
1.85004900711 0.252786 0.154933 0.143314172896 0.279466 0.311478 0.350593 0.399463 0.462248 0.545864 0.662721 0.837529 1.12756 1.70259
1.86750229963 0.24612 0.151884 0.140675107231 0.272457 0.304056 0.342666 0.390903 0.452872 0.5354 0.650735 0.823262 1.1095 1.67702
1.88495559215 0.239529 0.148879 0.138075903168 0.26551 0.296682 0.334767 0.382348 0.443474 0.524876 0.638634 0.8088 1.09112 1.65085
1.90240888467 0.233014 0.145915 0.135512117332 0.258627 0.289357 0.326901 0.373805 0.434058 0.514296 0.626426 0.794153 1.07242 1.62412
1.91986217719 0.226574 0.142989 0.132979467335 0.251809 0.282083 0.319069 0.365274 0.424629 0.503668 0.614119 0.779333 1.05343 1.59684
1.93731546971 0.220213 0.140095 0.130473896183 0.245057 0.274862 0.311275 0.356761 0.415191 0.492996 0.601722 0.764351 1.03415 1.56905
1.95476876223 0.213929 0.137232 0.127991561533 0.238373 0.267697 0.30352 0.348268 0.405748 0.482288 0.589241 0.749216 1.01461 1.54076
1.97222205475 0.207725 0.134395 0.1255288357 0.231759 0.260589 0.295807 0.3398 0.396307 0.471548 0.576686 0.733942 0.994819 1.51202
1.98967534727 0.201601 0.131583 0.123082294924 0.225214 0.253539 0.28814 0.331358 0.38687 0.460784 0.564064 0.718538 0.974797 1.48283
2.00712863979 0.195558 0.128791 0.120648783761 0.218742 0.246551 0.28052 0.322948 0.377443 0.450001 0.551384 0.703018 0.95456 1.45324
2.02458193231 0.189596 0.126017 0.118225339961 0.212343 0.239626 0.272951 0.314573 0.368031 0.439206 0.538655 0.687392 0.934125 1.42326
2.04203522483 0.183718 0.12326 0.115809269592 0.206019 0.232765 0.265434 0.306236 0.358638 0.428406 0.525885 0.671673 0.91351 1.39293
2.05948851735 0.177923 0.120515 0.113398114842 0.19977 0.225972 0.257974 0.297941 0.349269 0.417606 0.513083 0.655873 0.892733 1.36228
2.07694180987 0.172212 0.117783 0.110989654025 0.193599 0.219247 0.250572 0.289691 0.33993 0.406813 0.500257 0.640005 0.871812 1.33134
2.09439510239 0.166586 0.115061 0.108581901572 0.187506 0.212593 0.243231 0.281491 0.330625 0.396035 0.487418 0.62408 0.850765 1.30013
2.11184839491 0.161047 0.112346 0.106173150969 0.181493 0.206011 0.235954 0.273344 0.321358 0.385277 0.474573 0.608111 0.829611 1.26869
2.12930168743 0.155593 0.109639 0.103761899625 0.175561 0.199504 0.228743 0.265253 0.312136 0.374546 0.461732 0.592111 0.808366 1.23704
2.14675497995 0.150227 0.106937 0.101346913268 0.169712 0.193074 0.221602 0.257223 0.302963 0.363848 0.448903 0.576092 0.787052 1.20523
2.16420827247 0.144949 0.10424 0.0989272259461 0.163946 0.186722 0.214532 0.249257 0.293843 0.353191 0.436096 0.560067 0.765685 1.17326
2.18166156499 0.13976 0.101548 0.0965020541659 0.158264 0.18045 0.207538 0.241358 0.284782 0.342582 0.42332 0.544049 0.744285 1.14119
2.19911485751 0.13466 0.0988586 0.094070925684 0.152669 0.174259 0.20062 0.233531 0.275785 0.332026 0.410584 0.52805 0.72287 1.10903
2.21656815003 0.129649 0.0961728 0.0916335399822 0.147161 0.168153 0.193782 0.225779 0.266857 0.32153 0.397897 0.512083 0.701459 1.07682
2.23402144255 0.12473 0.0934902 0.0891898648622 0.141741 0.162132 0.187027 0.218105 0.258002 0.311102 0.385269 0.496161 0.680071 1.0446
2.25147473507 0.119901 0.090811 0.086740104247 0.13641 0.156199 0.180357 0.210513 0.249226 0.300748 0.372708 0.480297 0.658726 1.01238
2.26892802759 0.115164 0.0881354 0.0842846552501 0.13117 0.150355 0.173774 0.203008 0.240534 0.290474 0.360223 0.464504 0.637441 0.980204
2.28638132011 0.110518 0.085464 0.0818241511064 0.126021 0.144602 0.167282 0.195591 0.23193 0.280287 0.347824 0.448794 0.616236 0.948102
2.30383461263 0.105966 0.0827974 0.0793594397069 0.120965 0.138942 0.160883 0.188268 0.223419 0.270195 0.335519 0.433179 0.595129 0.916103
2.32128790515 0.101507 0.0801366 0.0768915513998 0.116003 0.133376 0.154578 0.181041 0.215006 0.260202 0.323318 0.417674 0.574139 0.884238
2.33874119767 0.097141 0.0774826 0.0744217311894 0.111136 0.127906 0.148372 0.173914 0.206697 0.250316 0.311229 0.402289 0.553285 0.852537
2.35619449019 0.0928693 0.0748366 0.0719514065377 0.106364 0.122533 0.142266 0.166891 0.198495 0.240544 0.299262 0.387038 0.532584 0.82103
2.37364778271 0.0886921 0.0722 0.0694821980967 0.101688 0.11726 0.136262 0.159974 0.190405 0.230891 0.287425 0.371932 0.512055 0.789748
2.39110107523 0.0846096 0.0695743 0.067015866045 0.0971107 0.112088 0.130364 0.153168 0.182432 0.221365 0.275726 0.356985 0.491717 0.758721
2.40855436775 0.0806224 0.0669614 0.0645543637513 0.0926314 0.107018 0.124572 0.146475 0.17458 0.21197 0.264175 0.342207 0.471587 0.727977
2.42600766027 0.0767308 0.064363 0.0620997733781 0.0882516 0.102053 0.118891 0.139899 0.166855 0.202714 0.25278 0.327612 0.451682 0.697546
2.44346095279 0.0729351 0.061781 0.0596543380796 0.0839719 0.0971923 0.113321 0.133443 0.15926 0.193603 0.241549 0.313211 0.432022 0.667457
2.46091424531 0.0692355 0.0592177 0.0572204190708 0.0797932 0.0924388 0.107865 0.127109 0.1518 0.184642 0.230491 0.299016 0.412621 0.637738
2.47836753783 0.0656325 0.0566751 0.0548004956276 0.0757164 0.0877936 0.102525 0.120903 0.144479 0.175837 0.219614 0.285037 0.393499 0.608418
2.49582083035 0.0621261 0.0541556 0.0523971650866 0.0717421 0.083258 0.0973042 0.114825 0.137301 0.167195 0.208925 0.271287 0.374671 0.579523
2.51327412287 0.0587167 0.0516616 0.0500131213794 0.0678711 0.0788334 0.0922034 0.108879 0.130271 0.15872 0.198432 0.257777 0.356155 0.551081
2.53072741539 0.0554044 0.0491957 0.0476511443001 0.0641041 0.074521 0.0872249 0.103069 0.123392 0.150419 0.188144 0.244517 0.337965 0.523119
2.54818070791 0.0521895 0.0467602 0.0453140780396 0.0604417 0.070322 0.0823706 0.0973965 0.116669 0.142297 0.178067 0.231518 0.320118 0.495663
2.56563400043 0.049072 0.0443579 0.0430048526511 0.0568845 0.0662377 0.0776425 0.0918646 0.110105 0.134359 0.16821 0.21879 0.30263 0.468738
2.58308729295 0.046052 0.0419915 0.0407264089207 0.0534332 0.0622691 0.0730424 0.086476 0.103704 0.12661 0.158579 0.206344 0.285515 0.442369
2.60054058547 0.0431298 0.0396637 0.0384817734966 0.0500883 0.0584175 0.0685721 0.0812332 0.0974691 0.119056 0.149181 0.194189 0.268788 0.416581
2.61799387799 0.0403054 0.0373772 0.0362739730273 0.0468503 0.0546837 0.0642331 0.0761387 0.0914047 0.111701 0.140023 0.182336 0.252464 0.391396
2.63544717051 0.0375788 0.0351348 0.0341060448941 0.0437196 0.0510688 0.0600271 0.0711949 0.0855138 0.104549 0.131111 0.170793 0.236557 0.366839
2.65290046303 0.0349499 0.0329394 0.0319810479435 0.0406968 0.0475737 0.0559557 0.0664041 0.0797997 0.0976068 0.122453 0.159569 0.22108 0.342932
2.67035375555 0.0324189 0.0307936 0.0299019980913 0.0377821 0.0441994 0.0520203 0.0617686 0.0742656 0.0908769 0.114053 0.148674 0.206046 0.319695
2.68780704807 0.0299856 0.0287003 0.0278719327186 0.034976 0.0409465 0.0482223 0.0572903 0.0689143 0.0843642 0.105919 0.138115 0.191467 0.297151
2.70526034059 0.02765 0.0266621 0.0258938248098 0.0322787 0.0378159 0.044563 0.0529713 0.0637488 0.0780726 0.0980547 0.127901 0.177356 0.275318
2.72271363311 0.0254119 0.0246819 0.0239705936853 0.0296905 0.0348082 0.0410436 0.0488135 0.0587718 0.072006 0.0904668 0.118039 0.163725 0.254217
2.74016692563 0.0232713 0.0227623 0.0221051264673 0.0272116 0.0319242 0.0376653 0.0448186 0.053986 0.066168 0.08316 0.108537 0.150584 0.233864
2.75762021815 0.0212279 0.0209059 0.020300235148 0.0248421 0.0291642 0.0344291 0.0409884 0.0493936 0.0605621 0.0761393 0.0994019 0.137944 0.214279
2.77507351067 0.0192816 0.0191153 0.0185586243922 0.0225823 0.026529 0.031336 0.0373242 0.0449971 0.0551915 0.0694092 0.0906402 0.125814 0.195477
2.79252680319 0.0174321 0.0173929 0.0168829452002 0.020432 0.0240188 0.0283868 0.0338277 0.0407985 0.0500594 0.0629741 0.0822583 0.114206 0.177475
2.80998009571 0.0156791 0.0157411 0.0152757197791 0.0183915 0.021634 0.0255824 0.0305 0.0367998 0.0451685 0.0568381 0.074262 0.103126 0.160287
2.82743338823 0.0140222 0.0141623 0.0137393522751 0.0164606 0.019375 0.0229234 0.0273424 0.0330028 0.0405214 0.0510049 0.0666567 0.0925836 0.143926
2.84488668075 0.0124613 0.0126586 0.0122761395066 0.0146391 0.0172419 0.0204104 0.0243558 0.0294091 0.0361206 0.0454779 0.0594475 0.0825864 0.128406
2.86233997327 0.0109958 0.0112321 0.0108882387653 0.0129271 0.0152348 0.0180439 0.0215412 0.0260201 0.0319681 0.0402603 0.0526389 0.0731412 0.113738
2.87979326579 0.00962528 0.00988473 0.00957765708415 0.0113242 0.0133539 0.0158241 0.0188993 0.022837 0.0280659 0.0353549 0.046235 0.0642544 0.0999332
2.89724655831 0.00834932 0.00861833 0.00834624050398 0.00983011 0.011599 0.0137515 0.0164307 0.019861 0.0244156 0.0307641 0.0402395 0.0559317 0.0870008
2.91469985083 0.00716735 0.00743456 0.00719568480651 0.00844458 0.00997004 0.011826 0.0141359 0.0170929 0.0210187 0.02649 0.0346557 0.0481779 0.0749494
2.93215314335 0.00607879 0.00633494 0.00612748185033 0.00716715 0.00846681 0.0100478 0.0120151 0.0145333 0.0178761 0.0225345 0.0294863 0.0409975 0.0637864
2.94960643587 0.00508301 0.00532082 0.0051429839677 0.00599734 0.00708898 0.00841671 0.0100686 0.0121828 0.0149888 0.0188989 0.0247334 0.0343939 0.0535177
2.96705972839 0.00417931 0.00439338 0.00424331810217 0.00493458 0.00583613 0.00693246 0.00829624 0.0100414 0.0123574 0.0155843 0.0203988 0.0283698 0.0441485
2.98451302091 0.00336694 0.00355362 0.00342939654137 0.00397822 0.00470774 0.00559471 0.00669785 0.00810927 0.00998212 0.0125912 0.0164836 0.0229275 0.0356823
3.00196631343 0.00264509 0.00280234 0.0027019598482 0.00312754 0.00370318 0.00440292 0.00527303 0.00638612 0.00786288 0.00991991 0.0129884 0.0180679 0.0281214
3.01941960595 0.00201285 0.00214015 0.00206148026568 0.00238169 0.00282168 0.00335639 0.00402117 0.00487144 0.00599934 0.0075702 0.00991324 0.0137914 0.0214667
3.03687289847 0.00146925 0.00156743 0.00150822611369 0.00173975 0.00206234 0.00245429 0.00294148 0.00356448 0.00439076 0.00554139 0.00725742 0.0100975 0.0157179
3.05432619099 0.00101322 0.00108435 0.00104219739223 0.00120066 0.00142412 0.00169557 0.0020329 0.00246417 0.00303606 0.00383231 0.00501966 0.00698456 0.0108727
3.07177948351 0.000643586 0.000690803 0.000663125781421 0.000763229 0.000905829 0.001079 0.00129414 0.00156913 0.00193372 0.00244125 0.00319796 0.00445006 0.00692752
3.08923277603 0.000359034 0.000386448 0.000370453175877 0.000426124 0.000506058 0.000603097 0.000723622 0.000877639 0.00108179 0.00136592 0.0017895 0.00249027 0.00387673
3.10668606855 0.000158101 0.00017062 0.000163310219149 0.000187807 0.000223187 0.000266122 0.000319431 0.000387534 0.000477781 0.000603361 0.000790532 0.00110015 0.00171266
3.12413936107 3.91023e-05 4.23055e-05 4.04197085511e-05 4.64947e-05 5.52949e-05 6.59697e-05 7.92185e-05 9.61383e-05 0.000118553 0.000149735 0.0001962 0.00027305 0.000425058
3.14159265359 0.0 0.0 0.0 0.0 0.0 0.0 0.0 0.0 0.0 0.0 0.0 0.0 0.0
