alpha phi_iso phi_ray phi_vec g0=0.1 g0=0.2 g0=0.3 g0=0.4 g0=0.5 g0=0.6 g0=0.7 g0=0.8 g0=0.9 g0=1.0
0.0 1.0 1.0 1.0 1.0 1.0 1.0 1.0 1.0 1.0 1.0 1.0 1.0 1.0
0.0174532925199 0.999647 0.999498 0.999495032882 0.999663 0.999683 0.999709 0.999742 0.999786 0.99985 0.999948 1.00012 1.0005 1.00202
0.0349065850399 0.998662 0.998068 0.998056568353 0.998727 0.998808 0.998909 0.99904 0.999216 0.999469 0.999858 1.00054 1.00204 1.00808
0.0523598775598 0.997157 0.995828 0.995799081764 0.997302 0.997481 0.997706 0.997998 0.998393 0.998956 0.999825 1.00135 1.00469 1.01817
0.0698131700798 0.995218 0.992869 0.992813368418 0.995474 0.995789 0.996186 0.9967 0.997395 0.998388 0.99992 1.0026 1.00851 1.03228
0.0872664625997 0.9929 0.989253 0.989159609643 0.993297 0.993785 0.994399 0.995196 0.996274 0.997812 1.00019 1.00435 1.01351 1.05036
0.10471975512 0.990239 0.985018 0.984877544738 0.990806 0.991502 0.992379 0.993518 0.995058 0.997256 1.00065 1.0066 1.01969 1.07239
0.12217304764 0.987257 0.980195 0.97999710083 0.988022 0.988963 0.990147 0.991686 0.993766 0.996736 1.00133 1.00936 1.02706 1.09829
0.13962634016 0.983975 0.974811 0.97454447642 0.984967 0.986186 0.987721 0.989716 0.992413 0.996265 1.00222 1.01264 1.0356 1.12801
0.157079632679 0.980409 0.968889 0.968544201941 0.981655 0.983186 0.985115 0.987622 0.991012 0.995853 1.00334 1.01644 1.0453 1.16147
0.174532925199 0.976576 0.962454 0.962020219094 0.978102 0.979979 0.982343 0.985416 0.989572 0.995508 1.00468 1.02075 1.05615 1.19861
0.191986217719 0.972489 0.955528 0.954995717314 0.974322 0.976576 0.979417 0.983109 0.988103 0.995236 1.00626 1.02557 1.06812 1.23935
0.209439510239 0.968163 0.948135 0.947493362719 0.970328 0.972991 0.976348 0.98071 0.986612 0.995042 1.00807 1.0309 1.08119 1.28358
0.226892802759 0.963609 0.940294 0.939535330821 0.966131 0.969234 0.973144 0.978228 0.985104 0.994929 1.01012 1.03671 1.09533 1.33123
0.244346095279 0.95884 0.932029 0.931143339229 0.961742 0.965314 0.969816 0.975669 0.983587 0.994899 1.01239 1.04302 1.11052 1.38218
0.261799387799 0.953865 0.92336 0.92233864765 0.957172 0.961241 0.966371 0.97304 0.982062 0.994954 1.01489 1.04979 1.12672 1.43635
0.279252680319 0.948695 0.914308 0.913142254133 0.952428 0.957023 0.962815 0.970346 0.980535 0.995094 1.0176 1.05703 1.14391 1.49361
0.296705972839 0.94334 0.904892 0.90357479695 0.947521 0.952667 0.959156 0.967591 0.979006 0.995317 1.02054 1.06471 1.16205 1.55387
0.314159265359 0.937807 0.895134 0.893656685419 0.942457 0.948181 0.955398 0.964781 0.977478 0.995622 1.02368 1.07281 1.18111 1.617
0.331612557879 0.932105 0.885052 0.883408034495 0.937244 0.94357 0.951546 0.961917 0.975951 0.996007 1.02702 1.08133 1.20105 1.68289
0.349065850399 0.926243 0.874666 0.872848828302 0.93189 0.93884 0.947605 0.959003 0.974426 0.996468 1.03055 1.09025 1.22182 1.75142
0.366519142919 0.920227 0.863995 0.861998723894 0.9264 0.933998 0.94358 0.95604 0.972903 0.997001 1.03427 1.09954 1.2434 1.82246
0.383972435439 0.914064 0.853058 0.850877312909 0.92078 0.929047 0.939473 0.953031 0.97138 0.997603 1.03815 1.10918 1.26574 1.89589
0.401425727959 0.907762 0.841875 0.839503827205 0.915037 0.923993 0.935288 0.949977 0.969857 0.998269 1.04221 1.11917 1.2888 1.97158
0.418879020479 0.901326 0.830463 0.827897465934 0.909175 0.918839 0.931028 0.946879 0.968332 0.998993 1.04641 1.12947 1.31253 2.0494
0.436332312999 0.894762 0.818842 0.816077035761 0.903201 0.91359 0.926695 0.943737 0.966803 0.99977 1.05075 1.14006 1.3369 2.12922
0.453785605519 0.888077 0.807028 0.804061277935 0.897118 0.90825 0.922291 0.940552 0.965268 1.00059 1.05522 1.15092 1.36186 2.21091
0.471238898038 0.881275 0.795041 0.791868573926 0.890932 0.902822 0.917819 0.937324 0.963724 1.00146 1.05981 1.16204 1.38736 2.29433
0.488692190558 0.874363 0.782897 0.77951714167 0.884647 0.897308 0.91328 0.934052 0.962169 1.00236 1.06451 1.17338 1.41336 2.37934
0.506145483078 0.867345 0.770615 0.767024937441 0.878266 0.891713 0.908676 0.930737 0.960599 1.00328 1.06929 1.18493 1.43982 2.46581
0.523598775598 0.860227 0.758211 0.754409590444 0.871795 0.886039 0.904007 0.927377 0.959011 1.00423 1.07416 1.19666 1.46668 2.55361
0.541052068118 0.853013 0.745702 0.741688468224 0.865236 0.880288 0.899276 0.923972 0.957402 1.00519 1.07909 1.20855 1.49391 2.6426
0.558505360638 0.845707 0.733105 0.72887867667 0.858594 0.874464 0.894483 0.920522 0.955768 1.00615 1.08407 1.22057 1.52146 2.73263
0.575958653158 0.838315 0.720436 0.715996929182 0.851873 0.868568 0.889629 0.917023 0.954106 1.00711 1.08909 1.23271 1.54928 2.82358
0.593411945678 0.83084 0.70771 0.703059644797 0.845074 0.862602 0.884715 0.913476 0.952411 1.00807 1.09414 1.24493 1.57732 2.9153
0.610865238198 0.823287 0.694944 0.690082882769 0.838202 0.856569 0.87974 0.90988 0.950679 1.009 1.0992 1.25722 1.60554 3.00766
0.628318530718 0.81566 0.682153 0.677082342576 0.83126 0.850471 0.874707 0.906231 0.948907 1.00991 1.10426 1.26955 1.63389 3.10052
0.645771823238 0.807962 0.669351 0.664073363915 0.82425 0.844308 0.869614 0.90253 0.947089 1.01079 1.1093 1.28189 1.66233 3.19375
0.663225115758 0.800198 0.656552 0.65107082858 0.817176 0.838084 0.864462 0.898774 0.945223 1.01162 1.11432 1.29423 1.69081 3.28722
0.680678408278 0.792371 0.643772 0.638089291296 0.81004 0.831799 0.859252 0.894961 0.943303 1.01241 1.11929 1.30654 1.71929 3.38078
0.698131700798 0.784485 0.631023 0.625142816175 0.802845 0.825456 0.853983 0.89109 0.941325 1.01314 1.12421 1.31879 1.74771 3.4743
0.715584993318 0.776543 0.618319 0.612245042138 0.795593 0.819055 0.848655 0.88716 0.939286 1.0138 1.12905 1.33096 1.77604 3.56766
0.733038285838 0.768548 0.605673 0.599409150204 0.788288 0.812598 0.843269 0.883167 0.937179 1.01439 1.13382 1.34304 1.80423 3.66073
0.750491578358 0.760505 0.593096 0.586647961613 0.780931 0.806087 0.837825 0.87911 0.935002 1.0149 1.13848 1.35499 1.83224 3.75337
0.767944870878 0.752416 0.580602 0.573973643457 0.773525 0.799521 0.832321 0.874988 0.93275 1.01532 1.14304 1.36679 1.86002 3.84547
0.785398163397 0.744284 0.5682 0.561398068467 0.766071 0.792904 0.826759 0.870798 0.930418 1.01565 1.14748 1.37843 1.88753 3.93688
0.802851455917 0.736113 0.555903 0.548932487934 0.758573 0.786236 0.821137 0.866538 0.928003 1.01587 1.15178 1.38988 1.91473 4.0275
0.820304748437 0.727905 0.54372 0.536587695248 0.751033 0.779517 0.815457 0.862207 0.9255 1.01598 1.15593 1.40111 1.94158 4.1172
0.837758040957 0.719663 0.531662 0.524373993189 0.743452 0.77275 0.809716 0.857803 0.922905 1.01597 1.15992 1.41211 1.96803 4.20587
0.855211333477 0.711391 0.519737 0.512301161225 0.735833 0.765935 0.803916 0.853324 0.920213 1.01584 1.16374 1.42286 1.99405 4.29338
0.872664625997 0.703091 0.507956 0.500378488211 0.728177 0.759073 0.798056 0.848767 0.917422 1.01557 1.16738 1.43334 2.0196 4.37962
0.890117918517 0.694765 0.496327 0.488614641567 0.720486 0.752166 0.792136 0.844132 0.914527 1.01516 1.17082 1.44352 2.04465 4.46448
0.907571211037 0.686417 0.484857 0.477017896226 0.712763 0.745213 0.786156 0.839416 0.911523 1.01461 1.17405 1.45338 2.06914 4.54786
0.925024503557 0.678048 0.473554 0.465595872974 0.70501 0.738217 0.780115 0.834619 0.908408 1.0139 1.17706 1.46292 2.09305 4.62964
0.942477796077 0.669663 0.462425 0.454355800113 0.697227 0.731177 0.774013 0.829737 0.905178 1.01303 1.17985 1.4721 2.11634 4.70973
0.959931088597 0.661262 0.451476 0.44330421909 0.689418 0.724096 0.767851 0.82477 0.90183 1.01199 1.18239 1.48092 2.13898 4.78801
0.977384381117 0.652849 0.440714 0.432447246161 0.681583 0.716974 0.761627 0.819716 0.898359 1.01079 1.18468 1.48935 2.16093 4.8644
0.994837673637 0.644426 0.430144 0.421790441557 0.673725 0.709811 0.755342 0.814573 0.894763 1.0094 1.18672 1.49737 2.18217 4.9388
1.01229096616 0.635995 0.41977 0.411338842192 0.665844 0.702609 0.748997 0.809341 0.891039 1.00783 1.18848 1.50498 2.20265 5.01112
1.02974425868 0.627558 0.409598 0.401096961667 0.657944 0.695369 0.74259 0.804018 0.887183 1.00608 1.18997 1.51215 2.22235 5.08127
1.0471975512 0.619118 0.399631 0.391068757558 0.650025 0.688092 0.736122 0.798603 0.883193 1.00412 1.19117 1.51887 2.24125 5.14917
1.06465084372 0.610678 0.389872 0.381257696832 0.642089 0.680778 0.729593 0.793094 0.879067 1.00197 1.19208 1.52513 2.25931 5.21473
1.08210413624 0.602238 0.380324 0.371666755848 0.634139 0.673429 0.723002 0.787492 0.874801 0.999617 1.19268 1.53091 2.2765 5.27787
1.09955742876 0.593802 0.370991 0.362298387651 0.626174 0.666045 0.716351 0.781794 0.870393 0.997054 1.19297 1.5362 2.29281 5.33853
1.11701072128 0.585372 0.361873 0.353154554673 0.618197 0.658627 0.709639 0.775999 0.865841 0.994278 1.19294 1.54098 2.3082 5.39662
1.1344640138 0.576948 0.352973 0.344236761449 0.610211 0.651178 0.702867 0.770109 0.861144 0.991287 1.19258 1.54525 2.32265 5.45208
1.15191730632 0.568535 0.344292 0.335545956489 0.602215 0.643696 0.696035 0.764121 0.856298 0.988075 1.1919 1.54899 2.33615 5.50485
1.16937059884 0.560133 0.335829 0.327082728522 0.594211 0.636184 0.689143 0.758035 0.851304 0.98464 1.19088 1.55219 2.34867 5.55487
1.18682389136 0.551744 0.327586 0.318847110256 0.586203 0.628643 0.682191 0.75185 0.846158 0.980979 1.18951 1.55485 2.36019 5.60207
1.20427718388 0.543371 0.319561 0.310838774619 0.578189 0.621073 0.675181 0.745568 0.84086 0.977088 1.1878 1.55695 2.37069 5.64641
1.2217304764 0.535015 0.311755 0.303056871223 0.570174 0.613476 0.668112 0.739186 0.835409 0.972966 1.18573 1.55848 2.38017 5.68783
1.23918376892 0.526678 0.304167 0.295500255313 0.562157 0.605853 0.660986 0.732706 0.829803 0.96861 1.18331 1.55945 2.38859 5.72629
1.25663706144 0.518362 0.296794 0.28816725882 0.55414 0.598205 0.653803 0.726127 0.824042 0.964018 1.18052 1.55983 2.39595 5.76175
1.27409035396 0.510068 0.289635 0.281055886604 0.546125 0.590533 0.646563 0.719449 0.818125 0.959189 1.17737 1.55963 2.40224 5.79416
1.29154364648 0.501799 0.282688 0.274163783741 0.538113 0.582838 0.639268 0.712674 0.812052 0.954121 1.17386 1.55883 2.40744 5.8235
1.308996939 0.493556 0.27595 0.26748813741 0.530107 0.575122 0.631918 0.7058 0.805823 0.948812 1.16998 1.55744 2.41155 5.84973
1.32645023152 0.485341 0.269419 0.261025905837 0.522106 0.567386 0.624514 0.698829 0.799438 0.943263 1.16572 1.55545 2.41455 5.87282
1.34390352404 0.477156 0.26309 0.254773654761 0.514114 0.55963 0.617058 0.691762 0.792896 0.937473 1.16109 1.55286 2.41644 5.89275
1.36135681656 0.469002 0.256962 0.248727688264 0.50613 0.551857 0.60955 0.684598 0.786198 0.931441 1.15609 1.54965 2.41721 5.9095
1.37881010908 0.46088 0.251029 0.24288391794 0.498158 0.544068 0.601992 0.67734 0.779346 0.925168 1.15071 1.54584 2.41685 5.92305
1.3962634016 0.452793 0.245288 0.237238091849 0.490198 0.536264 0.594384 0.669987 0.772339 0.918654 1.14496 1.54143 2.41537 5.93339
1.41371669412 0.444742 0.239735 0.231785663683 0.482251 0.528446 0.586728 0.662542 0.765178 0.911899 1.13883 1.5364 2.41276 5.94052
1.43116998664 0.436728 0.234365 0.22652179277 0.47432 0.520616 0.579026 0.655005 0.757865 0.904905 1.13233 1.53076 2.40902 5.94442
1.44862327916 0.428754 0.229173 0.221441474903 0.466406 0.512776 0.571279 0.647379 0.750401 0.897673 1.12546 1.52451 2.40415 5.94509
1.46607657168 0.42082 0.224155 0.216539476922 0.45851 0.504927 0.563488 0.639663 0.742787 0.890204 1.11821 1.51766 2.39816 5.94255
1.4835298642 0.412927 0.219304 0.211810402133 0.450633 0.497069 0.555655 0.631861 0.735025 0.882501 1.1106 1.51019 2.39104 5.93679
1.50098315672 0.405078 0.214617 0.207248657597 0.442778 0.489206 0.547781 0.623973 0.727118 0.874565 1.10261 1.50213 2.38279 5.92782
1.51843644924 0.397274 0.210087 0.202848486839 0.434946 0.481339 0.539869 0.616002 0.719067 0.866398 1.09427 1.49347 2.37344 5.91565
1.53588974176 0.389516 0.205709 0.198604035263 0.427138 0.473468 0.531919 0.607949 0.710874 0.858004 1.08556 1.48422 2.36297 5.90031
1.55334303427 0.381806 0.201478 0.19450935015 0.419355 0.465597 0.523935 0.599817 0.702542 0.849385 1.0765 1.47438 2.35141 5.88182
1.57079632679 0.374145 0.197387 0.190558347955 0.4116 0.457726 0.515917 0.591608 0.694074 0.840545 1.06708 1.46395 2.33875 5.86018
1.58824961931 0.366533 0.19343 0.186744912421 0.403873 0.449857 0.507868 0.583324 0.685471 0.831487 1.05732 1.45295 2.32502 5.83544
1.60570291183 0.358973 0.189603 0.183062763759 0.396177 0.441992 0.49979 0.574968 0.676738 0.822214 1.04721 1.44137 2.31021 5.80763
1.62315620435 0.351467 0.185898 0.1795057203 0.388512 0.434132 0.491684 0.566542 0.667878 0.812732 1.03677 1.42924 2.29436 5.77677
1.64060949687 0.344014 0.18231 0.176067534961 0.380881 0.42628 0.483554 0.558049 0.658893 0.803043 1.02599 1.41655 2.27745 5.7429
1.65806278939 0.336616 0.178833 0.172741862536 0.373284 0.418438 0.475401 0.549492 0.649787 0.793153 1.01488 1.40332 2.25953 5.70607
1.67551608191 0.329275 0.175461 0.16952248865 0.365724 0.410607 0.467228 0.540873 0.640565 0.783067 1.00346 1.38955 2.24059 5.66632
1.69296937443 0.321992 0.172188 0.166403166218 0.358201 0.402789 0.459037 0.532196 0.631229 0.772789 0.991723 1.37526 2.22066 5.62369
1.71042266695 0.314768 0.169008 0.163377713573 0.350718 0.394986 0.45083 0.523463 0.621784 0.762324 0.97968 1.36045 2.19975 5.57823
1.72787595947 0.307604 0.165915 0.160440014459 0.343275 0.3872 0.44261 0.514678 0.612234 0.751679 0.96734 1.34514 2.17789 5.53
1.74532925199 0.300501 0.162904 0.157584018038 0.335875 0.379432 0.434379 0.505844 0.602582 0.740858 0.95471 1.32934 2.1551 5.47905
1.76278254451 0.293461 0.159968 0.154803738883 0.328518 0.371686 0.42614 0.496965 0.592834 0.729869 0.941799 1.31306 2.13139 5.42543
1.78023583703 0.286484 0.157103 0.152093355105 0.321207 0.363962 0.417896 0.488043 0.582995 0.718716 0.928614 1.29631 2.10679 5.36921
1.79768912955 0.279571 0.154302 0.149447142937 0.313942 0.356264 0.40965 0.479083 0.573068 0.707406 0.915165 1.27911 2.08132 5.31046
1.81514242207 0.272724 0.15156 0.146859444027 0.306726 0.348592 0.401403 0.470088 0.563059 0.695946 0.90146 1.26147 2.05501 5.24923
1.83259571459 0.265944 0.148873 0.144324828971 0.299559 0.340949 0.393159 0.461061 0.552972 0.684343 0.887511 1.24341 2.02789 5.1856
1.85004900711 0.259232 0.146235 0.141838031903 0.292444 0.333338 0.384921 0.452007 0.542813 0.672604 0.873326 1.22494 1.99996 5.11964
1.86750229963 0.252588 0.14364 0.13939388508 0.285382 0.32576 0.376691 0.442929 0.532586 0.660734 0.858915 1.20608 1.97128 5.05141
1.88495559215 0.246015 0.141086 0.136987417 0.278374 0.318217 0.368473 0.433832 0.522298 0.648743 0.844289 1.18683 1.94186 4.981
1.90240888467 0.239511 0.138565 0.134613917821 0.271422 0.310711 0.360269 0.424719 0.511953 0.636638 0.829458 1.16723 1.91172 4.90849
1.91986217719 0.23308 0.136076 0.132268808529 0.264527 0.303245 0.352082 0.415594 0.501558 0.624425 0.814434 1.14728 1.88091 4.83394
1.93731546971 0.226721 0.133612 0.12994773906 0.257691 0.295821 0.343916 0.406461 0.491117 0.612113 0.799227 1.127 1.84944 4.75745
1.95476876223 0.220436 0.131171 0.127646555594 0.250916 0.288441 0.335773 0.397326 0.480637 0.59971 0.783849 1.10641 1.81736 4.6791
1.97222205475 0.214225 0.128748 0.12536136597 0.244202 0.281108 0.327656 0.388191 0.470123 0.587224 0.768312 1.08552 1.78469 4.59897
1.98967534727 0.20809 0.126341 0.123088441561 0.237551 0.273822 0.31957 0.379061 0.459581 0.574662 0.752626 1.06436 1.75146 4.51715
2.00712863979 0.202031 0.123944 0.120824413523 0.230965 0.266587 0.311515 0.369941 0.449017 0.562034 0.736804 1.04294 1.7177 4.43372
2.02458193231 0.196048 0.121557 0.118566011131 0.224445 0.259405 0.303497 0.360835 0.438438 0.549348 0.720858 1.02129 1.68345 4.34879
2.04203522483 0.190144 0.119175 0.116310290732 0.217993 0.252278 0.295518 0.351747 0.427848 0.536611 0.704801 0.999409 1.64875 4.26243
2.05948851735 0.184319 0.116796 0.114054570333 0.21161 0.245208 0.287581 0.342682 0.417255 0.523834 0.688644 0.977331 1.61362 4.17475
2.07694180987 0.178573 0.114418 0.111796396892 0.205298 0.238198 0.27969 0.333644 0.406665 0.511024 0.6724 0.955071 1.57809 4.08583
2.09439510239 0.172908 0.112038 0.109533513607 0.199058 0.231249 0.271847 0.324638 0.396084 0.498191 0.656083 0.932649 1.54221 3.99577
2.11184839491 0.167323 0.109655 0.107264023459 0.192891 0.224364 0.264056 0.315668 0.385518 0.485342 0.639704 0.910084 1.50601 3.90467
2.12930168743 0.161821 0.107267 0.104986225672 0.186798 0.217545 0.25632 0.306739 0.374973 0.472488 0.623277 0.887396 1.46952 3.81262
2.14675497995 0.156401 0.104873 0.102698713833 0.180782 0.210794 0.248643 0.297856 0.364457 0.459637 0.606814 0.864606 1.43278 3.71973
2.16420827247 0.151065 0.102471 0.100400277776 0.174844 0.204114 0.241027 0.289022 0.353975 0.446798 0.590329 0.841733 1.39583 3.62608
2.18166156499 0.145813 0.100061 0.0980900016969 0.168985 0.197507 0.233476 0.280244 0.343534 0.43398 0.573835 0.818798 1.35869 3.53179
2.19911485751 0.140645 0.0976415 0.095767231451 0.163206 0.190975 0.225993 0.271524 0.33314 0.421193 0.557345 0.795821 1.32141 3.43694
2.21656815003 0.135563 0.0952127 0.0934315418443 0.157508 0.18452 0.218581 0.262869 0.3228 0.408445 0.540872 0.772821 1.28403 3.34165
2.23402144255 0.130567 0.0927742 0.0910828020478 0.151894 0.178144 0.211244 0.254281 0.31252 0.395745 0.524429 0.749821 1.24657 3.246
2.25147473507 0.125658 0.0903261 0.0887210120615 0.146364 0.171849 0.203985 0.245767 0.302307 0.383103 0.50803 0.72684 1.20908 3.1501
2.26892802759 0.120836 0.0878686 0.0863465316651 0.14092 0.165638 0.196807 0.237331 0.292167 0.370527 0.491688 0.703899 1.17159 3.05405
2.28638132011 0.116102 0.0854024 0.0839598841745 0.135562 0.159513 0.189713 0.228977 0.282107 0.358028 0.475416 0.681017 1.13414 2.95796
2.30383461263 0.111457 0.0829279 0.0815618872707 0.130293 0.153476 0.182706 0.220709 0.272132 0.345613 0.459227 0.658217 1.09677 2.86191
2.32128790515 0.106901 0.0804463 0.0791534567565 0.125114 0.147528 0.17579 0.212533 0.26225 0.333293 0.443135 0.635517 1.0595 2.76602
2.33874119767 0.102435 0.0779587 0.0767358027999 0.120025 0.141673 0.168968 0.204452 0.252467 0.321075 0.427152 0.612938 1.02239 2.67037
2.35619449019 0.0980587 0.0754663 0.0743103645196 0.115028 0.135912 0.162242 0.196472 0.242788 0.308969 0.411292 0.590501 0.98545 2.57508
2.37364778271 0.0937735 0.0729707 0.0718787445704 0.110124 0.130246 0.155616 0.188596 0.233221 0.296984 0.395567 0.568225 0.948734 2.48024
2.39110107523 0.0895796 0.0704737 0.0694427091435 0.105315 0.124679 0.149093 0.18083 0.223771 0.285128 0.379991 0.54613 0.912272 2.38594
2.40855436775 0.0854775 0.067977 0.0670042533807 0.100601 0.119212 0.142675 0.173177 0.214445 0.273411 0.364575 0.524237 0.876099 2.29229
2.42600766027 0.0814677 0.0654828 0.0645654705454 0.0959841 0.113847 0.136367 0.165641 0.205249 0.261841 0.349334 0.502564 0.840251 2.19938
2.44346095279 0.0775507 0.0629933 0.0621286828519 0.0914647 0.108586 0.13017 0.158228 0.196188 0.250426 0.334279 0.481131 0.804761 2.10731
2.46091424531 0.0737269 0.0605108 0.0596963433434 0.0870441 0.103431 0.124088 0.15094 0.187269 0.239175 0.319422 0.459958 0.769665 2.01617
2.47836753783 0.0699968 0.0580377 0.057271035892 0.0827234 0.0983828 0.118123 0.143783 0.178498 0.228097 0.304776 0.439063 0.734996 1.92606
2.49582083035 0.0663607 0.0555768 0.0548554424917 0.0785037 0.0934446 0.112279 0.13676 0.16988 0.2172 0.290353 0.418465 0.700787 1.83706
2.51327412287 0.062819 0.0531308 0.0524524413798 0.074386 0.0886177 0.106558 0.129875 0.161421 0.206491 0.276165 0.398182 0.667071 1.74928
2.53072741539 0.0593722 0.0507023 0.0500649107936 0.0703712 0.0839037 0.100962 0.123133 0.153127 0.195979 0.262223 0.378233 0.633881 1.66279
2.54818070791 0.0560205 0.0482945 0.047695925214 0.0664604 0.0793045 0.0954944 0.116537 0.145003 0.185671 0.24854 0.358635 0.601249 1.57769
2.56563400043 0.0527644 0.0459103 0.0453485918289 0.0626544 0.0748216 0.0901579 0.11009 0.137054 0.175576 0.235125 0.339406 0.569205 1.49407
2.58308729295 0.0496042 0.0435527 0.0430260505337 0.0589542 0.0704568 0.0849548 0.103797 0.129287 0.1657 0.22199 0.320563 0.53778 1.412
2.60054058547 0.0465401 0.041225 0.0407315720527 0.0553606 0.0662115 0.0798877 0.0976617 0.121705 0.156052 0.209147 0.302123 0.507005 1.33158
2.61799387799 0.0435725 0.0389302 0.03846842711 0.0518745 0.0620872 0.0749588 0.0916866 0.114314 0.146638 0.196605 0.284102 0.476909 1.25288
2.63544717051 0.0407016 0.0366717 0.0362399191372 0.0484968 0.0580856 0.0701706 0.0858756 0.107119 0.137466 0.184374 0.266516 0.44752 1.17598
2.65290046303 0.0379277 0.0344526 0.0340493842731 0.0452281 0.0542081 0.0655252 0.0802321 0.100125 0.128541 0.172466 0.249381 0.418866 1.10097
2.67035375555 0.035251 0.0322763 0.0319001586563 0.0420693 0.0504559 0.0610249 0.0747592 0.0933361 0.119872 0.160889 0.232712 0.390975 1.02791
2.68780704807 0.0326718 0.0301459 0.0297956111329 0.039021 0.0468305 0.0566718 0.0694602 0.086757 0.111464 0.149654 0.216524 0.363873 0.956877
2.70526034059 0.0301902 0.0280646 0.0277390451343 0.0360841 0.0433331 0.052468 0.0643379 0.0803921 0.103324 0.138768 0.200831 0.337585 0.887947
2.72271363311 0.0278064 0.0260359 0.0257337640921 0.033259 0.039965 0.0484153 0.0593953 0.0742456 0.0954569 0.128242 0.185647 0.312136 0.821185
2.74016692563 0.0255206 0.0240627 0.0237830060232 0.0305464 0.0367274 0.0445157 0.0546353 0.0683214 0.0878695 0.118083 0.170985 0.287551 0.756658
2.75762021815 0.0233328 0.0221483 0.0218900089448 0.0279469 0.0336213 0.040771 0.0500604 0.0626235 0.0805671 0.1083 0.156858 0.263851 0.69443
2.77507351067 0.0212434 0.0202957 0.020057912752 0.0254611 0.0306478 0.0371828 0.0456733 0.0571555 0.073555 0.0989008 0.143278 0.241059 0.634561
2.79252680319 0.0192522 0.018508 0.0182897592184 0.0230894 0.027808 0.0337528 0.0414764 0.0519211 0.0668383 0.0898928 0.130258 0.219196 0.577111
2.80998009571 0.0173595 0.016788 0.0165885574104 0.0208324 0.0251027 0.0304826 0.037472 0.0469236 0.060422 0.0812832 0.117808 0.198282 0.522135
2.82743338823 0.0155652 0.0151387 0.0149571855653 0.0186903 0.0225328 0.0273736 0.0336623 0.0421661 0.0543105 0.0730788 0.105938 0.178337 0.469686
2.84488668075 0.0138694 0.0135628 0.0133984237987 0.0166637 0.0200992 0.0244272 0.0300494 0.0376516 0.0485083 0.065286 0.0946597 0.159377 0.419815
2.86233997327 0.0122721 0.012063 0.0119149868118 0.0147528 0.0178026 0.0216445 0.0266351 0.033383 0.0430194 0.0579108 0.0839817 0.141422 0.37257
2.87979326579 0.0107732 0.0106417 0.0105093276477 0.0129579 0.0156437 0.0190268 0.0234213 0.0293629 0.0378476 0.050959 0.073913 0.124485 0.327993
2.89724655831 0.00937277 0.00930135 0.00918393205685 0.0112793 0.0136231 0.0165751 0.0204095 0.0255937 0.0329965 0.0444358 0.0644619 0.108583 0.286128
2.91469985083 0.00807069 0.00804423 0.0079410241318 0.00971723 0.0117412 0.0142904 0.0176013 0.0220776 0.0284693 0.0383459 0.0556359 0.0937279 0.247012
2.93215314335 0.00686687 0.00687244 0.00678269713604 0.00827177 0.00999862 0.0121735 0.014998 0.0188166 0.024269 0.0326939 0.0474422 0.0799338 0.210681
2.94960643587 0.00576117 0.00578794 0.00571091350413 0.00694306 0.00839568 0.0102251 0.0126008 0.0158125 0.0203982 0.0274836 0.0398869 0.0672116 0.177166
2.96705972839 0.00475343 0.00479252 0.00472743942717 0.00573112 0.00693269 0.0084458 0.0104107 0.013067 0.0168593 0.0227188 0.0329757 0.0555715 0.146495
2.98451302091 0.00384347 0.00388782 0.00383387756004 0.00463597 0.00560987 0.0068362 0.00842864 0.0105812 0.0136543 0.0184024 0.0267135 0.0450226 0.118696
3.00196631343 0.00303106 0.00307528 0.00303163431419 0.00365753 0.00442735 0.00539663 0.00665521 0.00835638 0.010785 0.0145371 0.0211047 0.0355724 0.093788
3.01941960595 0.00231591 0.00235615 0.00232188715033 0.00279568 0.00338517 0.00412734 0.00509097 0.00639338 0.00825263 0.011125 0.0161525 0.0272275 0.0717905
3.03687289847 0.00169773 0.0017315 0.00170568270024 0.00205021 0.00248327 0.00302845 0.00373625 0.00469284 0.00605834 0.00816781 0.0118599 0.019993 0.0527178
3.05432619099 0.00117615 0.00120219 0.00118377323048 0.00142087 0.00172149 0.00209992 0.00259119 0.0032551 0.00420275 0.00566665 0.00822877 0.0138725 0.0365806
3.07177948351 0.000750762 0.000768872 0.000756747471436 0.000907292 0.00109957 0.00134158 0.00165573 0.00208025 0.00268617 0.00362211 0.00526014 0.0088682 0.0233854
3.08923277603 0.000421074 0.000431956 0.000424932495522 0.000509046 0.000617095 0.000753081 0.000929585 0.00116808 0.00150845 0.0020342 0.00295428 0.00498087 0.0131348
3.10668606855 0.000186527 0.000191622 0.000188393717227 0.000225579 0.000273536 0.000333885 0.000412208 0.000518028 0.000669042 0.000902284 0.00131045 0.00220945 0.00582645
3.12413936107 4.64509e-05 4.77771e-05 4.69348930938e-05 5.61974e-05 6.81645e-05 8.32219e-05 0.000102761 0.000129158 0.000166824 0.000224995 0.000326787 0.000550976 0.00145295
3.14159265359 0.0 0.0 0.0 0.0 0.0 0.0 0.0 0.0 0.0 0.0 0.0 0.0 0.0
