alpha phi_iso phi_ray phi_vec g0=0.1 g0=0.2 g0=0.3 g0=0.4 g0=0.5 g0=0.6 g0=0.7 g0=0.8 g0=0.9 g0=1.0
0.0 1.0 1.0 1.0 1.0 1.0 1.0 1.0 1.0 1.0 1.0 1.0 1.0 1.0
0.0174532925199 0.999677 0.999539 0.999528341152 0.999693 0.99971 0.999732 0.999758 0.999792 0.999835 0.999895 0.999981 1.00012 1.00037
0.0349065850399 0.998772 0.998223 0.99817928626 0.998832 0.998902 0.998986 0.99909 0.999221 0.999391 0.999624 0.999961 1.0005 1.00147
0.0523598775598 0.997378 0.996155 0.996050916782 0.997508 0.997662 0.997847 0.998075 0.998363 0.998739 0.999252 0.999996 1.00117 1.00333
0.0698131700798 0.995565 0.993417 0.993221137629 0.995791 0.996058 0.99638 0.996777 0.997278 0.997933 0.998828 1.00012 1.00218 1.00594
0.0872664625997 0.993382 0.990062 0.989742303464 0.993727 0.994135 0.994628 0.995236 0.996004 0.997009 0.998381 1.00037 1.00353 1.00931
0.10471975512 0.990857 0.986125 0.985649787327 0.991343 0.991921 0.992618 0.993477 0.994564 0.995987 0.99793 1.00075 1.00523 1.01342
0.12217304764 0.988012 0.981636 0.980970979524 0.988662 0.989434 0.990367 0.991518 0.992975 0.994882 0.997489 1.00127 1.00728 1.01828
0.13962634016 0.984864 0.976616 0.975730176132 0.9857 0.986693 0.987893 0.989374 0.99125 0.993706 0.997065 1.00194 1.00968 1.02387
0.157079632679 0.981428 0.97109 0.969950492299 0.982471 0.983709 0.985207 0.987056 0.989399 0.992468 0.996667 1.00277 1.01244 1.03019
0.174532925199 0.977721 0.965079 0.963654438974 0.97899 0.980499 0.982324 0.984578 0.987435 0.991178 0.9963 1.00374 1.01556 1.03722
0.191986217719 0.973755 0.958605 0.95686405107 0.97527 0.977073 0.979254 0.981948 0.985365 0.989843 0.995971 1.00488 1.01902 1.04495
0.209439510239 0.969542 0.951688 0.94960093324 0.971323 0.973442 0.976007 0.979177 0.983198 0.988468 0.995682 1.00617 1.02282 1.05336
0.226892802759 0.965094 0.944348 0.941886296492 0.967159 0.969618 0.972594 0.976273 0.98094 0.987058 0.995436 1.00762 1.02696 1.06244
0.244346095279 0.960423 0.936605 0.933740976499 0.96279 0.965609 0.969022 0.973242 0.978597 0.98562 0.995236 1.00922 1.03142 1.07216
0.261799387799 0.955538 0.92848 0.925185488525 0.958225 0.961425 0.9653 0.970094 0.976177 0.984155 0.995081 1.01097 1.03621 1.08252
0.279252680319 0.95045 0.91999 0.916240082355 0.953473 0.957074 0.961436 0.966833 0.973682 0.982667 0.994974 1.01287 1.04131 1.09348
0.296705972839 0.945167 0.911154 0.906924769755 0.948542 0.952563 0.957436 0.963464 0.971118 0.981158 0.994912 1.01492 1.0467 1.10502
0.314159265359 0.939697 0.901992 0.897259351938 0.943441 0.947901 0.953306 0.959994 0.968486 0.979629 0.994895 1.0171 1.05238 1.11713
0.331612557879 0.93405 0.89252 0.887263437872 0.938175 0.943092 0.949051 0.956426 0.965792 0.978081 0.994921 1.01942 1.05834 1.12978
0.349065850399 0.928232 0.882758 0.876956435125 0.932754 0.938144 0.944678 0.952765 0.963036 0.976515 0.994987 1.02186 1.06457 1.14294
0.366519142919 0.922251 0.872722 0.866357586487 0.927183 0.933062 0.94019 0.949014 0.960222 0.974931 0.995091 1.02442 1.07104 1.15659
0.383972435439 0.916114 0.86243 0.855485979116 0.921469 0.927852 0.935593 0.945176 0.95735 0.973329 0.99523 1.0271 1.07774 1.1707
0.401425727959 0.909828 0.8519 0.844360480467 0.915617 0.92252 0.930891 0.941255 0.954422 0.971707 0.995399 1.02988 1.08467 1.18525
0.418879020479 0.903399 0.841149 0.832999802363 0.909634 0.917069 0.926087 0.937253 0.951439 0.970064 0.995595 1.03275 1.0918 1.2002
0.436332312999 0.896834 0.830193 0.821422446078 0.903525 0.911505 0.921184 0.933171 0.948402 0.968399 0.995813 1.03571 1.09912 1.21553
0.453785605519 0.890138 0.81905 0.809646729793 0.897295 0.905832 0.916188 0.929013 0.945311 0.96671 0.996048 1.03875 1.10662 1.23122
0.471238898038 0.883316 0.807734 0.797690715363 0.890949 0.900054 0.911099 0.92478 0.942166 0.964995 0.996295 1.04185 1.11427 1.24722
0.488692190558 0.876376 0.796264 0.785572263245 0.884493 0.894175 0.905922 0.920474 0.938967 0.963252 0.996549 1.04502 1.12206 1.26351
0.506145483078 0.869321 0.784655 0.773308977567 0.877929 0.888199 0.90066 0.916096 0.935714 0.961478 0.996805 1.04823 1.12998 1.28006
0.523598775598 0.862157 0.772922 0.760918196979 0.871264 0.882129 0.895313 0.911646 0.932406 0.95967 0.997057 1.05148 1.138 1.29685
0.541052068118 0.854889 0.76108 0.748416994648 0.864501 0.875969 0.889886 0.907127 0.929043 0.957827 0.997298 1.05476 1.14611 1.31383
0.558505360638 0.847523 0.749146 0.735822141643 0.857644 0.869722 0.884379 0.902539 0.925624 0.955943 0.997523 1.05805 1.15429 1.33099
0.575958653158 0.840061 0.737134 0.723150088625 0.850698 0.863391 0.878796 0.897883 0.922147 0.954018 0.997726 1.06136 1.16252 1.34828
0.593411945678 0.83251 0.725057 0.710416975002 0.843666 0.856979 0.873137 0.893159 0.918612 0.952046 0.9979 1.06466 1.17079 1.36568
0.610865238198 0.824873 0.712932 0.697638601464 0.836552 0.850489 0.867406 0.888368 0.915018 0.950025 0.998039 1.06794 1.17908 1.38316
0.628318530718 0.817155 0.700771 0.684830393366 0.829359 0.843923 0.861602 0.88351 0.911363 0.947952 0.998136 1.0712 1.18737 1.40069
0.645771823238 0.80936 0.688588 0.672007428192 0.822091 0.837285 0.855729 0.878586 0.907646 0.945822 0.998185 1.07442 1.19564 1.41824
0.663225115758 0.801492 0.676396 0.659184371473 0.814751 0.830576 0.849787 0.873595 0.903866 0.943633 0.998179 1.0776 1.20388 1.43577
0.680678408278 0.793555 0.664208 0.646375513405 0.807343 0.823799 0.843778 0.868538 0.90002 0.941379 0.998111 1.08071 1.21206 1.45325
0.698131700798 0.785553 0.652037 0.633594695611 0.799869 0.816957 0.837703 0.863414 0.896107 0.939059 0.997976 1.08376 1.22017 1.47067
0.715584993318 0.77749 0.639894 0.620855366073 0.792333 0.810051 0.831563 0.858225 0.892127 0.936667 0.997765 1.08673 1.22819 1.48798
0.733038285838 0.769368 0.627792 0.608170515046 0.784738 0.803084 0.82536 0.852968 0.888076 0.934201 0.997474 1.08961 1.23611 1.50515
0.750491578358 0.761193 0.615741 0.595552675057 0.777086 0.796058 0.819094 0.847646 0.883954 0.931657 0.997095 1.09238 1.2439 1.52216
0.767944870878 0.752966 0.603753 0.583013930066 0.76938 0.788975 0.812767 0.842257 0.879758 0.92903 0.996622 1.09504 1.25156 1.53898
0.785398163397 0.744693 0.591838 0.570565878841 0.761624 0.781837 0.806379 0.836801 0.875487 0.926317 0.996047 1.09759 1.25905 1.55558
0.802851455917 0.736375 0.580006 0.558219662425 0.753819 0.774645 0.799933 0.831278 0.87114 0.923515 0.995366 1.09999 1.26638 1.57193
0.820304748437 0.728017 0.568267 0.545985909208 0.745969 0.767402 0.793427 0.825688 0.866714 0.92062 0.994572 1.10226 1.27351 1.58801
0.837758040957 0.719621 0.55663 0.533874744082 0.738076 0.760109 0.786865 0.82003 0.862208 0.917628 0.993658 1.10437 1.28044 1.60378
0.855211333477 0.711191 0.545103 0.521895825059 0.730142 0.752769 0.780245 0.814305 0.85762 0.914536 0.992618 1.10632 1.28715 1.61923
0.872664625997 0.702729 0.533696 0.510058270035 0.722171 0.745383 0.77357 0.808512 0.852949 0.91134 0.991447 1.1081 1.29362 1.63431
0.890117918517 0.694239 0.522415 0.498370684252 0.714163 0.737952 0.76684 0.80265 0.848193 0.908037 0.990138 1.1097 1.29983 1.64902
0.907571211037 0.685723 0.511268 0.486841187764 0.706123 0.730479 0.760055 0.796721 0.843351 0.904624 0.988687 1.1111 1.30578 1.66332
0.925024503557 0.677185 0.500263 0.475477351354 0.698051 0.722964 0.753218 0.790722 0.838421 0.901098 0.987087 1.11231 1.31146 1.67719
0.942477796077 0.668627 0.489405 0.464286242305 0.68995 0.71541 0.746328 0.784655 0.833401 0.897455 0.985334 1.11331 1.31683 1.6906
0.959931088597 0.660052 0.478701 0.453274396941 0.681823 0.707818 0.739386 0.77852 0.828291 0.893693 0.983421 1.11409 1.3219 1.70354
0.977384381117 0.651463 0.468156 0.442447838932 0.673672 0.70019 0.732393 0.772315 0.823089 0.889808 0.981345 1.11465 1.32664 1.71598
0.994837673637 0.642862 0.457776 0.431812079295 0.665499 0.692527 0.72535 0.766041 0.817793 0.885799 0.9791 1.11497 1.33106 1.7279
1.01229096616 0.634252 0.447565 0.421372098084 0.657305 0.684831 0.718258 0.759698 0.812403 0.881661 0.976681 1.11506 1.33512 1.73928
1.02974425868 0.625635 0.437528 0.411132390168 0.649093 0.677103 0.711118 0.753286 0.806918 0.877394 0.974085 1.11489 1.33883 1.7501
1.0471975512 0.617014 0.427667 0.401096901139 0.640866 0.669344 0.70393 0.746805 0.801337 0.872994 0.971306 1.11448 1.34217 1.76033
1.06465084372 0.608392 0.417987 0.39126911887 0.632624 0.661558 0.696695 0.740256 0.795658 0.86846 0.968342 1.1138 1.34513 1.76997
1.08210413624 0.59977 0.408491 0.381652000266 0.62437 0.653744 0.689415 0.733637 0.789881 0.863788 0.965188 1.11285 1.3477 1.77899
1.09955742876 0.591152 0.399181 0.372248026202 0.616107 0.645904 0.68209 0.72695 0.784005 0.858978 0.96184 1.11164 1.34986 1.78738
1.11701072128 0.582539 0.390059 0.363059210671 0.607835 0.63804 0.674721 0.720194 0.778029 0.854028 0.958296 1.11014 1.35162 1.79512
1.1344640138 0.573933 0.381126 0.354087064166 0.599557 0.630153 0.667309 0.713371 0.771954 0.848936 0.954552 1.10836 1.35297 1.80219
1.15191730632 0.565338 0.372385 0.345332657767 0.591275 0.622245 0.659855 0.706479 0.765778 0.8437 0.950606 1.10629 1.35388 1.80859
1.16937059884 0.556754 0.363836 0.336796595671 0.582991 0.614317 0.65236 0.699521 0.759502 0.83832 0.946454 1.10393 1.35436 1.81429
1.18682389136 0.548185 0.355479 0.328479051814 0.574706 0.606371 0.644825 0.692496 0.753125 0.832793 0.942095 1.10127 1.3544 1.81929
1.20427718388 0.539633 0.347315 0.320379760714 0.566422 0.598408 0.637252 0.685405 0.746647 0.827121 0.937526 1.09831 1.354 1.82358
1.2217304764 0.531099 0.339343 0.312498044939 0.558141 0.59043 0.62964 0.678248 0.740068 0.8213 0.932746 1.09504 1.35314 1.82714
1.23918376892 0.522585 0.331563 0.304832805946 0.549866 0.582438 0.621993 0.671027 0.733388 0.815332 0.927753 1.09147 1.35182 1.82996
1.25663706144 0.514094 0.323974 0.297382579014 0.541597 0.574434 0.614309 0.663741 0.726608 0.809215 0.922545 1.08758 1.35004 1.83204
1.27409035396 0.505628 0.316574 0.290145496621 0.533336 0.566419 0.606592 0.656393 0.719727 0.802949 0.917122 1.08338 1.34779 1.83337
1.29154364648 0.497188 0.309362 0.283119352529 0.525086 0.558394 0.598842 0.648982 0.712747 0.796535 0.911483 1.07887 1.34507 1.83393
1.308996939 0.488776 0.302336 0.276301574321 0.516848 0.550362 0.59106 0.64151 0.705669 0.789972 0.905626 1.07404 1.34187 1.83374
1.32645023152 0.480395 0.295493 0.26968926917 0.508623 0.542324 0.583248 0.633977 0.698491 0.78326 0.899553 1.0689 1.3382 1.83277
1.34390352404 0.472045 0.288832 0.263279223842 0.500414 0.534282 0.575408 0.626386 0.691217 0.776401 0.893262 1.06343 1.33405 1.83102
1.36135681656 0.46373 0.28235 0.257067923003 0.492221 0.526236 0.56754 0.618737 0.683846 0.769395 0.886754 1.05765 1.32942 1.8285
1.37881010908 0.45545 0.276043 0.25105158584 0.484048 0.518189 0.559645 0.611032 0.67638 0.762242 0.88003 1.05155 1.3243 1.8252
1.3962634016 0.447208 0.269908 0.245226138593 0.475895 0.510143 0.551727 0.603272 0.66882 0.754944 0.873091 1.04513 1.31871 1.82112
1.41371669412 0.439005 0.263942 0.239587278643 0.467764 0.502098 0.543785 0.595458 0.661167 0.747502 0.865936 1.03839 1.31263 1.81625
1.43116998664 0.430843 0.258142 0.234130465349 0.459658 0.494056 0.535823 0.587592 0.653423 0.739917 0.858569 1.03134 1.30608 1.81061
1.44862327916 0.422723 0.252503 0.228850965828 0.451576 0.48602 0.52784 0.579675 0.645589 0.732191 0.850989 1.02397 1.29904 1.80418
1.46607657168 0.414648 0.247021 0.223743827489 0.443522 0.47799 0.51984 0.57171 0.637668 0.724326 0.8432 1.01629 1.29153 1.79698
1.4835298642 0.406618 0.241692 0.218803942113 0.435496 0.469969 0.511823 0.563698 0.629661 0.716323 0.835202 1.0083 1.28355 1.789
1.50098315672 0.398635 0.236512 0.214026009236 0.427501 0.461958 0.503792 0.55564 0.621569 0.708186 0.826999 0.999999 1.27509 1.78025
1.51843644924 0.390702 0.231476 0.209404636851 0.419538 0.453958 0.495747 0.54754 0.613396 0.699915 0.818594 0.991394 1.26617 1.77074
1.53588974176 0.382819 0.22658 0.204934268167 0.411608 0.445973 0.487693 0.539398 0.605142 0.691514 0.809988 0.982488 1.25678 1.76047
1.55334303427 0.374988 0.221819 0.200609273158 0.403714 0.438002 0.479629 0.531217 0.596812 0.682985 0.801185 0.973284 1.24694 1.74944
1.57079632679 0.36721 0.217188 0.196423911945 0.395857 0.430049 0.471557 0.522999 0.588406 0.674331 0.792189 0.963787 1.23664 1.73767
1.58824961931 0.359487 0.212683 0.192372398874 0.388037 0.422113 0.463481 0.514747 0.579927 0.665554 0.783002 0.954 1.22589 1.72516
1.60570291183 0.35182 0.208298 0.188448875058 0.380258 0.414199 0.455401 0.506461 0.571379 0.656659 0.773628 0.943928 1.21471 1.71193
1.62315620435 0.344211 0.204029 0.184647463298 0.37252 0.406307 0.447321 0.498146 0.562764 0.647648 0.764073 0.933578 1.20309 1.69798
1.64060949687 0.336661 0.19987 0.180962268089 0.364825 0.398439 0.439241 0.489803 0.554085 0.638525 0.75434 0.922953 1.19105 1.68332
1.65806278939 0.329171 0.195817 0.177387384767 0.357176 0.390597 0.431164 0.481434 0.545344 0.629294 0.744433 0.912061 1.17858 1.66797
1.67551608191 0.321743 0.191865 0.173916926982 0.349572 0.382782 0.423093 0.473043 0.536545 0.619958 0.734358 0.900907 1.16571 1.65193
1.69296937443 0.314378 0.188009 0.170545054154 0.342016 0.374997 0.415029 0.464632 0.527692 0.610521 0.724119 0.889498 1.15244 1.63523
1.71042266695 0.307077 0.184243 0.167265971475 0.334509 0.367243 0.406975 0.456204 0.518786 0.600987 0.713721 0.877839 1.13877 1.61787
1.72787595947 0.299842 0.180564 0.164073920756 0.327053 0.359523 0.398932 0.447761 0.509832 0.591361 0.703171 0.86594 1.12472 1.59987
1.74532925199 0.292673 0.176965 0.160963262818 0.319649 0.351837 0.390903 0.439306 0.500834 0.581647 0.692472 0.853806 1.1103 1.58125
1.76278254451 0.285572 0.173444 0.157928422561 0.312299 0.344189 0.382891 0.430842 0.491794 0.571849 0.681632 0.841445 1.09552 1.56202
1.78023583703 0.278541 0.169993 0.154963934741 0.305004 0.336579 0.374898 0.422372 0.482717 0.561971 0.670656 0.828866 1.08039 1.5422
1.79768912955 0.271579 0.166611 0.152064462276 0.297766 0.32901 0.366926 0.413899 0.473606 0.55202 0.65955 0.816076 1.06492 1.5218
1.81514242207 0.264689 0.163291 0.149224796249 0.290586 0.321483 0.358977 0.405426 0.464464 0.541999 0.64832 0.803085 1.04912 1.50084
1.83259571459 0.257871 0.160029 0.146439874212 0.283466 0.314001 0.351054 0.396956 0.455297 0.531914 0.636974 0.7899 1.03301 1.47935
1.85004900711 0.251127 0.156822 0.143704780193 0.276407 0.306565 0.34316 0.388492 0.446107 0.521769 0.625517 0.77653 1.0166 1.45734
1.86750229963 0.244458 0.153664 0.141014772153 0.26941 0.299177 0.335296 0.380037 0.436899 0.51157 0.613957 0.762985 0.999891 1.43483
1.88495559215 0.237864 0.150553 0.138365281991 0.262478 0.29184 0.327466 0.371595 0.427677 0.501323 0.602301 0.749275 0.982911 1.41184
1.90240888467 0.231347 0.147484 0.135751924693 0.255611 0.284554 0.319671 0.363168 0.418446 0.491032 0.590555 0.735408 0.965669 1.3884
1.91986217719 0.224907 0.144455 0.133170516648 0.248811 0.277323 0.311915 0.35476 0.409208 0.480703 0.578727 0.721395 0.948178 1.36451
1.93731546971 0.218546 0.14146 0.130617075641 0.242079 0.270147 0.304199 0.346375 0.399969 0.470342 0.566824 0.707245 0.930452 1.34022
1.95476876223 0.212265 0.138497 0.128087811705 0.235416 0.263029 0.296527 0.338015 0.390734 0.459954 0.554854 0.69297 0.912507 1.31553
1.97222205475 0.206064 0.135564 0.125579191197 0.228825 0.255971 0.288901 0.329684 0.381506 0.449545 0.542825 0.678578 0.894356 1.29047
1.98967534727 0.199944 0.132656 0.123087854411 0.222306 0.248974 0.281323 0.321385 0.372289 0.439122 0.530743 0.664081 0.876015 1.26507
2.00712863979 0.193907 0.129772 0.120610697966 0.21586 0.24204 0.273797 0.313123 0.363089 0.428689 0.518618 0.649489 0.857498 1.23934
2.02458193231 0.187953 0.126908 0.118144847346 0.20949 0.235172 0.266324 0.304899 0.35391 0.418253 0.506456 0.634813 0.838822 1.21331
2.04203522483 0.182082 0.124063 0.11568766605 0.203196 0.228371 0.258907 0.296718 0.344756 0.40782 0.494267 0.620065 0.820001 1.18701
2.05948851735 0.176297 0.121234 0.113236746441 0.196979 0.22164 0.251549 0.288583 0.335632 0.397395 0.482057 0.605254 0.801052 1.16046
2.07694180987 0.170597 0.11842 0.110789937209 0.190841 0.214979 0.244252 0.280498 0.326543 0.386986 0.469836 0.590392 0.78199 1.13368
2.09439510239 0.164983 0.115618 0.10834530675 0.184784 0.208391 0.23702 0.272465 0.317493 0.376598 0.457611 0.575491 0.762832 1.1067
2.11184839491 0.159456 0.112827 0.105901179791 0.178807 0.201877 0.229854 0.264489 0.308486 0.366237 0.445391 0.560562 0.743593 1.07954
2.12930168743 0.154017 0.110047 0.103456128225 0.172914 0.19544 0.222757 0.256574 0.299529 0.35591 0.433183 0.545616 0.724291 1.05224
2.14675497995 0.148666 0.107275 0.101008971121 0.167104 0.189082 0.215731 0.248721 0.290624 0.345622 0.420998 0.530665 0.704941 1.02481
2.16420827247 0.143405 0.10451 0.0985587472554 0.161379 0.182803 0.20878 0.240936 0.281778 0.33538 0.408841 0.51572 0.685559 0.997279
2.18166156499 0.138233 0.101753 0.0961047517299 0.15574 0.176607 0.201906 0.233221 0.272994 0.325191 0.396723 0.500792 0.666163 0.969675
2.19911485751 0.133152 0.0990032 0.0936465085102 0.150188 0.170494 0.195111 0.22558 0.264277 0.31506 0.384651 0.485894 0.646769 0.942023
2.21656815003 0.128161 0.0962593 0.0911837887333 0.144725 0.164466 0.188397 0.218017 0.255632 0.304993 0.372634 0.471036 0.627393 0.914349
2.23402144255 0.123262 0.0935219 0.0887165740903 0.139352 0.158526 0.181768 0.210534 0.247063 0.294998 0.360681 0.456231 0.608052 0.886679
2.25147473507 0.118455 0.090791 0.0862450751349 0.134069 0.152674 0.175226 0.203136 0.238576 0.285079 0.348799 0.441489 0.588764 0.859039
2.26892802759 0.113741 0.088067 0.0837697312838 0.128877 0.146913 0.168773 0.195825 0.230174 0.275244 0.336997 0.426824 0.569543 0.831454
2.28638132011 0.10912 0.0853502 0.081291183353 0.123779 0.141244 0.162412 0.188605 0.221863 0.265498 0.325283 0.412245 0.550408 0.80395
2.30383461263 0.104593 0.0826415 0.0788102827122 0.118774 0.135669 0.156144 0.18148 0.213646 0.255848 0.313666 0.397764 0.531373 0.776554
2.32128790515 0.100159 0.0799417 0.0763280912849 0.113863 0.130189 0.149973 0.174452 0.205529 0.246299 0.302154 0.383393 0.512457 0.74929
2.33874119767 0.0958203 0.0772518 0.0738458449306 0.109048 0.124806 0.143901 0.167525 0.197515 0.236858 0.290755 0.369144 0.493674 0.722183
2.35619449019 0.0915764 0.074573 0.0713649717533 0.10433 0.119522 0.13793 0.160702 0.18961 0.227531 0.279477 0.355026 0.475042 0.69526
2.37364778271 0.0874278 0.0719067 0.0688870646385 0.0997096 0.114338 0.132062 0.153987 0.181817 0.218323 0.268329 0.341052 0.456575 0.668546
2.39110107523 0.0833748 0.0692543 0.0664139178706 0.0951871 0.109255 0.126299 0.147382 0.174141 0.20924 0.257317 0.327232 0.438291 0.642064
2.40855436775 0.0794178 0.0666176 0.0639474355887 0.0907639 0.104276 0.120644 0.14089 0.166586 0.200289 0.24645 0.313578 0.420204 0.615839
2.42600766027 0.0755572 0.0639983 0.0614896958672 0.0864406 0.0994004 0.115099 0.134515 0.159157 0.191474 0.235737 0.300099 0.402331 0.589897
2.44346095279 0.0717932 0.0613983 0.0590429140984 0.0822181 0.094631 0.109666 0.12826 0.151857 0.182802 0.225183 0.286808 0.384686 0.564261
2.46091424531 0.0681261 0.0588197 0.0566094246834 0.0780972 0.0899687 0.104347 0.122128 0.14469 0.174278 0.214798 0.273713 0.367285 0.538955
2.47836753783 0.0645561 0.0562645 0.0541916718772 0.0740785 0.0854148 0.0991438 0.11612 0.137661 0.165907 0.204588 0.260826 0.350143 0.514001
2.49582083035 0.0610834 0.0537351 0.0517922280981 0.0701627 0.0809705 0.0940585 0.110241 0.130773 0.157695 0.19456 0.248156 0.333274 0.489423
2.51327412287 0.0577082 0.0512337 0.0494137390006 0.0663504 0.0766372 0.0890931 0.104493 0.124031 0.149647 0.184722 0.235714 0.316693 0.465244
2.53072741539 0.0544306 0.0487627 0.0470589326297 0.0626424 0.0724158 0.0842492 0.0988783 0.117437 0.141768 0.175081 0.223509 0.300413 0.441485
2.54818070791 0.0512507 0.0463246 0.0447306102665 0.059039 0.0683076 0.0795288 0.0933998 0.110995 0.134062 0.165643 0.211551 0.284449 0.418168
2.56563400043 0.0481688 0.0439219 0.0424316281193 0.055541 0.0643137 0.0749334 0.08806 0.10471 0.126536 0.156416 0.199848 0.268813 0.395314
2.58308729295 0.0451847 0.0415572 0.0401648973235 0.0521488 0.0604349 0.0704648 0.0828613 0.0985839 0.119193 0.147405 0.188411 0.25352 0.372944
2.60054058547 0.0422987 0.0392332 0.0379333656323 0.0488629 0.0566725 0.0661246 0.077806 0.0926205 0.112038 0.138617 0.177247 0.238581 0.351078
2.61799387799 0.0395106 0.0369524 0.0357399807991 0.0456837 0.0530271 0.0619143 0.0728964 0.086823 0.105075 0.130057 0.166365 0.22401 0.329735
2.63544717051 0.0368205 0.0347176 0.0335877180409 0.0426116 0.0494999 0.0578353 0.0681347 0.0811945 0.0983091 0.121733 0.155775 0.209818 0.308934
2.65290046303 0.0342283 0.0325313 0.0314795525746 0.0396469 0.0460914 0.053889 0.063523 0.0757379 0.0917441 0.11365 0.145482 0.196017 0.288694
2.67035375555 0.0317339 0.0303963 0.0294184321535 0.0367899 0.0428025 0.0500767 0.0590632 0.070456 0.0853839 0.105812 0.135497 0.182618 0.269033
2.68780704807 0.0293373 0.0283152 0.027407286222 0.0340409 0.0396338 0.0463996 0.0547571 0.0653516 0.0792323 0.0982263 0.125824 0.169632 0.249966
2.70526034059 0.0270382 0.0262907 0.0254490076063 0.0314001 0.0365861 0.0428589 0.0506066 0.0604272 0.0732928 0.0908965 0.116473 0.157069 0.231512
2.72271363311 0.0248365 0.0243253 0.0235464250512 0.0288677 0.0336598 0.0394556 0.0466133 0.0556852 0.067569 0.083828 0.107449 0.14494 0.213685
2.74016692563 0.022732 0.0224215 0.0217023215288 0.0264437 0.0308555 0.0361907 0.0427788 0.051128 0.062064 0.0770251 0.0987592 0.133253 0.1965
2.75762021815 0.0207244 0.0205819 0.0199194067751 0.0241283 0.0281737 0.0330651 0.0391046 0.0467576 0.0567809 0.0704922 0.0904094 0.122018 0.179971
2.77507351067 0.0188134 0.0188089 0.0182002806719 0.0219214 0.0256145 0.0300795 0.0355918 0.0425761 0.0517225 0.0642334 0.0824054 0.111243 0.164112
2.79252680319 0.0169987 0.0171048 0.0165474790195 0.019823 0.0231785 0.0272347 0.0322418 0.0385852 0.0468916 0.0582524 0.0747527 0.100935 0.148936
2.80998009571 0.01528 0.0154719 0.0149634003005 0.017833 0.0208658 0.0245314 0.0290556 0.0347867 0.0422906 0.0525527 0.0674563 0.0911037 0.134454
2.82743338823 0.0136568 0.0139123 0.0134503514523 0.0159512 0.0186765 0.0219699 0.0260342 0.0311821 0.0379216 0.0471376 0.0605206 0.0817542 0.120678
2.84488668075 0.0121287 0.0124281 0.0120104929401 0.0141775 0.0166107 0.0195507 0.0231784 0.0277727 0.0337867 0.0420098 0.0539501 0.0728933 0.107616
2.86233997327 0.0106951 0.0110212 0.0106458570658 0.0125116 0.0146685 0.0172741 0.0204888 0.0245596 0.0298876 0.0371721 0.0477485 0.0645267 0.0952796
2.87979326579 0.00935567 0.00969344 0.00935831135037 0.0109532 0.0128496 0.0151403 0.0179661 0.0215438 0.026226 0.0326267 0.0419192 0.0566595 0.0836756
2.89724655831 0.00810966 0.00844648 0.00814958599674 0.00950172 0.011154 0.0131494 0.0156106 0.0187261 0.022803 0.0283757 0.0364652 0.0492963 0.0728118
2.91469985083 0.00695648 0.00728183 0.00702122811773 0.00815685 0.00958133 0.0113014 0.0134224 0.0161072 0.0196198 0.0244206 0.031389 0.042441 0.0626945
2.93215314335 0.00589543 0.00620088 0.00597460173586 0.00691801 0.00813126 0.00959595 0.0114019 0.0136873 0.0166771 0.0207628 0.0266927 0.0360967 0.0533291
2.94960643587 0.00492576 0.00520483 0.00501089693791 0.00578458 0.00680331 0.00803294 0.00954873 0.0114667 0.0139754 0.0174033 0.0223779 0.0302661 0.04472
2.96705972839 0.00404667 0.00429472 0.00413110241133 0.00475587 0.00559692 0.00661188 0.00786281 0.00944536 0.011515 0.0143426 0.0184456 0.0249511 0.0368705
2.98451302091 0.00325727 0.0034714 0.00333598713527 0.00383108 0.00451141 0.00533222 0.00634367 0.00762301 0.00929588 0.011581 0.0148964 0.0201528 0.0297827
3.00196631343 0.00255661 0.00273552 0.00262610953505 0.00300934 0.00354597 0.00419326 0.0049907 0.00599917 0.0073176 0.00911832 0.0117306 0.0158716 0.0234577
3.01941960595 0.00194367 0.00208753 0.0020018174822 0.00228967 0.00269968 0.00319411 0.00380309 0.00457306 0.00557951 0.0069539 0.0089474 0.0121073 0.0178953
3.03687289847 0.00141733 0.00152768 0.00146318421281 0.00167098 0.00197147 0.00233373 0.00277981 0.00334368 0.00408059 0.00508672 0.00654587 0.00885845 0.0130941
3.05432619099 0.000976379 0.00105595 0.00101004494564 0.00115207 0.00136014 0.0016109 0.0019196 0.00230973 0.00281946 0.00351528 0.00452425 0.00612313 0.00905132
3.07177948351 0.000619476 0.000672107 0.00064196941856 0.000731578 0.000864289 0.00102418 0.00122096 0.00146957 0.00179432 0.00223754 0.00288011 0.00389824 0.00576263
3.08923277603 0.000345158 0.000375621 0.000358216115966 0.000407991 0.000482345 0.000571894 0.000682064 0.000821213 0.00100293 0.00125089 0.00161029 0.00217967 0.00322218
3.10668606855 0.000151785 0.000165661 0.000157713959772 0.000179592 0.000212484 0.000252081 0.000300776 0.000362261 0.00044253 0.000552029 0.000710711 0.000962052 0.00142219
3.12413936107 3.74818e-05 4.10245e-05 3.8979918778e-05 4.43979e-05 5.25739e-05 6.24117e-05 7.45047e-05 8.97672e-05 0.000109686 0.000136849 0.000176202 0.000238523 0.000352595
3.14159265359 0.0 0.0 0.0 0.0 0.0 0.0 0.0 0.0 0.0 0.0 0.0 0.0 0.0
