alpha phi_iso phi_ray phi_vec g0=0.1 g0=0.2 g0=0.3 g0=0.4 g0=0.5 g0=0.6 g0=0.7 g0=0.8 g0=0.9 g0=1.0
0.0 1.0 1.0 1.0 1.0 1.0 1.0 1.0 1.0 1.0 1.0 1.0 1.0 1.0
0.0174532925199 0.999665 0.999522 0.999514619324 0.999681 0.9997 0.999723 0.999752 0.999789 0.99984 0.999912 1.00002 1.00022 1.00065
0.0349065850399 0.998728 0.998159 0.998128627283 0.99879 0.998864 0.998955 0.999069 0.999217 0.999416 0.9997 1.00014 1.00091 1.00261
0.0523598775598 0.997288 0.996019 0.995946679282 0.997425 0.997589 0.99779 0.998043 0.99837 0.998811 0.99944 1.00041 1.00211 1.00588
0.0698131700798 0.995425 0.993189 0.993051840005 0.995663 0.99595 0.996301 0.996742 0.997314 0.998086 0.999187 1.00089 1.00387 1.01047
0.0872664625997 0.993187 0.989725 0.989499622778 0.993553 0.993993 0.994533 0.995212 0.996092 0.997281 0.998977 1.0016 1.0062 1.01637
0.10471975512 0.990606 0.985665 0.985327195439 0.991125 0.99175 0.992516 0.99348 0.99473 0.996419 0.99883 1.00256 1.0091 1.02357
0.12217304764 0.987706 0.981037 0.980562996813 0.988402 0.98924 0.990269 0.991564 0.993245 0.995517 0.99876 1.00378 1.01258 1.03206
0.13962634016 0.984503 0.975866 0.97523210128 0.985401 0.986482 0.98781 0.989481 0.991652 0.994585 0.998776 1.00526 1.01663 1.04181
0.157079632679 0.981014 0.970175 0.969358285129 0.982137 0.983489 0.985151 0.987243 0.989961 0.993635 0.998884 1.00701 1.02125 1.05281
0.174532925199 0.977255 0.963989 0.962964609372 0.978625 0.980277 0.982306 0.984863 0.988183 0.992674 0.999092 1.00902 1.02645 1.06504
0.191986217719 0.973239 0.957327 0.956073658173 0.97488 0.976857 0.979287 0.982349 0.986328 0.99171 0.999402 1.0113 1.03219 1.07846
0.209439510239 0.96898 0.950212 0.948707499106 0.970911 0.973241 0.976105 0.979713 0.984403 0.990748 0.999817 1.01385 1.03849 1.09306
0.226892802759 0.964488 0.942665 0.940887736141 0.966733 0.969439 0.972768 0.976962 0.982415 0.989792 1.00034 1.01666 1.04532 1.1088
0.244346095279 0.959777 0.934707 0.932635615611 0.962354 0.965462 0.969285 0.974104 0.980369 0.988848 1.00097 1.01973 1.05268 1.12565
0.261799387799 0.954855 0.926356 0.923971986472 0.957784 0.961318 0.965665 0.971146 0.978272 0.987917 1.00171 1.02306 1.06054 1.14358
0.279252680319 0.949733 0.917634 0.91491741952 0.953034 0.957016 0.961915 0.968093 0.976127 0.987001 1.00255 1.02663 1.0689 1.16255
0.296705972839 0.94442 0.908559 0.90549222063 0.94811 0.952562 0.958042 0.964951 0.973937 0.986101 1.0035 1.03043 1.07773 1.18252
0.314159265359 0.938925 0.89915 0.895716444011 0.943022 0.947965 0.954051 0.961725 0.971705 0.985218 1.00455 1.03447 1.08702 1.20346
0.331612557879 0.933256 0.889427 0.885609958426 0.937776 0.943231 0.949947 0.958417 0.969434 0.984352 1.00569 1.03873 1.09675 1.22532
0.349065850399 0.92742 0.879408 0.875192407462 0.932379 0.938366 0.945736 0.955033 0.967126 0.983501 1.00693 1.0432 1.1069 1.24806
0.366519142919 0.921425 0.86911 0.864483275752 0.926839 0.933375 0.941422 0.951574 0.964781 0.982665 1.00825 1.04787 1.11745 1.27165
0.383972435439 0.915278 0.858554 0.853501809508 0.921161 0.928264 0.93701 0.948044 0.9624 0.981842 1.00966 1.05273 1.12838 1.29603
0.401425727959 0.908986 0.847755 0.842267122481 0.915352 0.923038 0.932503 0.944446 0.959984 0.981029 1.01114 1.05777 1.13967 1.32117
0.418879020479 0.902555 0.836732 0.830798103243 0.909416 0.917701 0.927905 0.94078 0.957533 0.980224 1.01269 1.06297 1.15129 1.34701
0.436332312999 0.895991 0.825503 0.819113415187 0.90336 0.912258 0.923219 0.937049 0.955046 0.979423 1.0143 1.06833 1.16322 1.37352
0.453785605519 0.8893 0.814085 0.807231562757 0.897187 0.906714 0.918447 0.933254 0.952523 0.978625 1.01597 1.07382 1.17544 1.40063
0.471238898038 0.882488 0.802494 0.795170785477 0.890905 0.901071 0.913593 0.929397 0.949964 0.977824 1.01769 1.07945 1.18792 1.42832
0.488692190558 0.87556 0.790748 0.782949084449 0.884516 0.895333 0.908659 0.925478 0.947366 0.977018 1.01945 1.08518 1.20064 1.45653
0.506145483078 0.868521 0.778863 0.770584248841 0.878025 0.889505 0.903648 0.921498 0.944729 0.976203 1.02124 1.09101 1.21357 1.4852
0.523598775598 0.861378 0.766855 0.758093736673 0.871437 0.883589 0.89856 0.917457 0.942052 0.975373 1.02306 1.09693 1.22669 1.5143
0.541052068118 0.854133 0.754741 0.745494780787 0.864756 0.877589 0.893399 0.913356 0.939332 0.974525 1.02489 1.10292 1.23998 1.54377
0.558505360638 0.846793 0.742536 0.732804296125 0.857985 0.871506 0.888166 0.909195 0.936567 0.973654 1.02673 1.10896 1.25341 1.57357
0.575958653158 0.839362 0.730256 0.720038853237 0.851128 0.865345 0.882862 0.904974 0.933757 0.972756 1.02857 1.11504 1.26695 1.60364
0.593411945678 0.831844 0.717915 0.707214757755 0.84419 0.859107 0.877488 0.900692 0.930897 0.971825 1.0304 1.12115 1.28057 1.63394
0.610865238198 0.824243 0.705528 0.694347904692 0.837173 0.852796 0.872047 0.896351 0.927988 0.970856 1.03221 1.12727 1.29426 1.66441
0.628318530718 0.816565 0.69311 0.681453871159 0.830081 0.846414 0.86654 0.891948 0.925025 0.969845 1.03399 1.13338 1.30799 1.69501
0.645771823238 0.808812 0.680675 0.668547823646 0.822917 0.839962 0.860967 0.887485 0.922007 0.968786 1.03574 1.13948 1.32173 1.72569
0.663225115758 0.800988 0.668237 0.655644571006 0.815685 0.833444 0.855329 0.88296 0.91893 0.967675 1.03744 1.14554 1.33545 1.7564
0.680678408278 0.793099 0.655809 0.642758484979 0.808386 0.82686 0.849627 0.878372 0.915794 0.966505 1.03909 1.15155 1.34914 1.7871
0.698131700798 0.785147 0.643403 0.629903553175 0.801025 0.820214 0.843863 0.873721 0.912594 0.965272 1.04067 1.1575 1.36276 1.81772
0.715584993318 0.777135 0.631033 0.617093286354 0.793604 0.813507 0.838036 0.869007 0.909329 0.963971 1.04219 1.16337 1.37629 1.84824
0.733038285838 0.769069 0.618711 0.6043407979 0.786127 0.806742 0.832149 0.864229 0.905995 0.962596 1.04362 1.16915 1.3897 1.87859
0.750491578358 0.76095 0.606447 0.591658711103 0.778594 0.799918 0.8262 0.859385 0.90259 0.961143 1.04496 1.17482 1.40298 1.90874
0.767944870878 0.752783 0.594255 0.579059198892 0.77101 0.79304 0.820191 0.854475 0.899112 0.959605 1.0462 1.18037 1.4161 1.93864
0.785398163397 0.74457 0.582144 0.566553957346 0.763377 0.786108 0.814123 0.849498 0.895557 0.957978 1.04733 1.18578 1.42903 1.96823
0.802851455917 0.736315 0.570124 0.554154165957 0.755697 0.779123 0.807996 0.844454 0.891923 0.956256 1.04835 1.19104 1.44175 1.99749
0.820304748437 0.728022 0.558207 0.541870567105 0.747973 0.772088 0.80181 0.839341 0.888208 0.954436 1.04924 1.19614 1.45423 2.02635
0.837758040957 0.719692 0.546401 0.529713360087 0.740207 0.765003 0.795566 0.834159 0.884408 0.952511 1.05 1.20106 1.46646 2.05479
0.855211333477 0.71133 0.534715 0.517692240862 0.732402 0.757871 0.789264 0.828906 0.880522 0.950477 1.05062 1.20579 1.47842 2.08276
0.872664625997 0.702937 0.523158 0.505816388798 0.724559 0.750693 0.782905 0.823582 0.876547 0.948329 1.05109 1.21031 1.49007 2.11021
0.890117918517 0.694518 0.511739 0.494094506415 0.716681 0.74347 0.77649 0.818187 0.872479 0.946062 1.0514 1.21462 1.5014 2.13711
0.907571211037 0.686074 0.500464 0.482534713414 0.70877 0.736203 0.770018 0.812718 0.868318 0.943673 1.05155 1.2187 1.51239 2.16342
0.925024503557 0.677609 0.489341 0.471144652647 0.700829 0.728895 0.76349 0.807176 0.86406 0.941156 1.05152 1.22254 1.52302 2.18909
0.942477796077 0.669125 0.478376 0.459931423886 0.692858 0.721546 0.756906 0.80156 0.859704 0.938508 1.05132 1.22612 1.53326 2.2141
0.959931088597 0.660624 0.467576 0.448901610314 0.684861 0.714157 0.750268 0.795869 0.855247 0.935723 1.05093 1.22945 1.5431 2.2384
0.977384381117 0.652111 0.456947 0.438061252037 0.676839 0.70673 0.743575 0.790103 0.850687 0.932799 1.05035 1.23249 1.55253 2.26196
0.994837673637 0.643586 0.446494 0.427415872571 0.668795 0.699267 0.736827 0.78426 0.846022 0.929731 1.04956 1.23525 1.56151 2.28475
1.01229096616 0.635052 0.436221 0.41697049209 0.66073 0.691768 0.730026 0.77834 0.841251 0.926515 1.04858 1.23772 1.57004 2.30672
1.02974425868 0.626513 0.426133 0.406729587689 0.652646 0.684235 0.723172 0.772344 0.836371 0.923149 1.04738 1.23988 1.5781 2.32786
1.0471975512 0.61797 0.416233 0.396697146367 0.644545 0.676669 0.716265 0.76627 0.83138 0.919628 1.04596 1.24172 1.58567 2.34813
1.06465084372 0.609425 0.406526 0.386876612044 0.636429 0.669071 0.709307 0.760117 0.826279 0.91595 1.04432 1.24324 1.59274 2.36749
1.08210413624 0.600881 0.397014 0.37727097828 0.6283 0.661443 0.702296 0.753887 0.821063 0.912111 1.04245 1.24442 1.59928 2.38593
1.09955742876 0.592341 0.387699 0.367882695555 0.62016 0.653786 0.695235 0.747578 0.815734 0.908109 1.04035 1.24526 1.6053 2.40341
1.11701072128 0.583806 0.378583 0.358713750747 0.612009 0.646101 0.688123 0.74119 0.810289 0.903941 1.03801 1.24576 1.61077 2.41991
1.1344640138 0.575278 0.369669 0.349765640635 0.603851 0.638389 0.680962 0.734723 0.804727 0.899605 1.03543 1.24589 1.61568 2.43541
1.15191730632 0.56676 0.360958 0.341039398396 0.595687 0.630652 0.673752 0.728178 0.799047 0.895098 1.0326 1.24566 1.62002 2.44988
1.16937059884 0.558254 0.352449 0.3325355936 0.587519 0.622892 0.666493 0.721554 0.793248 0.890418 1.02952 1.24507 1.62378 2.4633
1.18682389136 0.549762 0.344144 0.324254358707 0.579348 0.615108 0.659188 0.714851 0.787331 0.885564 1.02619 1.24409 1.62695 2.47565
1.20427718388 0.541286 0.336042 0.316195375815 0.571176 0.607303 0.651836 0.708071 0.781293 0.880534 1.0226 1.24274 1.62952 2.4869
1.2217304764 0.532828 0.328143 0.308357916404 0.563004 0.599479 0.644438 0.701212 0.775136 0.875326 1.01875 1.24099 1.63147 2.49706
1.23918376892 0.52439 0.320446 0.300740814839 0.554836 0.591636 0.636995 0.694275 0.768858 0.86994 1.01464 1.23886 1.63281 2.50609
1.25663706144 0.515973 0.31295 0.293342547848 0.546671 0.583775 0.629509 0.687262 0.762459 0.864374 1.01026 1.23633 1.63352 2.51398
1.27409035396 0.50758 0.305654 0.286161181539 0.538512 0.575898 0.621981 0.680172 0.75594 0.858628 1.00562 1.2334 1.6336 2.52073
1.29154364648 0.499213 0.298555 0.279194397888 0.53036 0.568007 0.61441 0.673006 0.7493 0.8527 1.00072 1.23007 1.63304 2.52631
1.308996939 0.490873 0.291652 0.272439574219 0.522218 0.560103 0.6068 0.665765 0.74254 0.846592 0.995539 1.22634 1.63184 2.53072
1.32645023152 0.482562 0.284942 0.265893716971 0.514086 0.552188 0.599149 0.65845 0.735661 0.840302 0.990092 1.2222 1.62999 2.53394
1.34390352404 0.474283 0.278422 0.259553501437 0.505967 0.544262 0.591461 0.651062 0.728662 0.833831 0.984375 1.21765 1.62749 2.53598
1.36135681656 0.466036 0.272089 0.253415337995 0.497861 0.536327 0.583736 0.643601 0.721545 0.827179 0.978388 1.21269 1.62433 2.53682
1.37881010908 0.457823 0.26594 0.24747531912 0.489772 0.528385 0.575976 0.63607 0.714311 0.820347 0.97213 1.20732 1.62052 2.53647
1.3962634016 0.449646 0.259971 0.241729259126 0.481699 0.520437 0.568182 0.628469 0.706961 0.813335 0.965602 1.20154 1.61606 2.53491
1.41371669412 0.441508 0.254179 0.236172760393 0.473645 0.512485 0.560355 0.620799 0.699495 0.806145 0.958805 1.19535 1.61093 2.53214
1.43116998664 0.433408 0.248559 0.230801147138 0.465611 0.50453 0.552497 0.613062 0.691915 0.798777 0.951739 1.18875 1.60515 2.52817
1.44862327916 0.42535 0.243107 0.225609544891 0.457599 0.496574 0.544609 0.60526 0.684224 0.791234 0.944407 1.18174 1.59872 2.52299
1.46607657168 0.417334 0.237819 0.22059289374 0.449611 0.488619 0.536693 0.597394 0.676421 0.783516 0.93681 1.17433 1.59163 2.51661
1.4835298642 0.409362 0.23269 0.215745935086 0.441648 0.480665 0.528751 0.589465 0.66851 0.775627 0.92895 1.16652 1.58388 2.50903
1.50098315672 0.401435 0.227715 0.211063238132 0.433711 0.472716 0.520785 0.581477 0.660491 0.767567 0.92083 1.1583 1.5755 2.50026
1.51843644924 0.393556 0.22289 0.206539266116 0.425803 0.464771 0.512796 0.57343 0.652368 0.759339 0.912451 1.14968 1.56646 2.4903
1.53588974176 0.385726 0.21821 0.202168310081 0.417924 0.456834 0.504785 0.565326 0.644142 0.750946 0.903818 1.14068 1.55679 2.47916
1.55334303427 0.377945 0.213669 0.197944594837 0.410077 0.448905 0.496756 0.557168 0.635816 0.742391 0.894932 1.13128 1.54649 2.46685
1.57079632679 0.370216 0.209263 0.193862225985 0.402262 0.440987 0.488709 0.548958 0.627392 0.733676 0.885799 1.12149 1.53556 2.45337
1.58824961931 0.362539 0.204985 0.189915242896 0.394482 0.433081 0.480646 0.540697 0.618872 0.724804 0.876421 1.11133 1.52402 2.43875
1.60570291183 0.354917 0.200832 0.186097658449 0.386738 0.425189 0.472571 0.532389 0.61026 0.715779 0.866804 1.10079 1.51186 2.423
1.62315620435 0.34735 0.196796 0.182403419293 0.379031 0.417312 0.464484 0.524036 0.601559 0.706605 0.85695 1.08989 1.4991 2.40612
1.64060949687 0.33984 0.192874 0.178826445585 0.371363 0.409453 0.456388 0.51564 0.592771 0.697285 0.846867 1.07862 1.48574 2.38813
1.65806278939 0.332389 0.189059 0.175360697223 0.363736 0.401613 0.448285 0.507204 0.5839 0.687823 0.836557 1.06699 1.4718 2.36906
1.67551608191 0.324996 0.185347 0.172000094363 0.356151 0.393794 0.440177 0.49873 0.574949 0.678223 0.826028 1.05502 1.45729 2.34891
1.69296937443 0.317665 0.181732 0.168738649885 0.34861 0.385998 0.432067 0.490222 0.565922 0.66849 0.815283 1.0427 1.44221 2.32771
1.71042266695 0.310395 0.178208 0.165570376668 0.341114 0.378227 0.423956 0.481682 0.556821 0.658628 0.80433 1.03006 1.42659 2.30548
1.72787595947 0.303189 0.17477 0.162489353819 0.333664 0.370483 0.415848 0.473113 0.54765 0.648642 0.793174 1.01709 1.41043 2.28224
1.74532925199 0.296047 0.171414 0.159489766414 0.326262 0.362767 0.407744 0.464517 0.538414 0.638536 0.781821 1.0038 1.39374 2.25801
1.76278254451 0.28897 0.168133 0.156565879002 0.318911 0.355082 0.399647 0.455899 0.529117 0.628316 0.770279 0.990207 1.37654 2.23281
1.78023583703 0.28196 0.164924 0.153712035609 0.31161 0.347429 0.391559 0.447261 0.519761 0.617986 0.758554 0.976317 1.35884 2.20667
1.79768912955 0.275018 0.16178 0.150922725963 0.304362 0.33981 0.383483 0.438606 0.510352 0.607553 0.746653 0.96214 1.34066 2.17961
1.81514242207 0.268144 0.158698 0.148192585499 0.297168 0.332228 0.375421 0.429938 0.500893 0.597021 0.734584 0.947686 1.32202 2.15166
1.83259571459 0.261341 0.155672 0.145516368862 0.290029 0.324684 0.367376 0.42126 0.491389 0.586397 0.722353 0.932965 1.30292 2.12286
1.85004900711 0.254609 0.152698 0.142889002894 0.282948 0.31718 0.359351 0.412575 0.481844 0.575685 0.70997 0.917989 1.28338 2.09321
1.86750229963 0.247948 0.149771 0.140305560143 0.275925 0.309718 0.351347 0.403886 0.472262 0.564892 0.697441 0.902768 1.26343 2.06276
1.88495559215 0.241361 0.146888 0.137761325087 0.268962 0.302301 0.343368 0.395198 0.462649 0.554024 0.684775 0.887314 1.24307 2.03154
1.90240888467 0.234848 0.144044 0.13525172791 0.262061 0.294929 0.335417 0.386513 0.453008 0.543086 0.67198 0.871638 1.22233 1.99957
1.91986217719 0.22841 0.141235 0.132772437223 0.255222 0.287606 0.327496 0.377836 0.443345 0.532086 0.659064 0.855753 1.20123 1.96689
1.93731546971 0.222048 0.138457 0.130319307076 0.248448 0.280333 0.319607 0.369169 0.433664 0.52103 0.646037 0.839671 1.17978 1.93353
1.95476876223 0.215763 0.135707 0.1278884167 0.24174 0.273112 0.311754 0.360517 0.423971 0.509924 0.632908 0.823404 1.15799 1.89952
1.97222205475 0.209556 0.132981 0.125476030766 0.235098 0.265946 0.303939 0.351883 0.414269 0.498774 0.619684 0.806964 1.1359 1.86489
1.98967534727 0.203428 0.130277 0.12307869211 0.228526 0.258835 0.296165 0.343271 0.404564 0.487587 0.606375 0.790365 1.11352 1.82968
2.00712863979 0.197379 0.127591 0.120693129009 0.222023 0.251783 0.288436 0.334684 0.394862 0.476371 0.592991 0.77362 1.09087 1.79393
2.02458193231 0.191411 0.124921 0.118316334656 0.215591 0.244791 0.280752 0.326127 0.385166 0.465132 0.57954 0.756741 1.06796 1.75767
2.04203522483 0.185524 0.122264 0.11594554067 0.209233 0.237862 0.273118 0.317603 0.375483 0.453876 0.566033 0.739743 1.04483 1.72094
2.05948851735 0.179719 0.119617 0.113578203849 0.202948 0.230996 0.265537 0.309117 0.365817 0.442611 0.552478 0.722639 1.02149 1.68376
2.07694180987 0.173998 0.116979 0.111212059153 0.196739 0.224197 0.25801 0.300671 0.356174 0.431345 0.538886 0.705443 0.997958 1.64619
2.09439510239 0.16836 0.114348 0.108845040232 0.190606 0.217466 0.250541 0.29227 0.346559 0.420083 0.525266 0.688168 0.97426 1.60825
2.11184839491 0.162806 0.111722 0.106475385389 0.184552 0.210806 0.243134 0.283918 0.336976 0.408833 0.511628 0.670828 0.950415 1.56998
2.12930168743 0.157338 0.109099 0.104101544859 0.178577 0.204218 0.235789 0.275618 0.327433 0.397602 0.497982 0.653438 0.926446 1.53143
2.14675497995 0.151956 0.106479 0.101722233795 0.172682 0.197704 0.228511 0.267375 0.317933 0.386398 0.484338 0.636012 0.902374 1.49262
2.16420827247 0.146661 0.10386 0.0993364190231 0.16687 0.191266 0.221303 0.259193 0.308482 0.375227 0.470705 0.618564 0.87822 1.4536
2.18166156499 0.141452 0.101242 0.0969432925455 0.16114 0.184906 0.214166 0.251074 0.299085 0.364098 0.457094 0.601107 0.854007 1.41441
2.19911485751 0.136332 0.0986237 0.0945423245286 0.155495 0.178627 0.207104 0.243024 0.289748 0.353016 0.443515 0.583658 0.829757 1.37508
2.21656815003 0.131301 0.0960053 0.0921331838266 0.149936 0.172429 0.20012 0.235046 0.280476 0.34199 0.429978 0.566229 0.80549 1.33565
2.23402144255 0.126359 0.0933867 0.089715817456 0.144463 0.166316 0.193216 0.227145 0.271275 0.331027 0.416493 0.548836 0.78123 1.29617
2.25147473507 0.121506 0.0907678 0.0872903711211 0.139079 0.160288 0.186395 0.219323 0.262149 0.320134 0.40307 0.531492 0.756998 1.25667
2.26892802759 0.116744 0.088149 0.0848572421972 0.133784 0.154348 0.179661 0.211584 0.253104 0.309318 0.389719 0.514212 0.732816 1.21719
2.28638132011 0.112073 0.0855308 0.0824170267472 0.128579 0.148498 0.173015 0.203934 0.244145 0.298587 0.37645 0.497011 0.708706 1.17777
2.30383461263 0.107494 0.0829139 0.0799705592592 0.123465 0.142739 0.16646 0.196374 0.235278 0.287947 0.363272 0.479903 0.684691 1.13844
2.32128790515 0.103007 0.0802992 0.0775188729091 0.118444 0.137073 0.159999 0.18891 0.226507 0.277406 0.350197 0.462901 0.660791 1.09925
2.33874119767 0.0986119 0.0776878 0.0750631863143 0.113517 0.131502 0.153635 0.181545 0.217838 0.26697 0.337234 0.446021 0.637029 1.06023
2.35619449019 0.0943101 0.0750809 0.0726049432718 0.108684 0.126027 0.14737 0.174282 0.209276 0.256648 0.324392 0.429275 0.613426 1.02143
2.37364778271 0.0901017 0.07248 0.0701457465286 0.103947 0.120652 0.141207 0.167125 0.200826 0.246446 0.311681 0.412679 0.590003 0.982878
2.39110107523 0.0859873 0.0698867 0.0676873710277 0.0993067 0.115376 0.135149 0.160079 0.192493 0.23637 0.299111 0.396245 0.566782 0.944613
2.40855436775 0.0819671 0.0673027 0.0652317903997 0.0947641 0.110202 0.129197 0.153145 0.184282 0.226428 0.286692 0.379988 0.543784 0.906673
2.42600766027 0.0780417 0.0647299 0.0627810974878 0.0903201 0.105132 0.123355 0.146329 0.176198 0.216626 0.274433 0.363921 0.521029 0.869096
2.44346095279 0.0742113 0.0621704 0.0603375573312 0.0859756 0.100166 0.117625 0.139633 0.168246 0.206972 0.262343 0.348058 0.498539 0.831917
2.46091424531 0.0704763 0.0596263 0.0579035541816 0.0817316 0.0953073 0.112008 0.133061 0.16043 0.197471 0.250431 0.332412 0.476333 0.795173
2.47836753783 0.066837 0.0571 0.0554816179951 0.0775888 0.0905565 0.106509 0.126616 0.152755 0.18813 0.238707 0.316995 0.454431 0.7589
2.49582083035 0.0632938 0.0545938 0.0530743714486 0.0735483 0.0859153 0.101128 0.120302 0.145226 0.178956 0.227179 0.301822 0.432854 0.723132
2.51327412287 0.0598469 0.0521102 0.0506845431859 0.0696107 0.0813852 0.095868 0.114122 0.137848 0.169955 0.215856 0.286903 0.411621 0.687903
2.53072741539 0.0564965 0.0496519 0.0483149678173 0.0657768 0.0769675 0.0907313 0.108078 0.130624 0.161133 0.204747 0.272252 0.39075 0.653249
2.54818070791 0.0532429 0.0472213 0.0459685461825 0.0620473 0.0726635 0.08572 0.102174 0.123559 0.152495 0.19386 0.257881 0.37026 0.619201
2.56563400043 0.0500862 0.0448214 0.0436482453503 0.058423 0.0684747 0.080836 0.096413 0.116657 0.144049 0.183203 0.243802 0.350171 0.585792
2.58308729295 0.0470268 0.0424549 0.0413571251106 0.0549046 0.0644022 0.0760813 0.0907979 0.109923 0.135798 0.172785 0.230026 0.330499 0.553055
2.60054058547 0.0440647 0.0401247 0.0390982187613 0.0514927 0.0604473 0.071458 0.0853315 0.10336 0.127751 0.162613 0.216565 0.311262 0.52102
2.61799387799 0.0412 0.0378335 0.0368746523215 0.0481878 0.0566112 0.0669679 0.0800165 0.0969719 0.11991 0.152695 0.20343 0.292477 0.489718
2.63544717051 0.0384329 0.0355844 0.0346895518101 0.0449907 0.0528949 0.0626128 0.0748556 0.0907631 0.112282 0.143038 0.190631 0.274162 0.459178
2.65290046303 0.0357635 0.0333802 0.0325460300003 0.0419017 0.0492996 0.0583943 0.0698513 0.0847369 0.104873 0.13365 0.178179 0.256331 0.429429
2.67035375555 0.0331918 0.0312238 0.0304472261569 0.0389213 0.0458263 0.0543142 0.0650062 0.0788968 0.0976859 0.124537 0.166085 0.239 0.400498
2.68780704807 0.0307178 0.0291182 0.028396253053 0.0360501 0.0424758 0.0503741 0.0603224 0.0732463 0.0907266 0.115706 0.154356 0.222185 0.372412
2.70526034059 0.0283415 0.0270662 0.0263961837242 0.0332885 0.0392492 0.0465753 0.0558024 0.0677885 0.0839995 0.107164 0.143004 0.2059 0.345197
2.72271363311 0.026063 0.0250708 0.0244500514687 0.0306367 0.0361472 0.0429195 0.0514483 0.0625265 0.0775088 0.0989164 0.132037 0.190158 0.318879
2.74016692563 0.0238821 0.0231346 0.0225608366011 0.0280951 0.0331707 0.0394077 0.047262 0.0574634 0.0712589 0.0909697 0.121464 0.174974 0.29348
2.75762021815 0.0217987 0.0212606 0.0207314796986 0.0256641 0.0303202 0.0360415 0.0432456 0.0526018 0.0652536 0.0833293 0.111293 0.16036 0.269023
2.77507351067 0.0198128 0.0194513 0.0189647888799 0.0233437 0.0275966 0.0328218 0.0394007 0.0479444 0.0594966 0.0760005 0.101531 0.146328 0.245531
2.79252680319 0.0179242 0.0177094 0.0172635590179 0.0211343 0.0250003 0.0297497 0.0357291 0.0434936 0.0539917 0.0689885 0.0921869 0.132889 0.223024
2.80998009571 0.0161328 0.0160375 0.0156304127896 0.0190359 0.0225319 0.0268263 0.0322324 0.0392519 0.0487419 0.062298 0.0832666 0.120056 0.201521
2.82743338823 0.0144382 0.014438 0.0140679066427 0.0170486 0.0201918 0.0240524 0.0289119 0.0352212 0.0437505 0.0559334 0.074777 0.107836 0.181041
2.84488668075 0.0128403 0.0129133 0.0125784778123 0.0151725 0.0179803 0.0214288 0.025769 0.0314036 0.0390203 0.0498989 0.0667242 0.0962413 0.1616
2.86233997327 0.0113387 0.0114655 0.0111644045835 0.0134075 0.0158979 0.0189561 0.0228048 0.0278009 0.0345538 0.0441981 0.0591136 0.0852791 0.143215
2.87979326579 0.00993322 0.0100968 0.00982785927452 0.0117536 0.0139446 0.0166349 0.0200203 0.0244145 0.0303534 0.0388346 0.0519505 0.0749579 0.125899
2.89724655831 0.00862338 0.00880924 0.00857081551596 0.0102105 0.0121207 0.0144658 0.0174164 0.0212459 0.0264213 0.0338114 0.0452394 0.065285 0.109667
2.91469985083 0.0074088 0.00760453 0.00739515421758 0.00877822 0.0104261 0.0124489 0.0149938 0.0182964 0.0227591 0.0291313 0.0389845 0.0562669 0.0945295
2.93215314335 0.00628902 0.0064844 0.00630251786391 0.00745633 0.00886078 0.0105846 0.012753 0.0155667 0.0193686 0.0247966 0.0331893 0.0479092 0.0804974
2.94960643587 0.00526355 0.00545037 0.00529441648107 0.00624455 0.00742465 0.0088729 0.0106945 0.0130578 0.0162508 0.0208093 0.0278569 0.040217 0.0675798
2.96705972839 0.00433183 0.00450378 0.00437213491585 0.00514246 0.00611746 0.00731383 0.00881839 0.0107702 0.013407 0.0171709 0.0229897 0.0331943 0.0557841
2.98451302091 0.00349325 0.0036458 0.00353679906492 0.00414959 0.00493888 0.00590721 0.00712482 0.0087042 0.0108376 0.0138826 0.0185898 0.0268443 0.0451164
3.00196631343 0.00274715 0.0028774 0.0027893096456 0.00326537 0.00388845 0.00465274 0.00561364 0.00685986 0.00854301 0.0109452 0.0146584 0.0211693 0.0355811
3.01941960595 0.00209279 0.00219938 0.00213031570421 0.00248915 0.00296561 0.00354995 0.00428449 0.005237 0.00652331 0.00835896 0.0111961 0.0161706 0.027181
3.03687289847 0.00152936 0.00161228 0.00156028084525 0.00182016 0.00216967 0.00259823 0.00313684 0.00383519 0.00477814 0.00612363 0.00820298 0.0118486 0.0199172
3.05432619099 0.00105596 0.00111645 0.00107941700223 0.00125756 0.0014998 0.00179677 0.00216994 0.00265369 0.00330677 0.00423855 0.00567838 0.00820255 0.0137889
3.07177948351 0.000671611 0.000711994 0.00068767119176 0.000800363 0.000955029 0.0011446 0.00138275 0.00169143 0.00210809 0.00270247 0.00362084 0.00523069 0.00879328
3.08923277603 0.0003752 0.000398752 0.000384685776082 0.000447437 0.000534189 0.00064049 0.000774007 0.000947022 0.00118052 0.00151357 0.00202809 0.00292993 0.00492555
3.10668606855 0.00016548 0.000176273 0.000169838200569 0.000197485 0.000235908 0.000282976 0.000342079 0.000418649 0.000521967 0.000669306 0.000896896 0.00129577 0.00217833
3.12413936107 4.10009e-05 4.37706e-05 4.21085352994e-05 4.8971e-05 5.85358e-05 7.02483e-05 8.4951e-05 0.000103994 0.000129682 0.000166308 0.000222873 0.000321996 0.000541299
3.14159265359 0.0 0.0 0.0 0.0 0.0 0.0 0.0 0.0 0.0 0.0 0.0 0.0 0.0
