alpha phi_iso phi_ray phi_vec g0=0.1 g0=0.2 g0=0.3 g0=0.4 g0=0.5 g0=0.6 g0=0.7 g0=0.8 g0=0.9 g0=1.0
0.0 1.0 1.0 1.0 1.0 1.0 1.0 1.0 1.0 1.0 1.0 1.0 1.0 1.0
0.0174532925199 0.999648 0.999499 0.999496046481 0.999664 0.999684 0.99971 0.999742 0.999787 0.999849 0.999946 1.00011 1.00048 1.00186
0.0349065850399 0.998665 0.998073 0.998060329147 0.998731 0.998811 0.998911 0.999041 0.999216 0.999465 0.999848 1.00051 1.00195 1.00745
0.0523598775598 0.997164 0.995838 0.995806697049 0.997309 0.997487 0.997711 0.998001 0.998391 0.998947 0.9998 1.00128 1.0045 1.01676
0.0698131700798 0.995228 0.992886 0.992825619798 0.995484 0.995798 0.996192 0.996702 0.99739 0.998369 0.999874 1.00249 1.00815 1.02978
0.0872664625997 0.992915 0.989277 0.989177024365 0.993311 0.993796 0.994406 0.995197 0.996262 0.997779 1.00011 1.00416 1.01294 1.04647
0.10471975512 0.990258 0.985051 0.984900506444 0.990822 0.991515 0.992386 0.993515 0.995037 0.997204 1.00054 1.00632 1.01888 1.06679
0.12217304764 0.987281 0.980238 0.980025938076 0.988042 0.988977 0.990153 0.991678 0.993734 0.996662 1.00116 1.00898 1.02595 1.09069
0.13962634016 0.984003 0.974865 0.974579411574 0.984989 0.986201 0.987725 0.989701 0.992367 0.996163 1.002 1.01214 1.03414 1.11812
0.157079632679 0.980441 0.968955 0.968585495167 0.98168 0.983201 0.985116 0.987599 0.990949 0.995719 1.00306 1.0158 1.04346 1.14902
0.174532925199 0.976611 0.962533 0.962067995044 0.978129 0.979993 0.982339 0.985383 0.989489 0.995337 1.00433 1.01996 1.05387 1.18331
0.191986217719 0.972529 0.955621 0.955050107757 0.974351 0.97659 0.979408 0.983064 0.987997 0.995023 1.00583 1.02461 1.06536 1.22091
0.209439510239 0.968205 0.948241 0.947554511673 0.970358 0.973003 0.976332 0.980651 0.986481 0.994783 1.00756 1.02975 1.07791 1.26175
0.226892802759 0.963655 0.940416 0.939603336487 0.966162 0.969243 0.973121 0.978153 0.984945 0.994619 1.0095 1.03537 1.09149 1.30574
0.244346095279 0.958888 0.932166 0.931218224188 0.961773 0.965319 0.969784 0.975577 0.983397 0.994535 1.01167 1.04146 1.10608 1.35279
0.261799387799 0.953916 0.923514 0.922420481466 0.957203 0.961242 0.966328 0.972929 0.981839 0.994531 1.01406 1.048 1.12165 1.40281
0.279252680319 0.948749 0.914478 0.913231049231 0.952459 0.957019 0.962762 0.970214 0.980275 0.994607 1.01666 1.05499 1.13816 1.45569
0.296705972839 0.943396 0.90508 0.903670563576 0.94755 0.952658 0.95909 0.967438 0.978708 0.994763 1.01947 1.06241 1.15559 1.51133
0.314159265359 0.937865 0.89534 0.89375938626 0.942485 0.948165 0.955319 0.964603 0.977139 0.994997 1.02248 1.07025 1.1739 1.56963
0.331612557879 0.932165 0.885276 0.883517696151 0.937271 0.943548 0.951453 0.961714 0.975569 0.995307 1.02569 1.07849 1.19305 1.63048
0.349065850399 0.926304 0.874909 0.872965367301 0.931913 0.938811 0.947497 0.958773 0.973999 0.99569 1.02908 1.0871 1.21302 1.69377
0.366519142919 0.920289 0.864258 0.862122121353 0.92642 0.93396 0.943456 0.955782 0.972427 0.996142 1.03264 1.09609 1.23375 1.75938
0.383972435439 0.914128 0.853341 0.851007466578 0.920798 0.929 0.939332 0.952744 0.970855 0.996659 1.03638 1.10541 1.25522 1.8272
0.401425727959 0.907826 0.842177 0.839640728357 0.915051 0.923937 0.935129 0.949659 0.96928 0.997237 1.04027 1.11507 1.27737 1.8971
0.418879020479 0.90139 0.830786 0.82804098822 0.909185 0.918773 0.930849 0.946528 0.967702 0.99787 1.04431 1.12503 1.30018 1.96897
0.436332312999 0.894826 0.819184 0.816227114321 0.903206 0.913513 0.926497 0.943353 0.966117 0.998553 1.04848 1.13527 1.3236 2.04269
0.453785605519 0.888141 0.807391 0.804217791928 0.897119 0.908162 0.922072 0.940133 0.964525 0.99928 1.05278 1.14578 1.34758 2.11813
0.471238898038 0.881339 0.795424 0.792031462453 0.890927 0.902722 0.917579 0.93687 0.962923 1.00005 1.05719 1.15653 1.37209 2.19517
0.488692190558 0.874426 0.783302 0.779686292973 0.884637 0.897196 0.913018 0.933562 0.961307 1.00084 1.0617 1.1675 1.39707 2.27369
0.506145483078 0.867407 0.77104 0.767200176233 0.87825 0.891588 0.908391 0.930209 0.959676 1.00167 1.0663 1.17867 1.4225 2.35355
0.523598775598 0.860287 0.758656 0.754590822084 0.871773 0.885901 0.9037 0.926811 0.958025 1.00251 1.07098 1.19001 1.44831 2.43463
0.541052068118 0.853072 0.746168 0.741875574599 0.865208 0.880136 0.898945 0.923367 0.956352 1.00336 1.07572 1.20151 1.47448 2.51681
0.558505360638 0.845764 0.733591 0.729071473033 0.858559 0.874298 0.894127 0.919876 0.954654 1.00421 1.08051 1.21313 1.50095 2.59995
0.575958653158 0.83837 0.720942 0.716195282309 0.85183 0.868387 0.889248 0.916337 0.952925 1.00506 1.08533 1.22487 1.52767 2.68393
0.593411945678 0.830893 0.708237 0.703263401565 0.845024 0.862407 0.884308 0.912748 0.951163 1.00591 1.09018 1.23668 1.55461 2.76863
0.610865238198 0.823338 0.69549 0.690291894645 0.838144 0.856359 0.879308 0.90911 0.949363 1.00673 1.09504 1.24856 1.58172 2.85391
0.628318530718 0.815708 0.682718 0.67729642913 0.831194 0.850245 0.874248 0.905419 0.947523 1.00752 1.0999 1.26048 1.60896 2.93965
0.645771823238 0.808008 0.669935 0.664292367782 0.824176 0.844067 0.869129 0.901675 0.945636 1.00829 1.10473 1.27241 1.63628 3.02573
0.663225115758 0.80024 0.657156 0.651294555177 0.817093 0.837827 0.863951 0.897875 0.9437 1.00901 1.10954 1.28433 1.66363 3.11201
0.680678408278 0.79241 0.644394 0.638317561556 0.809949 0.831526 0.858713 0.894019 0.94171 1.00968 1.11431 1.29621 1.69097 3.19838
0.698131700798 0.784521 0.631663 0.625375408489 0.802745 0.825166 0.853417 0.890105 0.939663 1.01029 1.11902 1.30805 1.71827 3.28472
0.715584993318 0.776576 0.618977 0.612481782246 0.795485 0.818749 0.848062 0.88613 0.937552 1.01084 1.12366 1.3198 1.74547 3.37089
0.733038285838 0.768578 0.606347 0.599649881394 0.78817 0.812275 0.842648 0.882093 0.935376 1.01131 1.12822 1.33146 1.77253 3.45678
0.750491578358 0.760531 0.593787 0.58689241679 0.780804 0.805747 0.837176 0.877992 0.933128 1.01171 1.13268 1.34299 1.79941 3.54228
0.767944870878 0.752438 0.581308 0.57422167255 0.773388 0.799165 0.831645 0.873826 0.930806 1.01201 1.13703 1.35438 1.82607 3.62726
0.785398163397 0.744302 0.568922 0.561649414598 0.765926 0.79253 0.826055 0.869592 0.928404 1.01222 1.14126 1.36561 1.85247 3.71161
0.802851455917 0.736126 0.556639 0.549186951637 0.758418 0.785845 0.820405 0.865288 0.925919 1.01233 1.14536 1.37664 1.87856 3.79521
0.820304748437 0.727914 0.54447 0.536845043697 0.750868 0.77911 0.814697 0.860914 0.923346 1.01232 1.14931 1.38747 1.90432 3.87795
0.837758040957 0.719668 0.532425 0.524634024065 0.743277 0.772325 0.808929 0.856466 0.920682 1.0122 1.1531 1.39807 1.92969 3.95973
0.855211333477 0.711391 0.520514 0.512563646879 0.735648 0.765493 0.803101 0.851943 0.917922 1.01195 1.15673 1.40842 1.95463 4.04043
0.872664625997 0.703086 0.508744 0.500643148084 0.727983 0.758614 0.797214 0.847344 0.915063 1.01158 1.16017 1.4185 1.97912 4.11995
0.890117918517 0.694756 0.497126 0.488881306403 0.720282 0.75169 0.791267 0.842666 0.912101 1.01106 1.16341 1.42829 2.00312 4.19819
0.907571211037 0.686403 0.485666 0.477286290925 0.71255 0.74472 0.785259 0.837909 0.909031 1.01039 1.16646 1.43777 2.02658 4.27504
0.925024503557 0.67803 0.474373 0.465865783031 0.704786 0.737707 0.779192 0.833069 0.905851 1.00958 1.16928 1.44693 2.04948 4.35041
0.942477796077 0.669639 0.463253 0.454626945916 0.696994 0.730651 0.773064 0.828146 0.902557 1.00861 1.17188 1.45574 2.07178 4.42419
0.959931088597 0.661234 0.452312 0.443576394101 0.689175 0.723554 0.766875 0.823139 0.899145 1.00747 1.17424 1.46419 2.09344 4.49631
0.977384381117 0.652816 0.441557 0.432720193442 0.68133 0.716415 0.760626 0.818045 0.895612 1.00616 1.17636 1.47226 2.11444 4.56666
0.994837673637 0.644387 0.430993 0.422063922083 0.673462 0.709236 0.754316 0.812864 0.891955 1.00468 1.17822 1.47994 2.13474 4.63516
1.01229096616 0.635951 0.420625 0.411612579019 0.665572 0.702019 0.747946 0.807593 0.888171 1.00301 1.17982 1.48721 2.15431 4.70172
1.02974425868 0.627509 0.410458 0.40137070602 0.657662 0.694763 0.741514 0.802233 0.884256 1.00116 1.18114 1.49405 2.17312 4.76627
1.0471975512 0.619065 0.400494 0.391342296185 0.649734 0.68747 0.735022 0.796781 0.88021 0.999113 1.18218 1.50045 2.19115 4.82872
1.06465084372 0.610619 0.390738 0.381530763462 0.641789 0.680141 0.72847 0.791237 0.876027 0.996872 1.18293 1.50639 2.20837 4.889
1.08210413624 0.602174 0.381193 0.371939095055 0.633829 0.672777 0.721857 0.785599 0.871707 0.994429 1.18337 1.51186 2.22476 4.94703
1.09955742876 0.593733 0.371861 0.362569759978 0.625855 0.665379 0.715183 0.779867 0.867247 0.991781 1.18352 1.51686 2.24028 5.00275
1.11701072128 0.585297 0.362744 0.353424709061 0.61787 0.657947 0.70845 0.77404 0.862644 0.988924 1.18335 1.52136 2.25491 5.05609
1.1344640138 0.576869 0.353843 0.344505435904 0.609874 0.650483 0.701656 0.768117 0.857898 0.985853 1.18286 1.52535 2.26864 5.10699
1.15191730632 0.56845 0.34516 0.335812915921 0.601869 0.642988 0.694804 0.762098 0.853005 0.982565 1.18204 1.52883 2.28144 5.15538
1.16937059884 0.560043 0.336696 0.327347728263 0.593857 0.635463 0.687892 0.755982 0.847964 0.979057 1.18089 1.53178 2.29329 5.20121
1.18682389136 0.551649 0.328449 0.319109903414 0.58584 0.627909 0.680921 0.749769 0.842775 0.975326 1.1794 1.5342 2.30417 5.24443
1.20427718388 0.54327 0.320422 0.311099106073 0.577819 0.620327 0.673892 0.743459 0.837435 0.971368 1.17757 1.53607 2.31407 5.28499
1.2217304764 0.534909 0.312611 0.303314543718 0.569795 0.612718 0.666806 0.737051 0.831943 0.967183 1.1754 1.53739 2.32297 5.32284
1.23918376892 0.526567 0.305017 0.295755027564 0.56177 0.605083 0.659662 0.730546 0.826299 0.962766 1.17287 1.53814 2.33086 5.35794
1.25663706144 0.518246 0.297638 0.288418881117 0.553746 0.597424 0.652463 0.723943 0.820502 0.958117 1.16999 1.53833 2.33771 5.39025
1.27409035396 0.509948 0.290473 0.28130412307 0.545723 0.589741 0.645207 0.717242 0.814551 0.953234 1.16675 1.53795 2.34353 5.41973
1.29154364648 0.501674 0.283518 0.274408406334 0.537705 0.582036 0.637897 0.710445 0.808446 0.948116 1.16315 1.53699 2.34829 5.44635
1.308996939 0.493426 0.276772 0.267728957075 0.529691 0.57431 0.630533 0.703551 0.802187 0.94276 1.15919 1.53544 2.35199 5.47008
1.32645023152 0.485206 0.270231 0.261262696646 0.521684 0.566564 0.623116 0.696561 0.795774 0.937168 1.15486 1.53331 2.35463 5.49091
1.34390352404 0.477016 0.263894 0.255006211098 0.513684 0.558799 0.615648 0.689476 0.789206 0.931338 1.15016 1.53059 2.35618 5.50879
1.36135681656 0.468857 0.257755 0.248955781668 0.505695 0.551018 0.608128 0.682296 0.782485 0.92527 1.1451 1.52727 2.35665 5.52372
1.37881010908 0.460731 0.251811 0.243107354292 0.497716 0.543221 0.600559 0.675023 0.775611 0.918964 1.13967 1.52336 2.35603 5.53569
1.3962634016 0.45264 0.246059 0.2374567225 0.48975 0.535409 0.592941 0.667657 0.768585 0.912421 1.13387 1.51885 2.35433 5.54467
1.41371669412 0.444584 0.240493 0.231999253077 0.481799 0.527584 0.585277 0.6602 0.761407 0.905641 1.1277 1.51374 2.35153 5.55067
1.43116998664 0.436566 0.235111 0.2267301604 0.473862 0.519748 0.577566 0.652652 0.754079 0.898626 1.12116 1.50804 2.34763 5.55367
1.44862327916 0.428587 0.229905 0.221644475957 0.465943 0.511902 0.569811 0.645016 0.746602 0.891376 1.11426 1.50174 2.34264 5.55368
1.46607657168 0.420649 0.224873 0.216736926418 0.458042 0.504047 0.562014 0.637292 0.738978 0.883893 1.107 1.49485 2.33656 5.5507
1.4835298642 0.412752 0.220009 0.212002147007 0.450161 0.496185 0.554175 0.629483 0.731208 0.876179 1.09937 1.48737 2.3294 5.54473
1.50098315672 0.4049 0.215307 0.207434529098 0.442302 0.488317 0.546296 0.62159 0.723295 0.868236 1.09138 1.4793 2.32115 5.53578
1.51843644924 0.397092 0.210762 0.203028372617 0.434466 0.480445 0.53838 0.613615 0.71524 0.860066 1.08303 1.47064 2.31181 5.52387
1.53588974176 0.38933 0.206369 0.1987777946 0.426654 0.472572 0.530428 0.60556 0.707046 0.851672 1.07433 1.4614 2.30141 5.50902
1.55334303427 0.381616 0.202121 0.194676851122 0.418868 0.464697 0.522441 0.597427 0.698714 0.843058 1.06528 1.45159 2.28994 5.49123
1.57079632679 0.373951 0.198014 0.19071947633 0.41111 0.456824 0.514422 0.589218 0.690249 0.834225 1.05588 1.44121 2.27742 5.47053
1.58824961931 0.366337 0.194041 0.186899543406 0.403381 0.448953 0.506372 0.580936 0.681651 0.825179 1.04614 1.43026 2.26385 5.44695
1.60570291183 0.358774 0.190197 0.183210834089 0.395682 0.441087 0.498294 0.572583 0.672926 0.815921 1.03606 1.41876 2.24925 5.42051
1.62315620435 0.351264 0.186475 0.179647099637 0.388015 0.433227 0.49019 0.564161 0.664075 0.806457 1.02565 1.40671 2.23363 5.39125
1.64060949687 0.343808 0.18287 0.176202152268 0.380382 0.425375 0.482062 0.555674 0.655102 0.796791 1.01492 1.39411 2.217 5.35921
1.65806278939 0.336408 0.179376 0.172869651796 0.372784 0.417533 0.473912 0.547124 0.64601 0.786927 1.00386 1.38099 2.19938 5.32441
1.67551608191 0.329064 0.175986 0.169643379958 0.365222 0.409702 0.465743 0.538513 0.636803 0.776869 0.992496 1.36734 2.18078 5.2869
1.69296937443 0.321779 0.172696 0.166517148975 0.357699 0.401886 0.457556 0.529846 0.627485 0.766624 0.980821 1.35318 2.16122 5.24672
1.71042266695 0.314552 0.169498 0.163484710103 0.350215 0.394084 0.449355 0.521124 0.61806 0.756195 0.968846 1.33851 2.14072 5.20392
1.72787595947 0.307386 0.166387 0.160540027971 0.342772 0.386301 0.441141 0.512351 0.608532 0.745589 0.95658 1.32336 2.11929 5.15854
1.74532925199 0.300281 0.163358 0.157677006244 0.335371 0.378536 0.432918 0.503531 0.598905 0.734811 0.944029 1.30773 2.09697 5.11065
1.76278254451 0.293238 0.160405 0.154889700995 0.328015 0.370793 0.424687 0.494666 0.589183 0.723867 0.931202 1.29162 2.07375 5.06028
1.78023583703 0.28626 0.157522 0.152172290226 0.320704 0.363074 0.416452 0.485761 0.579371 0.712763 0.918108 1.27507 2.04968 5.00751
1.79768912955 0.279346 0.154703 0.14951904338 0.313441 0.35538 0.408215 0.476818 0.569474 0.701506 0.904754 1.25807 2.02477 4.95238
1.81514242207 0.272497 0.151944 0.146924382312 0.306226 0.347713 0.399978 0.467841 0.559497 0.690101 0.891152 1.24064 1.99905 4.89496
1.83259571459 0.265716 0.149239 0.144382820321 0.299061 0.340076 0.391746 0.458834 0.549444 0.678556 0.877308 1.2228 1.97253 4.83531
1.85004900711 0.259003 0.146584 0.141889084077 0.291948 0.33247 0.383519 0.449801 0.53932 0.666877 0.863235 1.20456 1.94525 4.7735
1.86750229963 0.252358 0.143972 0.139438083139 0.284887 0.324898 0.375302 0.440745 0.529131 0.655072 0.84894 1.18594 1.91723 4.70959
1.88495559215 0.245783 0.1414 0.137024848996 0.277882 0.317362 0.367097 0.431671 0.518881 0.643147 0.834436 1.16695 1.8885 4.64367
1.90240888467 0.23928 0.138863 0.134644656988 0.270932 0.309864 0.358907 0.422582 0.508577 0.631111 0.819731 1.14761 1.85909 4.57579
1.91986217719 0.232848 0.136357 0.132292904381 0.264041 0.302406 0.350735 0.413482 0.498224 0.61897 0.804837 1.12792 1.82901 4.50603
1.93731546971 0.226489 0.133877 0.129965323743 0.257208 0.29499 0.342584 0.404376 0.487827 0.606732 0.789765 1.10792 1.79831 4.43447
1.95476876223 0.220203 0.13142 0.1276577086 0.250436 0.287619 0.334457 0.395268 0.477392 0.594406 0.774526 1.08762 1.76702 4.36119
1.97222205475 0.213993 0.128981 0.125366218264 0.243726 0.280294 0.326357 0.386161 0.466924 0.581999 0.759132 1.06703 1.73515 4.28626
1.98967534727 0.207857 0.126558 0.12308716445 0.237079 0.273018 0.318288 0.37706 0.456431 0.569519 0.743593 1.04617 1.70275 4.20977
2.00712863979 0.201799 0.124147 0.120817072249 0.230498 0.265793 0.310252 0.36797 0.445916 0.556974 0.727922 1.02506 1.66984 4.1318
2.02458193231 0.195817 0.121744 0.118552802048 0.223983 0.258621 0.302252 0.358895 0.435387 0.544373 0.71213 1.00372 1.63646 4.05243
2.04203522483 0.189914 0.119348 0.116291397124 0.217535 0.251505 0.294292 0.349839 0.42485 0.531725 0.69623 0.982172 1.60264 3.97174
2.05948851735 0.184089 0.116955 0.114030114126 0.211158 0.244446 0.286374 0.340806 0.41431 0.519037 0.680234 0.960424 1.5684 3.88984
2.07694180987 0.178344 0.114563 0.111766545003 0.204851 0.237447 0.278503 0.331801 0.403774 0.506318 0.664154 0.9385 1.5338 3.80679
2.09439510239 0.17268 0.112171 0.109498464592 0.198616 0.23051 0.27068 0.322829 0.393248 0.493577 0.648003 0.916419 1.49885 3.72269
2.11184839491 0.167097 0.109775 0.10722398303 0.192455 0.223637 0.262911 0.313894 0.382739 0.480823 0.631794 0.894201 1.46359 3.63763
2.12930168743 0.161597 0.107375 0.104941393342 0.186368 0.21683 0.255196 0.305 0.372252 0.468065 0.615538 0.871865 1.42805 3.5517
2.14675497995 0.156179 0.104968 0.102649262891 0.180359 0.210093 0.247541 0.296153 0.361794 0.455311 0.59925 0.849431 1.39228 3.46499
2.16420827247 0.150844 0.102555 0.100346433371 0.174427 0.203426 0.239947 0.287356 0.351371 0.442571 0.582941 0.826918 1.3563 3.37759
2.18166156499 0.145594 0.100134 0.0980319903341 0.168574 0.196832 0.232419 0.278614 0.34099 0.429853 0.566625 0.804346 1.32015 3.2896
2.19911485751 0.140429 0.097704 0.095705293664 0.162802 0.190313 0.224959 0.269932 0.330656 0.417166 0.550314 0.781735 1.28387 3.2011
2.21656815003 0.135349 0.0952652 0.0933658861356 0.157112 0.183871 0.217571 0.261314 0.320377 0.40452 0.534022 0.759106 1.24749 3.11219
2.23402144255 0.130356 0.0928172 0.0910136763042 0.151505 0.17751 0.210258 0.252765 0.310159 0.391923 0.517762 0.736477 1.21104 3.02297
2.25147473507 0.125449 0.09036 0.0886486641696 0.145983 0.171229 0.203023 0.24429 0.300008 0.379384 0.501547 0.71387 1.17456 2.93352
2.26892802759 0.12063 0.0878939 0.0862712155119 0.140546 0.165033 0.195869 0.235892 0.289931 0.366912 0.485389 0.691304 1.13809 2.84394
2.28638132011 0.115899 0.0854195 0.0838818485197 0.135197 0.158923 0.188799 0.227577 0.279934 0.354517 0.469303 0.6688 1.10165 2.75432
2.30383461263 0.111257 0.0829374 0.0814813252347 0.129936 0.1529 0.181817 0.219349 0.270022 0.342207 0.4533 0.646377 1.0653 2.66476
2.32128790515 0.106705 0.0804486 0.0790706820339 0.124765 0.146968 0.174926 0.211213 0.260204 0.329992 0.437394 0.624055 1.02905 2.57535
2.33874119767 0.102242 0.0779543 0.0766510772208 0.119684 0.141128 0.168129 0.203172 0.250484 0.317879 0.421597 0.601854 0.992954 2.48618
2.35619449019 0.0978694 0.0754557 0.0742239434343 0.114696 0.135382 0.161428 0.195232 0.24087 0.305878 0.405923 0.579795 0.957036 2.39735
2.37364778271 0.0935879 0.0729544 0.071790896203 0.109801 0.129732 0.154827 0.187397 0.231366 0.293998 0.390384 0.557895 0.921334 2.30894
2.39110107523 0.0893979 0.070452 0.0693536729823 0.105 0.12418 0.14833 0.17967 0.221981 0.282248 0.374994 0.536176 0.885883 2.22105
2.40855436775 0.0852998 0.0679505 0.0669142550811 0.100295 0.118729 0.141938 0.172057 0.212718 0.270635 0.359763 0.514657 0.850715 2.13377
2.42600766027 0.0812942 0.065452 0.0644748371799 0.0956873 0.11338 0.135655 0.164562 0.203586 0.259169 0.344706 0.493356 0.815866 2.04719
2.44346095279 0.0773814 0.0629585 0.0620376444408 0.0911769 0.108134 0.129484 0.157188 0.194588 0.247859 0.329833 0.472293 0.781369 1.9614
2.46091424531 0.073562 0.0604725 0.0596051458797 0.0867655 0.102995 0.123427 0.149941 0.185733 0.236711 0.315159 0.451486 0.747256 1.87648
2.47836753783 0.0698363 0.0579964 0.0571799629203 0.0824541 0.0979629 0.117488 0.142823 0.177024 0.225735 0.300693 0.430954 0.713562 1.79252
2.49582083035 0.0662048 0.0555328 0.0547647474683 0.0782437 0.0930406 0.111668 0.13584 0.168468 0.21494 0.286449 0.410716 0.680317 1.70961
2.51327412287 0.0626678 0.0530845 0.0523623343195 0.0741354 0.0882295 0.105972 0.128995 0.160071 0.204331 0.272437 0.390789 0.647554 1.62784
2.53072741539 0.0592258 0.0506542 0.0499756497146 0.07013 0.0835314 0.100402 0.122291 0.151838 0.193919 0.25867 0.371191 0.615304 1.54728
2.54818070791 0.055879 0.0482449 0.0476077723026 0.0662286 0.0789479 0.094959 0.115734 0.143775 0.18371 0.245159 0.35194 0.583598 1.46802
2.56563400043 0.0526278 0.0458595 0.0452617197694 0.062432 0.0744808 0.0896473 0.109325 0.135886 0.173712 0.231915 0.333053 0.552467 1.39014
2.58308729295 0.0494726 0.0435012 0.0429407231722 0.0587413 0.0701315 0.0844687 0.10307 0.128177 0.163932 0.218948 0.314546 0.521939 1.31372
2.60054058547 0.0464136 0.041173 0.0406479830871 0.0551572 0.0659017 0.0794258 0.0969719 0.120654 0.154379 0.206269 0.296436 0.492045 1.23883
2.61799387799 0.0434511 0.0388781 0.038386761053 0.0516805 0.0617929 0.0745209 0.0910337 0.11332 0.145057 0.193889 0.278739 0.462812 1.16555
2.63544717051 0.0405854 0.0366198 0.0361604100541 0.0483122 0.0578066 0.0697563 0.085259 0.106182 0.135976 0.181817 0.261471 0.434269 1.09395
2.65290046303 0.0378167 0.0344012 0.0339722221113 0.0450529 0.0539441 0.0651342 0.0796511 0.0992427 0.127141 0.170065 0.244647 0.406441 1.02412
2.67035375555 0.0351453 0.0322256 0.031825519727 0.0419034 0.0502068 0.0606569 0.0742133 0.0925081 0.118559 0.15864 0.228282 0.379357 0.956103
2.68780704807 0.0325713 0.0300962 0.0297236558854 0.0388644 0.0465961 0.0563263 0.0689485 0.0859821 0.110237 0.147553 0.21239 0.35304 0.889984
2.70526034059 0.030095 0.0280162 0.0276699226073 0.0359366 0.0431132 0.0521446 0.0638598 0.0796691 0.10218 0.136812 0.196985 0.327516 0.825826
2.72271363311 0.0277166 0.0259889 0.0256676119135 0.0331205 0.0397594 0.0481136 0.0589501 0.0735731 0.0943944 0.126426 0.182081 0.302808 0.76369
2.74016692563 0.025436 0.0240173 0.0237199548615 0.0304169 0.0365357 0.0442352 0.0542221 0.0676982 0.0868859 0.116404 0.16769 0.278941 0.703639
2.75762021815 0.0232536 0.0221048 0.0218301825087 0.0278262 0.0334433 0.0405111 0.0496784 0.0620481 0.0796601 0.106754 0.153826 0.255935 0.645732
2.77507351067 0.0211694 0.0202542 0.0200013735042 0.0253491 0.0304832 0.0369431 0.0453216 0.0566266 0.0727221 0.0974824 0.1405 0.233812 0.590025
2.79252680319 0.0191835 0.0184686 0.0182366064972 0.0229859 0.0276564 0.0335327 0.041154 0.051437 0.066077 0.0885977 0.127724 0.212593 0.536573
2.80998009571 0.0172959 0.0167509 0.0165388686916 0.0207371 0.0249638 0.0302815 0.037178 0.0464827 0.0597296 0.0801067 0.115508 0.192296 0.485427
2.82743338823 0.0155067 0.015104 0.0149110253648 0.0186032 0.0224063 0.0271909 0.0333956 0.0417668 0.0536843 0.072016 0.103863 0.172941 0.436636
2.84488668075 0.0138159 0.0135306 0.0133558198676 0.0165845 0.0199847 0.0242621 0.029809 0.0372923 0.0479455 0.0643319 0.092799 0.154545 0.390247
2.86233997327 0.0122234 0.0120332 0.0118759041055 0.0146813 0.0176996 0.0214964 0.0264199 0.0330619 0.0425171 0.0570603 0.0823249 0.137124 0.346304
2.87979326579 0.0107294 0.0106145 0.0104738080576 0.0128938 0.0155517 0.018895 0.0232301 0.0290781 0.0374028 0.0502068 0.0724494 0.120693 0.304848
2.89724655831 0.00933361 0.0092767 0.00915190929434 0.0112224 0.0135416 0.0164588 0.0202411 0.0253433 0.032606 0.0437764 0.0631805 0.105267 0.265917
2.91469985083 0.00803605 0.00802215 0.00791246345971 0.00966715 0.0116699 0.0141887 0.0174546 0.0218598 0.0281301 0.0377738 0.0545256 0.0908584 0.229546
2.93215314335 0.00683657 0.0068529 0.00675754330752 0.00822823 0.00993683 0.0120857 0.0148716 0.0186293 0.0239777 0.0322033 0.0464915 0.0774802 0.195767
2.94960643587 0.00573503 0.0057709 0.00568906918325 0.0069057 0.00834289 0.0101503 0.0124934 0.0156536 0.0201516 0.0270689 0.0390842 0.0651429 0.16461
2.96705972839 0.00473124 0.00477791 0.00470877854232 0.0056996 0.00688832 0.00838315 0.0103209 0.0129344 0.0166539 0.0223739 0.0323091 0.0538562 0.136101
2.98451302091 0.003825 0.00387554 0.0038182259501 0.00460989 0.00557331 0.00678474 0.00835504 0.0104728 0.0134866 0.0181212 0.026171 0.0436287 0.110264
3.00196631343 0.00301605 0.00306521 0.0030188440453 0.00363647 0.00439795 0.00535538 0.00659636 0.00826987 0.0106514 0.0143135 0.020674 0.0344677 0.0871166
3.01941960595 0.00230409 0.00234815 0.00231176064985 0.00277918 0.00336224 0.00409528 0.00504535 0.00632648 0.00814952 0.0109527 0.0158213 0.0263791 0.0666768
3.03687289847 0.00168879 0.0017254 0.00169798165899 0.00203781 0.00246611 0.00300453 0.00370231 0.00464317 0.00598194 0.00804042 0.0116154 0.0193678 0.0489572
3.05432619099 0.00116975 0.00119779 0.00117823863292 0.00141204 0.00170934 0.00208304 0.00256731 0.00322023 0.00414924 0.00557758 0.00805811 0.0134371 0.0339669
3.07177948351 0.000746534 0.00076594 0.000753080241757 0.000901501 0.00109163 0.00133059 0.00164024 0.00205768 0.0026516 0.00356471 0.00515037 0.00858874 0.0217117
3.08923277603 0.000418615 0.000430238 0.000422780820577 0.000505701 0.000612532 0.000746791 0.000920739 0.00115523 0.00148883 0.00200167 0.00289222 0.00482322 0.012193
3.10668606855 0.000185395 0.000190824 0.000187401332726 0.000224049 0.00027146 0.000331035 0.000408213 0.000512242 0.000660227 0.000887711 0.00128271 0.00213917 0.0054078
3.12413936107 4.61565e-05 4.75678e-05 4.66979248107e-05 5.58024e-05 6.76317e-05 8.24937e-05 0.000101745 0.00012769 0.000164594 0.000221319 0.000319809 0.00053335 0.00134829
3.14159265359 0.0 0.0 0.0 0.0 0.0 0.0 0.0 0.0 0.0 0.0 0.0 0.0 0.0
