alpha phi_iso phi_ray phi_vec g0=0.1 g0=0.2 g0=0.3 g0=0.4 g0=0.5 g0=0.6 g0=0.7 g0=0.8 g0=0.9 g0=1.0
0.0 1.0 1.0 1.0 1.0 1.0 1.0 1.0 1.0 1.0 1.0 1.0 1.0 1.0
0.0174532925199 0.999692 0.99956 0.999545508011 0.999707 0.999723 0.999743 0.999766 0.999795 0.999832 0.999879 0.999944 1.00004 1.00018
0.0349065850399 0.998826 0.998304 0.998242858517 0.998882 0.998947 0.999023 0.999115 0.999228 0.99937 0.999555 0.999806 1.00017 1.00075
0.0523598775598 0.997485 0.996326 0.996182311413 0.997607 0.997748 0.997915 0.998116 0.998363 0.998674 0.999079 0.999632 1.00043 1.00169
0.0698131700798 0.995735 0.993703 0.993435600931 0.995945 0.996189 0.996478 0.996825 0.997252 0.997791 0.998495 0.999453 1.00084 1.00304
0.0872664625997 0.993618 0.990484 0.99005127664 0.993936 0.994308 0.994747 0.995277 0.995928 0.996751 0.997826 0.999291 1.00141 1.00477
0.10471975512 0.99116 0.986704 0.986062548472 0.991608 0.99213 0.992749 0.993495 0.994413 0.995573 0.99709 0.999159 1.00216 1.0069
0.12217304764 0.988383 0.982388 0.981495449691 0.988979 0.989675 0.9905 0.991495 0.992721 0.994271 0.996297 0.999064 1.00308 1.00943
0.13962634016 0.985303 0.977559 0.976373262289 0.986065 0.986956 0.988014 0.98929 0.990864 0.992855 0.995458 0.999014 1.00417 1.01234
0.157079632679 0.981933 0.972239 0.970718243018 0.982881 0.983989 0.985305 0.986894 0.988853 0.991334 0.994579 0.999013 1.00545 1.01564
0.174532925199 0.978289 0.966449 0.964552129525 0.979439 0.980786 0.982385 0.984316 0.9867 0.989718 0.993668 0.999067 1.0069 1.01932
0.191986217719 0.974384 0.960209 0.957896263634 0.975754 0.977358 0.979264 0.981568 0.984412 0.988014 0.99273 0.999177 1.00854 1.02337
0.209439510239 0.970228 0.953539 0.950771610819 0.971834 0.973716 0.975953 0.978657 0.981997 0.986228 0.991769 0.999346 1.01035 1.02779
0.226892802759 0.965834 0.946458 0.943198792643 0.967693 0.969871 0.972461 0.975593 0.979462 0.984366 0.990789 0.999574 1.01233 1.03256
0.244346095279 0.961213 0.938985 0.935198119204 0.963339 0.965832 0.968796 0.972383 0.976815 0.982433 0.989794 0.999863 1.01449 1.03769
0.261799387799 0.956373 0.93114 0.92678962807 0.958782 0.961607 0.964967 0.969035 0.974061 0.980434 0.988785 1.00021 1.01681 1.04314
0.279252680319 0.951326 0.922939 0.917993110231 0.954031 0.957205 0.960982 0.965554 0.971205 0.978372 0.987765 1.00062 1.0193 1.04893
0.296705972839 0.946079 0.914401 0.9088281685 0.949095 0.952634 0.956846 0.961946 0.968251 0.97625 0.986735 1.00109 1.02194 1.05503
0.314159265359 0.940641 0.905544 0.899314204538 0.94398 0.9479 0.952566 0.958217 0.965205 0.974071 0.985694 1.00161 1.02473 1.06142
0.331612557879 0.93502 0.896385 0.889470457784 0.938695 0.94301 0.948148 0.954372 0.962069 0.971836 0.984644 1.00218 1.02766 1.06811
0.349065850399 0.929223 0.88694 0.879316005454 0.933247 0.937971 0.943598 0.950415 0.958847 0.969549 0.983583 1.0028 1.03073 1.07506
0.366519142919 0.923259 0.877228 0.868869756055 0.927642 0.932789 0.938921 0.94635 0.955542 0.967209 0.982511 1.00347 1.03393 1.08228
0.383972435439 0.917133 0.867264 0.858150468851 0.921887 0.927469 0.934121 0.942182 0.952156 0.964817 0.981426 1.00417 1.03724 1.08973
0.401425727959 0.910853 0.857066 0.847176734397 0.915987 0.922018 0.929204 0.937913 0.948691 0.962375 0.980327 1.00492 1.04066 1.09741
0.418879020479 0.904426 0.846649 0.835966968045 0.909949 0.916439 0.924172 0.933548 0.94515 0.959883 0.979212 1.00569 1.04419 1.10531
0.436332312999 0.897856 0.83603 0.824539396974 0.903779 0.910737 0.919032 0.929088 0.941534 0.957339 0.978078 1.00649 1.0478 1.11339
0.453785605519 0.891151 0.825224 0.812912053698 0.897481 0.904919 0.913785 0.924536 0.937844 0.954745 0.976923 1.00731 1.0515 1.12165
0.471238898038 0.884316 0.814247 0.801102769573 0.891061 0.898987 0.908437 0.919896 0.934081 0.952099 0.975745 1.00814 1.05526 1.13007
0.488692190558 0.877357 0.803115 0.789129148848 0.884523 0.892946 0.902989 0.915168 0.930247 0.949401 0.97454 1.00899 1.05908 1.13863
0.506145483078 0.87028 0.791843 0.777008549195 0.877874 0.886801 0.897446 0.910357 0.926343 0.946651 0.973305 1.00983 1.06295 1.14731
0.523598775598 0.863088 0.780446 0.7647580882 0.871116 0.880554 0.89181 0.905462 0.922368 0.943845 0.972037 1.01067 1.06686 1.1561
0.541052068118 0.855788 0.768938 0.752394597937 0.864255 0.874211 0.886084 0.900487 0.918324 0.940985 0.970732 1.0115 1.0708 1.16497
0.558505360638 0.848385 0.757334 0.739934631461 0.857296 0.867774 0.880271 0.895433 0.914209 0.938067 0.969386 1.01231 1.07475 1.17391
0.575958653158 0.840882 0.745648 0.727394436851 0.850241 0.861246 0.874374 0.8903 0.910026 0.935091 0.967996 1.0131 1.07871 1.1829
0.593411945678 0.833286 0.733894 0.714789950722 0.843096 0.854632 0.868394 0.885092 0.905773 0.932054 0.966558 1.01385 1.08265 1.19193
0.610865238198 0.8256 0.722086 0.702136765777 0.835864 0.847934 0.862335 0.879808 0.901451 0.928955 0.965068 1.01457 1.08658 1.20096
0.628318530718 0.817829 0.710236 0.689450124325 0.828548 0.841156 0.856198 0.87445 0.897059 0.925793 0.963521 1.01524 1.09048 1.20999
0.645771823238 0.809978 0.698358 0.676744905298 0.821154 0.8343 0.849985 0.869019 0.892598 0.922564 0.961913 1.01585 1.09433 1.21899
0.663225115758 0.802049 0.686464 0.664035611273 0.813683 0.827369 0.843698 0.863515 0.888066 0.919268 0.960241 1.01641 1.09813 1.22794
0.680678408278 0.794049 0.674566 0.65133634252 0.806141 0.820366 0.83734 0.857941 0.883463 0.915902 0.9585 1.0169 1.10187 1.23684
0.698131700798 0.785979 0.662677 0.638660797001 0.798529 0.813294 0.830913 0.852296 0.878789 0.912464 0.956685 1.01731 1.10552 1.24565
0.715584993318 0.777845 0.650808 0.6260222509 0.790852 0.806155 0.824417 0.846581 0.874044 0.908951 0.954793 1.01764 1.10909 1.25436
0.733038285838 0.76965 0.63897 0.613433539164 0.783113 0.798952 0.817854 0.840798 0.869226 0.905362 0.952818 1.01788 1.11256 1.26295
0.750491578358 0.761398 0.627174 0.600907061982 0.775314 0.791687 0.811228 0.834946 0.864335 0.901694 0.950758 1.01803 1.11592 1.27141
0.767944870878 0.753093 0.615431 0.588454758837 0.767459 0.784363 0.804537 0.829026 0.859371 0.897945 0.948607 1.01807 1.11915 1.27972
0.785398163397 0.744738 0.603749 0.576088108504 0.759551 0.776982 0.797786 0.823039 0.854332 0.894113 0.946361 1.018 1.12225 1.28785
0.802851455917 0.736336 0.59214 0.563818116072 0.751593 0.769546 0.790974 0.816986 0.849219 0.890197 0.944017 1.01781 1.1252 1.2958
0.820304748437 0.727892 0.580612 0.551655299965 0.743587 0.762058 0.784103 0.810866 0.84403 0.886192 0.941569 1.0175 1.128 1.30354
0.837758040957 0.719407 0.569174 0.539609698434 0.735537 0.754519 0.777175 0.80468 0.838765 0.882098 0.939015 1.01706 1.13063 1.31106
0.855211333477 0.710886 0.557834 0.527690837109 0.727445 0.746932 0.770192 0.798429 0.833423 0.877913 0.936349 1.01648 1.13309 1.31834
0.872664625997 0.702332 0.5466 0.515907761447 0.719314 0.739298 0.763153 0.792114 0.828004 0.873634 0.933569 1.01575 1.13535 1.32536
0.890117918517 0.693748 0.535481 0.504269010773 0.711146 0.731621 0.756062 0.785734 0.822507 0.869259 0.93067 1.01488 1.13743 1.33212
0.907571211037 0.685137 0.524483 0.492782598816 0.702944 0.723902 0.748918 0.77929 0.816931 0.864787 0.927648 1.01385 1.13929 1.33859
0.925024503557 0.676502 0.513612 0.481456059131 0.694711 0.716142 0.741724 0.772783 0.811275 0.860215 0.9245 1.01265 1.14094 1.34476
0.942477796077 0.667846 0.502876 0.470296380208 0.686449 0.708344 0.73448 0.766212 0.80554 0.855542 0.921223 1.01129 1.14237 1.35061
0.959931088597 0.659171 0.49228 0.459310070363 0.67816 0.700509 0.727188 0.75958 0.799724 0.850766 0.917813 1.00975 1.14356 1.35614
0.977384381117 0.650482 0.481829 0.448503099337 0.669848 0.69264 0.71985 0.752885 0.793828 0.845886 0.914267 1.00804 1.14451 1.36132
0.994837673637 0.641779 0.471528 0.437880956698 0.661513 0.684739 0.712465 0.746129 0.787851 0.840899 0.910582 1.00614 1.14521 1.36615
1.01229096616 0.633067 0.461383 0.427448606415 0.653159 0.676807 0.705037 0.739312 0.781792 0.835804 0.906754 1.00405 1.14565 1.37061
1.02974425868 0.624348 0.451397 0.417210512816 0.644788 0.668845 0.697565 0.732434 0.775651 0.830601 0.902782 1.00177 1.14582 1.37469
1.0471975512 0.615624 0.441573 0.4071706341 0.636402 0.660857 0.690051 0.725497 0.769429 0.825287 0.898662 0.999283 1.14572 1.37838
1.06465084372 0.606899 0.431917 0.397332461267 0.628003 0.652843 0.682497 0.718501 0.763124 0.819862 0.894392 0.996598 1.14534 1.38166
1.08210413624 0.598174 0.422429 0.387698959721 0.619594 0.644806 0.674903 0.711446 0.756737 0.814324 0.889969 0.993705 1.14467 1.38453
1.09955742876 0.589452 0.413114 0.378272653626 0.611176 0.636746 0.667271 0.704333 0.750267 0.808672 0.885392 0.990601 1.14372 1.38698
1.11701072128 0.580735 0.403972 0.369055561013 0.602752 0.628667 0.659602 0.697163 0.743716 0.802906 0.880659 0.987283 1.14246 1.38899
1.1344640138 0.572027 0.395007 0.360049258673 0.594324 0.620568 0.651898 0.689937 0.737082 0.797026 0.875767 0.983747 1.14089 1.39056
1.15191730632 0.563329 0.386219 0.351254862687 0.585894 0.612454 0.64416 0.682655 0.730366 0.791029 0.870715 0.97999 1.13902 1.39168
1.16937059884 0.554643 0.377609 0.342673041407 0.577464 0.604324 0.636388 0.675319 0.723569 0.784916 0.865502 0.976009 1.13683 1.39234
1.18682389136 0.545973 0.369178 0.334304028433 0.569036 0.596181 0.628585 0.667929 0.71669 0.778687 0.860126 0.971802 1.13433 1.39254
1.20427718388 0.537319 0.360926 0.326147648564 0.560612 0.588027 0.620753 0.660486 0.70973 0.772342 0.854586 0.967367 1.1315 1.39226
1.2217304764 0.528685 0.352854 0.318203298338 0.552194 0.579862 0.612891 0.652991 0.70269 0.765879 0.848882 0.962702 1.12834 1.39151
1.23918376892 0.520073 0.34496 0.31046999145 0.543784 0.57169 0.605002 0.645446 0.695571 0.7593 0.843012 0.957804 1.12486 1.39027
1.25663706144 0.511484 0.337245 0.302946352263 0.535383 0.563511 0.597087 0.637851 0.688372 0.752605 0.836976 0.952673 1.12104 1.38854
1.27409035396 0.502921 0.329708 0.295630648255 0.526995 0.555327 0.589147 0.630208 0.681095 0.745793 0.830775 0.947307 1.11689 1.38632
1.29154364648 0.494385 0.322346 0.288520777039 0.51862 0.54714 0.581185 0.622518 0.673741 0.738866 0.824407 0.941706 1.11241 1.3836
1.308996939 0.48588 0.315159 0.281614298808 0.51026 0.538952 0.573201 0.614781 0.66631 0.731823 0.817874 0.935869 1.10758 1.38038
1.32645023152 0.477406 0.308144 0.274908462288 0.501918 0.530765 0.565197 0.607 0.658804 0.724666 0.811174 0.929796 1.10242 1.37666
1.34390352404 0.468966 0.3013 0.268400198255 0.493595 0.522579 0.557175 0.599176 0.651224 0.717396 0.80431 0.923486 1.09691 1.37243
1.36135681656 0.460561 0.294624 0.262086145484 0.485293 0.514397 0.549137 0.59131 0.643572 0.710013 0.797281 0.916941 1.09107 1.3677
1.37881010908 0.452195 0.288113 0.255962676709 0.477014 0.506221 0.541083 0.583403 0.635847 0.702519 0.790088 0.91016 1.08489 1.36246
1.3962634016 0.443867 0.281766 0.250025892131 0.46876 0.498053 0.533015 0.575458 0.628053 0.694915 0.782733 0.903144 1.07836 1.35672
1.41371669412 0.43558 0.275578 0.244271671331 0.460532 0.489893 0.524936 0.567476 0.62019 0.687203 0.775217 0.895896 1.0715 1.35047
1.43116998664 0.427337 0.269547 0.238695653802 0.452332 0.481744 0.516847 0.559458 0.61226 0.679384 0.767541 0.888415 1.0643 1.34372
1.44862327916 0.419138 0.263669 0.233293277882 0.444162 0.473607 0.508749 0.551407 0.604265 0.671459 0.759708 0.880705 1.05677 1.33646
1.46607657168 0.410986 0.257941 0.228059800224 0.436024 0.465485 0.500645 0.543324 0.596207 0.663431 0.751719 0.872766 1.0489 1.3287
1.4835298642 0.402882 0.252358 0.222990295789 0.427919 0.457378 0.492536 0.53521 0.588087 0.655302 0.743575 0.864602 1.0407 1.32045
1.50098315672 0.394827 0.246918 0.218079690299 0.419849 0.44929 0.484424 0.527069 0.579908 0.647074 0.735281 0.856215 1.03218 1.3117
1.51843644924 0.386824 0.241616 0.213322779696 0.411816 0.441221 0.476311 0.518902 0.571672 0.638749 0.726838 0.847607 1.02333 1.30246
1.53588974176 0.378874 0.236448 0.208714243122 0.403822 0.433173 0.468199 0.51071 0.563381 0.63033 0.718248 0.838782 1.01416 1.29274
1.55334303427 0.370979 0.231409 0.204248649413 0.395867 0.425148 0.460089 0.502496 0.555037 0.621819 0.709516 0.829744 1.00467 1.28254
1.57079632679 0.36314 0.226497 0.199920496022 0.387955 0.417148 0.451984 0.494263 0.546643 0.613218 0.700643 0.820495 0.994875 1.27186
1.58824961931 0.355358 0.221705 0.195724215517 0.380085 0.409175 0.443885 0.486011 0.5382 0.604531 0.691633 0.81104 0.984769 1.26072
1.60570291183 0.347635 0.217031 0.191654182066 0.372261 0.40123 0.435795 0.477744 0.529712 0.595761 0.682489 0.801383 0.974361 1.24911
1.62315620435 0.339973 0.212469 0.187704743882 0.364483 0.393315 0.427716 0.469464 0.521181 0.58691 0.673216 0.791528 0.963657 1.23706
1.64060949687 0.332372 0.208015 0.183870242686 0.356753 0.385432 0.419649 0.461173 0.51261 0.577982 0.663817 0.781481 0.952663 1.22455
1.65806278939 0.324836 0.203665 0.180145020204 0.349074 0.377583 0.411598 0.452873 0.504002 0.56898 0.654296 0.771246 0.941385 1.21162
1.67551608191 0.317364 0.199414 0.176523431135 0.341445 0.36977 0.403562 0.444567 0.49536 0.559908 0.644658 0.760828 0.92983 1.19825
1.69296937443 0.309958 0.195258 0.172999856136 0.33387 0.361994 0.395546 0.436258 0.486686 0.550769 0.634906 0.750232 0.918004 1.18447
1.71042266695 0.302619 0.191193 0.169568747241 0.326349 0.354257 0.387551 0.427948 0.477984 0.541567 0.625044 0.739465 0.905916 1.17027
1.72787595947 0.295349 0.187213 0.166224601905 0.318884 0.346562 0.379579 0.419639 0.469256 0.532305 0.615079 0.728532 0.893572 1.15568
1.74532925199 0.288149 0.183315 0.16296200194 0.311476 0.338909 0.371632 0.411334 0.460506 0.522987 0.605014 0.71744 0.880981 1.14071
1.76278254451 0.28102 0.179495 0.15977562 0.304127 0.331301 0.363713 0.403036 0.451738 0.513618 0.594854 0.706193 0.86815 1.12536
1.78023583703 0.273964 0.175748 0.156660232562 0.296839 0.323739 0.355824 0.394748 0.442953 0.504202 0.584605 0.6948 0.855089 1.10964
1.79768912955 0.266981 0.17207 0.153610739388 0.289613 0.316226 0.347966 0.386472 0.434157 0.494742 0.574272 0.683267 0.841806 1.09357
1.81514242207 0.260073 0.168457 0.150622170022 0.282451 0.308762 0.340143 0.37821 0.425351 0.485243 0.563859 0.6716 0.828311 1.07717
1.83259571459 0.253241 0.164906 0.147689683781 0.275353 0.301351 0.332357 0.369967 0.41654 0.475709 0.553374 0.659807 0.814612 1.06044
1.85004900711 0.246485 0.161412 0.144808608694 0.268321 0.293993 0.324609 0.361744 0.407728 0.466144 0.54282 0.647894 0.800719 1.0434
1.86750229963 0.239808 0.157972 0.141974422033 0.261357 0.286691 0.316902 0.353545 0.398917 0.456554 0.532204 0.63587 0.786642 1.02605
1.88495559215 0.23321 0.154582 0.139182782757 0.254462 0.279447 0.309239 0.345372 0.390111 0.446943 0.521533 0.623742 0.772392 1.00843
1.90240888467 0.226691 0.151239 0.136429531514 0.247638 0.272261 0.301621 0.337229 0.381315 0.437314 0.51081 0.611517 0.757978 0.990532
1.91986217719 0.220254 0.14794 0.13371069064 0.240885 0.265136 0.294051 0.329117 0.372531 0.427675 0.500044 0.599204 0.743411 0.972381
1.93731546971 0.213899 0.144681 0.131022490112 0.234206 0.258074 0.286532 0.321041 0.363764 0.418028 0.48924 0.586811 0.728702 0.95399
1.95476876223 0.207627 0.14146 0.128361354575 0.227601 0.251077 0.279065 0.313003 0.355017 0.408379 0.478403 0.574345 0.713861 0.935374
1.97222205475 0.201439 0.138274 0.125723929294 0.221072 0.244146 0.271653 0.305007 0.346295 0.398732 0.467542 0.561814 0.6989 0.916548
1.98967534727 0.195335 0.13512 0.123107067177 0.21462 0.237283 0.264298 0.297054 0.337601 0.389093 0.456661 0.549228 0.683831 0.897529
2.00712863979 0.189318 0.131996 0.120507841752 0.208246 0.230489 0.257003 0.289149 0.328938 0.379467 0.445767 0.536595 0.668663 0.878333
2.02458193231 0.183386 0.128899 0.117923560147 0.201952 0.223767 0.24977 0.281294 0.320312 0.369859 0.434867 0.523923 0.653409 0.858975
2.04203522483 0.177542 0.125828 0.115351750111 0.195739 0.217119 0.242601 0.273492 0.311725 0.360273 0.423968 0.51122 0.638081 0.839473
2.05948851735 0.171787 0.122781 0.112790179479 0.189607 0.210545 0.235498 0.265747 0.303182 0.350715 0.413075 0.498496 0.622691 0.819843
2.07694180987 0.16612 0.119755 0.110236836709 0.183559 0.204048 0.228464 0.258061 0.294687 0.34119 0.402197 0.48576 0.607249 0.800101
2.09439510239 0.160542 0.11675 0.107689950343 0.177595 0.197629 0.221502 0.250437 0.286244 0.331703 0.391339 0.47302 0.591769 0.780265
2.11184839491 0.155055 0.113763 0.105147989014 0.171717 0.19129 0.214612 0.242879 0.277856 0.32226 0.380508 0.460285 0.576262 0.760352
2.12930168743 0.149659 0.110795 0.102609635486 0.165926 0.185033 0.207799 0.23539 0.269528 0.312865 0.369711 0.447565 0.56074 0.740379
2.14675497995 0.144354 0.107843 0.100073832075 0.160222 0.178859 0.201063 0.227972 0.261263 0.303524 0.358954 0.434867 0.545216 0.720363
2.16420827247 0.139142 0.104908 0.0975397287429 0.154607 0.17277 0.194408 0.220628 0.253066 0.294241 0.348246 0.422201 0.529702 0.700322
2.18166156499 0.134022 0.101988 0.095006728515 0.149082 0.166767 0.187834 0.213362 0.244941 0.285023 0.337591 0.409577 0.51421 0.680272
2.19911485751 0.128996 0.0990836 0.0924744355718 0.143648 0.160852 0.181346 0.206176 0.236891 0.275874 0.326998 0.397002 0.498751 0.660232
2.21656815003 0.124064 0.0961939 0.0899426941808 0.138305 0.155027 0.174944 0.199074 0.22892 0.266799 0.316472 0.384487 0.483339 0.640218
2.23402144255 0.119226 0.0933191 0.0874115562527 0.133056 0.149293 0.168631 0.192058 0.221033 0.257804 0.306021 0.372039 0.467986 0.620248
2.25147473507 0.114483 0.0904594 0.0848812943194 0.1279 0.143651 0.162409 0.185131 0.213233 0.248893 0.295651 0.359669 0.452704 0.600339
2.26892802759 0.109836 0.087615 0.0823523885555 0.122839 0.138103 0.15628 0.178297 0.205524 0.240072 0.28537 0.347385 0.437505 0.58051
2.28638132011 0.105284 0.0847866 0.0798255008238 0.117874 0.132651 0.150246 0.171557 0.19791 0.231346 0.275183 0.335195 0.422401 0.560776
2.30383461263 0.100829 0.0819746 0.0773015200967 0.113005 0.127295 0.14431 0.164915 0.190394 0.22272 0.265098 0.323109 0.407405 0.541155
2.32128790515 0.0964704 0.0791799 0.0747815040565 0.108233 0.122038 0.138472 0.158374 0.182981 0.214198 0.25512 0.311136 0.392527 0.521665
2.33874119767 0.0922086 0.0764034 0.0722666790958 0.10356 0.11688 0.132736 0.151937 0.175674 0.205786 0.245257 0.299284 0.377781 0.502322
2.35619449019 0.0880442 0.0736463 0.0697584727616 0.0989852 0.111823 0.127103 0.145605 0.168476 0.197488 0.235515 0.287561 0.363177 0.483142
2.37364778271 0.0839774 0.0709098 0.0672584488664 0.0945102 0.106868 0.121575 0.139382 0.161392 0.18931 0.2259 0.275977 0.348728 0.464143
2.39110107523 0.0800083 0.0681952 0.0647683464219 0.0901353 0.102016 0.116154 0.13327 0.154425 0.181255 0.216418 0.264539 0.334445 0.445341
2.40855436775 0.0761374 0.0655041 0.062290027728 0.0858615 0.097268 0.110841 0.127271 0.147578 0.173329 0.207076 0.253256 0.320339 0.426752
2.42600766027 0.0723647 0.0628381 0.059825497839 0.0816893 0.0926261 0.105639 0.12139 0.140854 0.165536 0.19788 0.242137 0.306422 0.408393
2.44346095279 0.0686905 0.0601989 0.0573768980752 0.0776194 0.0880908 0.100549 0.115626 0.134258 0.157881 0.188835 0.231188 0.292705 0.390279
2.46091424531 0.0651149 0.0575884 0.0549464735787 0.0736521 0.0836632 0.0955724 0.109984 0.127791 0.150368 0.179948 0.220419 0.279198 0.372425
2.47836753783 0.0616379 0.0550084 0.0525365668239 0.0697882 0.0793444 0.0907113 0.104466 0.121459 0.143001 0.171225 0.209836 0.265912 0.354848
2.49582083035 0.0582598 0.052461 0.0501496176183 0.066028 0.0751353 0.0859671 0.0990725 0.115262 0.135785 0.16267 0.199448 0.252858 0.337561
2.51327412287 0.0549804 0.0499482 0.0477881566131 0.0623721 0.0710369 0.0813412 0.0938072 0.109206 0.128724 0.15429 0.189262 0.240046 0.32058
2.53072741539 0.0517998 0.0474723 0.0454547598815 0.0588208 0.06705 0.0768351 0.0886718 0.103291 0.121821 0.14609 0.179285 0.227485 0.303919
2.54818070791 0.0487181 0.0450353 0.0431520878519 0.0553744 0.0631754 0.0724502 0.0836683 0.0975225 0.11508 0.138075 0.169524 0.215186 0.287591
2.56563400043 0.0457351 0.0426396 0.0408828269077 0.0520334 0.0594139 0.0681877 0.0787986 0.0919017 0.108506 0.130249 0.159986 0.203158 0.271612
2.58308729295 0.0428507 0.0402874 0.0386497023659 0.048798 0.0557662 0.0640489 0.0740648 0.0864316 0.102101 0.122619 0.150677 0.191411 0.255993
2.60054058547 0.0400649 0.0379811 0.0364554784762 0.0456685 0.0522331 0.060035 0.0694684 0.0811148 0.0958699 0.115189 0.141605 0.179953 0.240748
2.61799387799 0.0373775 0.0357231 0.0343029000219 0.042645 0.048815 0.0561471 0.0650112 0.0759536 0.0898154 0.107963 0.132776 0.168792 0.225889
2.63544717051 0.0347883 0.0335156 0.0321947312528 0.0397278 0.0455127 0.0523862 0.060695 0.0709505 0.0839409 0.100946 0.124195 0.157938 0.211428
2.65290046303 0.032297 0.031361 0.0301337169524 0.0369168 0.0423265 0.0487533 0.056521 0.0661076 0.0782493 0.0941421 0.115868 0.147398 0.197378
2.67035375555 0.0299035 0.0292616 0.0281225694595 0.0342122 0.0392569 0.0452492 0.0524908 0.061427 0.0727437 0.087555 0.1078 0.137181 0.183748
2.68780704807 0.0276074 0.0272198 0.0261639751579 0.031614 0.0363043 0.0418748 0.0486057 0.0569107 0.0674267 0.0811888 0.099998 0.127292 0.17055
2.70526034059 0.0254083 0.0252378 0.0242605685204 0.0291221 0.0334689 0.0386307 0.0448669 0.0525604 0.0623011 0.075047 0.0924657 0.11774 0.157794
2.72271363311 0.0233058 0.0233179 0.0224149126425 0.0267365 0.0307511 0.0355177 0.0412755 0.048378 0.0573691 0.069133 0.0852082 0.108531 0.14549
2.74016692563 0.0212997 0.0214623 0.0206295122201 0.0244569 0.0281509 0.0325362 0.0378326 0.0443649 0.0526332 0.0634501 0.0782297 0.099671 0.133646
2.75762021815 0.0193893 0.019673 0.0189067811052 0.0222832 0.0256686 0.0296867 0.0345389 0.0405226 0.0480954 0.0580013 0.0715346 0.0911661 0.122271
2.77507351067 0.0175742 0.0179521 0.0172490293282 0.0202151 0.023304 0.0269696 0.0313954 0.0368523 0.0437576 0.0527892 0.0651267 0.0830218 0.111373
2.79252680319 0.0158538 0.0163017 0.0156584825643 0.0182524 0.0210573 0.0243852 0.0284027 0.0333553 0.0396216 0.0478163 0.0590094 0.0752431 0.10096
2.80998009571 0.0142276 0.0147236 0.0141372302231 0.0163946 0.0189282 0.0219337 0.0255612 0.0300325 0.0356889 0.043085 0.0531862 0.0678347 0.0910384
2.82743338823 0.0126948 0.0132196 0.0126872514037 0.0146413 0.0169166 0.0196151 0.0228715 0.0268847 0.0319608 0.0385973 0.0476598 0.0608007 0.0816146
2.84488668075 0.0112548 0.0117913 0.0113103694727 0.012992 0.0150221 0.0174294 0.0203339 0.0239127 0.0284385 0.0343548 0.0424328 0.0541449 0.0726941
2.86233997327 0.00990691 0.0104403 0.0100082780198 0.0114461 0.0132445 0.0153766 0.0179484 0.0211168 0.025123 0.0303591 0.0375075 0.0478707 0.0642819
2.87979326579 0.00865023 0.00916804 0.00878250841359 0.0100031 0.0115833 0.0134563 0.0157151 0.0184974 0.0220148 0.0266113 0.0328857 0.0419807 0.0563822
2.89724655831 0.00748396 0.00797583 0.0076344233123 0.00866207 0.0100379 0.0116682 0.013634 0.0160547 0.0191145 0.0231125 0.028569 0.0364774 0.0489989
2.91469985083 0.00640717 0.00686479 0.00656521017542 0.00742239 0.00860767 0.0100119 0.0117046 0.0137887 0.0164225 0.0198631 0.0245584 0.0313626 0.0421346
2.93215314335 0.00541888 0.00583591 0.00557586828575 0.00628316 0.00729193 0.00848669 0.00992663 0.0116991 0.0139386 0.0168637 0.0208547 0.0266375 0.0357916
2.94960643587 0.00451807 0.00489003 0.00466720874947 0.00524344 0.00608982 0.00709198 0.00829949 0.0097855 0.0116627 0.014114 0.0174582 0.0223031 0.0299714
2.96705972839 0.00370362 0.00402778 0.00383982854072 0.00430218 0.00500039 0.00582687 0.00682243 0.0080473 0.00959425 0.011614 0.0143688 0.0183593 0.0246747
2.98451302091 0.00297436 0.00324964 0.00309412996816 0.00345829 0.0040226 0.00469037 0.00549453 0.00648366 0.00773258 0.00936286 0.0115861 0.014806 0.0199012
3.00196631343 0.00232901 0.00255589 0.00243026876418 0.00271053 0.00315526 0.00368135 0.0043147 0.00509352 0.00607664 0.00735967 0.00910901 0.0116422 0.0156501
3.01941960595 0.00176624 0.00194658 0.00184818004029 0.00205757 0.00239705 0.0027985 0.00328164 0.00387556 0.00462509 0.00560303 0.00693612 0.00886621 0.0119195
3.03687289847 0.00128458 0.00142156 0.00134754584286 0.00149797 0.00174653 0.00204035 0.00239384 0.00282824 0.00337629 0.00409118 0.00506546 0.0064758 0.00870651
3.05432619099 0.000882476 0.000980442 0.000927782175451 0.00103015 0.00120209 0.00140525 0.00164957 0.00194971 0.00232826 0.00282191 0.00349452 0.00446796 0.00600738
3.07177948351 0.000558248 0.000622587 0.000588038998789 0.000652386 0.000761933 0.000891315 0.00104685 0.00123784 0.00147864 0.00179257 0.00222018 0.00283892 0.00381722
3.08923277603 0.000310057 0.000347069 0.000327128853436 0.000362767 0.000424071 0.000496439 0.000583391 0.000690124 0.000824641 0.000999946 0.00123867 0.001584 0.00212991
3.10668606855 0.000135875 0.000152645 0.000143539837483 0.000159177 0.000186261 0.000218214 0.000256587 0.000303665 0.000362974 0.000440236 0.000545413 0.000697518 0.000937914
3.12413936107 3.34206e-05 3.76816e-05 3.53382738092e-05 3.92089e-05 4.59316e-05 5.38574e-05 6.33692e-05 7.50325e-05 8.97177e-05 0.00010884 0.00013486 0.000172478 0.000231916
3.14159265359 0.0 0.0 0.0 0.0 0.0 0.0 0.0 0.0 0.0 0.0 0.0 0.0 0.0
