alpha phi_iso phi_ray phi_vec g0=0.1 g0=0.2 g0=0.3 g0=0.4 g0=0.5 g0=0.6 g0=0.7 g0=0.8 g0=0.9 g0=1.0
0.0 1.0 1.0 1.0 1.0 1.0 1.0 1.0 1.0 1.0 1.0 1.0 1.0 1.0
0.0174532925199 0.999764 0.999679 0.999648303976 0.999773 0.999782 0.999793 0.999804 0.999817 0.99983 0.999846 0.999863 0.999883 0.999905
0.0349065850399 0.999084 0.998752 0.998628900293 0.999118 0.999155 0.999195 0.999238 0.999286 0.999339 0.999398 0.999464 0.99954 0.999627
0.0523598775598 0.998005 0.997276 0.996994031624 0.998077 0.998156 0.998241 0.998334 0.998436 0.998549 0.998676 0.998819 0.998981 0.999169
0.0698131700798 0.996559 0.995293 0.994785536947 0.996681 0.996814 0.996958 0.997115 0.997289 0.997481 0.997697 0.99794 0.998217 0.998537
0.0872664625997 0.994769 0.992833 0.9920327871 0.994951 0.995148 0.995363 0.995599 0.995858 0.996147 0.99647 0.996835 0.997252 0.997734
0.10471975512 0.99265 0.989918 0.988757139728 0.992901 0.993174 0.993471 0.993796 0.994156 0.994556 0.995004 0.995512 0.996092 0.996763
0.12217304764 0.990215 0.986565 0.984976347355 0.990544 0.9909 0.99129 0.991718 0.992191 0.992717 0.993307 0.993976 0.994741 0.995627
0.13962634016 0.987474 0.982788 0.980706923436 0.987888 0.988338 0.98883 0.989371 0.989969 0.990636 0.991384 0.992232 0.993203 0.99433
0.157079632679 0.984437 0.978602 0.975965032937 0.984945 0.985497 0.986101 0.986765 0.9875 0.98832 0.989241 0.990286 0.991483 0.992873
0.174532925199 0.981114 0.974022 0.970766736888 0.981722 0.982384 0.983109 0.983906 0.98479 0.985775 0.986884 0.988142 0.989585 0.991261
0.191986217719 0.977514 0.969062 0.965128035183 0.978229 0.979009 0.979863 0.980803 0.981845 0.983009 0.984318 0.985805 0.987513 0.989496
0.209439510239 0.973646 0.963735 0.959064858423 0.974475 0.975379 0.97637 0.977462 0.978673 0.980026 0.981549 0.98328 0.985269 0.987581
0.226892802759 0.969517 0.958055 0.952593078112 0.970466 0.971502 0.972637 0.97389 0.975279 0.976832 0.978582 0.980571 0.982858 0.985517
0.244346095279 0.965137 0.952035 0.945728496462 0.966212 0.967385 0.968673 0.970093 0.97167 0.973434 0.975422 0.977683 0.980282 0.983308
0.261799387799 0.960513 0.945689 0.938486879001 0.961719 0.963037 0.964483 0.966079 0.967852 0.969836 0.972073 0.974618 0.977546 0.980955
0.279252680319 0.955653 0.939029 0.93088394031 0.956996 0.958463 0.960075 0.961854 0.963831 0.966044 0.96854 0.971382 0.974653 0.978462
0.296705972839 0.950565 0.932069 0.922935368477 0.952049 0.953671 0.955454 0.957423 0.959612 0.962062 0.964828 0.967978 0.971605 0.97583
0.314159265359 0.945255 0.924821 0.914656810831 0.946885 0.948668 0.950627 0.952792 0.9552 0.957896 0.960941 0.96441 0.968405 0.973061
0.331612557879 0.939731 0.917297 0.906063884129 0.941511 0.943459 0.9456 0.947967 0.9506 0.953551 0.956883 0.960681 0.965056 0.970157
0.349065850399 0.933999 0.909511 0.897172160298 0.935934 0.938051 0.940379 0.942953 0.945819 0.94903 0.952658 0.956795 0.96156 0.967119
0.366519142919 0.928067 0.901474 0.887997166427 0.930159 0.93245 0.93497 0.937757 0.94086 0.944339 0.94827 0.952754 0.957922 0.963951
0.383972435439 0.92194 0.893199 0.87855436643 0.924194 0.926662 0.929378 0.932383 0.935729 0.939482 0.943724 0.948563 0.954142 0.960653
0.401425727959 0.915627 0.884697 0.86885915493 0.918045 0.920694 0.92361 0.926837 0.930431 0.934463 0.939022 0.944225 0.950224 0.957226
0.418879020479 0.909132 0.875982 0.858926840956 0.911718 0.914551 0.91767 0.921123 0.92497 0.929287 0.934169 0.939742 0.946169 0.953673
0.436332312999 0.902462 0.867063 0.848772633681 0.905218 0.908238 0.911564 0.915247 0.919351 0.923958 0.929169 0.935117 0.941981 0.949995
0.453785605519 0.895623 0.857955 0.838411634263 0.898552 0.901762 0.905297 0.909213 0.913579 0.918479 0.924023 0.930355 0.93766 0.946194
0.471238898038 0.888622 0.848667 0.827858809358 0.891725 0.895127 0.898875 0.903027 0.907657 0.912855 0.918737 0.925456 0.93321 0.94227
0.488692190558 0.881464 0.839211 0.817128985003 0.884744 0.88834 0.892302 0.896694 0.90159 0.907089 0.913314 0.920425 0.928633 0.938225
0.506145483078 0.874155 0.8296 0.8062368242 0.877613 0.881405 0.885584 0.890217 0.895383 0.901186 0.907757 0.915263 0.92393 0.93406
0.523598775598 0.866701 0.819843 0.795196816726 0.870338 0.874328 0.878726 0.883601 0.88904 0.89515 0.902068 0.909974 0.919104 0.929776
0.541052068118 0.859107 0.809952 0.784023260791 0.862925 0.867114 0.871732 0.876852 0.882564 0.888983 0.896252 0.904561 0.914157 0.925376
0.558505360638 0.85138 0.799938 0.772730240621 0.85538 0.859768 0.864607 0.869973 0.87596 0.882689 0.890312 0.899025 0.90909 0.920858
0.575958653158 0.843525 0.789811 0.761331628496 0.847706 0.852295 0.857356 0.862968 0.869233 0.876273 0.88425 0.893369 0.903905 0.916226
0.593411945678 0.835546 0.779583 0.749841048066 0.83991 0.8447 0.849983 0.855843 0.862385 0.869738 0.878069 0.887596 0.898604 0.911479
0.610865238198 0.827451 0.769262 0.738271876392 0.831997 0.836988 0.842494 0.848602 0.85542 0.863086 0.871774 0.881709 0.893189 0.906619
0.628318530718 0.819243 0.75886 0.726637225601 0.823972 0.829164 0.834892 0.841247 0.848344 0.856322 0.865366 0.875708 0.887662 0.901647
0.645771823238 0.810928 0.748386 0.714949920468 0.815839 0.821232 0.827182 0.833785 0.841158 0.849449 0.858848 0.869598 0.882025 0.896564
0.663225115758 0.802512 0.73785 0.703222498423 0.807605 0.813197 0.819369 0.826218 0.833868 0.842471 0.852223 0.86338 0.876278 0.89137
0.680678408278 0.793999 0.727261 0.691467187123 0.799272 0.805064 0.811456 0.818551 0.826476 0.835389 0.845495 0.857057 0.870424 0.886068
0.698131700798 0.785394 0.716629 0.679695898348 0.790848 0.796837 0.803449 0.810788 0.818987 0.828209 0.838666 0.850631 0.864465 0.880657
0.715584993318 0.776702 0.705962 0.66792021373 0.782335 0.788521 0.795351 0.802933 0.811403 0.820932 0.831738 0.844103 0.858402 0.875138
0.733038285838 0.767929 0.69527 0.656151376601 0.773739 0.78012 0.787166 0.794989 0.803729 0.813562 0.824714 0.837477 0.852236 0.869513
0.750491578358 0.759079 0.684561 0.64440027773 0.765064 0.771639 0.778899 0.786961 0.795968 0.806103 0.817598 0.830754 0.84597 0.863783
0.767944870878 0.750156 0.673844 0.632677453284 0.756315 0.763082 0.770554 0.778852 0.788123 0.798557 0.810391 0.823937 0.839605 0.857948
0.785398163397 0.741166 0.663126 0.620993070563 0.747497 0.754453 0.762134 0.770665 0.780199 0.790927 0.803097 0.817028 0.833142 0.85201
0.802851455917 0.732113 0.652415 0.609356921883 0.738613 0.745756 0.753644 0.762406 0.772197 0.783217 0.795718 0.810029 0.826584 0.845969
0.820304748437 0.723001 0.641718 0.597778418466 0.729669 0.736995 0.745088 0.754076 0.764122 0.775429 0.788256 0.802942 0.819932 0.839827
0.837758040957 0.713836 0.631044 0.586266586364 0.720667 0.728176 0.736469 0.74568 0.755977 0.767566 0.780715 0.79577 0.813187 0.833584
0.855211333477 0.704621 0.620399 0.574830056267 0.711614 0.7193 0.727791 0.737222 0.747764 0.759631 0.773096 0.788513 0.806351 0.827241
0.872664625997 0.695361 0.60979 0.563477063502 0.702513 0.710374 0.719058 0.728705 0.739488 0.751628 0.765403 0.781176 0.799426 0.8208
0.890117918517 0.68606 0.599224 0.552215443962 0.693367 0.7014 0.710273 0.720131 0.731152 0.743559 0.757637 0.773759 0.792413 0.814262
0.907571211037 0.676722 0.588706 0.541052630026 0.684182 0.692382 0.701441 0.711506 0.722758 0.735426 0.749802 0.766265 0.785315 0.807628
0.925024503557 0.667352 0.578243 0.52999565056 0.674961 0.683324 0.692565 0.702832 0.714311 0.727234 0.7419 0.758696 0.778132 0.800898
0.942477796077 0.657954 0.56784 0.519051124805 0.665707 0.674231 0.683649 0.694113 0.705812 0.718984 0.733933 0.751054 0.770867 0.794075
0.959931088597 0.648532 0.557503 0.508225270525 0.656426 0.665105 0.674695 0.685351 0.697265 0.710679 0.725904 0.743341 0.76352 0.787159
0.977384381117 0.639089 0.547237 0.497523895858 0.647121 0.655951 0.665708 0.67655 0.688673 0.702323 0.717816 0.73556 0.756095 0.780151
0.994837673637 0.62963 0.537047 0.48695240543 0.637795 0.646772 0.656692 0.667714 0.680039 0.693918 0.70967 0.727712 0.748593 0.773054
1.01229096616 0.620158 0.526938 0.476515802393 0.628452 0.637571 0.647648 0.658846 0.671367 0.685466 0.70147 0.7198 0.741015 0.765868
1.02974425868 0.610678 0.516914 0.466218690458 0.619097 0.628353 0.638582 0.649948 0.662659 0.676971 0.693218 0.711826 0.733363 0.758594
1.0471975512 0.601193 0.506979 0.456065271867 0.609732 0.61912 0.629495 0.641025 0.653917 0.668436 0.684915 0.703792 0.725639 0.751235
1.06465084372 0.591707 0.497136 0.446059363686 0.600361 0.609876 0.620392 0.632078 0.645146 0.659862 0.676566 0.6957 0.717846 0.743791
1.08210413624 0.582223 0.487391 0.436204393736 0.590988 0.600625 0.611276 0.623112 0.636347 0.651253 0.668172 0.687553 0.709984 0.736265
1.09955742876 0.572745 0.477745 0.426503404667 0.581616 0.59137 0.602149 0.614129 0.627525 0.642611 0.659736 0.679352 0.702057 0.728657
1.11701072128 0.563277 0.468202 0.416959068221 0.572249 0.582114 0.593016 0.605132 0.618681 0.63394 0.65126 0.6711 0.694065 0.72097
1.1344640138 0.553822 0.458765 0.407573687275 0.562889 0.57286 0.583878 0.596124 0.609819 0.625241 0.642747 0.6628 0.686011 0.713205
1.15191730632 0.544383 0.449436 0.398349201952 0.553541 0.563611 0.57474 0.587109 0.600941 0.616517 0.634199 0.654453 0.677897 0.705364
1.16937059884 0.534964 0.440218 0.389287201846 0.544207 0.554372 0.565605 0.578089 0.59205 0.607772 0.625619 0.646062 0.669725 0.697448
1.18682389136 0.525567 0.431113 0.380388928065 0.534891 0.545144 0.556474 0.569067 0.583149 0.599007 0.617009 0.637629 0.661497 0.68946
1.20427718388 0.516197 0.422123 0.371655293608 0.525596 0.535931 0.547352 0.560046 0.57424 0.590226 0.608372 0.629157 0.653215 0.681402
1.2217304764 0.506856 0.41325 0.363086881327 0.516325 0.526736 0.538242 0.551028 0.565328 0.581431 0.59971 0.620648 0.644882 0.673275
1.23918376892 0.497548 0.404494 0.354683962267 0.50708 0.517561 0.529145 0.542018 0.556413 0.572624 0.591026 0.612104 0.6365 0.665082
1.25663706144 0.488275 0.395857 0.346446501785 0.497865 0.508411 0.520065 0.533016 0.547499 0.563809 0.582322 0.603527 0.62807 0.656824
1.27409035396 0.47904 0.387341 0.338374169732 0.488684 0.499287 0.511005 0.524027 0.538589 0.554988 0.573601 0.594921 0.619596 0.648505
1.29154364648 0.469847 0.378945 0.330466360841 0.479538 0.490193 0.501968 0.515053 0.529685 0.546163 0.564865 0.586287 0.61108 0.640125
1.308996939 0.460698 0.370672 0.322722192681 0.47043 0.481131 0.492956 0.506096 0.52079 0.537337 0.556117 0.577628 0.602523 0.631688
1.32645023152 0.451596 0.36252 0.315140530118 0.461364 0.472104 0.483972 0.49716 0.511907 0.528512 0.54736 0.568946 0.593929 0.623195
1.34390352404 0.442543 0.354491 0.307719991427 0.452341 0.463114 0.475019 0.488247 0.503038 0.519693 0.538595 0.560245 0.5853 0.61465
1.36135681656 0.433543 0.346584 0.300458958481 0.443366 0.454165 0.466099 0.479359 0.494185 0.510879 0.529827 0.551526 0.576638 0.606055
1.37881010908 0.424598 0.338799 0.293355601206 0.434439 0.445259 0.457215 0.470499 0.485352 0.502076 0.521056 0.542792 0.567947 0.597411
1.3962634016 0.41571 0.331137 0.286407875545 0.425565 0.436399 0.448369 0.46167 0.476541 0.493284 0.512286 0.534046 0.559227 0.588723
1.41371669412 0.406883 0.323596 0.279613547914 0.416745 0.427586 0.439565 0.452874 0.467754 0.484507 0.503519 0.52529 0.550483 0.579992
1.43116998664 0.398118 0.316177 0.272970205385 0.407981 0.418824 0.430804 0.444114 0.458994 0.475746 0.494757 0.516527 0.541717 0.571221
1.44862327916 0.389418 0.308879 0.266475263849 0.399277 0.410115 0.422089 0.435392 0.450263 0.467006 0.486005 0.507759 0.532931 0.562413
1.46607657168 0.380785 0.3017 0.260125990422 0.390634 0.401461 0.413422 0.42671 0.441565 0.458287 0.477263 0.49899 0.524129 0.55357
1.4835298642 0.372221 0.29464 0.253919513643 0.382055 0.392864 0.404806 0.418071 0.4329 0.449593 0.468534 0.490221 0.515312 0.544696
1.50098315672 0.363729 0.287698 0.247852829584 0.373542 0.384328 0.396243 0.409478 0.424273 0.440927 0.459822 0.481456 0.506485 0.535794
1.51843644924 0.355311 0.280873 0.24192283038 0.365097 0.375853 0.387735 0.400933 0.415685 0.43229 0.451129 0.472697 0.497649 0.526866
1.53588974176 0.346968 0.274164 0.236126304233 0.356723 0.367443 0.379285 0.392438 0.407138 0.423685 0.442457 0.463947 0.488807 0.517916
1.55334303427 0.338704 0.267569 0.230459951713 0.348421 0.3591 0.370894 0.383995 0.398636 0.415114 0.433808 0.455208 0.479963 0.508946
1.57079632679 0.330519 0.261087 0.224920406138 0.340193 0.350824 0.362566 0.375606 0.39018 0.406581 0.425186 0.446484 0.471118 0.49996
1.58824961931 0.322416 0.254716 0.219504235611 0.332042 0.342619 0.354301 0.367274 0.381772 0.398087 0.416593 0.437776 0.462277 0.490961
1.60570291183 0.314396 0.248455 0.214207967477 0.323969 0.334487 0.346102 0.359001 0.373415 0.389635 0.408032 0.429089 0.453442 0.481951
1.62315620435 0.306462 0.242303 0.20902809036 0.315976 0.326429 0.337972 0.350789 0.365111 0.381227 0.399505 0.420424 0.444616 0.472935
1.64060949687 0.298615 0.236258 0.203961070466 0.308065 0.318447 0.329911 0.342641 0.356863 0.372866 0.391014 0.411784 0.435802 0.463916
1.65806278939 0.290857 0.230318 0.199003365849 0.300238 0.310544 0.321923 0.334557 0.348673 0.364554 0.382563 0.403172 0.427003 0.454896
1.67551608191 0.283189 0.224482 0.194151440678 0.292496 0.302721 0.314009 0.326541 0.340542 0.356293 0.374154 0.394592 0.418223 0.445879
1.69296937443 0.275613 0.218747 0.189401761159 0.284842 0.294979 0.306171 0.318595 0.332474 0.348086 0.365789 0.386045 0.409463 0.436869
1.71042266695 0.26813 0.213112 0.184750830182 0.277276 0.287321 0.29841 0.310719 0.324469 0.339936 0.357471 0.377534 0.400728 0.427869
1.72787595947 0.260742 0.207576 0.180195177129 0.2698 0.279748 0.290729 0.302917 0.316531 0.331843 0.349203 0.369062 0.39202 0.418883
1.74532925199 0.25345 0.202137 0.175731378256 0.262415 0.272261 0.283129 0.29519 0.308661 0.323811 0.340986 0.360633 0.383342 0.409913
1.76278254451 0.246256 0.196792 0.171356068918 0.255124 0.264863 0.275612 0.28754 0.300862 0.315843 0.332824 0.352248 0.374698 0.400964
1.78023583703 0.23916 0.19154 0.167065943571 0.247928 0.257555 0.268179 0.279969 0.293135 0.307939 0.324719 0.34391 0.366091 0.392038
1.79768912955 0.232164 0.18638 0.162857774113 0.240827 0.250338 0.260833 0.272479 0.285482 0.300103 0.316673 0.335623 0.357523 0.38314
1.81514242207 0.225269 0.181309 0.158728409884 0.233823 0.243213 0.253575 0.265071 0.277906 0.292336 0.308689 0.327389 0.348998 0.374272
1.83259571459 0.218477 0.176327 0.15467479193 0.226917 0.236183 0.246405 0.257747 0.270407 0.284641 0.300769 0.319211 0.340519 0.365439
1.85004900711 0.211787 0.171431 0.150693963197 0.220111 0.229248 0.239327 0.250508 0.262989 0.277019 0.292916 0.31109 0.332088 0.356644
1.86750229963 0.205202 0.166619 0.146783062411 0.213405 0.222409 0.23234 0.243357 0.255653 0.269473 0.285131 0.303031 0.32371 0.34789
1.88495559215 0.198721 0.161891 0.142939344464 0.206801 0.215668 0.225448 0.236295 0.2484 0.262006 0.277418 0.295036 0.315387 0.339181
1.90240888467 0.192347 0.157244 0.139160180408 0.200299 0.209026 0.21865 0.229323 0.241233 0.254618 0.269779 0.287108 0.307122 0.330521
1.91986217719 0.186079 0.152677 0.135443063573 0.193901 0.202484 0.211948 0.222443 0.234154 0.247312 0.262215 0.279248 0.298918 0.321912
1.93731546971 0.179918 0.148189 0.131785607527 0.187607 0.196042 0.205344 0.215657 0.227163 0.24009 0.25473 0.27146 0.290779 0.313359
1.95476876223 0.173865 0.143778 0.128185566458 0.181418 0.189703 0.198838 0.208965 0.220262 0.232954 0.247325 0.263747 0.282707 0.304866
1.97222205475 0.167921 0.139444 0.124640822941 0.175335 0.183467 0.192432 0.202369 0.213454 0.225905 0.240003 0.25611 0.274705 0.296435
1.98967534727 0.162087 0.135183 0.121149398135 0.169359 0.177335 0.186127 0.195871 0.20674 0.218946 0.232766 0.248552 0.266776 0.28807
2.00712863979 0.156361 0.130997 0.117709453814 0.16349 0.171307 0.179923 0.189472 0.20012 0.212079 0.225615 0.241077 0.258924 0.279774
2.02458193231 0.150746 0.126882 0.114319296447 0.157729 0.165385 0.173822 0.183172 0.193597 0.205304 0.218553 0.233686 0.25115 0.271551
2.04203522483 0.145242 0.122839 0.110977373121 0.152076 0.159569 0.167825 0.176973 0.187173 0.198624 0.211583 0.226381 0.243458 0.263405
2.05948851735 0.139848 0.118865 0.107682275619 0.146532 0.15386 0.161933 0.170877 0.180847 0.19204 0.204705 0.219166 0.235851 0.255338
2.07694180987 0.134565 0.114961 0.104432740414 0.141098 0.148258 0.156146 0.164884 0.174623 0.185554 0.197922 0.212042 0.228332 0.247354
2.09439510239 0.129394 0.111126 0.101227652752 0.135773 0.142765 0.150466 0.158995 0.1685 0.179168 0.191236 0.205012 0.220903 0.239457
2.11184839491 0.124334 0.107358 0.0980660384963 0.130559 0.13738 0.144892 0.153211 0.162481 0.172883 0.184649 0.198078 0.213567 0.231649
2.12930168743 0.119385 0.103656 0.0949470620899 0.125455 0.132104 0.139426 0.147533 0.156566 0.166701 0.178163 0.191243 0.206326 0.223933
2.14675497995 0.114549 0.100021 0.0918700387838 0.120461 0.126938 0.134068 0.141963 0.150757 0.160623 0.171778 0.184507 0.199184 0.216314
2.16420827247 0.109823 0.0964515 0.0888344162954 0.115578 0.121881 0.128819 0.1365 0.145054 0.15465 0.165498 0.177875 0.192143 0.208793
2.18166156499 0.10521 0.0929468 0.0858397748084 0.110806 0.116934 0.12368 0.131145 0.139459 0.148783 0.159323 0.171346 0.185205 0.201375
2.19911485751 0.100707 0.0895067 0.0828858351246 0.106145 0.112098 0.11865 0.1259 0.133972 0.143025 0.153256 0.164924 0.178373 0.194061
2.21656815003 0.0963163 0.0861306 0.0799724423603 0.101594 0.107372 0.11373 0.120764 0.128595 0.137375 0.147297 0.158611 0.171648 0.186855
2.23402144255 0.0920362 0.0828184 0.0770995639085 0.0971546 0.102757 0.108921 0.115739 0.123328 0.131836 0.141448 0.152408 0.165034 0.17976
2.25147473507 0.0878669 0.0795697 0.0742672955523 0.0928257 0.0982528 0.104222 0.110825 0.118173 0.126408 0.135711 0.146317 0.158533 0.172779
2.26892802759 0.083808 0.0763844 0.0714758390483 0.0886075 0.0938593 0.0996347 0.106022 0.113128 0.121092 0.130087 0.140339 0.152147 0.165913
2.28638132011 0.0798591 0.0732623 0.0687255102776 0.0844996 0.0895764 0.0951585 0.10133 0.108197 0.11589 0.124577 0.134478 0.145878 0.159167
2.30383461263 0.0760198 0.0702033 0.0660167310945 0.0805017 0.0854042 0.0907936 0.0967514 0.103378 0.110802 0.119183 0.128733 0.139728 0.152542
2.32128790515 0.0722896 0.0672074 0.0633500150607 0.0766136 0.0813425 0.0865401 0.0922847 0.0986735 0.105829 0.113906 0.123107 0.133698 0.14604
2.33874119767 0.0686678 0.0642746 0.0607259755971 0.0728348 0.0773911 0.082398 0.0879307 0.0940826 0.100971 0.108746 0.117601 0.127792 0.139665
2.35619449019 0.0651541 0.061405 0.0581453035665 0.069165 0.0735497 0.0783671 0.0836894 0.0896062 0.0962302 0.103705 0.112216 0.12201 0.133418
2.37364778271 0.0617476 0.0585987 0.0556087713495 0.0656036 0.0698181 0.0744475 0.0795611 0.0852447 0.0916062 0.0987833 0.106954 0.116355 0.127302
2.39110107523 0.0584477 0.0558559 0.0531172206164 0.06215 0.0661957 0.0706389 0.0755456 0.0809982 0.0870999 0.0939824 0.101816 0.110827 0.121319
2.40855436775 0.0552536 0.0531766 0.0506715582523 0.0588038 0.0626824 0.0669411 0.0716431 0.0768671 0.0827116 0.0893027 0.0968034 0.105429 0.11547
2.42600766027 0.0521647 0.0505613 0.0482727441282 0.0555643 0.0592776 0.0633539 0.0678535 0.0728515 0.078442 0.0847452 0.0919167 0.100162 0.109758
2.44346095279 0.0491799 0.0480101 0.0459217849882 0.0524307 0.0559807 0.0598768 0.0641766 0.0689514 0.0742912 0.0803102 0.087157 0.0950272 0.104185
2.46091424531 0.0462985 0.0455233 0.0436197324111 0.0494024 0.0527912 0.0565096 0.0606121 0.065167 0.0702595 0.0759986 0.0825253 0.090026 0.0987518
2.47836753783 0.0435194 0.0431012 0.0413676624308 0.0464786 0.0497085 0.0532516 0.05716 0.0614981 0.0663472 0.0718106 0.0780224 0.0851594 0.0934604
2.49582083035 0.0408417 0.0407441 0.0391666816506 0.0436583 0.0467318 0.0501025 0.0538197 0.0579447 0.0625543 0.0677467 0.0736489 0.0804286 0.0883121
2.51327412287 0.0382644 0.0384524 0.0370179048255 0.0409407 0.0438604 0.0470616 0.050591 0.0545065 0.0588809 0.0638072 0.0694054 0.0758345 0.0833084
2.53072741539 0.0357863 0.0362263 0.034922460976 0.0383248 0.0410935 0.0441283 0.0474733 0.0511833 0.055327 0.0599923 0.0652926 0.0713779 0.0784505
2.54818070791 0.0334063 0.0340663 0.0328814668951 0.0358097 0.0384302 0.0413018 0.0444661 0.0479747 0.0518925 0.0563021 0.0613106 0.0670595 0.0737394
2.56563400043 0.0311233 0.0319726 0.0308960414136 0.0333942 0.0358696 0.0385815 0.0415689 0.0448804 0.0485771 0.0527367 0.05746 0.0628801 0.0691763
2.58308729295 0.028936 0.0299456 0.028967278907 0.0310773 0.0334108 0.0359664 0.0387809 0.0418999 0.0453806 0.0492961 0.053741 0.0588401 0.0647619
2.60054058547 0.0268431 0.0279856 0.0270962452197 0.0288579 0.0310528 0.0334559 0.0361016 0.0390327 0.0423027 0.0459802 0.0501536 0.05494 0.060497
2.61799387799 0.0248435 0.0260928 0.0252839776649 0.0267347 0.0287945 0.0310489 0.0335301 0.0362781 0.039343 0.0427887 0.0466979 0.05118 0.0563822
2.63544717051 0.0229356 0.0242677 0.0235314646449 0.0247066 0.0266347 0.0287444 0.0310656 0.0336355 0.0365009 0.0397213 0.0433739 0.0475603 0.0524181
2.65290046303 0.0211181 0.0225103 0.0218396497276 0.0227721 0.0245723 0.0265414 0.0287071 0.0311042 0.033776 0.0367777 0.0401813 0.0440811 0.0486049
2.67035375555 0.0193896 0.0208209 0.0202094153424 0.0209301 0.0226061 0.0244388 0.0264538 0.0286832 0.0311674 0.0339574 0.0371198 0.0407422 0.0449429
2.68780704807 0.0177485 0.0191998 0.0186415787045 0.019179 0.0207348 0.0224353 0.0243045 0.0263718 0.0286744 0.0312598 0.0341891 0.0375435 0.0414321
2.70526034059 0.0161934 0.0176469 0.0171368857012 0.0175175 0.018957 0.0205299 0.0222581 0.0241689 0.0262963 0.0286842 0.0313888 0.0344847 0.0380725
2.72271363311 0.0147227 0.0161625 0.0156959945882 0.0159441 0.0172715 0.0187213 0.0203136 0.0220734 0.0240322 0.0262298 0.0287181 0.0315654 0.034864
2.74016692563 0.0133348 0.0147465 0.0143194882172 0.0144572 0.0156766 0.017008 0.0184696 0.0200844 0.0218809 0.0238958 0.0261764 0.0287851 0.0318061
2.75762021815 0.012028 0.0133989 0.0130078475428 0.0130554 0.0141711 0.0153887 0.0167249 0.0182005 0.0198416 0.0216813 0.0237629 0.026143 0.0288983
2.77507351067 0.0108006 0.0121196 0.0117614536605 0.011737 0.0127533 0.0138619 0.015078 0.0164205 0.0179129 0.0195853 0.0214766 0.0236385 0.0261401
2.79252680319 0.00965104 0.0109085 0.0105805878065 0.0105003 0.0114216 0.0124262 0.0135277 0.0147431 0.0160936 0.0176064 0.0193166 0.0212705 0.0235307
2.80998009571 0.00857745 0.00976531 0.00946541097813 0.00934362 0.0101745 0.01108 0.0120724 0.0131669 0.0143825 0.0157437 0.0172817 0.0190382 0.0210692
2.82743338823 0.00757803 0.00868981 0.00841597412412 0.00826527 0.00901016 0.0098216 0.0107105 0.0116903 0.0127782 0.0139956 0.0153706 0.0169403 0.0187544
2.84488668075 0.00665098 0.00768161 0.00743219980258 0.00726347 0.007927 0.00864943 0.00944043 0.0103119 0.011279 0.0123607 0.013582 0.0149754 0.0165853
2.86233997327 0.00579441 0.00674022 0.00651388829508 0.00633636 0.00692316 0.00756172 0.0082605 0.00903002 0.00988347 0.0108377 0.0119143 0.0131423 0.0145603
2.87979326579 0.00500642 0.0058651 0.00566070537892 0.00548208 0.00599683 0.00655667 0.00716897 0.00784288 0.0085899 0.00942465 0.0103661 0.0114393 0.0126779
2.89724655831 0.00428506 0.00505562 0.0048721802892 0.00469874 0.00514614 0.00563244 0.00616402 0.00674875 0.00739654 0.00812002 0.00893554 0.00986468 0.0109365
2.91469985083 0.00362836 0.00431105 0.00414770368087 0.00398436 0.00436915 0.00478714 0.00524376 0.00574574 0.00630153 0.00692191 0.00762081 0.00841666 0.00933428
2.93215314335 0.0030343 0.00363054 0.00348652355287 0.00333696 0.00366389 0.00401879 0.00440625 0.00483193 0.00530295 0.00582839 0.00641999 0.00709326 0.00786913
2.94960643587 0.00250082 0.00301317 0.00288773505839 0.00275451 0.00302833 0.00332539 0.00364948 0.00400531 0.00439877 0.00483741 0.00533098 0.00589236 0.00653891
2.96705972839 0.00202584 0.00245789 0.00235028661869 0.0022349 0.0024604 0.00270486 0.00297136 0.00326376 0.00358687 0.00394682 0.0043516 0.00481169 0.00534127
2.98451302091 0.00160722 0.00196355 0.00187297177134 0.00177604 0.00195797 0.00215505 0.00236975 0.00260512 0.00286503 0.00315437 0.00347952 0.00384885 0.00427369
3.00196631343 0.00124281 0.00152886 0.00145442509436 0.00137572 0.00151886 0.00167378 0.0018424 0.00202713 0.00223094 0.00245767 0.00271227 0.00300126 0.00333347
3.01941960595 0.000930362 0.00115242 0.00109311609233 0.00103174 0.00114081 0.00125875 0.00138702 0.00152741 0.00168219 0.00185422 0.00204725 0.0022662 0.0025177
3.03687289847 0.000667634 0.000832718 0.000787351234395 0.000741799 0.000821515 0.000907637 0.00100121 0.00110353 0.00121624 0.0013414 0.00148172 0.00164075 0.00182329
3.05432619099 0.000452302 0.000568065 0.000535253574791 0.000503567 0.00055861 0.000618015 0.000682493 0.00075293 0.000830438 0.000916434 0.00101276 0.00112183 0.00124692
3.07177948351 0.000281988 0.000356641 0.000334770904637 0.00031463 0.000349637 0.000387374 0.000428288 0.000472935 0.000522012 0.000576407 0.000637273 0.000706131 0.000785033
3.08923277603 0.000154237 0.000196454 0.000183639068947 0.000172494 0.000192048 0.000213101 0.000235897 0.000260743 0.000288022 0.000318223 0.000351979 0.000390129 0.0004338
3.10668606855 6.64944e-05 8.53109e-05 7.93778907499e-05 7.45571e-05 8.31799e-05 9.24498e-05 0.000102473 0.000113383 0.000125344 0.00013857 0.000153335 0.000170001 0.00018906
3.12413936107 1.60652e-05 2.0768e-05 1.92218810155e-05 1.80662e-05 2.02023e-05 2.24946e-05 2.49691e-05 2.76579e-05 3.06012e-05 3.38507e-05 3.7473e-05 4.15564e-05 4.62197e-05
3.14159265359 0.0 0.0 0.0 0.0 0.0 0.0 0.0 0.0 0.0 0.0 0.0 0.0 0.0
