alpha phi_iso phi_ray phi_vec g0=0.1 g0=0.2 g0=0.3 g0=0.4 g0=0.5 g0=0.6 g0=0.7 g0=0.8 g0=0.9 g0=1.0
0.0 1.0 1.0 1.0 1.0 1.0 1.0 1.0 1.0 1.0 1.0 1.0 1.0 1.0
0.0174532925199 0.999645 0.999495 0.999493032335 0.999661 0.999682 0.999707 0.999741 0.999786 0.999851 0.999953 1.00013 1.00054 1.0024
0.0349065850399 0.998655 0.998059 0.998049260823 0.998721 0.998802 0.998904 0.999036 0.999217 0.999475 0.999879 1.0006 1.00223 1.00962
0.0523598775598 0.997143 0.995809 0.995784077214 0.997289 0.99747 0.997698 0.997994 0.998396 0.998974 0.999875 1.00148 1.00512 1.02164
0.0698131700798 0.995196 0.992837 0.99278919924 0.995454 0.995772 0.996174 0.996697 0.997406 0.998426 1.00002 1.00284 1.00928 1.03843
0.0872664625997 0.99287 0.989205 0.989125224755 0.993271 0.993763 0.994386 0.995196 0.996297 0.997878 1.00034 1.00473 1.01471 1.05996
0.10471975512 0.990201 0.984953 0.984832208671 0.990772 0.991477 0.992366 0.993525 0.995098 0.99736 1.00089 1.00716 1.02144 1.08616
0.12217304764 0.987211 0.980111 0.979940278086 0.987983 0.988935 0.990136 0.991703 0.99383 0.996887 1.00166 1.01014 1.02945 1.11698
0.13962634016 0.983921 0.974705 0.974475588974 0.984922 0.986156 0.987715 0.989746 0.992506 0.996473 1.00266 1.01367 1.03873 1.15233
0.157079632679 0.980347 0.96876 0.968462922687 0.981605 0.983156 0.985115 0.987669 0.991139 0.996127 1.00391 1.01775 1.04926 1.19213
0.174532925199 0.976506 0.962299 0.961926144162 0.978048 0.97995 0.982352 0.985484 0.98974 0.995857 1.0054 1.02238 1.06104 1.2363
0.191986217719 0.972412 0.955347 0.954888583766 0.974265 0.97655 0.979437 0.983201 0.988316 0.995669 1.00714 1.02756 1.07403 1.28473
0.209439510239 0.968079 0.947925 0.947372999101 0.970269 0.972968 0.976381 0.98083 0.986876 0.995569 1.00913 1.03327 1.08821 1.33732
0.226892802759 0.963519 0.940055 0.939401536833 0.96607 0.969216 0.973193 0.978379 0.985426 0.995558 1.01137 1.0395 1.10356 1.39396
0.244346095279 0.958743 0.931759 0.930995999969 0.961681 0.965303 0.969882 0.975854 0.983971 0.99564 1.01385 1.04625 1.12003 1.45453
0.261799387799 0.953763 0.923057 0.92217773331 0.957111 0.961239 0.966457 0.973263 0.982514 0.995814 1.01657 1.05351 1.13761 1.51891
0.279252680319 0.948588 0.913971 0.912967699817 0.952368 0.95703 0.962924 0.970611 0.981059 0.996082 1.01953 1.06125 1.15625 1.58697
0.296705972839 0.943228 0.904521 0.903386595167 0.947463 0.952686 0.959288 0.967901 0.979608 0.996441 1.02271 1.06946 1.17592 1.65858
0.314159265359 0.937692 0.894727 0.893454847746 0.942402 0.948212 0.955557 0.965138 0.978162 0.99689 1.02612 1.07813 1.19658 1.7336
0.331612557879 0.931987 0.884609 0.883192618655 0.937193 0.943615 0.951734 0.962325 0.976722 0.997426 1.02974 1.08724 1.21819 1.81189
0.349065850399 0.926122 0.874185 0.872619878073 0.931843 0.938901 0.947824 0.959465 0.975289 0.998045 1.03356 1.09677 1.24071 1.89332
0.366519142919 0.920104 0.863476 0.861756405264 0.926359 0.934075 0.943831 0.956559 0.973862 0.998744 1.03758 1.1067 1.26409 1.97773
0.383972435439 0.913939 0.852501 0.850621674015 0.920746 0.929142 0.939758 0.953609 0.972439 0.999518 1.04179 1.11701 1.2883 2.06498
0.401425727959 0.907636 0.841279 0.839235043566 0.91501 0.924106 0.935609 0.950617 0.97102 1.00036 1.04616 1.12767 1.31329 2.15491
0.418879020479 0.901199 0.829827 0.827615682235 0.909156 0.918973 0.931387 0.947584 0.969603 1.00127 1.0507 1.13867 1.33901 2.24737
0.436332312999 0.894635 0.818165 0.81578245287 0.903191 0.913746 0.927093 0.944509 0.968186 1.00224 1.05539 1.14999 1.36541 2.3422
0.453785605519 0.88795 0.806311 0.803754065583 0.897118 0.908428 0.92273 0.941393 0.966766 1.00326 1.06022 1.16159 1.39246 2.43925
0.471238898038 0.88115 0.794284 0.791548963198 0.890942 0.903023 0.918301 0.938236 0.96534 1.00432 1.06517 1.17347 1.42009 2.53836
0.488692190558 0.874239 0.782099 0.779185359437 0.884668 0.897534 0.913806 0.935038 0.963906 1.00543 1.07024 1.18559 1.44827 2.63937
0.506145483078 0.867223 0.769776 0.766681162549 0.878299 0.891964 0.909247 0.931799 0.96246 1.00656 1.0754 1.19792 1.47694 2.74212
0.523598775598 0.860107 0.757332 0.754054128048 0.87184 0.886317 0.904625 0.928516 0.960999 1.00772 1.08065 1.21045 1.50606 2.84645
0.541052068118 0.852896 0.744782 0.741321591427 0.865295 0.880593 0.899942 0.92519 0.959519 1.0089 1.08598 1.22316 1.53557 2.95219
0.558505360638 0.845594 0.732145 0.728500620889 0.858666 0.874797 0.895197 0.92182 0.958017 1.01008 1.09136 1.23601 1.56543 3.05918
0.575958653158 0.838205 0.719435 0.715608017352 0.851959 0.868929 0.890393 0.918403 0.956487 1.01127 1.09678 1.24898 1.59559 3.16727
0.593411945678 0.830735 0.70667 0.702660161708 0.845175 0.862993 0.885529 0.914939 0.954927 1.01244 1.10224 1.26204 1.62599 3.27628
0.610865238198 0.823186 0.693865 0.689673167565 0.838318 0.85699 0.880607 0.911426 0.953332 1.01361 1.10771 1.27518 1.65659 3.38606
0.628318530718 0.815564 0.681035 0.676662728506 0.831391 0.850922 0.875625 0.907863 0.951697 1.01475 1.11318 1.28836 1.68734 3.49645
0.645771823238 0.807872 0.668195 0.66364419446 0.824398 0.844791 0.870585 0.904248 0.950019 1.01586 1.11864 1.30157 1.71818 3.60729
0.663225115758 0.800113 0.65536 0.650632457149 0.81734 0.838599 0.865487 0.900578 0.948292 1.01692 1.12407 1.31477 1.74907 3.71841
0.680678408278 0.792292 0.642543 0.637642026455 0.810221 0.832346 0.860331 0.896853 0.946513 1.01794 1.12946 1.32794 1.77997 3.82967
0.698131700798 0.784412 0.629759 0.624687068605 0.803044 0.826036 0.855117 0.89307 0.944677 1.01891 1.1348 1.34106 1.81081 3.9409
0.715584993318 0.776477 0.61702 0.61178117707 0.79581 0.819668 0.849844 0.889227 0.942779 1.01981 1.14007 1.3541 1.84156 4.05194
0.733038285838 0.76849 0.60434 0.598937601662 0.788523 0.813244 0.844513 0.885323 0.940814 1.02063 1.14525 1.36704 1.87217 4.16266
0.750491578358 0.760454 0.591731 0.586169057622 0.781184 0.806766 0.839124 0.881355 0.938779 1.02138 1.15034 1.37986 1.90259 4.27289
0.767944870878 0.752372 0.579205 0.573487840165 0.773796 0.800234 0.833676 0.877321 0.936668 1.02204 1.15531 1.39252 1.93276 4.38248
0.785398163397 0.744249 0.566773 0.560905786301 0.766362 0.793651 0.828169 0.873219 0.934478 1.02259 1.16017 1.40501 1.96266 4.4913
0.802851455917 0.736085 0.554447 0.548434122097 0.758883 0.787016 0.822603 0.869048 0.932203 1.02305 1.16488 1.41731 1.99223 4.59919
0.820304748437 0.727886 0.542236 0.536083691782 0.751361 0.780332 0.816978 0.864804 0.929839 1.02339 1.16944 1.42939 2.02143 4.706
0.837758040957 0.719653 0.530152 0.523864805008 0.743799 0.773599 0.811292 0.860487 0.927383 1.02361 1.17384 1.44123 2.05021 4.81161
0.855211333477 0.711389 0.518203 0.511787198671 0.736199 0.766818 0.805547 0.856094 0.924829 1.0237 1.17807 1.4528 2.07853 4.91588
0.872664625997 0.703098 0.506398 0.499860227827 0.728563 0.75999 0.799742 0.851624 0.922174 1.02366 1.1821 1.4641 2.10635 5.01866
0.890117918517 0.694781 0.494747 0.488092522038 0.720892 0.753116 0.793876 0.847074 0.919414 1.02347 1.18593 1.47508 2.13363 5.11983
0.907571211037 0.686442 0.483256 0.476492405394 0.713189 0.746196 0.787949 0.842442 0.916543 1.02314 1.18955 1.48575 2.16033 5.21926
0.925024503557 0.678084 0.471934 0.465067476491 0.705454 0.739233 0.781961 0.837728 0.91356 1.02264 1.19295 1.49606 2.18642 5.31683
0.942477796077 0.669707 0.460788 0.453824952088 0.697691 0.732227 0.775912 0.832928 0.91046 1.02199 1.19611 1.50602 2.21184 5.41241
0.959931088597 0.661317 0.449823 0.442771399815 0.689901 0.725178 0.769802 0.828042 0.907238 1.02116 1.19902 1.51559 2.23657 5.50588
0.977384381117 0.652913 0.439047 0.431912929096 0.682086 0.718088 0.763629 0.823067 0.903893 1.02016 1.20168 1.52475 2.26057 5.59714
0.994837673637 0.6445 0.428464 0.421255114781 0.674246 0.710958 0.757395 0.818003 0.90042 1.01897 1.20407 1.5335 2.2838 5.68606
1.01229096616 0.636079 0.418079 0.410802997146 0.666385 0.703787 0.751099 0.812848 0.896815 1.0176 1.20618 1.54182 2.30624 5.77254
1.02974425868 0.627652 0.407897 0.40056108189 0.658504 0.696578 0.744741 0.8076 0.893077 1.01604 1.20801 1.54968 2.32785 5.85647
1.0471975512 0.619223 0.397922 0.390533301956 0.650604 0.689332 0.73832 0.802258 0.889202 1.01427 1.20953 1.55707 2.34859 5.93777
1.06465084372 0.610792 0.388157 0.380723170263 0.642686 0.682048 0.731838 0.796821 0.885187 1.0123 1.21076 1.56398 2.36844 6.01632
1.08210413624 0.602363 0.378606 0.371133665154 0.634754 0.674728 0.725293 0.791288 0.88103 1.01012 1.21167 1.57039 2.38738 6.09204
1.09955742876 0.593937 0.36927 0.361767192216 0.626807 0.667373 0.718687 0.785658 0.876728 1.00773 1.21226 1.57628 2.40536 6.16483
1.11701072128 0.585517 0.360151 0.352625775195 0.618849 0.659984 0.712018 0.77993 0.872279 1.00512 1.21252 1.58166 2.42237 6.23462
1.1344640138 0.577104 0.351252 0.343710826896 0.610879 0.652562 0.705288 0.774103 0.86768 1.00229 1.21245 1.58649 2.43839 6.30133
1.15191730632 0.568701 0.342572 0.335023416469 0.602901 0.645108 0.698497 0.768177 0.86293 0.99923 1.21203 1.59077 2.45338 6.36487
1.16937059884 0.560309 0.334114 0.326564002119 0.594914 0.637622 0.691644 0.762151 0.858027 0.995943 1.21127 1.5945 2.46733 6.42518
1.18682389136 0.55193 0.325876 0.318332698399 0.586922 0.630106 0.684731 0.756024 0.85297 0.992424 1.21015 1.59765 2.48021 6.48218
1.20427718388 0.543567 0.317859 0.310329123469 0.578925 0.622561 0.677758 0.749797 0.847756 0.988669 1.20867 1.60023 2.49201 6.53582
1.2217304764 0.535221 0.310062 0.302552475468 0.570925 0.614988 0.670724 0.743468 0.842386 0.984675 1.20683 1.60221 2.50271 6.58604
1.23918376892 0.526894 0.302484 0.295001532511 0.562924 0.607388 0.663632 0.737038 0.836856 0.980441 1.20461 1.6036 2.51229 6.63277
1.25663706144 0.518588 0.295123 0.287674729058 0.554922 0.599762 0.656481 0.730507 0.831168 0.975965 1.20203 1.60438 2.52074 6.67598
1.27409035396 0.510304 0.287977 0.280569926809 0.546922 0.592111 0.649273 0.723875 0.82532 0.971244 1.19907 1.60455 2.52804 6.71561
1.29154364648 0.502045 0.281045 0.273684834733 0.538924 0.584437 0.642007 0.717142 0.819312 0.966278 1.19573 1.6041 2.53418 6.75162
1.308996939 0.493812 0.274323 0.267016665402 0.530931 0.576741 0.634685 0.710309 0.813143 0.961064 1.192 1.60303 2.53915 6.78398
1.32645023152 0.485606 0.267809 0.260562325922 0.522944 0.569023 0.627308 0.703376 0.806813 0.955602 1.1879 1.60133 2.54294 6.81266
1.34390352404 0.47743 0.2615 0.254318379741 0.514965 0.561285 0.619876 0.696344 0.800324 0.949892 1.18341 1.59901 2.54555 6.83761
1.36135681656 0.469285 0.255392 0.248281084837 0.506994 0.553529 0.612392 0.689213 0.793674 0.943934 1.17852 1.59605 2.54695 6.85883
1.37881010908 0.461173 0.24948 0.2424464319 0.499033 0.545756 0.604855 0.681984 0.786864 0.937726 1.17326 1.59245 2.54716 6.87629
1.3962634016 0.453094 0.243762 0.236810067965 0.491084 0.537967 0.597267 0.674659 0.779895 0.93127 1.1676 1.58822 2.54617 6.88998
1.41371669412 0.445052 0.238233 0.231367487332 0.483149 0.530163 0.589629 0.667238 0.772769 0.924567 1.16156 1.58334 2.54397 6.89988
1.43116998664 0.437047 0.232888 0.226113802461 0.475228 0.522346 0.581944 0.659723 0.765486 0.917616 1.15513 1.57784 2.54056 6.90599
1.44862327916 0.42908 0.227722 0.221044011262 0.467324 0.514517 0.574211 0.652115 0.758047 0.91042 1.14831 1.57169 2.53594 6.90831
1.46607657168 0.421154 0.22273 0.216152844355 0.459437 0.506679 0.566433 0.644416 0.750454 0.90298 1.14111 1.56491 2.53012 6.90684
1.4835298642 0.41327 0.217908 0.211434955995 0.451569 0.498831 0.558611 0.636627 0.742709 0.895298 1.13352 1.5575 2.5231 6.90158
1.50098315672 0.405429 0.21325 0.20688465678 0.443722 0.490977 0.550747 0.62875 0.734813 0.887376 1.12556 1.54946 2.51488 6.89255
1.51843644924 0.397632 0.20875 0.202496219125 0.435897 0.483117 0.542842 0.620786 0.72677 0.879215 1.11721 1.54079 2.50547 6.87976
1.53588974176 0.389882 0.204402 0.198263800894 0.428096 0.475253 0.534899 0.612739 0.71858 0.87082 1.1085 1.5315 2.49487 6.86324
1.55334303427 0.382178 0.200202 0.194181369028 0.42032 0.467387 0.526919 0.604609 0.710246 0.862193 1.09941 1.52159 2.4831 6.84299
1.57079632679 0.374524 0.196143 0.190242852289 0.412571 0.459521 0.518903 0.596399 0.701772 0.853337 1.08996 1.51108 2.47016 6.81906
1.58824961931 0.366919 0.192219 0.186442064883 0.40485 0.451655 0.510855 0.588112 0.693159 0.844255 1.08014 1.49996 2.45607 6.79147
1.60570291183 0.359365 0.188424 0.182772821019 0.397158 0.443793 0.502776 0.57975 0.684411 0.834952 1.06997 1.48824 2.44083 6.76025
1.62315620435 0.351865 0.184753 0.179228858538 0.389498 0.435935 0.494668 0.571315 0.675532 0.825432 1.05945 1.47594 2.42446 6.72546
1.64060949687 0.344418 0.181199 0.175803877094 0.38187 0.428084 0.486534 0.562811 0.666523 0.815698 1.04858 1.46305 2.40698 6.68712
1.65806278939 0.337026 0.177756 0.172491576345 0.374276 0.420241 0.478375 0.554239 0.65739 0.805757 1.03738 1.4496 2.3884 6.64529
1.67551608191 0.32969 0.174418 0.16928569413 0.366718 0.412408 0.470194 0.545603 0.648135 0.795611 1.02584 1.43558 2.36873 6.60001
1.69296937443 0.322412 0.17118 0.166179930106 0.359197 0.404587 0.461993 0.536906 0.638763 0.785267 1.01398 1.42101 2.34801 6.55135
1.71042266695 0.315192 0.168035 0.163168174848 0.351715 0.39678 0.453775 0.528152 0.629278 0.774729 1.0018 1.40591 2.32624 6.49935
1.72787595947 0.308032 0.164977 0.160244166197 0.344272 0.388989 0.445542 0.519342 0.619683 0.764005 0.989308 1.39027 2.30344 6.44409
1.74532925199 0.300934 0.162001 0.157401947463 0.336872 0.381216 0.437297 0.510481 0.609983 0.753098 0.976516 1.37413 2.27965 6.38561
1.76278254451 0.293897 0.1591 0.154635447407 0.329515 0.373462 0.429043 0.501571 0.600183 0.742015 0.963431 1.35748 2.25488 6.324
1.78023583703 0.286924 0.15627 0.151938823891 0.322202 0.365731 0.420781 0.492617 0.590287 0.730763 0.950061 1.34034 2.22915 6.25932
1.79768912955 0.280014 0.153504 0.14930634933 0.314936 0.358023 0.412515 0.483622 0.580299 0.719348 0.936416 1.32272 2.20249 6.19164
1.81514242207 0.27317 0.150798 0.146732372507 0.307717 0.350342 0.404248 0.47459 0.570226 0.707777 0.922505 1.30464 2.17492 6.12105
1.83259571459 0.266393 0.148145 0.144211394939 0.300548 0.342688 0.395982 0.465523 0.560072 0.696056 0.908338 1.28612 2.14648 6.04761
1.85004900711 0.259683 0.145541 0.141738109065 0.293429 0.335065 0.38772 0.456428 0.549841 0.684193 0.893925 1.26717 2.11719 5.97143
1.86750229963 0.253041 0.142981 0.139307398242 0.286362 0.327474 0.379465 0.447306 0.53954 0.672195 0.879276 1.2478 2.08707 5.89257
1.88495559215 0.246469 0.140459 0.136914260378 0.27935 0.319917 0.37122 0.438162 0.529173 0.660069 0.864403 1.22804 2.05617 5.81114
1.90240888467 0.239967 0.137973 0.134553922485 0.272392 0.312397 0.362988 0.429 0.518747 0.647823 0.849315 1.20789 2.0245 5.72721
1.91986217719 0.233536 0.135516 0.132221802496 0.265491 0.304916 0.354772 0.419825 0.508267 0.635465 0.834025 1.18738 1.99209 5.64088
1.93731546971 0.227178 0.133084 0.129913509262 0.258649 0.297476 0.346575 0.41064 0.497738 0.623003 0.818543 1.16652 1.95899 5.55226
1.95476876223 0.220893 0.130675 0.127624918921 0.251866 0.290078 0.3384 0.40145 0.487167 0.610444 0.802881 1.14534 1.92522 5.46143
1.97222205475 0.214682 0.128283 0.125352060348 0.245145 0.282726 0.33025 0.392258 0.476559 0.597797 0.787051 1.12384 1.89082 5.36849
1.98967534727 0.208546 0.125906 0.123091267888 0.238486 0.275422 0.322129 0.383071 0.46592 0.585071 0.771066 1.10205 1.85582 5.27355
2.00712863979 0.202487 0.12354 0.120839066805 0.231891 0.268167 0.314039 0.37389 0.455257 0.572274 0.754936 1.07999 1.82025 5.17671
2.02458193231 0.196503 0.121181 0.118592211469 0.225363 0.260965 0.305984 0.364722 0.444575 0.559414 0.738676 1.05768 1.78414 5.07808
2.04203522483 0.190598 0.118828 0.116347761719 0.218901 0.253816 0.297967 0.355571 0.433881 0.546501 0.722297 1.03513 1.74754 4.97776
2.05948851735 0.184771 0.116477 0.11410293013 0.212508 0.246724 0.289991 0.346441 0.423181 0.533543 0.705812 1.01237 1.71048 4.87586
2.07694180987 0.179023 0.114126 0.111855311115 0.206185 0.239691 0.282059 0.337336 0.412481 0.520548 0.689234 0.989412 1.673 4.7725
2.09439510239 0.173355 0.111772 0.109602651826 0.199933 0.232719 0.274175 0.328262 0.401789 0.507527 0.672576 0.966282 1.63513 4.66778
2.11184839491 0.167768 0.109414 0.107343004883 0.193754 0.22581 0.266342 0.319223 0.391109 0.494487 0.655852 0.942999 1.5969 4.56181
2.12930168743 0.162263 0.107051 0.105074690194 0.18765 0.218967 0.258563 0.310224 0.380449 0.481439 0.639074 0.919583 1.55837 4.45471
2.14675497995 0.156839 0.10468 0.102796180403 0.181621 0.212191 0.250842 0.301268 0.369816 0.468391 0.622256 0.896055 1.51956 4.3466
2.16420827247 0.151499 0.102301 0.100506368178 0.17567 0.205485 0.243182 0.292362 0.359215 0.455352 0.605412 0.872436 1.48051 4.23759
2.18166156499 0.146243 0.0999126 0.0982042989193 0.169797 0.198851 0.235585 0.283509 0.348653 0.442333 0.588554 0.848747 1.44126 4.12779
2.19911485751 0.141071 0.0975141 0.0958892853184 0.164004 0.192292 0.228056 0.274714 0.338138 0.429341 0.571697 0.82501 1.40185 4.01732
2.21656815003 0.135984 0.0951053 0.0935609073518 0.158293 0.185809 0.220598 0.265983 0.327675 0.416387 0.554854 0.801245 1.36232 3.9063
2.23402144255 0.130983 0.0926858 0.0912189741001 0.152664 0.179405 0.213214 0.257319 0.31727 0.40348 0.538039 0.777474 1.32271 3.79485
2.25147473507 0.126069 0.0902557 0.0888635619311 0.147119 0.173082 0.205907 0.248727 0.306932 0.390629 0.521265 0.753718 1.28305 3.68309
2.26892802759 0.121241 0.0878154 0.0864949763159 0.141659 0.166842 0.19868 0.240213 0.296666 0.377844 0.504546 0.729998 1.24339 3.57112
2.28638132011 0.116502 0.0853653 0.0841137136453 0.136286 0.160688 0.191537 0.23178 0.286479 0.365133 0.487895 0.706336 1.20376 3.45908
2.30383461263 0.11185 0.0829061 0.0817205757812 0.131001 0.154621 0.184481 0.223433 0.276377 0.352506 0.471327 0.682753 1.1642 3.34707
2.32128790515 0.107288 0.0804387 0.0793165173212 0.125805 0.148643 0.177515 0.215177 0.266367 0.339973 0.454855 0.65927 1.12475 3.23522
2.33874119767 0.102815 0.0779644 0.0769027601501 0.1207 0.142758 0.170642 0.207016 0.256455 0.327542 0.438492 0.635908 1.08545 3.12365
2.35619449019 0.0984316 0.0754844 0.0744807170723 0.115686 0.136966 0.163866 0.198956 0.246648 0.315224 0.422251 0.612689 1.04633 3.01246
2.37364778271 0.0941391 0.0730003 0.0720519536278 0.110765 0.13127 0.15719 0.191 0.236952 0.303026 0.406147 0.589632 1.00744 2.90177
2.39110107523 0.0899376 0.0705138 0.069618226276 0.105939 0.125672 0.150616 0.183153 0.227374 0.290958 0.390192 0.566759 0.968816 2.79171
2.40855436775 0.0858276 0.0680268 0.0671815969478 0.101207 0.120173 0.144148 0.175419 0.21792 0.279028 0.374399 0.544091 0.930489 2.68238
2.42600766027 0.0818098 0.0655413 0.0647441275736 0.0965723 0.114777 0.137788 0.167803 0.208596 0.267247 0.358782 0.521648 0.8925 2.57391
2.44346095279 0.0778844 0.0630596 0.0623081473717 0.0920349 0.109484 0.131541 0.160309 0.199408 0.255622 0.343354 0.49945 0.854885 2.46639
2.46091424531 0.074052 0.0605841 0.0598761382955 0.0875961 0.104297 0.125408 0.152942 0.190362 0.244163 0.328126 0.477517 0.817681 2.35994
2.47836753783 0.0703131 0.0581173 0.0574506204827 0.0832572 0.0992182 0.119393 0.145705 0.181464 0.232877 0.313112 0.455869 0.780925 2.25468
2.49582083035 0.066668 0.0556617 0.0550343431741 0.079019 0.0942485 0.113498 0.138603 0.172721 0.221774 0.298325 0.434525 0.74465 2.15071
2.51327412287 0.0631172 0.0532202 0.0526301701624 0.0748828 0.08939 0.107726 0.13164 0.164138 0.210861 0.283776 0.413505 0.708894 2.04813
2.53072741539 0.059661 0.0507956 0.0502410034241 0.0708494 0.0846446 0.10208 0.124819 0.155721 0.200147 0.269477 0.392827 0.673689 1.94706
2.54818070791 0.0562998 0.0483908 0.0478699358552 0.0669198 0.080014 0.0965631 0.118146 0.147475 0.18964 0.255441 0.372511 0.639071 1.84759
2.56563400043 0.0530339 0.0460089 0.045520022168 0.0630951 0.0754999 0.0911773 0.111623 0.139406 0.179348 0.241679 0.352574 0.605072 1.74984
2.58308729295 0.0498638 0.043653 0.0431944698102 0.0593762 0.0711039 0.0859254 0.105254 0.131519 0.169279 0.228202 0.333034 0.571726 1.65389
2.60054058547 0.0467898 0.0413262 0.0408965625973 0.0557639 0.0668278 0.0808099 0.0990436 0.12382 0.15944 0.215022 0.313909 0.539063 1.55985
2.61799387799 0.043812 0.0390318 0.0386295843449 0.0522591 0.0626729 0.0758332 0.0929948 0.116314 0.149838 0.20215 0.295216 0.507117 1.46781
2.63544717051 0.0409309 0.036773 0.0363968570525 0.0488628 0.058641 0.0709978 0.0871112 0.109006 0.140481 0.189595 0.276972 0.475917 1.37786
2.65290046303 0.0381468 0.0345531 0.0342017409034 0.0455756 0.0547334 0.0663059 0.0813963 0.101901 0.131376 0.177369 0.259193 0.445493 1.29011
2.67035375555 0.0354597 0.0323753 0.0320475960809 0.0423983 0.0509516 0.0617599 0.0758533 0.0950025 0.122529 0.165482 0.241895 0.415874 1.20463
2.68780704807 0.0328701 0.030243 0.0299377445846 0.0393318 0.047297 0.0573618 0.0704854 0.0883167 0.113948 0.153943 0.225094 0.387089 1.12151
2.70526034059 0.030378 0.0281594 0.0278756229656 0.0363767 0.0437708 0.0531137 0.0652959 0.0818474 0.105639 0.142762 0.208804 0.359165 1.04084
2.72271363311 0.0279838 0.0261279 0.0258644768555 0.0335336 0.0403744 0.0490178 0.0602875 0.0755991 0.097608 0.131949 0.193039 0.332127 0.962689
2.74016692563 0.0256875 0.0241515 0.0239076282539 0.0308034 0.0371089 0.0450759 0.0554633 0.0695758 0.0898608 0.121511 0.177815 0.306003 0.887146
2.75762021815 0.0234894 0.0222335 0.0220083227923 0.0281865 0.0339756 0.0412899 0.050826 0.0637816 0.0824034 0.111458 0.163144 0.280816 0.814284
2.77507351067 0.0213896 0.0203771 0.0201696915508 0.0256835 0.0309755 0.0376615 0.0463783 0.0582204 0.0752413 0.101798 0.149038 0.256591 0.744174
2.79252680319 0.0193882 0.0185852 0.0183948274254 0.0232949 0.0281097 0.0341925 0.0421226 0.0528957 0.0683797 0.0925379 0.135512 0.233349 0.676885
2.80998009571 0.0174853 0.0168608 0.0166868233121 0.0210214 0.0253792 0.0308844 0.0380614 0.0478111 0.0618239 0.0836862 0.122575 0.211112 0.612483
2.82743338823 0.0156809 0.0152069 0.0150485048196 0.0188632 0.0227848 0.0277388 0.0341969 0.0429698 0.0555784 0.0752495 0.110241 0.189901 0.551032
2.84488668075 0.0139752 0.0136262 0.0134827739245 0.0168209 0.0203275 0.0247571 0.0305313 0.0383751 0.0496479 0.0672348 0.0985177 0.169736 0.492592
2.86233997327 0.0123682 0.0121215 0.0119923035 0.0148948 0.018008 0.0219405 0.0270666 0.0340297 0.0440366 0.0596482 0.0874171 0.150634 0.437218
2.87979326579 0.0108599 0.0106952 0.0105796518674 0.0130852 0.015827 0.0192903 0.0238046 0.0299365 0.0387485 0.0524957 0.0769479 0.132614 0.384963
2.89724655831 0.0094503 0.00934982 0.00924730098044 0.0113924 0.0137853 0.0168077 0.0207471 0.0260979 0.0337873 0.0457829 0.067119 0.115691 0.335877
2.91469985083 0.00813931 0.00808766 0.00799754187313 0.00981674 0.0118834 0.0144936 0.0178957 0.0225164 0.0291565 0.0395148 0.0579385 0.0998793 0.290005
2.93215314335 0.0069269 0.00691089 0.00683251284401 0.00835832 0.0101218 0.0123489 0.0152516 0.019194 0.024859 0.0336961 0.0494138 0.0851939 0.247391
2.94960643587 0.00581298 0.00582149 0.00575423763988 0.00701731 0.00850092 0.0103745 0.0128164 0.0161326 0.0208979 0.0283311 0.0415516 0.0716468 0.208071
2.96705972839 0.00479743 0.00482131 0.00476447272022 0.0057938 0.00702116 0.00857108 0.0105909 0.013334 0.0172755 0.0234236 0.0343582 0.0592492 0.172082
2.98451302091 0.00388011 0.00391203 0.00386493636061 0.00468785 0.00568279 0.00693913 0.00857633 0.0107996 0.0139942 0.0189769 0.0278388 0.0480111 0.139453
3.00196631343 0.00306083 0.00309513 0.00305700318152 0.00369944 0.004486 0.00547916 0.00677332 0.00853071 0.0110557 0.014994 0.021998 0.0379412 0.110211
3.01941960595 0.00233938 0.00237193 0.00234200961952 0.0028285 0.0034309 0.00419149 0.00518252 0.00652823 0.00846162 0.0114771 0.0168398 0.0290467 0.0843794
3.03687289847 0.00171549 0.00174355 0.00172098663995 0.0020749 0.00251751 0.00307631 0.00380438 0.00479296 0.00621319 0.00842824 0.0123674 0.0213336 0.0619761
3.05432619099 0.00118887 0.00121089 0.00119481247256 0.00143844 0.00174575 0.0021337 0.00263914 0.00332539 0.00431125 0.00584876 0.0085829 0.0148062 0.0430151
3.07177948351 0.000759165 0.000774666 0.000764059875871 0.000918827 0.00111542 0.00136357 0.00168686 0.00212576 0.00275625 0.0037395 0.00548794 0.00946756 0.0275061
3.08923277603 0.000425962 0.000435354 0.000429225240613 0.000515713 0.00062621 0.000765678 0.000947356 0.00119399 0.00154827 0.00210073 0.00308311 0.00531902 0.0154536
3.10668606855 0.00018878 0.0001932 0.000190384934587 0.000228629 0.000277684 0.000339595 0.000420235 0.000529699 0.000686926 0.000932096 0.00136803 0.0023602 0.00685728
3.12413936107 4.70371e-05 4.81916e-05 4.74625899904e-05 5.69852e-05 6.92298e-05 8.46814e-05 0.000104805 0.00013212 0.000171349 0.000232517 0.000341274 0.000588791 0.00171065
3.14159265359 0.0 0.0 0.0 0.0 0.0 0.0 0.0 0.0 0.0 0.0 0.0 0.0 0.0
