alpha phi_iso phi_ray phi_vec g0=0.1 g0=0.2 g0=0.3 g0=0.4 g0=0.5 g0=0.6 g0=0.7 g0=0.8 g0=0.9 g0=1.0
0.0 1.0 1.0 1.0 1.0 1.0 1.0 1.0 1.0 1.0 1.0 1.0 1.0 1.0
0.0174532925199 0.999714 0.999593 0.999572016362 0.999727 0.999741 0.999758 0.999778 0.999801 0.999829 0.999864 0.999907 0.999965 1.00004
0.0349065850399 0.998904 0.998427 0.998341547051 0.998954 0.99901 0.999076 0.999152 0.999242 0.99935 0.999484 0.999653 0.999876 1.00018
0.0523598775598 0.997641 0.996588 0.99638760443 0.997749 0.997872 0.998014 0.998179 0.998374 0.99861 0.998902 0.999271 0.999757 1.00043
0.0698131700798 0.995981 0.994142 0.993773097517 0.996166 0.996377 0.99662 0.996904 0.99724 0.997647 0.998148 0.998786 0.999625 1.00078
0.0872664625997 0.99396 0.991132 0.99054104706 0.99424 0.994559 0.994926 0.995356 0.995866 0.996482 0.997244 0.998213 0.999489 1.00125
0.10471975512 0.991603 0.987591 0.986721418456 0.991993 0.992438 0.992953 0.993554 0.994269 0.995133 0.996203 0.997563 0.999358 1.00184
0.12217304764 0.988926 0.983541 0.982338133438 0.989443 0.990033 0.990715 0.991513 0.992462 0.993611 0.995034 0.996846 0.999236 1.00254
0.13962634016 0.985945 0.979003 0.977412820114 0.986603 0.987355 0.988225 0.989245 0.990458 0.991927 0.993747 0.996066 0.999127 1.00336
0.157079632679 0.982673 0.973998 0.971966312983 0.983487 0.984419 0.985497 0.98676 0.988265 0.990088 0.992349 0.99523 0.999035 1.0043
0.174532925199 0.979124 0.968544 0.966019058454 0.980108 0.981235 0.982539 0.98407 0.985893 0.988105 0.990847 0.994344 0.998963 1.00536
0.191986217719 0.975309 0.962661 0.959591206424 0.976476 0.977814 0.979364 0.981184 0.983352 0.985982 0.989247 0.99341 0.998913 1.00654
0.209439510239 0.971239 0.956366 0.952702618999 0.972603 0.974167 0.97598 0.978109 0.980647 0.983728 0.987553 0.992433 0.998884 1.00783
0.226892802759 0.966924 0.949678 0.94537290101 0.968498 0.970303 0.972396 0.974855 0.977787 0.981349 0.985771 0.991415 0.998879 1.00923
0.244346095279 0.962376 0.942615 0.937621421825 0.964172 0.966231 0.968621 0.971429 0.974779 0.978849 0.983904 0.990359 0.998896 1.01073
0.261799387799 0.957604 0.935192 0.929467337146 0.959632 0.96196 0.964662 0.967838 0.971628 0.976235 0.981958 0.989266 0.998936 1.01235
0.279252680319 0.952617 0.927429 0.920929628253 0.954889 0.957498 0.960527 0.964089 0.968341 0.97351 0.979934 0.988139 0.998999 1.01406
0.296705972839 0.947422 0.919339 0.91202711509 0.949949 0.952852 0.956222 0.960187 0.964922 0.970679 0.977835 0.986978 0.999081 1.01587
0.314159265359 0.942029 0.910941 0.902778473702 0.944821 0.948029 0.951755 0.956139 0.961376 0.967745 0.975664 0.985784 0.999182 1.01777
0.331612557879 0.936445 0.902251 0.893202253682 0.939512 0.943036 0.947131 0.95195 0.957708 0.964712 0.973422 0.984556 0.999298 1.01976
0.349065850399 0.930678 0.893283 0.883316865084 0.934028 0.937879 0.942356 0.947625 0.953921 0.961582 0.971112 0.983294 0.999427 1.02182
0.366519142919 0.924734 0.884054 0.873140591509 0.928377 0.932566 0.937435 0.943168 0.95002 0.958359 0.968733 0.981998 0.999567 1.02396
0.383972435439 0.918622 0.87458 0.862691577021 0.922565 0.927101 0.932374 0.938584 0.946008 0.955045 0.966288 0.980666 0.999714 1.02616
0.401425727959 0.912347 0.864876 0.851987826148 0.916599 0.92149 0.927178 0.933878 0.941889 0.951641 0.963777 0.979299 0.999864 1.02842
0.418879020479 0.905916 0.854956 0.841047182081 0.910484 0.915739 0.921852 0.929053 0.937665 0.94815 0.9612 0.977893 1.00001 1.03073
0.436332312999 0.899336 0.844836 0.82988733975 0.904226 0.909853 0.916399 0.924113 0.933338 0.944573 0.958557 0.976448 1.00016 1.03309
0.453785605519 0.892612 0.834531 0.818525793506 0.89783 0.903837 0.910825 0.919061 0.928913 0.940911 0.955848 0.97496 1.00029 1.03548
0.471238898038 0.88575 0.824055 0.806979858916 0.891303 0.897695 0.905134 0.913901 0.92439 0.937167 0.953074 0.97343 1.00041 1.03789
0.488692190558 0.878756 0.813422 0.795266637884 0.884648 0.891433 0.899329 0.908636 0.919773 0.93334 0.950233 0.971853 1.00051 1.04033
0.506145483078 0.871635 0.802646 0.783403018648 0.877873 0.885054 0.893414 0.90327 0.915063 0.929432 0.947326 0.970228 1.00059 1.04277
0.523598775598 0.864394 0.791742 0.771405636539 0.87098 0.878564 0.887394 0.897804 0.910263 0.925444 0.94435 0.968551 1.00064 1.04522
0.541052068118 0.857036 0.780723 0.759290869615 0.863975 0.871966 0.88127 0.892241 0.905373 0.921375 0.941306 0.966821 1.00065 1.04766
0.558505360638 0.849568 0.769602 0.747074838667 0.856863 0.865264 0.875048 0.886585 0.900396 0.917227 0.938193 0.965033 1.00062 1.05008
0.575958653158 0.841995 0.758393 0.734773359248 0.849647 0.858463 0.86873 0.880838 0.895333 0.913 0.935008 0.963186 1.00055 1.05248
0.593411945678 0.83432 0.747108 0.722401950398 0.842333 0.851566 0.862319 0.875001 0.890185 0.908694 0.931752 0.961276 1.00043 1.05485
0.610865238198 0.826549 0.735759 0.70997579976 0.834925 0.844576 0.855818 0.869078 0.884955 0.904309 0.928422 0.959299 1.00025 1.05717
0.628318530718 0.818687 0.72436 0.697509776657 0.827427 0.837498 0.84923 0.86307 0.879642 0.899845 0.925018 0.957253 1.00001 1.05944
0.645771823238 0.810738 0.712922 0.685018379772 0.819843 0.830335 0.842558 0.856979 0.874248 0.895302 0.921537 0.955134 0.999697 1.06164
0.663225115758 0.802706 0.701457 0.672515750223 0.812176 0.82309 0.835806 0.850808 0.868775 0.89068 0.917978 0.952939 0.999312 1.06378
0.680678408278 0.794596 0.689977 0.660015645407 0.804431 0.815767 0.828974 0.844558 0.863222 0.885979 0.91434 0.950664 0.998848 1.06583
0.698131700798 0.786412 0.678492 0.647531434635 0.796611 0.808368 0.822066 0.838231 0.857591 0.881199 0.910621 0.948306 0.998297 1.0678
0.715584993318 0.778158 0.667012 0.635076068608 0.788721 0.800897 0.815085 0.831829 0.851884 0.876339 0.90682 0.945861 0.997655 1.06966
0.733038285838 0.769838 0.65555 0.622662101223 0.780763 0.793357 0.808033 0.825353 0.846099 0.871399 0.902934 0.943327 0.996916 1.07142
0.750491578358 0.761457 0.644114 0.610301628522 0.772741 0.785751 0.800912 0.818805 0.840239 0.866379 0.898962 0.9407 0.996074 1.07306
0.767944870878 0.753017 0.632714 0.5980063323 0.764659 0.778082 0.793725 0.812187 0.834305 0.861279 0.894903 0.937975 0.995122 1.07458
0.785398163397 0.744523 0.62136 0.5857874365 0.75652 0.770352 0.786473 0.8055 0.828296 0.856097 0.890754 0.935151 0.994057 1.07596
0.802851455917 0.735979 0.610061 0.573655698487 0.748327 0.762565 0.779159 0.798746 0.822213 0.850834 0.886514 0.932223 0.992871 1.0772
0.820304748437 0.727388 0.598826 0.5616214265 0.740084 0.754723 0.771786 0.791927 0.816057 0.84549 0.882182 0.929188 0.991561 1.07829
0.837758040957 0.718754 0.587662 0.549694440395 0.731794 0.746829 0.764355 0.785042 0.809829 0.840063 0.877755 0.926044 0.990119 1.07922
0.855211333477 0.710081 0.576577 0.537884093458 0.723459 0.738885 0.756868 0.778095 0.80353 0.834554 0.873232 0.922787 0.988542 1.07998
0.872664625997 0.701371 0.56558 0.526199254958 0.715083 0.730895 0.749327 0.771087 0.797159 0.828962 0.868612 0.919413 0.986823 1.08056
0.890117918517 0.692628 0.554677 0.514648301426 0.706668 0.72286 0.741735 0.764018 0.790718 0.823287 0.863894 0.91592 0.984959 1.08096
0.907571211037 0.683856 0.543875 0.503239129738 0.698219 0.714783 0.734093 0.75689 0.784206 0.817529 0.859075 0.912306 0.982944 1.08117
0.925024503557 0.675057 0.533181 0.491979130951 0.689737 0.706667 0.726404 0.749705 0.777626 0.811687 0.854154 0.908566 0.980773 1.08118
0.942477796077 0.666236 0.5226 0.480875212106 0.681226 0.698514 0.718669 0.742463 0.770977 0.805761 0.84913 0.904699 0.978442 1.08099
0.959931088597 0.657394 0.512139 0.469933791869 0.672688 0.690326 0.71089 0.735167 0.76426 0.79975 0.844002 0.900702 0.975946 1.08058
0.977384381117 0.648536 0.501802 0.459160778723 0.664126 0.682106 0.703068 0.727817 0.757475 0.793656 0.838768 0.896572 0.973282 1.07996
0.994837673637 0.639664 0.491594 0.448561614581 0.655542 0.673856 0.695207 0.720415 0.750624 0.787477 0.833428 0.892308 0.970445 1.07911
1.01229096616 0.630781 0.48152 0.438141226813 0.64694 0.665578 0.687307 0.712963 0.743707 0.781214 0.827981 0.887906 0.967431 1.07803
1.02974425868 0.62189 0.471584 0.427904080577 0.638322 0.657275 0.679371 0.70546 0.736725 0.774866 0.822425 0.883365 0.964238 1.07671
1.0471975512 0.612994 0.46179 0.417854143935 0.629691 0.648948 0.6714 0.69791 0.729678 0.768434 0.81676 0.878683 0.96086 1.07514
1.06465084372 0.604096 0.452141 0.407994922732 0.621048 0.640601 0.663397 0.690312 0.722567 0.761918 0.810985 0.873857 0.957296 1.07333
1.08210413624 0.595198 0.44264 0.398329443159 0.612397 0.632234 0.655362 0.682669 0.715394 0.755318 0.805099 0.868887 0.953541 1.07127
1.09955742876 0.586304 0.43329 0.388860277915 0.60374 0.623851 0.647298 0.674982 0.708159 0.748634 0.799102 0.863771 0.949594 1.06895
1.11701072128 0.577416 0.424094 0.379589537485 0.59508 0.615453 0.639207 0.667252 0.700862 0.741866 0.792994 0.858508 0.945451 1.06636
1.1344640138 0.568536 0.415052 0.370518887581 0.586418 0.607043 0.63109 0.659481 0.693506 0.735015 0.786774 0.853095 0.94111 1.06351
1.15191730632 0.559668 0.406167 0.361649566587 0.577758 0.598622 0.622949 0.65167 0.68609 0.728082 0.780442 0.847533 0.93657 1.06039
1.16937059884 0.550813 0.397441 0.352982376837 0.5691 0.590193 0.614785 0.643821 0.678617 0.721067 0.773997 0.84182 0.931827 1.057
1.18682389136 0.541974 0.388874 0.344517706416 0.560449 0.581758 0.606602 0.635935 0.671086 0.71397 0.767441 0.835956 0.926881 1.05333
1.20427718388 0.533154 0.380466 0.33625553788 0.551806 0.573319 0.5984 0.628013 0.6635 0.706792 0.760773 0.82994 0.92173 1.04938
1.2217304764 0.524355 0.372219 0.328195465705 0.543173 0.564877 0.590182 0.620057 0.655859 0.699535 0.753993 0.823772 0.916373 1.04515
1.23918376892 0.515579 0.364132 0.320336696276 0.534553 0.556436 0.581948 0.612069 0.648165 0.692199 0.747102 0.817452 0.910809 1.04063
1.25663706144 0.506829 0.356205 0.312678078421 0.525947 0.547996 0.573701 0.60405 0.640418 0.684784 0.740101 0.810979 0.905037 1.03584
1.27409035396 0.498107 0.348438 0.305218103405 0.517358 0.53956 0.565444 0.596002 0.632621 0.677292 0.73299 0.804354 0.899056 1.03075
1.29154364648 0.489416 0.340829 0.297954922374 0.508788 0.53113 0.557176 0.587927 0.624775 0.669725 0.725769 0.797577 0.892867 1.02538
1.308996939 0.480756 0.333379 0.290886359434 0.500239 0.522708 0.548901 0.579825 0.61688 0.662083 0.71844 0.790649 0.886469 1.01971
1.32645023152 0.472131 0.326085 0.28400994218 0.491713 0.514295 0.540621 0.571699 0.60894 0.654367 0.711005 0.78357 0.879863 1.01376
1.34390352404 0.463543 0.318946 0.277322888608 0.483212 0.505894 0.532336 0.563551 0.600954 0.64658 0.703463 0.776342 0.87305 1.00753
1.36135681656 0.454994 0.31196 0.270822146365 0.474738 0.497507 0.524049 0.555382 0.592926 0.638722 0.695816 0.768966 0.86603 1.001
1.37881010908 0.446486 0.305126 0.264504401466 0.466294 0.489136 0.515762 0.547195 0.584856 0.630795 0.688067 0.761442 0.858804 0.994185
1.3962634016 0.43802 0.298441 0.258366091378 0.45788 0.480782 0.507477 0.53899 0.576747 0.622801 0.680216 0.753772 0.851373 0.987085
1.41371669412 0.4296 0.291903 0.252403426822 0.4495 0.472447 0.499196 0.53077 0.5686 0.614742 0.672265 0.745958 0.84374 0.9797
1.43116998664 0.421226 0.28551 0.246612404853 0.441155 0.464134 0.490919 0.522536 0.560417 0.606619 0.664216 0.738002 0.835905 0.972032
1.44862327916 0.4129 0.279258 0.240988830665 0.432846 0.455844 0.482651 0.514292 0.5522 0.598435 0.656071 0.729906 0.827872 0.964083
1.46607657168 0.404625 0.273145 0.23552832631 0.424576 0.44758 0.474391 0.506037 0.54395 0.590191 0.647832 0.721672 0.819641 0.955856
1.4835298642 0.396403 0.267169 0.230226352501 0.416347 0.439342 0.466143 0.497775 0.535671 0.581889 0.639501 0.713302 0.811217 0.947353
1.50098315672 0.388234 0.261325 0.225078226056 0.40816 0.431133 0.457908 0.489508 0.527365 0.573533 0.631081 0.704798 0.802601 0.938578
1.51843644924 0.380122 0.255612 0.220079141697 0.400018 0.422956 0.449688 0.481238 0.519032 0.565123 0.622574 0.696165 0.793797 0.929534
1.53588974176 0.372067 0.250024 0.215224180773 0.391921 0.414811 0.441485 0.472966 0.510676 0.556664 0.613983 0.687404 0.784808 0.920224
1.55334303427 0.364071 0.24456 0.210508324343 0.383873 0.4067 0.433301 0.464695 0.502299 0.548156 0.605311 0.678518 0.775637 0.910654
1.57079632679 0.356137 0.239216 0.205926488056 0.375874 0.398626 0.425139 0.456426 0.493903 0.539602 0.596559 0.669512 0.766289 0.900827
1.58824961931 0.348264 0.233987 0.201473522157 0.367926 0.39059 0.416999 0.448163 0.48549 0.531006 0.587732 0.660387 0.756766 0.890748
1.60570291183 0.340456 0.228871 0.197144228921 0.36003 0.382593 0.408884 0.439907 0.477063 0.522369 0.578832 0.651147 0.747074 0.880423
1.62315620435 0.332713 0.223864 0.192933388823 0.35219 0.374639 0.400796 0.43166 0.468625 0.513696 0.569863 0.641798 0.737216 0.869856
1.64060949687 0.325038 0.218963 0.188835773617 0.344406 0.366729 0.392738 0.423425 0.460178 0.504988 0.560828 0.632342 0.727199 0.859054
1.65806278939 0.317431 0.214163 0.184846146336 0.33668 0.358864 0.38471 0.415205 0.451724 0.496248 0.551731 0.622783 0.717025 0.848023
1.67551608191 0.309895 0.209461 0.180959304896 0.329014 0.351047 0.376716 0.407 0.443267 0.48748 0.542574 0.613126 0.706701 0.836768
1.69296937443 0.30243 0.204854 0.177170069016 0.321408 0.343279 0.368757 0.398815 0.434808 0.478687 0.533362 0.603374 0.696232 0.825296
1.71042266695 0.295038 0.200337 0.173473310742 0.313865 0.335561 0.360835 0.39065 0.426351 0.469872 0.524098 0.593533 0.685622 0.813615
1.72787595947 0.28772 0.195907 0.169863963166 0.306387 0.327897 0.352952 0.382508 0.417898 0.461037 0.514786 0.583607 0.674878 0.80173
1.74532925199 0.280477 0.191561 0.16633704223 0.298974 0.320286 0.34511 0.374392 0.409452 0.452187 0.50543 0.573601 0.664006 0.78965
1.76278254451 0.273312 0.187295 0.162887638004 0.291629 0.312732 0.337312 0.366305 0.401016 0.443325 0.496034 0.563519 0.653011 0.777382
1.78023583703 0.266224 0.183105 0.159510949572 0.284352 0.305236 0.32956 0.358248 0.392593 0.434454 0.486602 0.553367 0.6419 0.764934
1.79768912955 0.259216 0.178989 0.156202298111 0.277145 0.2978 0.321854 0.350224 0.384186 0.425577 0.477139 0.543149 0.630679 0.752314
1.81514242207 0.252288 0.174942 0.152957113811 0.27001 0.290425 0.314198 0.342235 0.375797 0.416699 0.467648 0.532871 0.619354 0.739531
1.83259571459 0.245442 0.170962 0.149770966398 0.262948 0.283113 0.306594 0.334285 0.36743 0.407822 0.458134 0.522539 0.607933 0.726592
1.85004900711 0.238679 0.167046 0.146639578217 0.255961 0.275866 0.299043 0.326374 0.359088 0.398951 0.448602 0.512157 0.596422 0.713506
1.86750229963 0.231999 0.16319 0.143558819867 0.249049 0.268685 0.291548 0.318507 0.350773 0.390089 0.439055 0.501732 0.584827 0.700283
1.88495559215 0.225405 0.159391 0.140524723289 0.242214 0.261573 0.284111 0.310685 0.342488 0.381239 0.429499 0.491268 0.573157 0.686932
1.90240888467 0.218896 0.155647 0.137533503564 0.235458 0.25453 0.276733 0.302911 0.334238 0.372406 0.419938 0.480772 0.561418 0.673461
1.91986217719 0.212474 0.151955 0.134581537112 0.228781 0.247559 0.269417 0.295187 0.326024 0.363593 0.410376 0.47025 0.549618 0.65988
1.93731546971 0.20614 0.148312 0.131665405296 0.222185 0.24066 0.262165 0.287516 0.31785 0.354804 0.400819 0.459706 0.537763 0.6462
1.95476876223 0.199895 0.144717 0.12878186826 0.215672 0.233836 0.254979 0.279901 0.30972 0.346044 0.391272 0.449148 0.525862 0.632429
1.97222205475 0.193739 0.141166 0.125927899814 0.209241 0.227089 0.24786 0.272343 0.301635 0.337315 0.381738 0.438582 0.513923 0.618577
1.98967534727 0.187674 0.137657 0.123100656907 0.202896 0.220419 0.240812 0.264846 0.2936 0.328622 0.372223 0.428012 0.501952 0.604655
2.00712863979 0.1817 0.134189 0.120297523237 0.196636 0.213828 0.233835 0.257412 0.285617 0.319968 0.362732 0.417446 0.489958 0.590672
2.02458193231 0.175818 0.130759 0.117516074361 0.190463 0.207318 0.226931 0.250043 0.277689 0.311358 0.35327 0.40689 0.477948 0.576639
2.04203522483 0.17003 0.127367 0.114754116946 0.184377 0.200891 0.220103 0.242742 0.269821 0.302795 0.343841 0.39635 0.465931 0.562567
2.05948851735 0.164334 0.124009 0.112009662602 0.178381 0.194546 0.213353 0.235512 0.262014 0.294284 0.33445 0.385831 0.453914 0.548464
2.07694180987 0.158734 0.120686 0.109280936601 0.172475 0.188288 0.206682 0.228354 0.254272 0.285828 0.325103 0.375342 0.441906 0.534343
2.09439510239 0.153228 0.117395 0.106566395326 0.16666 0.182115 0.200093 0.221272 0.246598 0.277432 0.315805 0.364886 0.429914 0.520213
2.11184839491 0.147817 0.114135 0.10386469574 0.160937 0.176031 0.193587 0.214267 0.238995 0.269099 0.30656 0.354472 0.417947 0.506085
2.12930168743 0.142503 0.110906 0.101174721553 0.155306 0.170036 0.187166 0.207342 0.231466 0.260832 0.297373 0.344105 0.406013 0.491969
2.14675497995 0.137286 0.107707 0.0984955657821 0.14977 0.164131 0.180831 0.2005 0.224015 0.252637 0.28825 0.333792 0.39412 0.477877
2.16420827247 0.132165 0.104537 0.095826543826 0.144328 0.158318 0.174586 0.193743 0.216644 0.244517 0.279196 0.323539 0.382275 0.463819
2.18166156499 0.127143 0.101396 0.0931671673087 0.138982 0.152599 0.16843 0.187073 0.209356 0.236476 0.270214 0.313352 0.370488 0.449805
2.19911485751 0.122219 0.0982832 0.0905171658787 0.133733 0.146974 0.162367 0.180492 0.202155 0.228518 0.261311 0.303238 0.358766 0.435846
2.21656815003 0.117393 0.0951984 0.0878764697679 0.12858 0.141444 0.156398 0.174003 0.195043 0.220645 0.25249 0.293202 0.347117 0.421953
2.23402144255 0.112666 0.0921418 0.0852452010705 0.123526 0.136012 0.150524 0.167608 0.188024 0.212864 0.243758 0.283251 0.335549 0.408136
2.25147473507 0.108039 0.0891135 0.0826236781034 0.11857 0.130677 0.144747 0.161309 0.181099 0.205176 0.235118 0.273392 0.32407 0.394406
2.26892802759 0.103512 0.0861137 0.0800124110458 0.113714 0.125441 0.139069 0.155109 0.174273 0.197586 0.226576 0.263629 0.312689 0.380773
2.28638132011 0.099084 0.0831429 0.0774120844972 0.108957 0.120305 0.133491 0.149009 0.167548 0.190098 0.218136 0.253971 0.301413 0.367248
2.30383461263 0.0947567 0.0802017 0.0748235618375 0.104302 0.115271 0.128015 0.143012 0.160926 0.182714 0.209803 0.244421 0.29025 0.35384
2.32128790515 0.0905298 0.0772905 0.0722478677857 0.099747 0.110338 0.122643 0.137119 0.154411 0.175439 0.201582 0.234987 0.279207 0.340561
2.33874119767 0.0864035 0.0744104 0.0696861971204 0.0952942 0.105509 0.117374 0.131333 0.148005 0.168277 0.193477 0.225675 0.268292 0.32742
2.35619449019 0.082378 0.0715621 0.0671398797958 0.0909435 0.100784 0.112212 0.125656 0.14171 0.16123 0.185492 0.216489 0.257514 0.314427
2.37364778271 0.0784533 0.0687466 0.0646103983838 0.0866956 0.0961631 0.107158 0.120089 0.13553 0.154302 0.177632 0.207436 0.246878 0.301592
2.39110107523 0.0746295 0.0659652 0.0620993662716 0.0825506 0.0916481 0.102211 0.114634 0.129466 0.147496 0.169901 0.198521 0.236393 0.288925
2.40855436775 0.0709068 0.063219 0.0596085189404 0.0785092 0.0872395 0.0973752 0.109294 0.123522 0.140815 0.162304 0.18975 0.226066 0.276435
2.42600766027 0.067285 0.0605094 0.0571397096052 0.0745716 0.0829381 0.0926502 0.104069 0.117699 0.134264 0.154845 0.181128 0.215903 0.264131
2.44346095279 0.0637641 0.0578378 0.0546948961331 0.0707381 0.0787445 0.0880374 0.098962 0.112 0.127844 0.147527 0.172661 0.205913 0.252024
2.46091424531 0.0603441 0.0552057 0.0522761192408 0.067009 0.0746594 0.0835379 0.0939739 0.106427 0.121559 0.140355 0.164354 0.1961 0.240121
2.47836753783 0.0570249 0.0526146 0.0498855199365 0.0633845 0.0706834 0.0791527 0.0891064 0.100983 0.115411 0.133332 0.156211 0.186473 0.228432
2.49582083035 0.0538062 0.0500661 0.0475252915546 0.0598647 0.066817 0.0748828 0.0843611 0.0956685 0.109404 0.126462 0.148238 0.177037 0.216965
2.51327412287 0.0506879 0.047562 0.0451977059187 0.0564498 0.0630606 0.0707291 0.0797392 0.0904866 0.10354 0.11975 0.140439 0.1678 0.205728
2.53072741539 0.0476697 0.045104 0.0429050784573 0.0531398 0.0594147 0.0666925 0.0752422 0.0854389 0.0978223 0.113197 0.132819 0.158766 0.194731
2.54818070791 0.0447514 0.0426937 0.0406497638435 0.0499347 0.0558796 0.0627736 0.0708711 0.0805273 0.0922524 0.106808 0.125383 0.149941 0.18398
2.56563400043 0.0419327 0.040333 0.0384341385529 0.0468346 0.0524558 0.0589733 0.0666274 0.0757534 0.0868332 0.100586 0.118134 0.141333 0.173483
2.58308729295 0.0392132 0.0380238 0.0362606052242 0.0438393 0.0491434 0.0552921 0.062512 0.0711189 0.081567 0.0945339 0.111077 0.132945 0.163248
2.60054058547 0.0365925 0.0357678 0.0341315664959 0.0409488 0.0459426 0.0517307 0.0585259 0.0666253 0.0764559 0.0886548 0.104216 0.124783 0.153281
2.61799387799 0.0340702 0.0335669 0.0320494162859 0.0381629 0.0428537 0.0482895 0.0546702 0.0622742 0.071502 0.0829512 0.0975545 0.116853 0.14359
2.63544717051 0.0316458 0.031423 0.0300165310697 0.0354814 0.0398767 0.0449691 0.0509456 0.0580667 0.0667072 0.0774261 0.0910961 0.109159 0.134181
2.65290046303 0.0293187 0.0293378 0.0280352655204 0.032904 0.0370116 0.0417697 0.0473529 0.0540042 0.0620733 0.0720819 0.0848441 0.101705 0.125061
2.67035375555 0.0270885 0.0273132 0.026107921985 0.0304304 0.0342583 0.0386916 0.0438927 0.0500876 0.0576019 0.0669207 0.0788018 0.0944969 0.116234
2.68780704807 0.0249545 0.0253508 0.0242367592055 0.0280602 0.0316168 0.0357351 0.0405656 0.0463181 0.0532945 0.0619449 0.0729721 0.0875374 0.107707
2.70526034059 0.022916 0.0234525 0.0224239661558 0.025793 0.0290869 0.0329002 0.0373721 0.0426965 0.0491526 0.0571565 0.067358 0.0808306 0.0994854
2.72271363311 0.0209724 0.0216199 0.0206716664022 0.0236282 0.0266684 0.0301871 0.0343126 0.0392236 0.0451773 0.0525572 0.0619618 0.0743803 0.0915732
2.74016692563 0.0191228 0.0198546 0.0189818919403 0.0215655 0.0243608 0.0275955 0.0313872 0.0359 0.0413698 0.0481486 0.0567859 0.0681894 0.0839751
2.75762021815 0.0173665 0.0181581 0.0173565831953 0.019604 0.022164 0.0251255 0.0285963 0.0327262 0.037731 0.0439323 0.0518324 0.0622611 0.0766955
2.77507351067 0.0157027 0.0165321 0.0157975715794 0.0177433 0.0200773 0.0227769 0.0259398 0.0297026 0.0342616 0.0399095 0.0471032 0.056598 0.0697379
2.79252680319 0.0141304 0.0149777 0.014306575132 0.0159825 0.0181003 0.0205492 0.0234177 0.0268295 0.0309623 0.0360812 0.0426 0.0512025 0.0631058
2.80998009571 0.0126488 0.0134964 0.0128851897982 0.0143209 0.0162324 0.0184422 0.0210299 0.024107 0.0278336 0.0324483 0.038324 0.0460766 0.0568022
2.82743338823 0.0112567 0.0120894 0.0115348676264 0.0127576 0.0144729 0.0164552 0.0187761 0.0215351 0.0248756 0.0290115 0.0342765 0.041222 0.0508295
2.84488668075 0.00995325 0.0107577 0.0102569342103 0.0112917 0.012821 0.0145878 0.0166558 0.0191136 0.0220887 0.0257712 0.0304582 0.0366401 0.04519
2.86233997327 0.00873719 0.00950228 0.00905253636294 0.00992229 0.0112759 0.0128392 0.0146686 0.0168421 0.0194725 0.0227277 0.0268698 0.0323319 0.0398852
2.87979326579 0.00760739 0.00832404 0.00792268572165 0.00864819 0.00983656 0.0112087 0.0128138 0.0147203 0.017027 0.0198809 0.0235115 0.0282983 0.0349164
2.89724655831 0.00656264 0.00722368 0.00686820206149 0.00746834 0.00850209 0.00969529 0.0110906 0.0127476 0.0147517 0.0172306 0.0203834 0.0245395 0.0302845
2.91469985083 0.00560164 0.00620177 0.00588973509784 0.0063815 0.0072713 0.00829799 0.00949821 0.010923 0.0126458 0.0147763 0.0174853 0.0210554 0.0259897
2.93215314335 0.00472302 0.00525874 0.00498774704429 0.0053864 0.006143 0.00701569 0.00803551 0.00924577 0.0107087 0.0125173 0.0148165 0.0178458 0.0220318
2.94960643587 0.00392537 0.00439484 0.0041625082522 0.00448167 0.00511589 0.00584713 0.00670134 0.00771472 0.0089393 0.0104527 0.0123762 0.0149099 0.0184103
2.96705972839 0.00320719 0.00361017 0.00341407104765 0.00366586 0.00418854 0.00479093 0.00549436 0.00632855 0.00733627 0.00858129 0.0101632 0.0122464 0.0151238
2.98451302091 0.00256691 0.00290466 0.00274229153393 0.00293741 0.00335944 0.00384561 0.00441309 0.00508581 0.00589817 0.00690149 0.0081759 0.00985379 0.0121708
3.00196631343 0.00200286 0.00227805 0.00214679470757 0.0022947 0.00262695 0.00300953 0.00345589 0.00398481 0.00462328 0.00541156 0.00641252 0.00773 0.00954886
3.01941960595 0.0015133 0.00172985 0.00162697009775 0.00173595 0.00198931 0.00228089 0.00262092 0.00302367 0.00350964 0.00410941 0.00487074 0.00587252 0.00725518
3.03687289847 0.00109638 0.00125941 0.00118197612687 0.00125931 0.00144461 0.00165775 0.00190618 0.00220029 0.00255501 0.00299263 0.00354793 0.00427837 0.00528625
3.05432619099 0.00075014 0.000865822 0.000810696505456 0.000862788 0.000990815 0.00113799 0.00130944 0.00151232 0.00175688 0.00205847 0.002441 0.00294402 0.00363789
3.07177948351 0.000472504 0.000547941 0.000511753313702 0.000544239 0.000625711 0.00071931 0.000828279 0.000957144 0.00111241 0.00130379 0.00154643 0.00186538 0.00230519
3.08923277603 0.000261235 0.000304354 0.000283463396391 0.000301359 0.000346894 0.000399168 0.000459985 0.00053186 0.000618412 0.000725037 0.000860159 0.0010377 0.00128243
3.10668606855 0.000113913 0.000133333 0.000123799118355 0.000131631 0.00015172 0.000174764 0.000201552 0.000233189 0.00027126 0.000318133 0.000377501 0.00045547 0.000562904
3.12413936107 2.78635e-05 3.27694e-05 3.03185963836e-05 3.22593e-05 3.72382e-05 4.29435e-05 4.95697e-05 5.73884e-05 6.679e-05 7.83567e-05 9.29976e-05 0.000112215 0.000138683
3.14159265359 0.0 0.0 0.0 0.0 0.0 0.0 0.0 0.0 0.0 0.0 0.0 0.0 0.0
