alpha phi_iso phi_ray phi_vec g0=0.1 g0=0.2 g0=0.3 g0=0.4 g0=0.5 g0=0.6 g0=0.7 g0=0.8 g0=0.9 g0=1.0
0.0 1.0 1.0 1.0 1.0 1.0 1.0 1.0 1.0 1.0 1.0 1.0 1.0 1.0
0.0174532925199 0.999691 0.999558 0.999543964863 0.999705 0.999722 0.999742 0.999766 0.999795 0.999832 0.99988 0.999946 1.00004 1.0002
0.0349065850399 0.998821 0.998296 0.99823714826 0.998877 0.998943 0.99902 0.999113 0.999227 0.999371 0.99956 0.999818 1.00019 1.00079
0.0523598775598 0.997476 0.996311 0.996170473147 0.997598 0.997741 0.997909 0.998112 0.998362 0.998679 0.999093 0.999659 1.00048 1.0018
0.0698131700798 0.99572 0.993678 0.993416231107 0.995931 0.996177 0.996469 0.996821 0.997254 0.997802 0.99852 0.999504 1.00094 1.00323
0.0872664625997 0.993597 0.990447 0.99002330115 0.993918 0.994292 0.994737 0.995273 0.995934 0.996771 0.997869 0.999373 1.00157 1.00508
0.10471975512 0.991134 0.986652 0.986025078372 0.991584 0.992111 0.992737 0.993492 0.994424 0.995606 0.997155 0.999279 1.00238 1.00734
0.12217304764 0.988351 0.982321 0.98144772938 0.988951 0.989653 0.990487 0.991495 0.99274 0.994319 0.99639 0.999231 1.00338 1.01002
0.13962634016 0.985264 0.977475 0.976314620073 0.986033 0.986933 0.988002 0.989296 0.990894 0.992922 0.995583 0.999236 1.00457 1.01311
0.157079632679 0.981889 0.972136 0.970648089425 0.982844 0.983964 0.985295 0.986906 0.988896 0.991423 0.994742 0.999298 1.00595 1.01661
0.174532925199 0.978239 0.966326 0.96446994961 0.979399 0.98076 0.982378 0.984336 0.986758 0.989833 0.993873 0.999421 1.00753 1.02051
0.191986217719 0.974328 0.960065 0.957801599362 0.975711 0.977332 0.979261 0.981597 0.984488 0.988159 0.992983 0.99961 1.0093 1.02481
0.209439510239 0.970167 0.953373 0.950664077328 0.971789 0.973691 0.975955 0.978698 0.982092 0.986406 0.992074 0.999864 1.01125 1.0295
0.226892802759 0.965769 0.946269 0.943078048725 0.967645 0.969847 0.972469 0.975647 0.97958 0.98458 0.991152 1.00019 1.01339 1.03456
0.244346095279 0.961143 0.938772 0.935063872026 0.96329 0.96581 0.968812 0.972452 0.976958 0.982687 0.990219 1.00057 1.01572 1.03999
0.261799387799 0.956299 0.930902 0.92664163897 0.958732 0.961589 0.964992 0.969119 0.974231 0.98073 0.989278 1.00103 1.01822 1.04578
0.279252680319 0.951248 0.922675 0.917831181231 0.953981 0.957191 0.961017 0.965656 0.971404 0.978714 0.98833 1.00155 1.0209 1.05191
0.296705972839 0.945998 0.914111 0.908652137101 0.949045 0.952625 0.956892 0.962069 0.968483 0.976642 0.987376 1.00214 1.02374 1.05837
0.314159265359 0.940557 0.905226 0.899123944819 0.943932 0.947897 0.952625 0.958361 0.96547 0.974515 0.986416 1.00279 1.02674 1.06515
0.331612557879 0.934934 0.896039 0.889265889257 0.938648 0.943014 0.94822 0.954539 0.96237 0.972336 0.98545 1.00349 1.02989 1.07223
0.349065850399 0.929136 0.886566 0.879097075236 0.933202 0.937983 0.943685 0.950606 0.959186 0.970106 0.984478 1.00425 1.03319 1.07961
0.366519142919 0.92317 0.876825 0.868636440871 0.9276 0.932809 0.939024 0.946568 0.955921 0.967827 0.983499 1.00506 1.03663 1.08725
0.383972435439 0.917043 0.866832 0.857902777574 0.921848 0.927499 0.934241 0.942427 0.952578 0.9655 0.982511 1.00592 1.04019 1.09515
0.401425727959 0.910763 0.856605 0.846914710047 0.915953 0.922057 0.929342 0.938187 0.949157 0.963124 0.981512 1.00682 1.04387 1.1033
0.418879020479 0.904335 0.846158 0.835690669609 0.90992 0.916489 0.92433 0.933852 0.945662 0.9607 0.9805 1.00775 1.04765 1.11166
0.436332312999 0.897766 0.835509 0.824248927541 0.903754 0.910799 0.919209 0.929423 0.942093 0.958228 0.979474 1.00872 1.05154 1.12023
0.453785605519 0.891062 0.824673 0.812607528398 0.897462 0.904993 0.913983 0.924904 0.938452 0.955707 0.978429 1.00971 1.05551 1.12899
0.471238898038 0.884229 0.813667 0.800784336691 0.891049 0.899074 0.908657 0.920298 0.934741 0.953136 0.977363 1.01072 1.05956 1.13792
0.488692190558 0.877271 0.802505 0.788796976869 0.884518 0.893048 0.903232 0.915606 0.930959 0.950516 0.976274 1.01174 1.06367 1.147
0.506145483078 0.870196 0.791203 0.776662839989 0.877876 0.886917 0.897713 0.910831 0.927109 0.947844 0.975157 1.01277 1.06784 1.15621
0.523598775598 0.863007 0.779776 0.764399050376 0.871127 0.880685 0.892101 0.905974 0.923189 0.94512 0.974009 1.01379 1.07205 1.16553
0.541052068118 0.85571 0.768238 0.752022472287 0.864275 0.874358 0.886401 0.901037 0.919201 0.942342 0.972827 1.01481 1.07629 1.17495
0.558505360638 0.84831 0.756605 0.739549676572 0.857324 0.867937 0.880614 0.896021 0.915144 0.939508 0.971606 1.01581 1.08055 1.18444
0.575958653158 0.840812 0.744891 0.726996940674 0.850279 0.861427 0.874743 0.890929 0.911019 0.936617 0.970343 1.01679 1.08482 1.19399
0.593411945678 0.833219 0.733108 0.714380215288 0.843144 0.85483 0.868791 0.885761 0.906826 0.933667 0.969032 1.01774 1.08908 1.20358
0.610865238198 0.825538 0.721272 0.70171511102 0.835922 0.84815 0.86276 0.880518 0.902564 0.930656 0.967671 1.01865 1.09333 1.21318
0.628318530718 0.817772 0.709395 0.689016891725 0.828618 0.84139 0.856651 0.875202 0.898233 0.927582 0.966255 1.01952 1.09755 1.22278
0.645771823238 0.809926 0.69749 0.676300461165 0.821234 0.834553 0.850467 0.869814 0.893833 0.924443 0.964779 1.02034 1.10172 1.23235
0.663225115758 0.802003 0.685569 0.663580329671 0.813775 0.827641 0.84421 0.864354 0.889363 0.921237 0.963239 1.0211 1.10585 1.24188
0.680678408278 0.794008 0.673647 0.65087061414 0.806245 0.820658 0.837882 0.858823 0.884823 0.917961 0.961631 1.02179 1.10991 1.25136
0.698131700798 0.785945 0.661733 0.638185031369 0.798645 0.813606 0.831484 0.853222 0.880213 0.914614 0.95995 1.0224 1.11389 1.26075
0.715584993318 0.777818 0.64984 0.625536878047 0.790981 0.806487 0.825019 0.847552 0.875531 0.911192 0.958192 1.02294 1.11779 1.27004
0.733038285838 0.76963 0.637979 0.612938997418 0.783254 0.799305 0.818487 0.841812 0.870776 0.907695 0.956351 1.02338 1.12158 1.27921
0.750491578358 0.761385 0.62616 0.600403812619 0.775469 0.792061 0.811891 0.836005 0.86595 0.904119 0.954425 1.02373 1.12526 1.28824
0.767944870878 0.753087 0.614395 0.587943266663 0.767627 0.784758 0.805232 0.83013 0.861049 0.900461 0.952407 1.02397 1.12882 1.29712
0.785398163397 0.744739 0.602694 0.575568855788 0.759733 0.777398 0.798512 0.824188 0.856075 0.896721 0.950295 1.0241 1.13224 1.30583
0.802851455917 0.736345 0.591065 0.563291596107 0.751788 0.769983 0.791731 0.818179 0.851025 0.892895 0.948083 1.02412 1.13551 1.31434
0.820304748437 0.727909 0.579519 0.551122016946 0.743796 0.762516 0.784892 0.812104 0.8459 0.888981 0.945767 1.024 1.13863 1.32264
0.837758040957 0.719432 0.568063 0.53907016084 0.73576 0.754999 0.777996 0.805963 0.840698 0.884978 0.943343 1.02376 1.14158 1.33072
0.855211333477 0.71092 0.556707 0.527145583536 0.727682 0.747433 0.771043 0.799757 0.835419 0.880881 0.940808 1.02337 1.14434 1.33854
0.872664625997 0.702375 0.545459 0.515357320647 0.719565 0.739821 0.764036 0.793486 0.830062 0.876691 0.938155 1.02284 1.14692 1.34611
0.890117918517 0.693799 0.534326 0.503713920999 0.711412 0.732166 0.756976 0.78715 0.824626 0.872404 0.935383 1.02216 1.1493 1.3534
0.907571211037 0.685197 0.523315 0.492223413286 0.703225 0.724468 0.749863 0.78075 0.819111 0.868018 0.932487 1.02131 1.15146 1.3604
0.925024503557 0.676571 0.512433 0.480893319406 0.695006 0.716729 0.742699 0.774285 0.813516 0.863532 0.929463 1.0203 1.15341 1.36709
0.942477796077 0.667924 0.501686 0.469730661132 0.686758 0.708953 0.735486 0.767758 0.807841 0.858943 0.926307 1.01912 1.15512 1.37345
0.959931088597 0.659258 0.491081 0.45874192677 0.678484 0.70114 0.728225 0.761167 0.802084 0.85425 0.923017 1.01777 1.1566 1.37948
0.977384381117 0.650578 0.480622 0.447933104497 0.670186 0.693292 0.720916 0.754514 0.796246 0.849451 0.919588 1.01623 1.15782 1.38515
0.994837673637 0.641885 0.470315 0.437309682367 0.661866 0.685411 0.713561 0.747799 0.790326 0.844544 0.916018 1.0145 1.1588 1.39046
1.01229096616 0.633182 0.460164 0.42687662163 0.653526 0.6775 0.706161 0.741022 0.784323 0.839528 0.912303 1.01258 1.1595 1.39539
1.02974425868 0.624473 0.450174 0.416638390083 0.645169 0.669559 0.698718 0.734184 0.778237 0.834402 0.90844 1.01046 1.15994 1.39992
1.0471975512 0.615758 0.440348 0.406598955394 0.636797 0.661591 0.691233 0.727286 0.772068 0.829163 0.904428 1.00813 1.16009 1.40405
1.06465084372 0.607042 0.43069 0.396761785104 0.628413 0.653597 0.683706 0.720328 0.765815 0.82381 0.900262 1.0056 1.15996 1.40776
1.08210413624 0.598327 0.421202 0.387129873303 0.620018 0.645579 0.676139 0.71331 0.759479 0.818344 0.895941 1.00286 1.15953 1.41105
1.09955742876 0.589614 0.411888 0.377705713954 0.611614 0.637539 0.668534 0.706233 0.75306 0.812761 0.891463 0.999904 1.1588 1.41389
1.11701072128 0.580908 0.402748 0.368491340904 0.603204 0.629478 0.660891 0.699099 0.746556 0.807062 0.886824 0.996727 1.15776 1.41629
1.1344640138 0.572209 0.393786 0.359488314546 0.594789 0.621399 0.653212 0.691907 0.739969 0.801246 0.882024 0.993327 1.15641 1.41824
1.15191730632 0.56352 0.385003 0.350697748496 0.586372 0.613302 0.645499 0.684659 0.733299 0.795312 0.877061 0.9897 1.15474 1.41971
1.16937059884 0.554844 0.376399 0.342120309588 0.577955 0.605191 0.637751 0.677355 0.726545 0.78926 0.871933 0.985845 1.15275 1.42071
1.18682389136 0.546183 0.367975 0.333756217878 0.56954 0.597065 0.629972 0.669996 0.719709 0.783089 0.866638 0.981758 1.15043 1.42123
1.20427718388 0.537539 0.359732 0.32560529332 0.561129 0.588927 0.622161 0.662583 0.712789 0.776799 0.861177 0.977437 1.14778 1.42126
1.2217304764 0.528914 0.351669 0.317666922427 0.552723 0.58078 0.614321 0.655117 0.705788 0.770389 0.855546 0.97288 1.1448 1.4208
1.23918376892 0.52031 0.343786 0.309940111613 0.544325 0.572623 0.606453 0.6476 0.698706 0.76386 0.849747 0.968085 1.14147 1.41983
1.25663706144 0.511731 0.336082 0.302423480531 0.535936 0.56446 0.598559 0.640031 0.691542 0.757212 0.843778 0.963051 1.13781 1.41836
1.27409035396 0.503176 0.328557 0.295115268736 0.527559 0.556291 0.590639 0.632413 0.684299 0.750446 0.837639 0.957776 1.1338 1.41638
1.29154364648 0.49465 0.32121 0.288013375697 0.519195 0.548118 0.582695 0.624747 0.676976 0.743561 0.83133 0.952259 1.12944 1.41388
1.308996939 0.486153 0.314037 0.281115340794 0.510847 0.539944 0.574729 0.617033 0.669575 0.736558 0.824851 0.946501 1.12474 1.41087
1.32645023152 0.477687 0.307038 0.274418403329 0.502515 0.53177 0.566742 0.609274 0.662097 0.729438 0.818202 0.940499 1.11968 1.40733
1.34390352404 0.469256 0.300211 0.267919482525 0.494202 0.523597 0.558735 0.601469 0.654543 0.722202 0.811384 0.934256 1.11428 1.40328
1.36135681656 0.460859 0.293552 0.261615197528 0.48591 0.515428 0.550712 0.593622 0.646914 0.71485 0.804397 0.927769 1.10852 1.3987
1.37881010908 0.4525 0.28706 0.255501907418 0.477641 0.507263 0.542672 0.585733 0.639211 0.707384 0.797242 0.921042 1.10242 1.39359
1.3962634016 0.44418 0.280732 0.249575697875 0.469396 0.499105 0.534617 0.577804 0.631437 0.699806 0.789921 0.914073 1.09596 1.38796
1.41371669412 0.435902 0.274565 0.243832421184 0.461176 0.490955 0.52655 0.569836 0.623592 0.692116 0.782434 0.906864 1.08916 1.3818
1.43116998664 0.427666 0.268554 0.238267709576 0.452985 0.482816 0.518472 0.561832 0.615678 0.684316 0.774784 0.899417 1.08201 1.37512
1.44862327916 0.419474 0.262698 0.232876988563 0.444823 0.474688 0.510385 0.553792 0.607697 0.676409 0.766971 0.891734 1.07451 1.36792
1.46607657168 0.411329 0.256992 0.227655476937 0.436692 0.466574 0.50229 0.545719 0.599651 0.668395 0.758998 0.883816 1.06667 1.36021
1.4835298642 0.403231 0.251432 0.22259824012 0.428595 0.458476 0.494189 0.537615 0.591541 0.660276 0.750867 0.875665 1.05849 1.35197
1.50098315672 0.395183 0.246015 0.217700190159 0.420532 0.450394 0.486084 0.529481 0.583369 0.652056 0.742581 0.867285 1.04997 1.34322
1.51843644924 0.387187 0.240737 0.21295609907 0.412505 0.442331 0.477977 0.52132 0.575139 0.643736 0.734141 0.858679 1.04112 1.33397
1.53588974176 0.379243 0.235593 0.208360618833 0.404517 0.434289 0.46987 0.513133 0.566851 0.635319 0.725551 0.849848 1.03193 1.32421
1.55334303427 0.371353 0.23058 0.203908301409 0.396568 0.426269 0.461765 0.504922 0.558509 0.626807 0.716813 0.840798 1.02242 1.31395
1.57079632679 0.363519 0.225693 0.199593625401 0.38866 0.418274 0.453663 0.49669 0.550114 0.618202 0.707931 0.83153 1.01259 1.3032
1.58824961931 0.355743 0.220927 0.195410996066 0.380795 0.410304 0.445567 0.488439 0.541668 0.609508 0.698907 0.82205 1.00243 1.29197
1.60570291183 0.348025 0.216278 0.191354771977 0.372974 0.402361 0.437478 0.48017 0.533176 0.600728 0.689746 0.812361 0.99197 1.28026
1.62315620435 0.340367 0.211743 0.18741927837 0.3652 0.394449 0.429398 0.471887 0.524638 0.591864 0.68045 0.802469 0.9812 1.26807
1.64060949687 0.332772 0.207315 0.18359883381 0.357474 0.386568 0.421331 0.463592 0.516059 0.582921 0.671025 0.792378 0.97013 1.25542
1.65806278939 0.325239 0.202992 0.179887750193 0.349797 0.378719 0.413277 0.455287 0.50744 0.573901 0.661474 0.782092 0.958765 1.24232
1.67551608191 0.317771 0.198768 0.176280366092 0.342171 0.370906 0.405239 0.446974 0.498785 0.564808 0.651801 0.771618 0.947114 1.22878
1.69296937443 0.310369 0.194638 0.172771046749 0.334597 0.36313 0.397219 0.438657 0.490097 0.555645 0.642011 0.76096 0.935183 1.2148
1.71042266695 0.303033 0.1906 0.169354204087 0.327077 0.355391 0.389219 0.430337 0.481378 0.546415 0.632107 0.750125 0.922979 1.20039
1.72787595947 0.295766 0.186647 0.166024323381 0.319613 0.347694 0.381241 0.422017 0.472631 0.537124 0.622095 0.739118 0.91051 1.18558
1.74532925199 0.288569 0.182775 0.162775963257 0.312206 0.340038 0.373287 0.4137 0.463861 0.527775 0.61198 0.727945 0.897785 1.17035
1.76278254451 0.281443 0.178982 0.159603775697 0.304857 0.332427 0.365361 0.405388 0.45507 0.518371 0.601766 0.716613 0.884812 1.15474
1.78023583703 0.274388 0.175261 0.156502512711 0.297568 0.324861 0.357462 0.397084 0.446262 0.508917 0.59146 0.705129 0.8716 1.13875
1.79768912955 0.267407 0.171609 0.153467046337 0.290341 0.317343 0.349595 0.388792 0.437439 0.499417 0.581065 0.693499 0.858157 1.12239
1.81514242207 0.260501 0.168022 0.150492388648 0.283177 0.309874 0.341762 0.380513 0.428606 0.489875 0.570588 0.681731 0.844493 1.10568
1.83259571459 0.253669 0.164497 0.147573678419 0.276077 0.302457 0.333964 0.37225 0.419766 0.480297 0.560034 0.66983 0.830617 1.08863
1.85004900711 0.246915 0.161028 0.144706221129 0.269043 0.295092 0.326203 0.364007 0.410922 0.470685 0.549408 0.657806 0.81654 1.07125
1.86750229963 0.240238 0.157613 0.141885468964 0.262076 0.287783 0.318483 0.355787 0.402078 0.461045 0.538718 0.645665 0.80227 1.05356
1.88495559215 0.23364 0.154248 0.139107067492 0.255178 0.28053 0.310805 0.347591 0.393238 0.451382 0.527968 0.633415 0.78782 1.03558
1.90240888467 0.227122 0.150929 0.136366828988 0.24835 0.273336 0.303173 0.339424 0.384405 0.4417 0.517164 0.621064 0.773199 1.01731
1.91986217719 0.220684 0.147654 0.133660765779 0.241593 0.266202 0.295587 0.331288 0.375584 0.432004 0.506313 0.60862 0.758418 0.99877
1.93731546971 0.214328 0.144418 0.130985070237 0.234909 0.25913 0.288051 0.323186 0.366778 0.422299 0.495421 0.596091 0.743487 0.979981
1.95476876223 0.208055 0.14122 0.128336168127 0.228299 0.252122 0.280566 0.315121 0.357991 0.41259 0.484495 0.583485 0.728419 0.960956
1.97222205475 0.201865 0.138056 0.125710678594 0.221764 0.24518 0.273136 0.307096 0.349226 0.402881 0.47354 0.570812 0.713225 0.941711
1.98967534727 0.19576 0.134924 0.123105434173 0.215306 0.238305 0.265762 0.299114 0.340489 0.393179 0.462564 0.558078 0.697915 0.922262
2.00712863979 0.189741 0.131821 0.12051749412 0.208926 0.231499 0.258447 0.291179 0.331782 0.383487 0.451572 0.545294 0.682502 0.902626
2.02458193231 0.183807 0.128745 0.117944157755 0.202625 0.224764 0.251193 0.283292 0.323109 0.373811 0.440572 0.532467 0.666998 0.882819
2.04203522483 0.17796 0.125693 0.115382924445 0.196404 0.218102 0.244003 0.275459 0.314475 0.364156 0.429569 0.519607 0.651413 0.862859
2.05948851735 0.172201 0.122665 0.112831546957 0.190265 0.211515 0.236878 0.26768 0.305884 0.354527 0.418572 0.506723 0.635762 0.842762
2.07694180987 0.166531 0.119658 0.11028800478 0.184209 0.205003 0.229822 0.259961 0.29734 0.34493 0.407586 0.493823 0.620055 0.822547
2.09439510239 0.16095 0.11667 0.107750517466 0.178237 0.19857 0.222836 0.252302 0.288846 0.33537 0.396619 0.480916 0.604305 0.80223
2.11184839491 0.155459 0.113701 0.105217531288 0.172349 0.192216 0.215923 0.244709 0.280406 0.325851 0.385678 0.468012 0.588524 0.781829
2.12930168743 0.150059 0.110749 0.102687725912 0.166549 0.185943 0.209085 0.237183 0.272026 0.31638 0.374768 0.45512 0.572725 0.761362
2.14675497995 0.14475 0.107813 0.100160034404 0.160835 0.179753 0.202325 0.229728 0.263708 0.306962 0.363898 0.442248 0.55692 0.740847
2.16420827247 0.139533 0.104892 0.0976335965462 0.155211 0.173647 0.195644 0.222347 0.255457 0.297601 0.353074 0.429407 0.541122 0.720301
2.18166156499 0.134408 0.101986 0.0951077921813 0.149675 0.167627 0.189044 0.215043 0.247277 0.288303 0.342303 0.416604 0.525344 0.699743
2.19911485751 0.129377 0.0990951 0.0925822412137 0.14423 0.161695 0.182529 0.207819 0.239171 0.279074 0.331591 0.403851 0.509597 0.67919
2.21656815003 0.124439 0.0962179 0.090056763598 0.138877 0.155852 0.176101 0.200677 0.231144 0.269918 0.320947 0.391155 0.493894 0.658659
2.23402144255 0.119595 0.0933549 0.0875314126809 0.133616 0.1501 0.16976 0.193622 0.2232 0.260841 0.310376 0.378525 0.478248 0.638171
2.25147473507 0.114846 0.0905061 0.0850064618648 0.128449 0.144439 0.163511 0.186655 0.215343 0.251848 0.299885 0.365972 0.462672 0.617742
2.26892802759 0.110193 0.087672 0.0824823712659 0.123377 0.138873 0.157354 0.17978 0.207576 0.242944 0.289483 0.353504 0.447178 0.59739
2.28638132011 0.105635 0.0848529 0.0799598277242 0.118399 0.133402 0.151292 0.173 0.199904 0.234134 0.279174 0.34113 0.431778 0.577133
2.30383461263 0.101172 0.0820496 0.077439691457 0.113518 0.128027 0.145327 0.166318 0.19233 0.225424 0.268967 0.32886 0.416486 0.556988
2.32128790515 0.0968068 0.0792629 0.0749230294003 0.108734 0.12275 0.139461 0.159735 0.184858 0.216819 0.258867 0.316701 0.401312 0.536974
2.33874119767 0.0925378 0.0764936 0.0724110818672 0.104048 0.117572 0.133696 0.153256 0.177492 0.208322 0.248881 0.304664 0.386269 0.517108
2.35619449019 0.0883659 0.0737429 0.0699052692163 0.0994603 0.112495 0.128034 0.146882 0.170235 0.19994 0.239016 0.292757 0.37137 0.497407
2.37364778271 0.0842914 0.0710122 0.0674071518416 0.0949721 0.10752 0.122476 0.140617 0.163092 0.191678 0.229279 0.280988 0.356626 0.477888
2.39110107523 0.0803145 0.0683026 0.0649184835193 0.0905841 0.102647 0.117025 0.134464 0.156066 0.183539 0.219675 0.269366 0.34205 0.458569
2.40855436775 0.0764355 0.0656158 0.0624411247189 0.0862968 0.0978794 0.111683 0.128424 0.149159 0.175529 0.210211 0.257901 0.327652 0.439466
2.42600766027 0.0726547 0.0629534 0.059977102619 0.0821111 0.0932169 0.106452 0.1225 0.142377 0.167653 0.200894 0.246599 0.313444 0.420596
2.44346095279 0.0689721 0.0603172 0.0575285444234 0.0780274 0.0886611 0.101332 0.116695 0.135722 0.159915 0.191729 0.23547 0.299439 0.401975
2.46091424531 0.0653879 0.057709 0.055097717371 0.0740464 0.0842129 0.0963258 0.111011 0.129197 0.152319 0.182722 0.224521 0.285646 0.38362
2.47836753783 0.0619023 0.0551307 0.0526869753896 0.0701686 0.0798735 0.0914352 0.105451 0.122806 0.14487 0.17388 0.213761 0.272078 0.365545
2.49582083035 0.0585154 0.0525843 0.0502987724321 0.0663944 0.0756438 0.0866615 0.100017 0.116552 0.137572 0.165208 0.203197 0.258744 0.347768
2.51327412287 0.0552272 0.0500721 0.0479356358031 0.0627245 0.0715248 0.0820064 0.0947104 0.110438 0.13043 0.156712 0.192836 0.245655 0.330302
2.53072741539 0.0520376 0.0475961 0.0456001728276 0.0591591 0.0675173 0.0774712 0.0895344 0.104467 0.123447 0.148396 0.182687 0.232822 0.313163
2.54818070791 0.0489468 0.0451585 0.0432950508458 0.0556987 0.0636222 0.0730573 0.0844906 0.0986424 0.116628 0.140268 0.172757 0.220254 0.296365
2.56563400043 0.0459547 0.0427616 0.0410229705394 0.0523437 0.0598403 0.0687661 0.0795811 0.0929662 0.109975 0.132331 0.163052 0.207962 0.279923
2.58308729295 0.0430611 0.0404079 0.0387866859372 0.0490943 0.0561724 0.0645989 0.0748077 0.0874414 0.103494 0.124591 0.153579 0.195954 0.263849
2.60054058547 0.0402661 0.0380995 0.0365889644045 0.0459508 0.0526191 0.0605569 0.0701725 0.0820707 0.0971874 0.117052 0.144346 0.184241 0.248159
2.61799387799 0.0375695 0.035839 0.0344325799749 0.0429133 0.0491812 0.0566412 0.0656769 0.0768564 0.0910587 0.10972 0.135358 0.17283 0.232863
2.63544717051 0.034971 0.0336286 0.0323203133506 0.0399823 0.0458591 0.0528529 0.0613229 0.0718012 0.0851113 0.102599 0.126622 0.161732 0.217976
2.65290046303 0.0324705 0.0314707 0.0302549318968 0.0371576 0.0426535 0.049193 0.0571118 0.0669072 0.0793483 0.0956925 0.118144 0.150953 0.203509
2.67035375555 0.0300678 0.0293678 0.0282391696373 0.0344394 0.0395647 0.0456624 0.0530452 0.0621765 0.0737729 0.0890057 0.109929 0.140502 0.189474
2.68780704807 0.0277624 0.027322 0.0262757339221 0.0318278 0.0365932 0.0422619 0.0491245 0.0576111 0.0683877 0.0825422 0.101982 0.130387 0.175881
2.70526034059 0.0255542 0.0253359 0.0243672854231 0.0293226 0.0337393 0.0389923 0.0453508 0.053213 0.0631956 0.0763058 0.0943099 0.120614 0.162742
2.72271363311 0.0234428 0.0234115 0.0225164114601 0.0269239 0.0310032 0.0358543 0.0417254 0.048984 0.058199 0.0702999 0.0869162 0.111191 0.150066
2.74016692563 0.0214277 0.0215512 0.0207256393379 0.0246315 0.0283853 0.0328485 0.0382493 0.0449256 0.0534003 0.0645278 0.079806 0.102124 0.137863
2.75762021815 0.0195085 0.0197571 0.0189974096727 0.0224452 0.0258855 0.0299752 0.0349234 0.0410393 0.0488017 0.0589926 0.0729835 0.0934191 0.126141
2.77507351067 0.0176847 0.0180313 0.0173340697237 0.0203649 0.023504 0.0272351 0.0317486 0.0373265 0.0444051 0.0536971 0.0664527 0.0850822 0.11491
2.79252680319 0.0159558 0.0163757 0.0157378600567 0.0183901 0.0212407 0.0246283 0.0287257 0.0337884 0.0402124 0.0486441 0.0602173 0.0771184 0.104177
2.80998009571 0.0143212 0.0147924 0.0142109145436 0.0165206 0.0190956 0.0221552 0.0258551 0.0304261 0.0362252 0.0438357 0.0542807 0.0695327 0.093949
2.82743338823 0.0127802 0.0132831 0.012755220353 0.0147559 0.0170685 0.0198158 0.0231374 0.0272403 0.0324448 0.0392742 0.0486459 0.0623293 0.0842328
2.84488668075 0.0113324 0.0118496 0.0113726579595 0.0130957 0.0151592 0.0176101 0.0205729 0.0242319 0.0288726 0.0349613 0.0433157 0.0555123 0.0750342
2.86233997327 0.00997675 0.0104934 0.0100649277925 0.0115392 0.0133673 0.0155381 0.0181617 0.0214014 0.0255095 0.0308987 0.0382923 0.0490851 0.0663585
2.87979326579 0.00871265 0.00921599 0.00883359691432 0.010086 0.0116924 0.0135995 0.015904 0.0187491 0.0223563 0.0270876 0.0335777 0.0430506 0.0582102
2.89724655831 0.00753924 0.00801871 0.00768006567845 0.00873527 0.010134 0.0117941 0.0137997 0.0162753 0.0194135 0.023529 0.0291736 0.0374115 0.0505932
2.91469985083 0.00645563 0.00690271 0.006605554393 0.00748635 0.00869141 0.0101214 0.0118486 0.0139801 0.0166815 0.0202236 0.0250812 0.0321695 0.0435107
2.93215314335 0.00546086 0.00586904 0.00561108998393 0.00633838 0.00736405 0.00858084 0.0100502 0.0118631 0.0141603 0.0171719 0.0213013 0.0273263 0.0369651
2.94960643587 0.00455393 0.00491854 0.0046975193317 0.00529044 0.00615106 0.00717178 0.00840405 0.00992409 0.0118498 0.014374 0.0178344 0.0228826 0.030958
2.96705972839 0.00373374 0.00405191 0.00386547592959 0.00434154 0.00505154 0.00589338 0.00690943 0.00816246 0.00974959 0.0118295 0.0146804 0.0188389 0.0254902
2.98451302091 0.00299915 0.00326965 0.00311538655203 0.00349058 0.00406446 0.0047447 0.00556548 0.00657744 0.00785893 0.00953794 0.011839 0.0151948 0.0205617
3.00196631343 0.00234892 0.00257206 0.00244745124951 0.00273638 0.00318868 0.00372464 0.00437114 0.005168 0.00617686 0.00749839 0.00930915 0.0119496 0.0161718
3.01941960595 0.00178173 0.00195924 0.00186163668028 0.00207762 0.00242291 0.00283191 0.00332513 0.00393288 0.00470211 0.00570951 0.00708958 0.00910164 0.0123186
3.03687289847 0.00129614 0.00143107 0.00135764943695 0.00151289 0.00176572 0.0020651 0.002426 0.00287056 0.00343308 0.00416959 0.00517834 0.00664877 0.00899937
3.05432619099 0.00089064 0.000987192 0.000934956051471 0.00104065 0.00121555 0.00142258 0.00167204 0.00197924 0.00236783 0.00287648 0.00357298 0.00458804 0.00621045
3.07177948351 0.000563559 0.000627002 0.00059272964843 0.000659189 0.000770637 0.000902493 0.00106132 0.00125682 0.00150405 0.00182755 0.00227042 0.00291572 0.00394693
3.08923277603 0.000313093 0.000349608 0.000329823271581 0.000366643 0.000429018 0.000502777 0.00059158 0.00070085 0.000838973 0.00101966 0.00126694 0.00162715 0.00220269
3.10668606855 0.000137247 0.000153798 0.000144769883868 0.000160922 0.000188482 0.000221054 0.000260248 0.000308453 0.000369361 0.000449007 0.000557972 0.000716663 0.000970155
3.12413936107 3.37698e-05 3.79768e-05 3.56556687722e-05 3.96514e-05 4.64929e-05 5.45731e-05 6.42902e-05 7.62343e-05 9.13183e-05 0.000111034 0.000137998 0.000177253 0.000239943
3.14159265359 0.0 0.0 0.0 0.0 0.0 0.0 0.0 0.0 0.0 0.0 0.0 0.0 0.0
