alpha phi_iso phi_ray phi_vec g0=0.1 g0=0.2 g0=0.3 g0=0.4 g0=0.5 g0=0.6 g0=0.7 g0=0.8 g0=0.9 g0=1.0
0.0 1.0 1.0 1.0 1.0 1.0 1.0 1.0 1.0 1.0 1.0 1.0 1.0 1.0
0.0174532925199 0.999741 0.999637 0.999609938118 0.999752 0.999764 0.999777 0.999792 0.999809 0.999829 0.999852 0.999879 0.999911 0.999951
0.0349065850399 0.999001 0.998596 0.998483809417 0.999043 0.99909 0.999141 0.999199 0.999265 0.99934 0.999428 0.999531 0.999657 0.999811
0.0523598775598 0.997838 0.996946 0.996686368891 0.997928 0.998027 0.998138 0.998262 0.998404 0.998567 0.998756 0.998981 0.999252 0.999587
0.0698131700798 0.996294 0.994741 0.994269310215 0.996446 0.996615 0.996803 0.997016 0.997257 0.997536 0.99786 0.998245 0.998709 0.999284
0.0872664625997 0.994397 0.992018 0.991268487712 0.994625 0.994879 0.995162 0.995481 0.995845 0.996264 0.996753 0.997334 0.998036 0.998905
0.10471975512 0.992169 0.988803 0.987709463842 0.992485 0.992836 0.993229 0.993673 0.99418 0.994764 0.995446 0.996257 0.997239 0.998454
0.12217304764 0.989622 0.985116 0.983613093847 0.990038 0.990501 0.991019 0.991605 0.992273 0.993045 0.993948 0.995022 0.996323 0.997935
0.13962634016 0.986771 0.980976 0.97899853528 0.987297 0.987884 0.988541 0.989285 0.990135 0.991117 0.992266 0.993634 0.995292 0.997348
0.157079632679 0.983626 0.976399 0.973884396951 0.984274 0.984996 0.985807 0.986724 0.987773 0.988986 0.990407 0.992099 0.994151 0.996697
0.174532925199 0.980199 0.971402 0.968289053306 0.980979 0.981848 0.982825 0.983931 0.985196 0.98666 0.988377 0.990422 0.992903 0.995984
0.191986217719 0.976501 0.966003 0.962230718743 0.977423 0.97845 0.979605 0.980914 0.982412 0.984147 0.986182 0.988607 0.991552 0.995211
0.209439510239 0.972542 0.960216 0.955727441889 0.973614 0.97481 0.976155 0.977681 0.979428 0.981452 0.983828 0.98666 0.990101 0.994378
0.226892802759 0.96833 0.954058 0.948797117039 0.969562 0.970937 0.972483 0.974239 0.97625 0.978581 0.981319 0.984584 0.988552 0.993486
0.244346095279 0.963876 0.947544 0.941457492726 0.965275 0.966839 0.968598 0.970596 0.972886 0.975541 0.978661 0.982383 0.986908 0.992537
0.261799387799 0.959188 0.94069 0.933726203161 0.960764 0.962524 0.964507 0.966759 0.969341 0.972337 0.975858 0.98006 0.985171 0.991531
0.279252680319 0.954275 0.93351 0.925620773949 0.956034 0.958001 0.960216 0.962734 0.965622 0.968974 0.972914 0.977619 0.983343 0.990468
0.296705972839 0.949144 0.926019 0.917158630661 0.951094 0.953275 0.955733 0.958527 0.961734 0.965456 0.969834 0.975063 0.981426 0.989349
0.314159265359 0.943803 0.918231 0.908357124561 0.945951 0.948355 0.951064 0.954145 0.957682 0.961789 0.96662 0.972393 0.97942 0.988172
0.331612557879 0.93826 0.910161 0.899233515454 0.940613 0.943246 0.946215 0.949592 0.953471 0.957976 0.963277 0.969613 0.977327 0.986937
0.349065850399 0.932522 0.901823 0.889804977404 0.935085 0.937955 0.941192 0.944875 0.949106 0.954022 0.959807 0.966724 0.975148 0.985644
0.366519142919 0.926596 0.893231 0.880088595875 0.929376 0.932489 0.936001 0.939999 0.944592 0.94993 0.956214 0.963729 0.972883 0.984291
0.383972435439 0.920489 0.884399 0.870101359157 0.92349 0.926853 0.930648 0.934968 0.939933 0.945704 0.952501 0.960629 0.970533 0.982879
0.401425727959 0.914207 0.875341 0.859860144075 0.917435 0.921053 0.925137 0.929787 0.935133 0.941348 0.948669 0.957426 0.968099 0.981404
0.418879020479 0.907757 0.866069 0.8493817017 0.911217 0.915095 0.919475 0.924462 0.930197 0.936865 0.944722 0.954122 0.96558 0.979867
0.436332312999 0.901145 0.856598 0.83868265735 0.904841 0.908985 0.913665 0.918996 0.925127 0.932258 0.940661 0.950717 0.962976 0.978265
0.453785605519 0.894378 0.84694 0.827779479147 0.898314 0.902728 0.907714 0.913394 0.919929 0.927531 0.93649 0.947213 0.960287 0.976596
0.471238898038 0.88746 0.837109 0.816688478023 0.89164 0.896328 0.901625 0.907661 0.914605 0.922685 0.932209 0.94361 0.957514 0.974859
0.488692190558 0.880399 0.827117 0.805425779133 0.884826 0.889792 0.895404 0.9018 0.90916 0.917724 0.927821 0.939911 0.954655 0.973052
0.506145483078 0.8732 0.816977 0.794007307571 0.877877 0.883124 0.889055 0.895815 0.903596 0.912651 0.923329 0.936114 0.951711 0.971173
0.523598775598 0.865868 0.806701 0.782448785508 0.870798 0.876329 0.882582 0.88971 0.897916 0.907468 0.918732 0.932222 0.94868 0.96922
0.541052068118 0.858409 0.796301 0.770765697894 0.863593 0.869411 0.875989 0.88349 0.892125 0.902177 0.914033 0.928235 0.945562 0.967189
0.558505360638 0.850828 0.785791 0.758973286749 0.856269 0.862376 0.869282 0.877156 0.886224 0.896781 0.909234 0.924152 0.942356 0.96508
0.575958653158 0.843131 0.77518 0.747086528288 0.84883 0.855227 0.862462 0.870714 0.880217 0.891282 0.904336 0.919975 0.939061 0.962889
0.593411945678 0.835322 0.764482 0.735120130074 0.841281 0.84797 0.855536 0.864167 0.874106 0.885682 0.89934 0.915704 0.935677 0.960614
0.610865238198 0.827407 0.753707 0.723088496712 0.833626 0.840608 0.848507 0.857517 0.867895 0.879984 0.894247 0.911339 0.932202 0.958253
0.628318530718 0.819391 0.742867 0.711005729855 0.82587 0.833146 0.841377 0.850768 0.861587 0.874188 0.889059 0.90688 0.928636 0.955803
0.645771823238 0.811278 0.731971 0.698885608195 0.818018 0.825588 0.834152 0.843924 0.855183 0.868298 0.883777 0.902328 0.924976 0.953261
0.663225115758 0.803074 0.721032 0.686741567458 0.810074 0.817937 0.826835 0.836988 0.848686 0.862315 0.878401 0.897682 0.921223 0.950625
0.680678408278 0.794782 0.710058 0.674586700401 0.802043 0.810199 0.819428 0.829962 0.842099 0.85624 0.872933 0.892943 0.917375 0.947892
0.698131700798 0.786408 0.699061 0.662433733951 0.793928 0.802376 0.811937 0.822849 0.835424 0.850077 0.867374 0.88811 0.913431 0.94506
0.715584993318 0.777956 0.68805 0.650295020632 0.785734 0.794473 0.804363 0.815653 0.828663 0.843825 0.861725 0.883184 0.90939 0.942126
0.733038285838 0.76943 0.677035 0.638182527125 0.777465 0.786493 0.796711 0.808376 0.82182 0.837488 0.855986 0.878164 0.90525 0.939088
0.750491578358 0.760836 0.666024 0.626107819989 0.769125 0.77844 0.788984 0.801021 0.814896 0.831066 0.850159 0.873051 0.901011 0.935942
0.767944870878 0.752176 0.655026 0.614082062792 0.760719 0.770318 0.781185 0.793592 0.807893 0.824562 0.844244 0.867845 0.896672 0.932687
0.785398163397 0.743456 0.644051 0.602116001828 0.752249 0.76213 0.773317 0.78609 0.800813 0.817976 0.838242 0.862545 0.89223 0.92932
0.802851455917 0.734679 0.633107 0.590219960399 0.74372 0.75388 0.765383 0.778518 0.79366 0.811311 0.832155 0.857151 0.887686 0.925838
0.820304748437 0.72585 0.622201 0.578403833098 0.735135 0.745571 0.757387 0.770879 0.786434 0.804567 0.825982 0.851664 0.883037 0.92224
0.837758040957 0.716973 0.611342 0.566677071518 0.726499 0.737206 0.749331 0.763176 0.779138 0.797747 0.819725 0.846083 0.878284 0.918522
0.855211333477 0.70805 0.600536 0.555048692829 0.717814 0.728789 0.741218 0.75541 0.771774 0.790852 0.813385 0.840409 0.873425 0.914683
0.872664625997 0.699088 0.58979 0.543527259769 0.709085 0.720324 0.733051 0.747586 0.764344 0.783883 0.806962 0.834641 0.868459 0.91072
0.890117918517 0.690088 0.579113 0.532120886362 0.700316 0.711813 0.724834 0.739704 0.756851 0.776843 0.800457 0.82878 0.863385 0.906631
0.907571211037 0.681055 0.568509 0.520837237915 0.691508 0.703259 0.716568 0.731768 0.749295 0.769731 0.793871 0.822825 0.858202 0.902415
0.925024503557 0.671993 0.557985 0.509683516733 0.682667 0.694667 0.708257 0.72378 0.741679 0.762551 0.787205 0.816777 0.85291 0.898069
0.942477796077 0.662905 0.547546 0.498666470688 0.673795 0.686037 0.699904 0.715742 0.734006 0.755302 0.780459 0.810636 0.847508 0.893591
0.959931088597 0.653795 0.537199 0.487792396078 0.664895 0.677375 0.691511 0.707656 0.726276 0.747988 0.773635 0.804402 0.841995 0.888981
0.977384381117 0.644666 0.526949 0.477067126198 0.655971 0.668683 0.683081 0.699526 0.718492 0.740608 0.766734 0.798075 0.836371 0.884235
0.994837673637 0.635521 0.516799 0.466496045627 0.647027 0.659963 0.674616 0.691354 0.710656 0.733166 0.759757 0.791656 0.830635 0.879353
1.01229096616 0.626365 0.506755 0.456084081655 0.638064 0.651219 0.66612 0.68314 0.70277 0.725661 0.752704 0.785145 0.824786 0.874334
1.02974425868 0.6172 0.496821 0.445835715714 0.629087 0.642454 0.657594 0.674889 0.694836 0.718097 0.745576 0.778542 0.818826 0.869176
1.0471975512 0.608029 0.487001 0.435754989098 0.620099 0.63367 0.649042 0.666603 0.686855 0.710473 0.738376 0.771848 0.812752 0.863878
1.06465084372 0.598857 0.477297 0.425845494384 0.611102 0.62487 0.640466 0.658282 0.67883 0.702793 0.731102 0.765064 0.806565 0.858439
1.08210413624 0.589685 0.467715 0.416110398299 0.602099 0.616057 0.631869 0.649931 0.670763 0.695057 0.723758 0.75819 0.800266 0.852858
1.09955742876 0.580518 0.458255 0.406552438861 0.593093 0.607234 0.623252 0.641551 0.662655 0.687267 0.716344 0.751227 0.793854 0.847135
1.11701072128 0.571357 0.448922 0.397173928238 0.584088 0.598403 0.614619 0.633144 0.654509 0.679425 0.708861 0.744175 0.787329 0.841268
1.1344640138 0.562207 0.439717 0.387976778471 0.575086 0.589568 0.605972 0.624712 0.646326 0.671532 0.70131 0.737035 0.780691 0.835259
1.15191730632 0.55307 0.430643 0.378962484323 0.56609 0.58073 0.597314 0.616258 0.638108 0.66359 0.693694 0.729809 0.773942 0.829105
1.16937059884 0.543949 0.421701 0.370132157578 0.557102 0.571892 0.588646 0.607784 0.629858 0.6556 0.686012 0.722497 0.767081 0.822808
1.18682389136 0.534846 0.412893 0.361486521324 0.548126 0.563057 0.579971 0.599293 0.621577 0.647565 0.678268 0.7151 0.760109 0.816367
1.20427718388 0.525766 0.40422 0.353025924245 0.539163 0.554228 0.571292 0.590786 0.613268 0.639486 0.670461 0.70762 0.753027 0.809782
1.2217304764 0.51671 0.395683 0.344750354908 0.530217 0.545406 0.562611 0.582265 0.604932 0.631366 0.662594 0.700057 0.745836 0.803055
1.23918376892 0.50768 0.387283 0.336659453198 0.521291 0.536595 0.55393 0.573733 0.596571 0.623204 0.654668 0.692413 0.738536 0.796184
1.25663706144 0.498681 0.379021 0.328752516033 0.512386 0.527796 0.545252 0.565192 0.588188 0.615005 0.646685 0.68469 0.731129 0.789172
1.27409035396 0.489714 0.370895 0.321028520229 0.503506 0.519013 0.536579 0.556644 0.579784 0.606769 0.638647 0.676888 0.723616 0.782018
1.29154364648 0.480781 0.362908 0.313486125357 0.494652 0.510248 0.527913 0.548092 0.571362 0.598499 0.630555 0.66901 0.715998 0.774725
1.308996939 0.471886 0.355057 0.306123690893 0.485828 0.501502 0.519257 0.539536 0.562924 0.590196 0.622412 0.661057 0.708276 0.767292
1.32645023152 0.463031 0.347344 0.298939301938 0.477035 0.492779 0.510612 0.530981 0.554471 0.581862 0.614218 0.65303 0.700453 0.759722
1.34390352404 0.454218 0.339766 0.291930757788 0.468276 0.484081 0.501982 0.522428 0.546006 0.5735 0.605976 0.644932 0.69253 0.752016
1.36135681656 0.44545 0.332325 0.285095614806 0.459553 0.475409 0.493367 0.513879 0.537532 0.565111 0.597689 0.636765 0.684508 0.744175
1.37881010908 0.436728 0.325018 0.278431180701 0.450869 0.466766 0.484772 0.505336 0.529049 0.556698 0.589357 0.62853 0.67639 0.736202
1.3962634016 0.428056 0.317844 0.271934537397 0.442226 0.458155 0.476197 0.496801 0.520561 0.548263 0.580983 0.620229 0.668178 0.728098
1.41371669412 0.419435 0.310802 0.265602561038 0.433625 0.449578 0.467645 0.488278 0.512069 0.539807 0.57257 0.611865 0.659873 0.719865
1.43116998664 0.410867 0.30389 0.259431927705 0.42507 0.441036 0.459118 0.479767 0.503576 0.531334 0.56412 0.603441 0.651478 0.711507
1.44862327916 0.402356 0.297108 0.253419130561 0.416563 0.432533 0.450618 0.471271 0.495084 0.522846 0.555634 0.594957 0.642996 0.703025
1.46607657168 0.393901 0.290453 0.247560508436 0.408104 0.424069 0.442148 0.462792 0.486595 0.514343 0.547115 0.586417 0.634429 0.694422
1.4835298642 0.385507 0.283922 0.241852240107 0.399697 0.415648 0.433709 0.454333 0.478111 0.50583 0.538566 0.577824 0.62578 0.6857
1.50098315672 0.377175 0.277515 0.236290375741 0.391344 0.407271 0.425304 0.445896 0.469635 0.497309 0.529989 0.569179 0.617051 0.676864
1.51843644924 0.368906 0.271229 0.230870851179 0.383047 0.39894 0.416935 0.437482 0.461169 0.488781 0.521387 0.560486 0.608245 0.667915
1.53588974176 0.360703 0.265062 0.22558949366 0.374806 0.390657 0.408604 0.429095 0.452716 0.480249 0.512762 0.551747 0.599365 0.658858
1.55334303427 0.352567 0.259012 0.220442050394 0.366626 0.382425 0.400313 0.420735 0.444277 0.471716 0.504116 0.542966 0.590415 0.649695
1.57079632679 0.344501 0.253076 0.215424188567 0.358506 0.374245 0.392064 0.412406 0.435855 0.463184 0.495453 0.534144 0.581397 0.64043
1.58824961931 0.336505 0.247251 0.210531523921 0.35045 0.366119 0.383859 0.40411 0.427451 0.454656 0.486775 0.525284 0.572315 0.631067
1.60570291183 0.328582 0.241535 0.205759632183 0.342458 0.35805 0.3757 0.395848 0.41907 0.446133 0.478085 0.516391 0.563172 0.621609
1.62315620435 0.320734 0.235926 0.201104060501 0.334533 0.350038 0.367589 0.387623 0.410712 0.437619 0.469385 0.507467 0.553972 0.612061
1.64060949687 0.312962 0.230422 0.196560338873 0.326677 0.342087 0.359528 0.379437 0.402381 0.429117 0.460679 0.498516 0.544718 0.602427
1.65806278939 0.305267 0.225019 0.192124003015 0.318891 0.334197 0.35152 0.371293 0.394078 0.420629 0.45197 0.48954 0.535414 0.592711
1.67551608191 0.297652 0.219715 0.187790605791 0.311177 0.32637 0.343566 0.363192 0.385807 0.412157 0.44326 0.480543 0.526064 0.582917
1.69296937443 0.290117 0.214507 0.18355572007 0.303536 0.31861 0.335668 0.355136 0.377568 0.403704 0.434553 0.471528 0.516671 0.57305
1.71042266695 0.282665 0.209393 0.17941496731 0.29597 0.310916 0.327828 0.347129 0.369366 0.395274 0.425851 0.462499 0.50724 0.563114
1.72787595947 0.275296 0.204371 0.175364020412 0.288481 0.303291 0.320048 0.339171 0.361202 0.386867 0.417157 0.453459 0.497775 0.553115
1.74532925199 0.268012 0.199436 0.171398612297 0.28107 0.295736 0.31233 0.331265 0.353078 0.378489 0.408476 0.444412 0.48828 0.543057
1.76278254451 0.260814 0.194588 0.167514561628 0.273739 0.288254 0.304676 0.323413 0.344998 0.37014 0.399808 0.435361 0.478758 0.532944
1.78023583703 0.253704 0.189823 0.16370777281 0.266488 0.280845 0.297087 0.315618 0.336962 0.361824 0.391159 0.42631 0.469215 0.522783
1.79768912955 0.246682 0.185139 0.159974241706 0.25932 0.273512 0.289566 0.30788 0.328975 0.353543 0.382531 0.417263 0.459654 0.512577
1.81514242207 0.239751 0.180533 0.156310081357 0.252237 0.266256 0.282114 0.300204 0.321038 0.345301 0.373927 0.408224 0.45008 0.502333
1.83259571459 0.23291 0.176004 0.15271151627 0.245238 0.259078 0.274733 0.292589 0.313153 0.3371 0.365351 0.399195 0.440498 0.492056
1.85004900711 0.226162 0.171548 0.14917490814 0.238325 0.251981 0.267425 0.285039 0.305324 0.328943 0.356805 0.390182 0.430911 0.48175
1.86750229963 0.219507 0.167164 0.145696741557 0.231501 0.244965 0.260191 0.277556 0.297551 0.320832 0.348294 0.381188 0.421325 0.471422
1.88495559215 0.212946 0.162849 0.142273652587 0.224765 0.238032 0.253034 0.270141 0.289839 0.312771 0.33982 0.372217 0.411744 0.461077
1.90240888467 0.206481 0.158601 0.1389024202 0.21812 0.231183 0.245954 0.262797 0.282188 0.304762 0.331386 0.363272 0.402173 0.450721
1.91986217719 0.200111 0.154419 0.135579986276 0.211566 0.22442 0.238954 0.255526 0.274602 0.296809 0.322996 0.354358 0.392616 0.440358
1.93731546971 0.193839 0.1503 0.132303455603 0.205104 0.217745 0.232036 0.248329 0.267083 0.288913 0.314654 0.345478 0.383079 0.429996
1.95476876223 0.187665 0.146243 0.129070090163 0.198736 0.211158 0.2252 0.241208 0.259633 0.281077 0.306362 0.336637 0.373565 0.41964
1.97222205475 0.181589 0.142245 0.12587733771 0.192462 0.20466 0.218449 0.234166 0.252254 0.273305 0.298124 0.327839 0.36408 0.409295
1.98967534727 0.175613 0.138305 0.12272280891 0.186283 0.198254 0.211784 0.227204 0.24495 0.265599 0.289943 0.319087 0.354629 0.398968
2.00712863979 0.169737 0.134422 0.119604303058 0.180201 0.19194 0.205206 0.220324 0.237721 0.257962 0.281823 0.310385 0.345216 0.388664
2.02458193231 0.163962 0.130594 0.116519799509 0.174217 0.185719 0.198717 0.213528 0.23057 0.250397 0.273766 0.301738 0.335846 0.378389
2.04203522483 0.158288 0.126819 0.113467454815 0.16833 0.179593 0.192318 0.206818 0.223499 0.242905 0.265776 0.293149 0.326524 0.368148
2.05948851735 0.152716 0.123097 0.11044561702 0.162542 0.173562 0.186012 0.200195 0.216511 0.235491 0.257857 0.284623 0.317254 0.357949
2.07694180987 0.147247 0.119427 0.107452819941 0.156855 0.167628 0.179798 0.193662 0.209608 0.228156 0.250011 0.276163 0.308042 0.347796
2.09439510239 0.14188 0.115807 0.104487777451 0.151267 0.161792 0.173679 0.187219 0.202792 0.220903 0.242241 0.267773 0.298893 0.337697
2.11184839491 0.136618 0.112237 0.101549392058 0.145781 0.156054 0.167656 0.18087 0.196065 0.213735 0.234552 0.259457 0.289811 0.327655
2.12930168743 0.131459 0.108716 0.098636749183 0.140397 0.150416 0.16173 0.174614 0.189429 0.206654 0.226946 0.251219 0.280801 0.317679
2.14675497995 0.126404 0.105243 0.0957491200214 0.135115 0.144878 0.155902 0.168454 0.182886 0.199664 0.219426 0.243064 0.271867 0.307772
2.16420827247 0.121454 0.101818 0.0928859472523 0.129937 0.139442 0.150174 0.162392 0.176438 0.192766 0.211995 0.234994 0.263015 0.297942
2.18166156499 0.116609 0.0984395 0.0900468564701 0.124861 0.134108 0.144546 0.156428 0.170087 0.185962 0.204656 0.227013 0.254249 0.288193
2.19911485751 0.111869 0.0951083 0.087231647611 0.11989 0.128877 0.13902 0.150565 0.163834 0.179256 0.197413 0.219125 0.245574 0.278533
2.21656815003 0.107234 0.0918237 0.084440277804 0.115023 0.123749 0.133596 0.144804 0.157683 0.172649 0.190268 0.211335 0.236993 0.268965
2.23402144255 0.102704 0.0885858 0.081672884236 0.110261 0.118726 0.128277 0.139146 0.151634 0.166144 0.183225 0.203644 0.228513 0.259496
2.25147473507 0.0982797 0.0853945 0.0789297527125 0.105604 0.113807 0.123062 0.133592 0.145689 0.159744 0.176286 0.196058 0.220137 0.250132
2.26892802759 0.0939609 0.08225 0.0762113233743 0.101053 0.108994 0.117953 0.128144 0.139851 0.153449 0.169453 0.18858 0.211869 0.240878
2.28638132011 0.0897476 0.0791524 0.0735181849812 0.0966074 0.104287 0.11295 0.122803 0.13412 0.147264 0.16273 0.181213 0.203715 0.23174
2.30383461263 0.0856397 0.076102 0.0708510663376 0.0922678 0.0996871 0.108054 0.11757 0.128499 0.141189 0.15612 0.17396 0.195677 0.222722
2.32128790515 0.0816372 0.0730993 0.0682108334348 0.0880342 0.0951938 0.103267 0.112447 0.122988 0.135227 0.149624 0.166825 0.187761 0.21383
2.33874119767 0.0777399 0.0701445 0.0655984723023 0.0839068 0.0908079 0.0985881 0.107434 0.117589 0.129379 0.143247 0.159812 0.179971 0.20507
2.35619449019 0.0739476 0.0672384 0.0630150890082 0.0798857 0.0865296 0.0940188 0.102532 0.112305 0.123648 0.136989 0.152922 0.17231 0.196445
2.37364778271 0.07026 0.0643815 0.0604619010848 0.0759709 0.0823594 0.0895595 0.0977432 0.107135 0.118036 0.130853 0.14616 0.164782 0.187962
2.39110107523 0.066677 0.0615744 0.0579402289541 0.0721622 0.0782974 0.0852107 0.0930672 0.102082 0.112543 0.124842 0.139528 0.157392 0.179625
2.40855436775 0.0631981 0.0588181 0.0554514844964 0.0684598 0.0743438 0.080973 0.0885052 0.0971469 0.107173 0.118959 0.133029 0.150143 0.171438
2.42600766027 0.0598232 0.0561133 0.0529971567593 0.0648634 0.0704988 0.0768467 0.0840581 0.0923303 0.101926 0.113204 0.126666 0.143038 0.163407
2.44346095279 0.0565516 0.0534609 0.0505788233901 0.0613729 0.0667624 0.0728323 0.0797266 0.0876336 0.0968043 0.107581 0.120442 0.136081 0.155536
2.46091424531 0.0533831 0.0508617 0.0481981134813 0.057988 0.0631348 0.0689301 0.0755113 0.0830579 0.0918091 0.102091 0.11436 0.129276 0.147829
2.47836753783 0.050317 0.0483169 0.0458567161444 0.0547086 0.0596158 0.0651403 0.0714128 0.0786041 0.0869417 0.0967359 0.108421 0.122625 0.14029
2.49582083035 0.0473529 0.0458273 0.043556371936 0.0515341 0.0562053 0.0614631 0.0674317 0.0742731 0.0822036 0.0915178 0.102629 0.116132 0.132923
2.51327412287 0.0444901 0.0433941 0.0412988471353 0.0484643 0.0529033 0.0578987 0.0635682 0.0700656 0.0775958 0.0864384 0.0969845 0.1098 0.125732
2.53072741539 0.041728 0.0410182 0.0390859423181 0.0454987 0.0497095 0.0544471 0.0598228 0.0659823 0.0731196 0.0814991 0.0914911 0.103631 0.118721
2.54818070791 0.0390659 0.0387007 0.0369194609183 0.0426368 0.0466236 0.0511082 0.0561959 0.062024 0.0687759 0.0767014 0.0861503 0.097628 0.111893
2.56563400043 0.0365031 0.0364428 0.0348012263762 0.0398781 0.0436454 0.0478822 0.0526875 0.0581911 0.0645656 0.0720467 0.0809641 0.0917941 0.105252
2.58308729295 0.0340388 0.0342454 0.0327330478417 0.0372221 0.0407746 0.0447687 0.0492979 0.0544841 0.0604897 0.0675363 0.0759342 0.0861313 0.0988002
2.60054058547 0.0316722 0.0321098 0.0307167201744 0.0346681 0.0380106 0.0417677 0.0460272 0.0509034 0.0565488 0.0631714 0.0710622 0.0806419 0.0925415
2.61799387799 0.0294024 0.0300369 0.0287540125117 0.0322153 0.0353529 0.0388789 0.0428753 0.0474493 0.0527436 0.0589529 0.0663498 0.0753279 0.0864782
2.63544717051 0.0272285 0.0280278 0.0268466654102 0.0298632 0.0328012 0.036102 0.0398422 0.044122 0.0490745 0.0548818 0.0617981 0.0701913 0.0806132
2.65290046303 0.0251495 0.0260836 0.0249963622652 0.0276108 0.0303546 0.0334365 0.0369277 0.0409216 0.0455421 0.0509588 0.0574085 0.0652339 0.0749486
2.67035375555 0.0231645 0.0242052 0.0232047378854 0.0254573 0.0280126 0.030882 0.0341316 0.037848 0.0421466 0.0471846 0.0531821 0.060457 0.0694866
2.68780704807 0.0212724 0.0223937 0.0214733670601 0.0234018 0.0257744 0.0284379 0.0314535 0.0349013 0.0388882 0.0435597 0.0491196 0.0558622 0.0642293
2.70526034059 0.019472 0.0206498 0.0198037416949 0.0214434 0.0236393 0.0261036 0.028893 0.0320813 0.035767 0.0400846 0.0452219 0.0514506 0.0591784
2.72271363311 0.0177622 0.0189746 0.0181972736698 0.019581 0.0216063 0.0238785 0.0264496 0.0293876 0.032783 0.0367594 0.0414896 0.0472233 0.0543353
2.74016692563 0.0161418 0.0173687 0.0166552805493 0.0178136 0.0196746 0.0217617 0.0241227 0.0268198 0.029936 0.0335843 0.0379231 0.0431811 0.0497015
2.75762021815 0.0146096 0.015833 0.0151789855814 0.01614 0.0178431 0.0197525 0.0219117 0.0243776 0.0272258 0.0305593 0.0345228 0.0393246 0.0452778
2.77507351067 0.0131642 0.014368 0.0137694891182 0.0145591 0.0161107 0.0178498 0.0198158 0.0220603 0.0246519 0.0276843 0.0312886 0.0356542 0.0410653
2.79252680319 0.0118043 0.0129744 0.0124277857634 0.0130696 0.0144765 0.0160528 0.0178342 0.0198672 0.0222139 0.0249589 0.0282207 0.0321702 0.0370644
2.80998009571 0.0105285 0.0116526 0.0111547415083 0.0116701 0.0129391 0.0143604 0.0159659 0.0177976 0.0199112 0.0223828 0.0253187 0.0288727 0.0332756
2.82743338823 0.00933536 0.0104031 0.0099510794412 0.0103595 0.0114974 0.0127713 0.0142099 0.0158505 0.017743 0.0199552 0.0225823 0.0257614 0.0296988
2.84488668075 0.00822339 0.0092262 0.00881739117989 0.00913615 0.0101499 0.0112844 0.012565 0.014025 0.0157084 0.0176756 0.0200108 0.022836 0.026334
2.86233997327 0.007191 0.00812204 0.00775411686512 0.00799867 0.00889531 0.00989834 0.0110301 0.0123198 0.0138064 0.0155429 0.0176036 0.0200958 0.0231806
2.87979326579 0.0062366 0.00709073 0.00676154516065 0.0069455 0.00773213 0.00861171 0.00960374 0.0107338 0.0120357 0.0135561 0.0153596 0.01754 0.0202381
2.89724655831 0.00535853 0.00613225 0.0058397932468 0.00597503 0.00665882 0.00742303 0.00828458 0.00926552 0.0103953 0.011714 0.0132777 0.0151676 0.0175053
2.91469985083 0.00455507 0.00524642 0.00498882111077 0.0050856 0.00567373 0.00633073 0.00707104 0.00791358 0.0088835 0.0100152 0.0113566 0.0129772 0.0149812
2.93215314335 0.00382444 0.00443297 0.00420840868219 0.00427546 0.00477519 0.00533314 0.00596153 0.00667634 0.00749885 0.0084581 0.00959468 0.0109673 0.012664
2.94960643587 0.00316483 0.00369146 0.00349815869116 0.00354282 0.0039614 0.00442849 0.00495428 0.00555208 0.00623961 0.00704106 0.00799027 0.00913614 0.010552
2.96705972839 0.00257432 0.00302134 0.00285748523602 0.00288579 0.0032305 0.00361494 0.00404745 0.00453892 0.00510388 0.00576214 0.00654139 0.00748168 0.0086431
2.98451302091 0.00205098 0.00242188 0.00228561378337 0.00230244 0.00258056 0.00289054 0.00323907 0.00363489 0.00408965 0.00461924 0.00524586 0.00600165 0.00693478
3.00196631343 0.00159277 0.00189221 0.00178156401971 0.00179073 0.00200952 0.00225321 0.00252705 0.00283784 0.00319471 0.00361007 0.00410129 0.00469347 0.00542429
3.01941960595 0.0011976 0.00143128 0.00134415842561 0.00134854 0.00151525 0.0017008 0.00190916 0.00214549 0.00241668 0.00273214 0.003105 0.00355428 0.00410848
3.03687289847 0.000863289 0.00103787 0.000972002269343 0.000973683 0.00109551 0.00123101 0.00138305 0.00155539 0.00175301 0.00198274 0.00225412 0.00258094 0.00298388
3.05432619099 0.000587568 0.00071057 0.000663469316553 0.000663849 0.00074796 0.000841431 0.000946227 0.00106492 0.00120093 0.00135894 0.00154547 0.00176997 0.00204661
3.07177948351 0.000368075 0.000447754 0.00041670468835 0.000416626 0.000470109 0.000529489 0.000596007 0.000671281 0.000757471 0.000857522 0.000975554 0.00111752 0.00129236
3.08923277603 0.000202324 0.000247582 0.000229584848494 0.000229466 0.000259334 0.000292461 0.000329534 0.000371447 0.000419397 0.000475011 0.00054057 0.000619368 0.000716349
3.10668606855 8.76808e-05 0.00010794 9.96918808938e-05 9.96602e-05 0.000112827 0.000127413 0.000143718 0.000162132 0.000183178 0.000207564 0.000236286 0.000270781 0.000313206
3.12413936107 2.13021e-05 2.6388e-05 2.42620445775e-05 2.42728e-05 2.75331e-05 3.11399e-05 3.51662e-05 3.97077e-05 4.48919e-05 5.08923e-05 5.79524e-05 6.64235e-05 7.68332e-05
3.14159265359 0.0 0.0 0.0 0.0 0.0 0.0 0.0 0.0 0.0 0.0 0.0 0.0 0.0
