alpha phi_iso phi_ray phi_vec g0=0.1 g0=0.2 g0=0.3 g0=0.4 g0=0.5 g0=0.6 g0=0.7 g0=0.8 g0=0.9 g0=1.0
0.0 1.0 1.0 1.0 1.0 1.0 1.0 1.0 1.0 1.0 1.0 1.0 1.0 1.0
0.0174532925199 0.999709 0.999585 0.999566095107 0.999722 0.999737 0.999755 0.999775 0.9998 0.99983 0.999866 0.999914 0.999977 1.00007
0.0349065850399 0.998887 0.9984 0.998319456764 0.998938 0.998997 0.999064 0.999144 0.999238 0.999353 0.999497 0.999681 0.999928 1.00028
0.0523598775598 0.997607 0.99653 0.996341503193 0.997718 0.997845 0.997992 0.998165 0.998371 0.998622 0.998934 0.999337 0.999875 1.00064
0.0698131700798 0.995928 0.994045 0.993697055623 0.996118 0.996337 0.996589 0.996886 0.997241 0.997673 0.998212 0.998907 0.999838 1.00116
0.0872664625997 0.993886 0.990989 0.99043032236 0.994174 0.994504 0.994887 0.995337 0.995875 0.996532 0.997352 0.998409 0.999827 1.00184
0.10471975512 0.991507 0.987394 0.986571991555 0.99191 0.992371 0.992907 0.993538 0.994293 0.995215 0.996368 0.997854 0.99985 1.00268
0.12217304764 0.988809 0.983286 0.982146441955 0.989342 0.989955 0.990666 0.991505 0.992509 0.993735 0.99527 0.997251 0.999911 1.00368
0.13962634016 0.985806 0.978684 0.97717569749 0.986486 0.987268 0.988177 0.989248 0.990532 0.992102 0.994067 0.996605 1.00002 1.00485
0.157079632679 0.982513 0.973609 0.971680909059 0.983355 0.984324 0.985451 0.98678 0.988374 0.990324 0.992767 0.995923 1.00017 1.00618
0.174532925199 0.978943 0.968081 0.965682821719 0.979962 0.981135 0.9825 0.984112 0.986045 0.988411 0.991376 0.995209 1.00036 1.00768
0.191986217719 0.975108 0.962119 0.959201869071 0.976318 0.977712 0.979335 0.981252 0.983553 0.986369 0.989901 0.994468 1.00061 1.00933
0.209439510239 0.971019 0.955741 0.952258168537 0.972435 0.974065 0.975965 0.978209 0.980905 0.984205 0.988346 0.993702 1.00091 1.01114
0.226892802759 0.966688 0.948967 0.94487156855 0.968321 0.970204 0.972399 0.974993 0.978109 0.981926 0.986717 0.992914 1.00126 1.0131
0.244346095279 0.962124 0.941813 0.937061653276 0.963988 0.966138 0.968645 0.971609 0.975171 0.979536 0.985016 0.992107 1.00165 1.01521
0.261799387799 0.957337 0.934298 0.928847794524 0.959445 0.961876 0.964712 0.968066 0.972099 0.977041 0.983248 0.991281 1.0021 1.01747
0.279252680319 0.952336 0.926438 0.920249170618 0.9547 0.957426 0.960607 0.964371 0.968896 0.974446 0.981415 0.990438 1.00259 1.01986
0.296705972839 0.947131 0.91825 0.911284789997 0.94976 0.952794 0.956336 0.960528 0.96557 0.971753 0.97952 0.989579 1.00313 1.02238
0.314159265359 0.941728 0.909751 0.901973500651 0.944635 0.947989 0.951907 0.956544 0.962123 0.968966 0.977565 0.988702 1.00371 1.02503
0.331612557879 0.936136 0.900958 0.892334018436 0.93933 0.943018 0.947325 0.952424 0.95856 0.966089 0.975551 0.987808 1.00432 1.0278
0.349065850399 0.930363 0.891886 0.882384922355 0.933854 0.937885 0.942595 0.948173 0.954886 0.963124 0.973479 0.986896 1.00498 1.03068
0.366519142919 0.924415 0.882551 0.872144649839 0.928213 0.932599 0.937724 0.943795 0.951104 0.960074 0.971351 0.985965 1.00566 1.03367
0.383972435439 0.9183 0.87297 0.861631492026 0.922413 0.927164 0.932717 0.939296 0.947217 0.95694 0.969167 0.985012 1.00637 1.03675
0.401425727959 0.912025 0.863158 0.850863598483 0.916461 0.921587 0.927578 0.934678 0.943228 0.953725 0.966927 0.984037 1.00711 1.03992
0.418879020479 0.905596 0.85313 0.839858958329 0.910363 0.915872 0.922313 0.929947 0.93914 0.95043 0.96463 0.983038 1.00786 1.04316
0.436332312999 0.899018 0.842901 0.828635386075 0.904123 0.910024 0.916925 0.925104 0.934956 0.947056 0.962277 0.98201 1.00862 1.04647
0.453785605519 0.892299 0.832487 0.817210526349 0.897749 0.90405 0.911419 0.920154 0.930678 0.943605 0.959867 0.980954 1.00939 1.04984
0.471238898038 0.885444 0.821902 0.805601816135 0.891245 0.897952 0.905798 0.9151 0.926308 0.940077 0.9574 0.979864 1.01016 1.05327
0.488692190558 0.878458 0.811161 0.79382648478 0.884616 0.891737 0.900067 0.909945 0.921849 0.936473 0.954874 0.978739 1.01093 1.05673
0.506145483078 0.871348 0.800278 0.781901530398 0.877868 0.885408 0.89423 0.904692 0.917301 0.932793 0.952289 0.977575 1.01168 1.06022
0.523598775598 0.864119 0.789267 0.769843710428 0.871005 0.87897 0.88829 0.899344 0.912666 0.929038 0.949643 0.976369 1.01242 1.06373
0.541052068118 0.856775 0.778142 0.757669527478 0.864031 0.872426 0.882249 0.893902 0.907947 0.925208 0.946934 0.975117 1.01314 1.06725
0.558505360638 0.849322 0.766916 0.745395191575 0.856953 0.86578 0.876112 0.888369 0.903144 0.921304 0.944162 0.973815 1.01382 1.07076
0.575958653158 0.841765 0.755604 0.733036643758 0.849773 0.859038 0.869882 0.882748 0.898259 0.917324 0.941324 0.972461 1.01447 1.07427
0.593411945678 0.834109 0.744218 0.720609494732 0.842496 0.852201 0.863561 0.877041 0.893292 0.913269 0.938419 0.971049 1.01508 1.07775
0.610865238198 0.826359 0.73277 0.708129039022 0.835127 0.845274 0.857153 0.871249 0.888245 0.909139 0.935445 0.969577 1.01564 1.0812
0.628318530718 0.818518 0.721274 0.695610236099 0.827669 0.83826 0.85066 0.865375 0.883119 0.904933 0.9324 0.96804 1.01614 1.0846
0.645771823238 0.810591 0.709742 0.683067682066 0.820126 0.831163 0.844085 0.85942 0.877914 0.900651 0.929282 0.966433 1.01657 1.08795
0.663225115758 0.802584 0.698185 0.670515609656 0.812503 0.823985 0.83743 0.853387 0.872631 0.896293 0.926088 0.964754 1.01694 1.09123
0.680678408278 0.794499 0.686615 0.657967855201 0.804803 0.816731 0.830698 0.847277 0.867271 0.891857 0.922818 0.962998 1.01723 1.09443
0.698131700798 0.786342 0.675044 0.645437872787 0.79703 0.809402 0.823892 0.841091 0.861835 0.887344 0.919468 0.96116 1.01743 1.09755
0.715584993318 0.778116 0.663482 0.632938696502 0.789186 0.802003 0.817013 0.834831 0.856323 0.882752 0.916037 0.959237 1.01755 1.10057
0.733038285838 0.769826 0.651939 0.620482945155 0.781277 0.794536 0.810064 0.828499 0.850735 0.878081 0.912522 0.957224 1.01756 1.10347
0.750491578358 0.761474 0.640427 0.608082793963 0.773305 0.787003 0.803048 0.822095 0.845072 0.87333 0.908921 0.955117 1.01748 1.10626
0.767944870878 0.753066 0.628954 0.595749988707 0.765273 0.779409 0.795966 0.815622 0.839335 0.868499 0.905232 0.952913 1.01728 1.10892
0.785398163397 0.744605 0.617531 0.583495812698 0.757186 0.771754 0.78882 0.809081 0.833523 0.863587 0.901453 0.950606 1.01696 1.11144
0.802851455917 0.736094 0.606167 0.571331082057 0.749045 0.764043 0.781613 0.802472 0.827638 0.858592 0.897582 0.948194 1.01652 1.11381
0.820304748437 0.727537 0.59487 0.559266159877 0.740855 0.756278 0.774346 0.795798 0.82168 0.853515 0.893616 0.945672 1.01595 1.11602
0.837758040957 0.718938 0.583649 0.547310923183 0.732618 0.748461 0.767021 0.789059 0.815648 0.848354 0.889554 0.943036 1.01524 1.11806
0.855211333477 0.7103 0.572511 0.535474762938 0.724337 0.740595 0.759641 0.782257 0.809544 0.84311 0.885393 0.940283 1.01439 1.11991
0.872664625997 0.701626 0.561465 0.523766593475 0.716016 0.732682 0.752208 0.775393 0.803368 0.83778 0.881131 0.937409 1.01339 1.12158
0.890117918517 0.69292 0.550518 0.512194828908 0.707657 0.724725 0.744722 0.768468 0.79712 0.832365 0.876767 0.934409 1.01223 1.12306
0.907571211037 0.684185 0.539676 0.500767387847 0.699263 0.716726 0.737186 0.761483 0.7908 0.826864 0.872298 0.931282 1.01092 1.12432
0.925024503557 0.675425 0.528946 0.489491707554 0.690836 0.708687 0.729602 0.754439 0.784409 0.821276 0.867723 0.928022 1.00944 1.12537
0.942477796077 0.666641 0.518334 0.478374706197 0.682381 0.700611 0.721972 0.747338 0.777947 0.815601 0.86304 0.924628 1.00778 1.1262
0.959931088597 0.657839 0.507846 0.467422820595 0.673898 0.692501 0.714297 0.740181 0.771414 0.809839 0.858247 0.921095 1.00595 1.12679
0.977384381117 0.649019 0.497487 0.456641987346 0.665392 0.684357 0.706578 0.732968 0.764812 0.803987 0.853343 0.917421 1.00394 1.12715
0.994837673637 0.640187 0.487262 0.446037638105 0.656864 0.676183 0.698819 0.725701 0.75814 0.798048 0.848326 0.913603 1.00174 1.12726
1.01229096616 0.631343 0.477176 0.435614723185 0.648318 0.667981 0.69102 0.718381 0.751399 0.792019 0.843195 0.909638 0.99935 1.12711
1.02974425868 0.622492 0.467232 0.425377697393 0.639755 0.659752 0.683183 0.71101 0.74459 0.785901 0.837949 0.905524 0.996765 1.1267
1.0471975512 0.613636 0.457435 0.415330534191 0.631179 0.651499 0.67531 0.703588 0.737712 0.779694 0.832586 0.901258 0.99398 1.12603
1.06465084372 0.604778 0.447787 0.405476720977 0.622591 0.643225 0.667403 0.696117 0.730767 0.773397 0.827105 0.896837 0.990991 1.12508
1.08210413624 0.59592 0.438292 0.395819282677 0.613994 0.63493 0.659462 0.688597 0.723756 0.76701 0.821506 0.89226 0.987794 1.12385
1.09955742876 0.587066 0.428953 0.386360762875 0.605391 0.626618 0.651491 0.681031 0.716678 0.760534 0.815787 0.887525 0.984387 1.12233
1.11701072128 0.578217 0.419771 0.377103261559 0.596783 0.61829 0.64349 0.673419 0.709535 0.753968 0.809949 0.88263 0.980766 1.12052
1.1344640138 0.569377 0.410749 0.36804841153 0.588174 0.609948 0.635462 0.665763 0.702328 0.747313 0.803989 0.877573 0.976928 1.11842
1.15191730632 0.560548 0.401889 0.35919742087 0.579565 0.601595 0.627407 0.658063 0.695057 0.740568 0.797908 0.872353 0.972871 1.11602
1.16937059884 0.551732 0.393191 0.35055105879 0.570959 0.593231 0.619329 0.650322 0.687723 0.733735 0.791705 0.866969 0.968591 1.11331
1.18682389136 0.542932 0.384656 0.342109674501 0.562358 0.58486 0.611227 0.64254 0.680327 0.726814 0.785381 0.861419 0.964087 1.11029
1.20427718388 0.53415 0.376286 0.333873206654 0.553764 0.576484 0.603105 0.63472 0.67287 0.719804 0.778934 0.855704 0.959357 1.10697
1.2217304764 0.525389 0.36808 0.325841197501 0.545179 0.568103 0.594963 0.626862 0.665354 0.712708 0.772366 0.849821 0.9544 1.10333
1.23918376892 0.516651 0.360038 0.318012816482 0.536606 0.559721 0.586804 0.618967 0.657778 0.705524 0.765677 0.843771 0.949213 1.09937
1.25663706144 0.507938 0.35216 0.310386841358 0.528046 0.551338 0.578629 0.611038 0.650145 0.698255 0.758865 0.837554 0.943796 1.09509
1.27409035396 0.499253 0.344446 0.302961714834 0.519502 0.542958 0.57044 0.603076 0.642456 0.690902 0.751934 0.831169 0.938148 1.09049
1.29154364648 0.490597 0.336894 0.295735520964 0.510976 0.534581 0.562239 0.595082 0.634712 0.683464 0.744881 0.824616 0.932268 1.08557
1.308996939 0.481973 0.329503 0.288706022906 0.50247 0.526211 0.554027 0.587058 0.626914 0.675944 0.73771 0.817896 0.926157 1.08032
1.32645023152 0.473382 0.322273 0.28187066764 0.493985 0.517848 0.545806 0.579006 0.619064 0.668342 0.73042 0.811009 0.919814 1.07475
1.34390352404 0.464828 0.315201 0.275226614283 0.485524 0.509495 0.537578 0.570926 0.611164 0.66066 0.723012 0.803957 0.913239 1.06885
1.36135681656 0.456312 0.308285 0.268770724649 0.477089 0.501153 0.529345 0.562822 0.603214 0.652899 0.715488 0.79674 0.906434 1.06263
1.37881010908 0.447836 0.301524 0.26249961044 0.468682 0.492825 0.521109 0.554695 0.595216 0.645061 0.70785 0.789358 0.899398 1.05609
1.3962634016 0.439402 0.294915 0.256409628531 0.460304 0.484512 0.512872 0.546545 0.587173 0.637147 0.700098 0.781815 0.892134 1.04922
1.41371669412 0.431011 0.288456 0.250496899841 0.451958 0.476216 0.504634 0.538376 0.579086 0.629159 0.692234 0.77411 0.884643 1.04203
1.43116998664 0.422667 0.282144 0.244757342368 0.443645 0.467939 0.496399 0.530189 0.570956 0.621099 0.68426 0.766246 0.876926 1.03452
1.44862327916 0.41437 0.275976 0.239186661754 0.435367 0.459683 0.488167 0.521986 0.562787 0.612969 0.676178 0.758225 0.868985 1.02669
1.46607657168 0.406123 0.269949 0.233780398472 0.427127 0.45145 0.479942 0.513769 0.554578 0.60477 0.66799 0.750049 0.860823 1.01855
1.4835298642 0.397927 0.26406 0.228533913669 0.418926 0.443242 0.471725 0.50554 0.546333 0.596505 0.659698 0.741721 0.852443 1.01009
1.50098315672 0.389784 0.258307 0.223442431641 0.410765 0.43506 0.463517 0.4973 0.538055 0.588176 0.651304 0.733242 0.843846 1.00132
1.51843644924 0.381696 0.252684 0.218501044549 0.402647 0.426906 0.455321 0.489053 0.529743 0.579786 0.642812 0.724616 0.835037 0.992246
1.53588974176 0.373665 0.24719 0.213704740733 0.394574 0.418783 0.447138 0.480799 0.521402 0.571336 0.634224 0.715845 0.826018 0.982871
1.55334303427 0.365692 0.24182 0.209048404715 0.386546 0.410692 0.438971 0.472541 0.513034 0.562829 0.625542 0.706933 0.816793 0.973197
1.57079632679 0.357778 0.236572 0.204526840793 0.378566 0.402634 0.430822 0.464282 0.50464 0.554269 0.616769 0.697883 0.807366 0.96323
1.58824961931 0.349926 0.23144 0.200134796635 0.370636 0.394612 0.422692 0.456022 0.496222 0.545656 0.607908 0.688698 0.797741 0.952975
1.60570291183 0.342136 0.226421 0.195866986874 0.362756 0.386628 0.414583 0.447765 0.487785 0.536994 0.598963 0.679383 0.787922 0.942436
1.62315620435 0.334412 0.221513 0.191718074237 0.35493 0.378683 0.406498 0.439512 0.479329 0.528287 0.589937 0.66994 0.777915 0.931621
1.64060949687 0.326753 0.21671 0.187682730886 0.347158 0.370779 0.398439 0.431267 0.470858 0.519537 0.580833 0.660375 0.767723 0.920535
1.65806278939 0.319161 0.212009 0.183755619547 0.339442 0.362918 0.390407 0.423031 0.462374 0.510746 0.571655 0.65069 0.757353 0.909185
1.67551608191 0.311639 0.207406 0.179931431257 0.331784 0.355102 0.382405 0.414807 0.45388 0.501919 0.562406 0.640892 0.74681 0.897576
1.69296937443 0.304186 0.202898 0.176204875934 0.324185 0.347333 0.374435 0.406596 0.445379 0.493059 0.55309 0.630983 0.736098 0.885717
1.71042266695 0.296805 0.19848 0.172570734279 0.316647 0.339612 0.366498 0.398402 0.436873 0.484167 0.543711 0.62097 0.725224 0.873615
1.72787595947 0.289497 0.194149 0.169023834185 0.309171 0.33194 0.358597 0.390227 0.428365 0.475249 0.534274 0.610856 0.714194 0.861276
1.74532925199 0.282264 0.189901 0.165559079049 0.301759 0.324321 0.350733 0.382073 0.419858 0.466307 0.524781 0.600646 0.703014 0.84871
1.76278254451 0.275106 0.185732 0.162171471369 0.294413 0.316756 0.34291 0.373942 0.411356 0.457344 0.515238 0.590347 0.69169 0.835924
1.78023583703 0.268024 0.181639 0.158856108026 0.287133 0.309246 0.335129 0.365838 0.40286 0.448366 0.505649 0.579962 0.680229 0.822928
1.79768912955 0.261021 0.177618 0.155608208595 0.279922 0.301793 0.327392 0.357762 0.394374 0.439374 0.496017 0.569498 0.668639 0.809729
1.81514242207 0.254096 0.173666 0.152423105911 0.272781 0.294399 0.319701 0.349717 0.385901 0.430372 0.486348 0.55896 0.656924 0.796336
1.83259571459 0.247252 0.169779 0.149296279097 0.26571 0.287066 0.312059 0.341706 0.377444 0.421365 0.476646 0.548354 0.645094 0.78276
1.85004900711 0.240489 0.165954 0.146223358291 0.258712 0.279795 0.304466 0.333732 0.369007 0.412356 0.466916 0.537685 0.633155 0.769008
1.86750229963 0.233809 0.162188 0.143200119917 0.251789 0.272588 0.296927 0.325796 0.360591 0.40335 0.457162 0.526959 0.621115 0.755092
1.88495559215 0.227212 0.158478 0.140222510291 0.24494 0.265446 0.289442 0.317901 0.352201 0.394349 0.44739 0.516183 0.608981 0.741022
1.90240888467 0.2207 0.154821 0.137286655051 0.238168 0.258372 0.282013 0.310051 0.34384 0.385357 0.437604 0.505362 0.596761 0.726806
1.91986217719 0.214274 0.151213 0.134388854441 0.231474 0.251368 0.274644 0.302246 0.33551 0.37638 0.427808 0.494503 0.584463 0.712456
1.93731546971 0.207933 0.147653 0.131525606906 0.224859 0.244434 0.267335 0.294492 0.327216 0.36742 0.418009 0.483612 0.572095 0.697983
1.95476876223 0.201681 0.144138 0.128693599655 0.218325 0.237572 0.260089 0.286789 0.31896 0.358483 0.408211 0.472696 0.559666 0.683396
1.97222205475 0.195516 0.140665 0.125889722817 0.211872 0.230785 0.252908 0.27914 0.310745 0.349571 0.398419 0.46176 0.547183 0.668707
1.98967534727 0.189441 0.137233 0.123111069441 0.205502 0.224073 0.245795 0.271548 0.302576 0.340689 0.388639 0.450811 0.534654 0.653926
2.00712863979 0.183456 0.133838 0.120354954372 0.199216 0.217438 0.23875 0.264016 0.294454 0.331842 0.378875 0.439856 0.522089 0.639065
2.02458193231 0.177562 0.13048 0.117618895377 0.193015 0.210882 0.231776 0.256546 0.286384 0.323032 0.369133 0.428901 0.509495 0.624135
2.04203522483 0.171759 0.127155 0.114900632018 0.186901 0.204406 0.224876 0.249141 0.278369 0.314266 0.359418 0.417954 0.496882 0.609148
2.05948851735 0.166048 0.123864 0.112198120936 0.180874 0.198011 0.218051 0.241803 0.270412 0.305545 0.349736 0.40702 0.484258 0.594114
2.07694180987 0.160431 0.120603 0.109509540566 0.174936 0.1917 0.211303 0.234535 0.262516 0.296876 0.340091 0.396107 0.471632 0.579045
2.09439510239 0.154907 0.117372 0.106833291142 0.169087 0.185474 0.204634 0.22734 0.254685 0.288262 0.330489 0.385222 0.459012 0.563954
2.11184839491 0.149478 0.11417 0.104167999412 0.163328 0.179334 0.198046 0.22022 0.246922 0.279707 0.320935 0.374371 0.446407 0.548851
2.12930168743 0.144144 0.110996 0.101512499766 0.157662 0.173282 0.191542 0.213178 0.23923 0.271215 0.311435 0.36356 0.433827 0.533748
2.14675497995 0.138905 0.107849 0.0988658578258 0.152087 0.167319 0.185122 0.206215 0.231612 0.262791 0.301994 0.352798 0.42128 0.518658
2.16420827247 0.133763 0.104728 0.0962273468537 0.146606 0.161445 0.178789 0.199336 0.224073 0.254438 0.292617 0.34209 0.408774 0.503591
2.18166156499 0.128717 0.101632 0.0935964666276 0.14122 0.155664 0.172544 0.192541 0.216614 0.246162 0.283309 0.331444 0.396319 0.48856
2.19911485751 0.123768 0.0985623 0.0909729151268 0.135929 0.149976 0.166391 0.185834 0.209239 0.237965 0.274077 0.320866 0.383924 0.473576
2.21656815003 0.118916 0.0955175 0.0883566121269 0.130733 0.144382 0.160329 0.179217 0.201951 0.229852 0.264924 0.310363 0.371597 0.458651
2.23402144255 0.114163 0.0924979 0.0857476614477 0.125635 0.138883 0.154361 0.172692 0.194754 0.221828 0.255857 0.299941 0.359347 0.443797
2.25147473507 0.109508 0.0895037 0.0831463839862 0.120634 0.133481 0.14849 0.166263 0.187651 0.213895 0.24688 0.289609 0.347183 0.429026
2.26892802759 0.104952 0.0865351 0.0805532846837 0.115731 0.128177 0.142715 0.15993 0.180644 0.206059 0.237999 0.279371 0.335114 0.414348
2.28638132011 0.100495 0.0835926 0.0779690478061 0.110928 0.122972 0.13704 0.153696 0.173737 0.198323 0.229219 0.269235 0.323148 0.399777
2.30383461263 0.0961374 0.0806766 0.0753945463827 0.106224 0.117868 0.131466 0.147564 0.166932 0.190691 0.220544 0.259208 0.311294 0.385322
2.32128790515 0.0918793 0.0777881 0.07283081861 0.10162 0.112864 0.125994 0.141536 0.160233 0.183167 0.211981 0.249295 0.299561 0.370996
2.33874119767 0.087721 0.0749276 0.0702790678526 0.097118 0.107963 0.120626 0.135614 0.153642 0.175754 0.203533 0.239504 0.287956 0.35681
2.35619449019 0.0836627 0.0720963 0.0677406579234 0.0927169 0.103165 0.115364 0.1298 0.147163 0.168457 0.195205 0.22984 0.276488 0.342774
2.37364778271 0.0797047 0.0692951 0.0652170942077 0.0884179 0.0984719 0.110208 0.124096 0.140798 0.161278 0.187004 0.22031 0.265166 0.328901
2.39110107523 0.0758468 0.0665253 0.0627100189441 0.0842214 0.0938833 0.105161 0.118504 0.134549 0.154223 0.178932 0.210919 0.253996 0.315199
2.40855436775 0.0720893 0.0637881 0.0602212112241 0.0801278 0.0894008 0.100223 0.113026 0.12842 0.147293 0.170994 0.201675 0.242988 0.301682
2.42600766027 0.0684323 0.0610851 0.0577525586784 0.0761376 0.0850252 0.0953962 0.107664 0.122413 0.140493 0.163196 0.192582 0.23215 0.288358
2.44346095279 0.0648756 0.0584176 0.055306062195 0.0722512 0.0807572 0.0906816 0.10242 0.11653 0.133826 0.155542 0.183648 0.221488 0.275238
2.46091424531 0.0614194 0.0557872 0.0528838217631 0.0684688 0.0765975 0.0860805 0.0972953 0.110775 0.127295 0.148036 0.174876 0.21101 0.262333
2.47836753783 0.0580635 0.0531956 0.0504880223147 0.0647907 0.0725468 0.0815939 0.0922919 0.105148 0.120904 0.140682 0.166274 0.200724 0.249652
2.49582083035 0.0548078 0.0506444 0.0481209290064 0.0612172 0.0686058 0.077223 0.0874113 0.0996537 0.114655 0.133484 0.157846 0.190637 0.237205
2.51327412287 0.0516522 0.0481355 0.0457848683428 0.0577484 0.064775 0.0729688 0.0826551 0.0942929 0.108551 0.126446 0.149597 0.180756 0.225001
2.53072741539 0.0485965 0.0456706 0.0434822234573 0.0543846 0.0610549 0.0688322 0.0780248 0.089068 0.102596 0.119573 0.141534 0.171087 0.21305
2.54818070791 0.0456405 0.0432517 0.041215419955 0.0511257 0.0574461 0.0648141 0.0735219 0.0839811 0.0967924 0.112867 0.133659 0.161637 0.20136
2.56563400043 0.042784 0.0408806 0.0389869211938 0.047972 0.0539489 0.0609155 0.0691476 0.0790341 0.0911423 0.106333 0.12598 0.152413 0.18994
2.58308729295 0.0400266 0.0385592 0.0367991952503 0.0449233 0.0505637 0.057137 0.0649032 0.0742288 0.0856486 0.0999739 0.118499 0.143421 0.178799
2.60054058547 0.037368 0.0362896 0.0346547290777 0.0419797 0.0472908 0.0534794 0.0607899 0.069567 0.0803137 0.0937929 0.111222 0.134667 0.167945
2.61799387799 0.0348079 0.0340736 0.0325560143483 0.0391411 0.0441305 0.0499434 0.0568088 0.0650504 0.0751399 0.0877932 0.104152 0.126155 0.157384
2.63544717051 0.0323458 0.0319132 0.0305055097007 0.0364073 0.041083 0.0465294 0.052961 0.0606805 0.0701294 0.0819779 0.0972942 0.117893 0.147126
2.65290046303 0.0299814 0.0298104 0.0285056643354 0.0337781 0.0381484 0.043238 0.0492472 0.0564586 0.0652844 0.0763497 0.0906519 0.109885 0.137176
2.67035375555 0.027714 0.027767 0.0265588755431 0.0312534 0.0353267 0.0400696 0.0456684 0.0523862 0.0606065 0.0709114 0.0842289 0.102135 0.127542
2.68780704807 0.0255431 0.0257849 0.0246675028618 0.0288328 0.032618 0.0370244 0.0422252 0.0484644 0.0560977 0.0656653 0.0780284 0.0946496 0.11823
2.70526034059 0.0234682 0.0238661 0.0228338397626 0.026516 0.0300221 0.0341029 0.0389183 0.0446942 0.0517596 0.060614 0.0720538 0.0874318 0.109246
2.72271363311 0.0214886 0.0220123 0.0210601089302 0.0243026 0.027539 0.031305 0.0357483 0.0410767 0.0475936 0.0557593 0.0663079 0.0804861 0.100596
2.74016692563 0.0196037 0.0202251 0.0193484528254 0.0221921 0.0251683 0.028631 0.0327154 0.0376126 0.0436011 0.0511034 0.0607935 0.0738161 0.0922849
2.75762021815 0.0178127 0.0185065 0.0177009195271 0.020184 0.02291 0.0260808 0.0298202 0.0343027 0.0397832 0.0466479 0.0555131 0.0674255 0.0843176
2.77507351067 0.0161149 0.0168578 0.0161194532947 0.0182778 0.0207636 0.0236543 0.0270626 0.0311476 0.0361409 0.0423944 0.0504689 0.0613173 0.0766988
2.79252680319 0.0145094 0.0152807 0.0146058804106 0.0164727 0.0187286 0.0213513 0.024443 0.0281476 0.0326751 0.0383442 0.0456629 0.0554944 0.0694323
2.80998009571 0.0129954 0.0137766 0.0131619138995 0.0147682 0.0168046 0.0191717 0.0219612 0.0253031 0.0293865 0.0344985 0.0410969 0.0499594 0.0625219
2.82743338823 0.0115719 0.0123468 0.0117891252137 0.0131634 0.0149911 0.0171149 0.0196172 0.0226142 0.0262755 0.0308581 0.0367722 0.0447143 0.0559707
2.84488668075 0.010238 0.0109926 0.0104889442334 0.0116575 0.0132872 0.0151805 0.0174106 0.020081 0.0233425 0.0274239 0.0326901 0.0397611 0.0497813
2.86233997327 0.00899267 0.00971495 0.009262645109 0.0102497 0.0116924 0.0133679 0.0153411 0.0177032 0.0205875 0.0241961 0.0288515 0.0351011 0.043956
2.87979326579 0.00783475 0.00851496 0.0081113509807 0.00893887 0.0102057 0.0116766 0.0134082 0.0154806 0.0180105 0.0211751 0.0252568 0.0307354 0.0384966
2.89724655831 0.00676312 0.00739343 0.00703600094465 0.00772406 0.00882624 0.0101055 0.0116112 0.0134127 0.0156114 0.0183609 0.0219066 0.0266647 0.0334043
2.91469985083 0.00577658 0.00635105 0.00603736892931 0.00660413 0.007553 0.00865399 0.0099494 0.0114989 0.0133895 0.0157532 0.0188006 0.0228893 0.0286797
2.93215314335 0.00487384 0.00538838 0.00511602122384 0.00557789 0.00638487 0.00732089 0.00842184 0.00973834 0.0113442 0.0133514 0.0159386 0.0194091 0.0243232
2.94960643587 0.00405356 0.0045058 0.00427234951154 0.00464406 0.00532062 0.00610509 0.00702748 0.00813009 0.00947465 0.0111548 0.0133199 0.0162237 0.0203345
2.96705972839 0.00331433 0.00370351 0.00350652839824 0.00380127 0.00435895 0.00500533 0.00576508 0.00667297 0.00777973 0.00916235 0.0109436 0.013332 0.0167125
2.98451302091 0.00265464 0.00298158 0.00281852013132 0.00304805 0.00349842 0.00402021 0.00463328 0.00536562 0.0062581 0.00737268 0.00880822 0.0107326 0.0134558
3.00196631343 0.00207292 0.00233983 0.00220806044253 0.00238285 0.00273749 0.00314819 0.00363053 0.0042065 0.00490815 0.00578415 0.00691208 0.00842372 0.0105624
3.01941960595 0.00156749 0.00177792 0.00167465854794 0.00180399 0.00207447 0.00238755 0.00275509 0.0031938 0.00372804 0.00439479 0.00525303 0.00640293 0.00802944
3.03687289847 0.0011366 0.00129527 0.00121757355261 0.00130969 0.00150755 0.00173647 0.00200507 0.00232553 0.00271563 0.0032023 0.00382855 0.00466736 0.00585355
3.05432619099 0.000778343 0.000891095 0.000835800293304 0.000898035 0.00103477 0.00119288 0.00137831 0.00159943 0.00186848 0.00220401 0.00263561 0.00321353 0.00403057
3.07177948351 0.000490723 0.000564348 0.000528059900404 0.000566957 0.000653992 0.000754569 0.000872456 0.00101297 0.00118385 0.00139686 0.00167075 0.00203737 0.00255554
3.08923277603 0.000271575 0.000313711 0.000292766764324 0.000314224 0.000362878 0.000419066 0.000484882 0.000563282 0.000658577 0.000777308 0.00092991 0.0011341 0.0014226
3.10668606855 0.000118548 0.000137548 0.000127990782927 0.000137384 0.000158855 0.000183632 0.000212632 0.000247155 0.000289092 0.000341313 0.000408399 0.000498127 0.000624857
3.12413936107 2.90315e-05 3.38368e-05 3.13818562962e-05 3.37058e-05 3.90286e-05 4.51649e-05 5.23413e-05 6.08772e-05 7.12387e-05 8.4133e-05 0.000100688 0.000122819 0.000154064
3.14159265359 0.0 0.0 0.0 0.0 0.0 0.0 0.0 0.0 0.0 0.0 0.0 0.0 0.0
