alpha phi_iso phi_ray phi_vec g0=0.1 g0=0.2 g0=0.3 g0=0.4 g0=0.5 g0=0.6 g0=0.7 g0=0.8 g0=0.9 g0=1.0
0.0 1.0 1.0 1.0 1.0 1.0 1.0 1.0 1.0 1.0 1.0 1.0 1.0 1.0
0.0174532925199 0.999767 0.999685 0.999654629594 0.999776 0.999785 0.999795 0.999806 0.999818 0.999831 0.999845 0.999861 0.999879 0.9999
0.0349065850399 0.999097 0.998776 0.998652912696 0.999129 0.999164 0.999203 0.999244 0.999289 0.999339 0.999394 0.999456 0.999526 0.999605
0.0523598775598 0.998029 0.997326 0.997045183023 0.998099 0.998174 0.998256 0.998344 0.998441 0.998548 0.998666 0.998799 0.998949 0.999121
0.0698131700798 0.996598 0.995378 0.99487176061 0.996715 0.996842 0.99698 0.99713 0.997294 0.997475 0.997676 0.997902 0.998158 0.998451
0.0872664625997 0.994823 0.992959 0.992161007556 0.994998 0.995187 0.995392 0.995616 0.995862 0.996133 0.996435 0.996774 0.997158 0.997598
0.10471975512 0.992721 0.99009 0.988933607702 0.992962 0.993222 0.993505 0.993815 0.994155 0.99453 0.994949 0.99542 0.995954 0.996566
0.12217304764 0.990302 0.986787 0.985206799843 0.990617 0.990958 0.991329 0.991735 0.992181 0.992675 0.993226 0.993846 0.99455 0.995359
0.13962634016 0.987577 0.983066 0.980996645377 0.987974 0.988404 0.988872 0.989385 0.989949 0.990574 0.991272 0.992058 0.992951 0.993978
0.157079632679 0.984555 0.97894 0.976318893925 0.985041 0.985569 0.986143 0.986772 0.987465 0.988234 0.989093 0.99006 0.991161 0.992427
0.174532925199 0.981247 0.974424 0.971189200218 0.981829 0.982461 0.98315 0.983905 0.984737 0.985661 0.986694 0.987858 0.989184 0.99071
0.191986217719 0.97766 0.96953 0.965623176384 0.978345 0.979089 0.9799 0.980789 0.981771 0.982861 0.98408 0.985456 0.987023 0.988828
0.209439510239 0.973804 0.964273 0.959636382266 0.974598 0.975459 0.9764 0.977433 0.978573 0.97984 0.981257 0.982858 0.984682 0.986785
0.226892802759 0.969687 0.958665 0.953244323482 0.970594 0.971581 0.972659 0.973843 0.97515 0.976603 0.978231 0.980069 0.982165 0.984583
0.244346095279 0.965316 0.95272 0.946462457242 0.966344 0.967461 0.968683 0.970024 0.971507 0.973156 0.975005 0.977093 0.979476 0.982225
0.261799387799 0.9607 0.94645 0.939306205895 0.961853 0.963107 0.964478 0.965985 0.967651 0.969505 0.971584 0.973934 0.976617 0.979713
0.279252680319 0.955847 0.939869 0.931790960808 0.957129 0.958525 0.960052 0.961731 0.963588 0.965655 0.967974 0.970597 0.973592 0.97705
0.296705972839 0.950762 0.932988 0.923932086236 0.952179 0.953722 0.95541 0.957267 0.959322 0.961611 0.964179 0.967085 0.970404 0.974238
0.314159265359 0.945455 0.925821 0.915744923195 0.94701 0.948704 0.950559 0.9526 0.95486 0.957377 0.960203 0.963401 0.967056 0.97128
0.331612557879 0.93993 0.918378 0.907244783655 0.941628 0.943478 0.945505 0.947736 0.950206 0.952959 0.95605 0.95955 0.963552 0.968177
0.349065850399 0.934197 0.910674 0.898446942792 0.936041 0.938051 0.940254 0.942679 0.945365 0.948361 0.951725 0.955536 0.959893 0.964932
0.366519142919 0.92826 0.902719 0.889366637051 0.930254 0.932428 0.934811 0.937436 0.940344 0.943588 0.947232 0.951361 0.956083 0.961546
0.383972435439 0.922128 0.894525 0.880019050592 0.924274 0.926616 0.929183 0.932011 0.935146 0.938644 0.942574 0.947029 0.952126 0.958022
0.401425727959 0.915805 0.886105 0.870419301734 0.918108 0.92062 0.923375 0.926411 0.929777 0.933534 0.937757 0.942543 0.948022 0.954362
0.418879020479 0.9093 0.877471 0.860582429398 0.91176 0.914446 0.917392 0.92064 0.924242 0.928262 0.932782 0.937908 0.943776 0.950568
0.436332312999 0.902617 0.868633 0.850523385364 0.905238 0.908101 0.911241 0.914703 0.918544 0.922832 0.927655 0.933125 0.939388 0.94664
0.453785605519 0.895763 0.859603 0.840257011028 0.898547 0.901588 0.904925 0.908606 0.912689 0.917249 0.922379 0.928198 0.934864 0.942582
0.471238898038 0.888744 0.850393 0.829798027727 0.891693 0.894915 0.898451 0.902352 0.906681 0.911517 0.916958 0.923131 0.930203 0.938395
0.488692190558 0.881566 0.841015 0.819161017364 0.884682 0.888087 0.891824 0.895948 0.900525 0.905639 0.911394 0.917926 0.92541 0.93408
0.506145483078 0.874235 0.831478 0.8083604108 0.877519 0.881108 0.885049 0.889398 0.894226 0.89962 0.905693 0.912586 0.920486 0.929639
0.523598775598 0.866757 0.821795 0.797410468478 0.87021 0.873985 0.87813 0.882706 0.887786 0.893464 0.899857 0.907114 0.915433 0.925074
0.541052068118 0.859137 0.811975 0.786325268813 0.862761 0.866722 0.871073 0.875877 0.881211 0.887174 0.893889 0.901514 0.910254 0.920386
0.558505360638 0.851382 0.80203 0.775118684949 0.855176 0.859325 0.863883 0.868916 0.874506 0.880755 0.887794 0.895787 0.904952 0.915577
0.575958653158 0.843496 0.79197 0.763804382823 0.847462 0.851799 0.856564 0.861827 0.867673 0.87421 0.881573 0.889937 0.899528 0.910648
0.593411945678 0.835486 0.781806 0.752395792119 0.839623 0.844149 0.849121 0.854614 0.860717 0.867542 0.875231 0.883966 0.893984 0.905601
0.610865238198 0.827356 0.771547 0.74090609852 0.831665 0.836379 0.84156 0.847283 0.853643 0.860757 0.868771 0.877878 0.888323 0.900437
0.628318530718 0.819112 0.761204 0.729348232091 0.823593 0.828495 0.833884 0.839837 0.846454 0.853856 0.862196 0.871674 0.882547 0.895158
0.645771823238 0.810759 0.750786 0.717734849848 0.815412 0.820502 0.826098 0.832281 0.839154 0.846843 0.855509 0.865358 0.876657 0.889765
0.663225115758 0.802303 0.740303 0.706078322205 0.807126 0.812404 0.818206 0.824619 0.831747 0.839723 0.848714 0.858931 0.870656 0.88426
0.680678408278 0.793749 0.729764 0.69439072329 0.798742 0.804206 0.810214 0.816855 0.824237 0.832499 0.841812 0.852398 0.864547 0.878643
0.698131700798 0.785101 0.719179 0.682683821262 0.790263 0.795912 0.802125 0.808992 0.816628 0.825174 0.834808 0.84576 0.85833 0.872917
0.715584993318 0.776365 0.708556 0.670969057012 0.781695 0.787528 0.793944 0.801037 0.808923 0.817751 0.827704 0.839019 0.852008 0.867082
0.733038285838 0.767546 0.697904 0.659257548032 0.773042 0.779058 0.785675 0.792991 0.801127 0.810234 0.820503 0.832179 0.845583 0.86114
0.750491578358 0.758649 0.687231 0.647560067116 0.764309 0.770506 0.777322 0.78486 0.793242 0.802626 0.813209 0.825242 0.839057 0.855093
0.767944870878 0.749678 0.676546 0.635887042361 0.755501 0.761877 0.76889 0.776646 0.785273 0.794931 0.805823 0.81821 0.832432 0.848941
0.785398163397 0.740638 0.665857 0.624248537798 0.746622 0.753174 0.760383 0.768355 0.777223 0.787152 0.79835 0.811086 0.82571 0.842687
0.802851455917 0.731534 0.655172 0.612654257271 0.737677 0.744404 0.751805 0.75999 0.769096 0.779291 0.790792 0.803872 0.818893 0.836331
0.820304748437 0.722371 0.644497 0.601113532811 0.72867 0.735569 0.743159 0.751554 0.760894 0.771353 0.783151 0.796571 0.811982 0.829876
0.837758040957 0.713153 0.633841 0.589635318832 0.719606 0.726673 0.73445 0.743052 0.752623 0.763341 0.775432 0.789185 0.804981 0.823322
0.855211333477 0.703885 0.62321 0.578228186319 0.710489 0.717722 0.725682 0.734487 0.744284 0.755257 0.767635 0.781717 0.79789 0.816671
0.872664625997 0.694571 0.612611 0.566900318954 0.701323 0.708719 0.716859 0.725863 0.735882 0.747104 0.759765 0.774169 0.790712 0.809924
0.890117918517 0.685215 0.602051 0.555659509246 0.692113 0.699668 0.707984 0.717183 0.72742 0.738886 0.751824 0.766542 0.783449 0.803083
0.907571211037 0.675823 0.591535 0.544513160465 0.682862 0.690574 0.699061 0.708452 0.718902 0.730607 0.743814 0.758841 0.776102 0.79615
0.925024503557 0.666397 0.58107 0.533468276962 0.673575 0.681439 0.690095 0.699672 0.710329 0.722268 0.735739 0.751067 0.768675 0.789125
0.942477796077 0.656943 0.570662 0.522531466102 0.664257 0.672269 0.681088 0.690847 0.701707 0.713873 0.727602 0.743223 0.761168 0.782011
0.959931088597 0.647464 0.560316 0.511708942139 0.65491 0.663066 0.672045 0.68198 0.693038 0.705425 0.719404 0.735311 0.753584 0.774809
0.977384381117 0.637965 0.550037 0.501006520407 0.645538 0.653835 0.662969 0.673076 0.684325 0.696927 0.711149 0.727333 0.745925 0.767521
0.994837673637 0.62845 0.53983 0.490429619255 0.636147 0.64458 0.653864 0.664137 0.675572 0.688382 0.70284 0.719292 0.738193 0.760149
1.01229096616 0.618922 0.5297 0.479983269732 0.626739 0.635304 0.644733 0.655167 0.666781 0.679793 0.694478 0.71119 0.73039 0.752693
1.02974425868 0.609385 0.519652 0.469672105902 0.617318 0.62601 0.63558 0.646169 0.657957 0.671163 0.686068 0.70303 0.722518 0.745157
1.0471975512 0.599844 0.509689 0.459500376462 0.607889 0.616703 0.626407 0.637147 0.649101 0.662495 0.677611 0.694814 0.71458 0.737541
1.06465084372 0.590302 0.499815 0.44947194862 0.598454 0.607386 0.61722 0.628103 0.640218 0.653791 0.66911 0.686545 0.706577 0.729848
1.08210413624 0.580763 0.490034 0.439590310027 0.589017 0.598062 0.60802 0.619041 0.631309 0.645055 0.660569 0.678225 0.698511 0.722078
1.09955742876 0.57123 0.48035 0.429858570715 0.579583 0.588735 0.598812 0.609965 0.622379 0.636289 0.651988 0.669856 0.690386 0.714236
1.11701072128 0.561708 0.470765 0.420279482462 0.570154 0.579409 0.589599 0.600876 0.61343 0.627496 0.643372 0.661441 0.682202 0.706321
1.1344640138 0.552199 0.461283 0.410855429108 0.560733 0.570086 0.580383 0.591779 0.604465 0.61868 0.634723 0.652983 0.673963 0.698336
1.15191730632 0.542706 0.451906 0.401588442052 0.551325 0.56077 0.571168 0.582676 0.595488 0.609842 0.626044 0.644483 0.66567 0.690284
1.16937059884 0.533235 0.442637 0.392480213801 0.541933 0.551464 0.561957 0.573571 0.5865 0.600986 0.617336 0.635945 0.657326 0.682166
1.18682389136 0.523787 0.433478 0.383532092165 0.532559 0.542171 0.552754 0.564467 0.577506 0.592115 0.608604 0.627371 0.648934 0.673984
1.20427718388 0.514366 0.42443 0.37474509962 0.523207 0.532895 0.543561 0.555366 0.568507 0.583231 0.599849 0.618763 0.640495 0.665741
1.2217304764 0.504976 0.415497 0.366119941055 0.513881 0.523638 0.534382 0.546271 0.559507 0.574337 0.591075 0.610124 0.632012 0.657438
1.23918376892 0.495619 0.406679 0.357657015391 0.504583 0.514405 0.525218 0.537186 0.550509 0.565436 0.582283 0.601457 0.623487 0.649079
1.25663706144 0.486299 0.397977 0.34935641558 0.495316 0.505196 0.516074 0.528113 0.541515 0.55653 0.573477 0.592763 0.614923 0.640664
1.27409035396 0.477018 0.389394 0.341217953781 0.486083 0.496017 0.506953 0.519056 0.532528 0.547623 0.564659 0.584046 0.606322 0.632198
1.29154364648 0.46778 0.380929 0.333241163295 0.476888 0.486869 0.497856 0.510016 0.523551 0.538716 0.555831 0.575309 0.597687 0.623681
1.308996939 0.458588 0.372584 0.325425310186 0.467734 0.477755 0.488788 0.500997 0.514587 0.529814 0.546997 0.566553 0.58902 0.615117
1.32645023152 0.449444 0.364359 0.317769412644 0.458622 0.468679 0.47975 0.492002 0.505639 0.520917 0.53816 0.557781 0.580324 0.606508
1.34390352404 0.440351 0.356254 0.310272240987 0.449556 0.459642 0.470745 0.483032 0.496709 0.51203 0.529321 0.548997 0.571601 0.597857
1.36135681656 0.431312 0.348271 0.302932342833 0.440539 0.450648 0.461777 0.474092 0.487799 0.503154 0.520483 0.540202 0.562854 0.589165
1.37881010908 0.422329 0.340408 0.295748045039 0.431572 0.441699 0.452847 0.465183 0.478913 0.494293 0.511649 0.531399 0.554086 0.580437
1.3962634016 0.413406 0.332667 0.288717473067 0.42266 0.432799 0.443959 0.456308 0.470053 0.485449 0.502822 0.522591 0.545299 0.571673
1.41371669412 0.404544 0.325045 0.281838560661 0.413804 0.423949 0.435115 0.44747 0.461221 0.476624 0.494005 0.51378 0.536496 0.562878
1.43116998664 0.395747 0.317545 0.275109063409 0.405007 0.415151 0.426317 0.438672 0.452421 0.467821 0.485199 0.50497 0.52768 0.554054
1.44862327916 0.387016 0.310164 0.268526574231 0.396271 0.40641 0.417569 0.429915 0.443654 0.459044 0.476407 0.496162 0.518853 0.545203
1.46607657168 0.378354 0.302902 0.26208852919 0.387599 0.397726 0.408871 0.421202 0.434924 0.450293 0.467633 0.48736 0.510018 0.536329
1.4835298642 0.369764 0.295758 0.255792232668 0.378993 0.389102 0.400228 0.412536 0.426233 0.441572 0.458879 0.478567 0.501178 0.527434
1.50098315672 0.361247 0.288733 0.249634859299 0.370455 0.380541 0.391641 0.40392 0.417583 0.432884 0.450147 0.469784 0.492336 0.518522
1.51843644924 0.352805 0.281824 0.243613473336 0.361987 0.372044 0.383112 0.395355 0.408976 0.424231 0.44144 0.461015 0.483494 0.509595
1.53588974176 0.344442 0.27503 0.237725036399 0.353593 0.363615 0.374644 0.386843 0.400416 0.415615 0.43276 0.452262 0.474656 0.500656
1.55334303427 0.336158 0.268351 0.231966428773 0.345273 0.355255 0.366239 0.378388 0.391904 0.407039 0.424111 0.443528 0.465824 0.491709
1.57079632679 0.327956 0.261785 0.226334453284 0.337029 0.346966 0.357899 0.369991 0.383443 0.398505 0.415494 0.434816 0.457001 0.482756
1.58824961931 0.319838 0.255331 0.220825852724 0.328865 0.33875 0.349626 0.361654 0.375035 0.390016 0.406912 0.426128 0.44819 0.4738
1.60570291183 0.311805 0.248988 0.215437321474 0.320781 0.330609 0.341422 0.35338 0.366682 0.381574 0.398368 0.417467 0.439394 0.464845
1.62315620435 0.303859 0.242753 0.210165517122 0.312779 0.322546 0.33329 0.345172 0.358387 0.373181 0.389865 0.408836 0.430615 0.455893
1.64060949687 0.296003 0.236627 0.205007075952 0.304862 0.314562 0.325231 0.33703 0.350152 0.364841 0.381404 0.400238 0.421858 0.446949
1.65806278939 0.288238 0.230607 0.199958616822 0.297031 0.306659 0.317248 0.328957 0.341979 0.356554 0.372989 0.391675 0.413123 0.438015
1.67551608191 0.280565 0.224691 0.195016758589 0.289288 0.298838 0.309342 0.320956 0.33387 0.348325 0.364622 0.38315 0.404416 0.429094
1.69296937443 0.272986 0.218879 0.190178133665 0.281635 0.291102 0.301515 0.313027 0.325828 0.340154 0.356305 0.374666 0.395738 0.420189
1.71042266695 0.265502 0.213168 0.185439386082 0.274072 0.283453 0.293769 0.305173 0.317854 0.332044 0.348041 0.366225 0.387092 0.411304
1.72787595947 0.258115 0.207557 0.180797202474 0.266602 0.275891 0.286106 0.297397 0.30995 0.323997 0.339832 0.35783 0.378482 0.402442
1.74532925199 0.250826 0.202044 0.176248298523 0.259226 0.268419 0.278527 0.289699 0.302119 0.316016 0.331681 0.349483 0.36991 0.393607
1.76278254451 0.243637 0.196628 0.171789448008 0.251945 0.261037 0.271034 0.282082 0.294363 0.308103 0.323589 0.341188 0.36138 0.384801
1.78023583703 0.236548 0.191306 0.167417480864 0.244761 0.253748 0.263628 0.274547 0.286683 0.30026 0.31556 0.332947 0.352893 0.376028
1.79768912955 0.229562 0.186078 0.163129294806 0.237676 0.246553 0.256312 0.267096 0.279081 0.292488 0.307596 0.324763 0.344454 0.367292
1.81514242207 0.222678 0.180942 0.158921866944 0.230689 0.239453 0.249087 0.259731 0.27156 0.284791 0.299699 0.316637 0.336065 0.358595
1.83259571459 0.215899 0.175897 0.154792253786 0.223803 0.23245 0.241953 0.252453 0.264121 0.27717 0.291872 0.308574 0.327729 0.34994
1.85004900711 0.209224 0.170939 0.150737604792 0.217018 0.225544 0.234914 0.245264 0.256765 0.269627 0.284116 0.300574 0.319448 0.341332
1.86750229963 0.202656 0.166069 0.146755168184 0.210337 0.218738 0.227969 0.238166 0.249495 0.262164 0.276434 0.292642 0.311227 0.332773
1.88495559215 0.196194 0.161284 0.142842298693 0.203759 0.212031 0.221121 0.23116 0.242313 0.254783 0.268828 0.284779 0.303067 0.324267
1.90240888467 0.18984 0.156584 0.138996453682 0.197285 0.205426 0.21437 0.224248 0.23522 0.247486 0.2613 0.276987 0.294972 0.315817
1.91986217719 0.183595 0.151966 0.135215214455 0.190917 0.198923 0.207718 0.21743 0.228217 0.240275 0.253853 0.26927 0.286943 0.307426
1.93731546971 0.177458 0.147429 0.131496272692 0.184655 0.192523 0.201166 0.210709 0.221306 0.233151 0.246488 0.26163 0.278986 0.299098
1.95476876223 0.171432 0.142973 0.127837453695 0.178501 0.186228 0.194715 0.204085 0.214489 0.226117 0.239208 0.254069 0.271101 0.290835
1.97222205475 0.165516 0.138595 0.124236702829 0.172454 0.180038 0.188366 0.19756 0.207767 0.219174 0.232015 0.24659 0.263291 0.282641
1.98967534727 0.15971 0.134294 0.120692097142 0.166516 0.173953 0.182121 0.191135 0.201142 0.212324 0.22491 0.239194 0.25556 0.27452
2.00712863979 0.154016 0.13007 0.117201851174 0.160686 0.167976 0.175979 0.184811 0.194615 0.205569 0.217896 0.231884 0.24791 0.266473
2.02458193231 0.148434 0.125921 0.113764309209 0.154967 0.162105 0.169942 0.17859 0.188188 0.198909 0.210974 0.224663 0.240344 0.258505
2.04203522483 0.142963 0.121846 0.110377953026 0.149357 0.156343 0.164011 0.172472 0.181861 0.192347 0.204146 0.217532 0.232864 0.250618
2.05948851735 0.137605 0.117844 0.107041401894 0.143858 0.15069 0.158187 0.166458 0.175635 0.185885 0.197415 0.210494 0.225472 0.242815
2.07694180987 0.132359 0.113914 0.103753414512 0.13847 0.145145 0.15247 0.160549 0.169513 0.179523 0.190781 0.203551 0.218172 0.2351
2.09439510239 0.127226 0.110055 0.100512883196 0.133193 0.13971 0.146861 0.154747 0.163495 0.173263 0.184247 0.196704 0.210966 0.227475
2.11184839491 0.122205 0.106266 0.0973188396935 0.128028 0.134386 0.141361 0.149052 0.157583 0.167106 0.177815 0.189957 0.203857 0.219944
2.12930168743 0.117298 0.102548 0.0941704493689 0.122974 0.129172 0.13597 0.143465 0.151777 0.161054 0.171485 0.183311 0.196846 0.212509
2.14675497995 0.112503 0.0988978 0.0910670112063 0.118032 0.124068 0.130688 0.137986 0.146078 0.155108 0.16526 0.176767 0.189935 0.205172
2.16420827247 0.107821 0.0953164 0.0880079578088 0.113202 0.119076 0.125517 0.132616 0.140487 0.149269 0.15914 0.170328 0.183129 0.197937
2.18166156499 0.103251 0.0918027 0.0849928457161 0.108484 0.114195 0.120456 0.127357 0.135005 0.143539 0.153128 0.163995 0.176427 0.190807
2.19911485751 0.0987938 0.0883562 0.082021365087 0.103878 0.109426 0.115507 0.122207 0.129634 0.137917 0.147225 0.157771 0.169833 0.183784
2.21656815003 0.0944486 0.0849766 0.0790933183974 0.0993837 0.104767 0.110668 0.117169 0.124372 0.132406 0.141432 0.151656 0.163349 0.17687
2.23402144255 0.0902153 0.0816634 0.0762086320603 0.095001 0.100221 0.105941 0.112242 0.119222 0.127006 0.13575 0.145653 0.156976 0.170068
2.25147473507 0.0860935 0.0784163 0.0733673467422 0.0907298 0.0957859 0.101326 0.107427 0.114185 0.121719 0.130181 0.139763 0.150718 0.16338
2.26892802759 0.0820828 0.0752352 0.0705696057447 0.0865699 0.0914624 0.0968218 0.102723 0.109259 0.116545 0.124725 0.133987 0.144574 0.15681
2.28638132011 0.0781826 0.0721197 0.0678156646869 0.0825209 0.0872502 0.09243 0.0981325 0.104447 0.111484 0.119384 0.128328 0.138548 0.150358
2.30383461263 0.0743926 0.0690696 0.0651058702037 0.0785825 0.0831492 0.0881499 0.0936542 0.099748 0.106538 0.114159 0.122785 0.132641 0.144028
2.32128790515 0.0707122 0.066085 0.0624406638191 0.0747542 0.079159 0.0839815 0.0892887 0.095163 0.101707 0.109051 0.117362 0.126855 0.137821
2.33874119767 0.0671406 0.0631657 0.0598205741996 0.0710357 0.0752795 0.0799248 0.0850359 0.0906921 0.0969921 0.104061 0.112058 0.121191 0.13174
2.35619449019 0.0636773 0.0603117 0.0572462055359 0.0674264 0.0715102 0.0759795 0.080896 0.0863357 0.0923933 0.0991884 0.106874 0.115652 0.125786
2.37364778271 0.0603215 0.057523 0.0547182375422 0.0639256 0.0678508 0.0721455 0.0768689 0.0820939 0.0879111 0.0944353 0.101813 0.110237 0.119961
2.39110107523 0.0570724 0.0547996 0.0522374177106 0.0605328 0.0643007 0.0684224 0.0729545 0.0779668 0.083546 0.0898019 0.0968749 0.104949 0.114267
2.40855436775 0.0539292 0.0521417 0.0498045496921 0.0572474 0.0608595 0.0648099 0.0691527 0.0739545 0.0792983 0.0852889 0.0920605 0.0997883 0.108705
2.42600766027 0.0508912 0.0495495 0.0474204874867 0.0540685 0.0575265 0.0613076 0.0654633 0.0700571 0.0751683 0.0808968 0.0873706 0.094757 0.103278
2.44346095279 0.0479572 0.0470229 0.0450861315706 0.0509955 0.0543013 0.0579151 0.061886 0.0662745 0.0711561 0.076626 0.0828061 0.0898557 0.0979865
2.46091424531 0.0451265 0.0445623 0.0428024172772 0.0480274 0.051183 0.0546318 0.0584204 0.0626065 0.0672618 0.0724768 0.0783676 0.0850856 0.092832
2.47836753783 0.0423979 0.0421678 0.0405703070511 0.0451634 0.048171 0.0514571 0.0550663 0.059053 0.0634855 0.0684496 0.0740557 0.0804473 0.0878157
2.49582083035 0.0397703 0.0398395 0.0383907865748 0.0424025 0.0452644 0.0483905 0.051823 0.0556136 0.059827 0.0645445 0.0698707 0.0759418 0.0829389
2.51327412287 0.0372427 0.0375778 0.0362648531501 0.0397438 0.0424624 0.0454312 0.0486901 0.0522881 0.0562863 0.0607617 0.0658132 0.0715697 0.0782025
2.53072741539 0.0348139 0.0353827 0.0341935060151 0.0371862 0.0397641 0.0425785 0.0456671 0.049076 0.0528631 0.0571011 0.0618834 0.0673316 0.0736075
2.54818070791 0.0324827 0.0332546 0.0321777444079 0.0347286 0.0371685 0.0398316 0.0427531 0.0459769 0.0495573 0.0535628 0.0580814 0.0632279 0.0691547
2.56563400043 0.0302478 0.0311935 0.0302185559477 0.0323699 0.0346747 0.0371895 0.0399477 0.0429903 0.0463684 0.0501465 0.0544075 0.0592591 0.0648448
2.58308729295 0.0281079 0.0291999 0.028316906952 0.030109 0.0322816 0.0346515 0.0372499 0.0401154 0.043296 0.0468522 0.0508616 0.0554255 0.0606785
2.60054058547 0.0260618 0.0272737 0.0264737366272 0.0279445 0.0299881 0.0322165 0.034659 0.0373518 0.0403397 0.0436795 0.0474437 0.0517273 0.0566561
2.61799387799 0.0241079 0.0254152 0.0246899512592 0.0258753 0.027793 0.0298835 0.0321741 0.0346986 0.0374989 0.040628 0.0441537 0.0481645 0.0527781
2.63544717051 0.022245 0.0236246 0.0229664145304 0.0239 0.0256952 0.0276514 0.0297943 0.0321551 0.034773 0.0376973 0.0409912 0.0447371 0.0490447
2.65290046303 0.0204716 0.0219019 0.0213039397744 0.0220173 0.0236933 0.0255191 0.0275184 0.0297203 0.0321612 0.0348868 0.0379559 0.041445 0.045456
2.67035375555 0.018786 0.0202472 0.0197032783562 0.0202257 0.0217861 0.0234854 0.0253455 0.0273934 0.0296627 0.0321959 0.0350473 0.038288 0.042012
2.68780704807 0.0171869 0.0186607 0.0181651254822 0.0185237 0.0199722 0.021549 0.0232744 0.0251733 0.0272767 0.0296239 0.032265 0.0352655 0.0387125
2.70526034059 0.0156725 0.0171422 0.0166900988985 0.0169099 0.0182502 0.0197087 0.0213039 0.0230589 0.0250022 0.0271699 0.0296082 0.0323773 0.0355573
2.72271363311 0.0142413 0.0156918 0.0152787388909 0.0153828 0.0166187 0.017963 0.0194328 0.0210491 0.0228382 0.0248331 0.0270762 0.0296227 0.0325459
2.74016692563 0.0128917 0.0143094 0.0139315024753 0.0139407 0.0150761 0.0163105 0.0176596 0.0191427 0.0207836 0.0226126 0.0246682 0.027001 0.0296779
2.75762021815 0.0116218 0.0129948 0.0126487537152 0.0125821 0.0136208 0.0147498 0.0159832 0.0173384 0.0188372 0.0205071 0.0223832 0.0245114 0.0269526
2.77507351067 0.01043 0.0117479 0.0114307617852 0.0113052 0.0122514 0.0132794 0.0144019 0.0156348 0.0169978 0.0185156 0.0202202 0.022153 0.0243692
2.79252680319 0.00931458 0.0105683 0.010277693225 0.0101083 0.0109662 0.0118977 0.0129144 0.0140306 0.0152639 0.0166368 0.018178 0.0199247 0.0219267
2.80998009571 0.00827364 0.00945584 0.00918960419334 0.00898977 0.0097634 0.010603 0.011519 0.0125242 0.0136343 0.0148695 0.0162554 0.0178255 0.0196242
2.82743338823 0.00730535 0.00841 0.00816643853149 0.00794774 0.00864136 0.00939378 0.0102142 0.0111141 0.0121074 0.0132121 0.014451 0.0158539 0.0174604
2.84488668075 0.00640788 0.00743036 0.00720802389024 0.00698042 0.00759829 0.00826819 0.00899829 0.00979861 0.0106817 0.0116632 0.0127634 0.0140087 0.0154341
2.86233997327 0.00557928 0.00651635 0.00631406398383 0.00608591 0.00663236 0.00722449 0.00786948 0.00857612 0.00935539 0.0102211 0.0111911 0.0122883 0.0135436
2.87979326579 0.00481763 0.00566733 0.00548413471702 0.00526232 0.00574169 0.00626084 0.006826 0.00744484 0.00812691 0.00888424 0.00973226 0.0106911 0.0117875
2.89724655831 0.00412095 0.0048826 0.00471768418499 0.00450772 0.00492438 0.00537536 0.00586601 0.00640295 0.0069944 0.00765073 0.00838526 0.00921532 0.010164
2.91469985083 0.00348724 0.00416133 0.00401402299086 0.0038201 0.00417847 0.00456611 0.00498758 0.00544853 0.00595596 0.00651873 0.00714817 0.00785906 0.00867106
2.93215314335 0.00291445 0.00350263 0.00337232618221 0.00319747 0.00350197 0.00383111 0.00418875 0.00457963 0.00500965 0.00548626 0.00601901 0.00662034 0.0073068
2.94960643587 0.00240052 0.0029055 0.00279162744149 0.00263775 0.00289281 0.00316832 0.00346747 0.0037942 0.00415341 0.00455126 0.00499569 0.00549702 0.00606897
2.96705972839 0.00194333 0.00236882 0.00227081714957 0.00213886 0.00234891 0.00257564 0.00282165 0.00309013 0.00338509 0.00371157 0.004076 0.00448682 0.00495522
2.98451302091 0.00154076 0.0018914 0.00180863657622 0.00169865 0.00186814 0.00205094 0.00224912 0.00246525 0.00270251 0.00296492 0.00325763 0.00358736 0.00396306
3.00196631343 0.00119062 0.00147191 0.00140367788005 0.00131495 0.0014483 0.001592 0.00174766 0.00191728 0.00210333 0.00230894 0.00253812 0.00279609 0.00308981
3.01941960595 0.00089069 0.00110891 0.00105437636253 0.000985528 0.00108715 0.00119656 0.00131497 0.00144389 0.00158516 0.00174116 0.0019149 0.00211032 0.00233264
3.03687289847 0.000638725 0.000800847 0.000759006594982 0.000708116 0.000782398 0.000862292 0.000948677 0.00104263 0.0011455 0.00125899 0.00138528 0.00152719 0.00168852
3.05432619099 0.000432413 0.000546029 0.000515682418524 0.000480384 0.00053168 0.000586793 0.000646321 0.000710998 0.000781743 0.000859711 0.000946386 0.0010437 0.00115424
3.07177948351 0.000269394 0.00034262 0.000322333706024 0.000299943 0.00033257 0.000367584 0.000405359 0.000446356 0.000491148 0.000540461 0.000595224 0.00065665 0.000726352
3.08923277603 0.000147239 0.000188626 0.000176708298589 0.000164328 0.000182556 0.000202091 0.00022314 0.000245954 0.00027085 0.000298227 0.000328595 0.00036262 0.000401188
3.10668606855 6.3429e-05 8.18647e-05 7.63332754027e-05 7.09773e-05 7.90163e-05 8.7619e-05 9.68743e-05 0.000106892 0.000117808 0.000129796 0.000143076 0.000157938 0.000174764
3.12413936107 1.53123e-05 1.99172e-05 1.84723505522e-05 1.7186e-05 1.91777e-05 2.13054e-05 2.35904e-05 2.60593e-05 2.87454e-05 3.16903e-05 3.49478e-05 3.85879e-05 4.27037e-05
3.14159265359 0.0 0.0 0.0 0.0 0.0 0.0 0.0 0.0 0.0 0.0 0.0 0.0 0.0
