alpha phi_iso phi_ray phi_vec g0=0.1 g0=0.2 g0=0.3 g0=0.4 g0=0.5 g0=0.6 g0=0.7 g0=0.8 g0=0.9 g0=1.0
0.0 1.0 1.0 1.0 1.0 1.0 1.0 1.0 1.0 1.0 1.0 1.0 1.0 1.0
0.0174532925199 0.999775 0.9997 0.999670612949 0.999783 0.999791 0.9998 0.99981 0.99982 0.999831 0.999843 0.999857 0.999872 0.999889
0.0349065850399 0.999125 0.998835 0.998713677032 0.999155 0.999187 0.999221 0.999257 0.999296 0.999339 0.999386 0.999438 0.999495 0.999559
0.0523598775598 0.998087 0.99745 0.997174832415 0.998151 0.998218 0.99829 0.998368 0.998452 0.998544 0.998644 0.998755 0.998877 0.999015
0.0698131700798 0.99669 0.995584 0.995090678987 0.996796 0.99691 0.997031 0.997163 0.997305 0.997461 0.997631 0.997818 0.998027 0.998261
0.0872664625997 0.994952 0.993264 0.992487084402 0.99511 0.995278 0.99546 0.995656 0.995868 0.9961 0.996355 0.996636 0.996949 0.9973
0.10471975512 0.992887 0.990507 0.989383035804 0.993104 0.993336 0.993586 0.993857 0.99415 0.994471 0.994823 0.995213 0.995647 0.996135
0.12217304764 0.990506 0.987329 0.98579446764 0.990789 0.991093 0.99142 0.991774 0.992159 0.99258 0.993042 0.993555 0.994126 0.994769
0.13962634016 0.987818 0.983742 0.981736293379 0.988174 0.988556 0.988968 0.989415 0.989901 0.990432 0.991018 0.991666 0.99239 0.993205
0.157079632679 0.984832 0.979761 0.977223173805 0.985267 0.985735 0.98624 0.986787 0.987383 0.988036 0.988754 0.989552 0.990442 0.991446
0.174532925199 0.981558 0.975398 0.972269723608 0.982078 0.982637 0.983242 0.983897 0.984612 0.985395 0.986258 0.987216 0.988288 0.989496
0.191986217719 0.978002 0.970666 0.966890542106 0.978613 0.979271 0.979981 0.980753 0.981594 0.982517 0.983535 0.984665 0.985929 0.987357
0.209439510239 0.974174 0.965578 0.961100214964 0.974881 0.975642 0.976465 0.977359 0.978335 0.979406 0.980588 0.981901 0.983371 0.985032
0.226892802759 0.97008 0.960144 0.95491329882 0.970888 0.971758 0.9727 0.973724 0.974841 0.976068 0.977423 0.97893 0.980617 0.982524
0.244346095279 0.96573 0.954379 0.948344338361 0.966643 0.967628 0.968693 0.969852 0.971119 0.972509 0.974046 0.975755 0.977671 0.979837
0.261799387799 0.96113 0.948293 0.941407862907 0.962153 0.963256 0.964451 0.965751 0.967172 0.968734 0.97046 0.972381 0.974536 0.976972
0.279252680319 0.956287 0.941899 0.934118398365 0.957424 0.95865 0.95998 0.961426 0.963008 0.964748 0.966671 0.968813 0.971215 0.973934
0.296705972839 0.951209 0.935209 0.926490465521 0.952463 0.953817 0.955285 0.956884 0.958632 0.960555 0.962683 0.965053 0.967713 0.970724
0.314159265359 0.945902 0.928233 0.918538581742 0.947277 0.948763 0.950374 0.952129 0.954049 0.956162 0.958501 0.961106 0.964032 0.967345
0.331612557879 0.940373 0.920984 0.910277252449 0.941873 0.943494 0.945252 0.947167 0.949264 0.951572 0.954128 0.956977 0.960176 0.963801
0.349065850399 0.93463 0.913474 0.901720972816 0.936257 0.938016 0.939924 0.942005 0.944283 0.946792 0.94957 0.952668 0.956149 0.960093
0.366519142919 0.928678 0.905713 0.892884210699 0.930435 0.932335 0.934398 0.936647 0.939111 0.941824 0.944831 0.948184 0.951953 0.956225
0.383972435439 0.922524 0.897713 0.883781399811 0.924414 0.926458 0.928678 0.931099 0.933752 0.936675 0.939915 0.943529 0.947592 0.9522
0.401425727959 0.916174 0.889486 0.874426931179 0.9182 0.920391 0.922771 0.925367 0.928213 0.931349 0.934826 0.938706 0.94307 0.948019
0.418879020479 0.909636 0.881042 0.864835129246 0.911798 0.914138 0.916681 0.919455 0.922497 0.92585 0.929569 0.93372 0.938389 0.943686
0.436332312999 0.902914 0.872393 0.85502025016 0.905215 0.907707 0.910414 0.913369 0.91661 0.920183 0.924147 0.928573 0.933552 0.939203
0.453785605519 0.896015 0.863548 0.844996459583 0.898458 0.901102 0.903976 0.907114 0.910557 0.914353 0.918565 0.923269 0.928563 0.934572
0.471238898038 0.888946 0.854521 0.834777817323 0.89153 0.894329 0.897372 0.900695 0.904341 0.908363 0.912827 0.917812 0.923425 0.929797
0.488692190558 0.881712 0.84532 0.824378270503 0.88444 0.887395 0.890608 0.894118 0.89797 0.902219 0.906936 0.912207 0.918141 0.924879
0.506145483078 0.874319 0.835958 0.813811626246 0.877192 0.880304 0.883689 0.887386 0.891445 0.895925 0.900897 0.906455 0.912713 0.919822
0.523598775598 0.866774 0.826443 0.803091546553 0.869791 0.873062 0.876619 0.880506 0.884774 0.889484 0.894714 0.900561 0.907146 0.914627
0.541052068118 0.859081 0.816787 0.792231529522 0.862245 0.865674 0.869405 0.873482 0.877959 0.882902 0.888391 0.894528 0.901441 0.909297
0.558505360638 0.851247 0.807 0.781244892276 0.854557 0.858145 0.86205 0.866318 0.871006 0.876182 0.881931 0.88836 0.895603 0.903835
0.575958653158 0.843278 0.797092 0.770144757299 0.846734 0.850482 0.854561 0.859021 0.863919 0.869329 0.875338 0.882059 0.889633 0.898242
0.593411945678 0.835178 0.787073 0.758944038787 0.838782 0.842689 0.846943 0.851593 0.856703 0.862346 0.868617 0.87563 0.883536 0.892522
0.610865238198 0.826955 0.776953 0.747655434101 0.830705 0.834771 0.839199 0.844041 0.849362 0.855239 0.86177 0.869077 0.877313 0.886677
0.628318530718 0.818612 0.766742 0.736291398165 0.822508 0.826734 0.831336 0.836369 0.8419 0.84801 0.854802 0.862401 0.870968 0.880709
0.645771823238 0.810156 0.756448 0.724864138342 0.814198 0.818583 0.823358 0.828581 0.834322 0.840665 0.847716 0.855606 0.864503 0.874621
0.663225115758 0.801592 0.746081 0.713385604185 0.805779 0.810322 0.81527 0.820682 0.826632 0.833207 0.840516 0.848697 0.857922 0.868415
0.680678408278 0.792926 0.735651 0.701867466958 0.797257 0.801957 0.807076 0.812677 0.818834 0.825639 0.833206 0.841675 0.851227 0.862093
0.698131700798 0.784162 0.725165 0.690321119628 0.788637 0.793492 0.798781 0.804569 0.810933 0.817967 0.825789 0.834545 0.844421 0.855657
0.715584993318 0.775306 0.714634 0.678757652968 0.779923 0.784933 0.790391 0.796364 0.802933 0.810194 0.818269 0.827309 0.837508 0.849111
0.733038285838 0.766364 0.704065 0.667187858967 0.771121 0.776284 0.781909 0.788067 0.794838 0.802324 0.810649 0.819972 0.830489 0.842456
0.750491578358 0.757339 0.693466 0.655622206933 0.762235 0.76755 0.773341 0.77968 0.786651 0.79436 0.802934 0.812535 0.823368 0.835695
0.767944870878 0.748238 0.682847 0.644070850317 0.753271 0.758735 0.76469 0.771209 0.778378 0.786307 0.795126 0.805002 0.816147 0.828831
0.785398163397 0.739065 0.672213 0.632543607935 0.744234 0.749846 0.755962 0.762657 0.770023 0.778168 0.787229 0.797377 0.808829 0.821864
0.802851455917 0.729826 0.661574 0.621049957138 0.735128 0.740885 0.74716 0.75403 0.761588 0.769947 0.779247 0.789663 0.801418 0.814799
0.820304748437 0.720524 0.650937 0.609599033813 0.725958 0.731858 0.738289 0.745331 0.753079 0.761648 0.771182 0.781862 0.793916 0.807637
0.837758040957 0.711165 0.640309 0.59819962214 0.716728 0.722769 0.729354 0.736565 0.744498 0.753274 0.763039 0.773978 0.786325 0.800381
0.855211333477 0.701754 0.629696 0.58686014605 0.707444 0.713622 0.720359 0.727735 0.735851 0.74483 0.754821 0.766014 0.778648 0.793033
0.872664625997 0.692296 0.619107 0.575588672646 0.698109 0.704423 0.711307 0.718846 0.727141 0.736318 0.746531 0.757973 0.770889 0.785596
0.890117918517 0.682794 0.608546 0.564392903663 0.688729 0.695175 0.702204 0.709901 0.718372 0.727743 0.738173 0.749858 0.76305 0.778071
0.907571211037 0.673254 0.59802 0.553280173763 0.679308 0.685883 0.693053 0.700905 0.709547 0.719108 0.729749 0.741673 0.755134 0.770462
0.925024503557 0.663681 0.587536 0.542257447117 0.66985 0.676551 0.683858 0.691862 0.70067 0.710416 0.721264 0.733419 0.747143 0.762771
0.942477796077 0.654077 0.577099 0.531331319114 0.660359 0.667183 0.674624 0.682775 0.691746 0.701672 0.71272 0.725101 0.73908 0.755
0.959931088597 0.644449 0.566715 0.520508012949 0.65084 0.657783 0.665355 0.673648 0.682777 0.692878 0.704122 0.716722 0.730949 0.747152
0.977384381117 0.6348 0.556388 0.509793379617 0.641298 0.648356 0.656054 0.664486 0.673767 0.684038 0.695471 0.708284 0.722751 0.739229
0.994837673637 0.625135 0.546125 0.499192899628 0.631735 0.638905 0.646725 0.655292 0.664721 0.675156 0.686772 0.69979 0.714491 0.731233
1.01229096616 0.615458 0.535929 0.48871168812 0.622157 0.629435 0.637373 0.646069 0.655641 0.666235 0.678028 0.691244 0.706169 0.723168
1.02974425868 0.605772 0.525806 0.478354489746 0.612567 0.619949 0.628001 0.636822 0.646532 0.657278 0.669241 0.682649 0.69779 0.715035
1.0471975512 0.596082 0.51576 0.468125685498 0.602969 0.610451 0.618613 0.627554 0.637396 0.648289 0.660416 0.674007 0.689356 0.706838
1.06465084372 0.586393 0.505795 0.458029296121 0.593368 0.600946 0.609212 0.618268 0.628237 0.639271 0.651554 0.665322 0.680869 0.698579
1.08210413624 0.576707 0.495914 0.448068990653 0.583767 0.591437 0.599803 0.608969 0.619059 0.630227 0.64266 0.656596 0.672333 0.69026
1.09955742876 0.56703 0.486122 0.438248079594 0.574169 0.581927 0.590389 0.599659 0.609865 0.621161 0.633737 0.647832 0.663751 0.681883
1.11701072128 0.557364 0.476422 0.428569531979 0.56458 0.57242 0.580973 0.590343 0.600659 0.612076 0.624787 0.639035 0.655125 0.673453
1.1344640138 0.547713 0.466816 0.419035977087 0.555002 0.562921 0.571559 0.581024 0.591443 0.602975 0.615814 0.630205 0.646457 0.66497
1.15191730632 0.538082 0.457309 0.409649707851 0.545438 0.553432 0.562151 0.571704 0.582221 0.593861 0.606821 0.621347 0.637752 0.656439
1.16937059884 0.528473 0.447902 0.400412694524 0.535894 0.543957 0.552752 0.562388 0.572997 0.584738 0.597811 0.612463 0.629011 0.64786
1.18682389136 0.518891 0.438598 0.391326584673 0.526371 0.534499 0.543365 0.553079 0.563773 0.575608 0.588786 0.603557 0.620237 0.639238
1.20427718388 0.509338 0.4294 0.382392720252 0.516874 0.525062 0.533994 0.54378 0.554553 0.566476 0.579751 0.59463 0.611434 0.630575
1.2217304764 0.499819 0.42031 0.373612134194 0.507406 0.515649 0.524642 0.534493 0.545339 0.557343 0.570708 0.585687 0.602604 0.621874
1.23918376892 0.490336 0.411329 0.364985574305 0.49797 0.506264 0.515311 0.525224 0.536136 0.548213 0.561659 0.57673 0.59375 0.613136
1.25663706144 0.480894 0.402459 0.356513498148 0.488569 0.496909 0.506007 0.515974 0.526946 0.539089 0.552609 0.567762 0.584874 0.604366
1.27409035396 0.471494 0.393702 0.348196095237 0.479208 0.487589 0.496731 0.506746 0.517772 0.529974 0.543559 0.558786 0.57598 0.595565
1.29154364648 0.46214 0.385059 0.340033285326 0.469888 0.478305 0.487486 0.497544 0.508617 0.520871 0.534514 0.549804 0.56707 0.586737
1.308996939 0.452836 0.376531 0.33202474061 0.460612 0.469061 0.478276 0.488371 0.499484 0.511783 0.525475 0.54082 0.558148 0.577884
1.32645023152 0.443584 0.368119 0.324169885721 0.451385 0.459859 0.469103 0.47923 0.490377 0.502713 0.516446 0.531836 0.549216 0.569009
1.34390352404 0.434388 0.359824 0.316467919924 0.442208 0.450704 0.459971 0.470123 0.481297 0.493663 0.507429 0.522856 0.540276 0.560116
1.36135681656 0.425249 0.351647 0.308917817118 0.433085 0.441598 0.450882 0.461053 0.472248 0.484637 0.498428 0.513882 0.531332 0.551206
1.37881010908 0.416172 0.343588 0.301518342908 0.424018 0.432543 0.44184 0.452024 0.463233 0.475637 0.489444 0.504917 0.522387 0.542283
1.3962634016 0.407158 0.335647 0.294268069973 0.415011 0.423542 0.432846 0.443037 0.454254 0.466666 0.480482 0.495964 0.513443 0.533349
1.41371669412 0.398211 0.327824 0.287165383183 0.406065 0.414598 0.423904 0.434096 0.445315 0.457727 0.471544 0.487025 0.504504 0.524408
1.43116998664 0.389332 0.32012 0.280208491558 0.397184 0.405714 0.415016 0.425204 0.436417 0.448823 0.462632 0.478104 0.495572 0.515462
1.44862327916 0.380525 0.312535 0.273395448748 0.38837 0.396892 0.406185 0.416363 0.427564 0.439956 0.453749 0.469203 0.486649 0.506514
1.46607657168 0.371792 0.305067 0.266724153038 0.379626 0.388134 0.397413 0.407575 0.418757 0.431129 0.444898 0.460325 0.47774 0.497567
1.4835298642 0.363135 0.297718 0.26019237125 0.370953 0.379444 0.388703 0.398843 0.410001 0.422345 0.436082 0.451473 0.468845 0.488625
1.50098315672 0.354557 0.290486 0.253797738741 0.362355 0.370823 0.380057 0.39017 0.401297 0.413606 0.427304 0.442649 0.45997 0.479689
1.51843644924 0.34606 0.28337 0.247537785015 0.353833 0.362275 0.371478 0.381557 0.392647 0.404914 0.418565 0.433856 0.451116 0.470764
1.53588974176 0.337646 0.276371 0.241409932012 0.34539 0.3538 0.362969 0.373008 0.384055 0.396273 0.409869 0.425098 0.442285 0.461851
1.55334303427 0.329317 0.269487 0.235411516309 0.337028 0.345401 0.35453 0.364525 0.375522 0.387685 0.401218 0.416375 0.433482 0.452954
1.57079632679 0.321075 0.262718 0.229539795945 0.328749 0.337081 0.346165 0.35611 0.367051 0.379151 0.392614 0.407692 0.424708 0.444075
1.58824961931 0.312922 0.256062 0.223791962372 0.320554 0.328841 0.337875 0.347764 0.358644 0.370675 0.38406 0.399051 0.415966 0.435218
1.60570291183 0.30486 0.249519 0.218165152409 0.312447 0.320684 0.329662 0.339491 0.350303 0.362259 0.37556 0.390454 0.40726 0.426386
1.62315620435 0.296891 0.243088 0.212656463608 0.304429 0.312611 0.32153 0.331293 0.342031 0.353906 0.367114 0.381904 0.398591 0.417581
1.64060949687 0.289017 0.236767 0.20726295425 0.296501 0.304625 0.313479 0.323171 0.333831 0.345617 0.358726 0.373404 0.389964 0.408807
1.65806278939 0.281239 0.230555 0.201981668958 0.288666 0.296727 0.305512 0.315128 0.325703 0.337394 0.350397 0.364956 0.381379 0.400066
1.67551608191 0.273559 0.224451 0.196809633576 0.280924 0.288919 0.297631 0.307165 0.31765 0.329241 0.342131 0.356563 0.372841 0.391361
1.69296937443 0.265978 0.218455 0.191743879067 0.273279 0.281203 0.289836 0.299285 0.309674 0.321159 0.33393 0.348227 0.364352 0.382696
1.71042266695 0.258499 0.212563 0.186781443227 0.265731 0.27358 0.282131 0.291489 0.301777 0.31315 0.325795 0.33995 0.355914 0.374072
1.72787595947 0.251121 0.206776 0.181919382629 0.258281 0.266051 0.274516 0.283779 0.293962 0.305216 0.31773 0.331735 0.34753 0.365494
1.74532925199 0.243847 0.201092 0.177154781167 0.250932 0.25862 0.266994 0.276157 0.286229 0.29736 0.309736 0.323585 0.339202 0.356964
1.76278254451 0.236679 0.195509 0.172484760292 0.243685 0.251286 0.259566 0.268624 0.278581 0.289584 0.301815 0.315502 0.330934 0.348484
1.78023583703 0.229616 0.190027 0.167906485847 0.23654 0.244051 0.252233 0.261182 0.271019 0.281888 0.29397 0.307488 0.322728 0.340058
1.79768912955 0.22266 0.184643 0.163417176605 0.229499 0.236917 0.244997 0.253834 0.263546 0.274276 0.286202 0.299545 0.314587 0.331688
1.81514242207 0.215813 0.179356 0.15901411109 0.222563 0.229885 0.237859 0.246579 0.256162 0.266749 0.278514 0.291676 0.306512 0.323378
1.83259571459 0.209075 0.174166 0.15469463783 0.215734 0.222956 0.230821 0.239421 0.24887 0.259309 0.270908 0.283883 0.298506 0.315129
1.85004900711 0.202447 0.16907 0.150456178768 0.209012 0.216132 0.223883 0.232359 0.241672 0.251957 0.263386 0.276168 0.290573 0.306946
1.86750229963 0.19593 0.164068 0.146296234381 0.202398 0.209412 0.217048 0.225396 0.234567 0.244696 0.255949 0.268533 0.282713 0.298829
1.88495559215 0.189525 0.159157 0.142212393929 0.195894 0.202799 0.210316 0.218533 0.227559 0.237527 0.248599 0.260981 0.274931 0.290783
1.90240888467 0.183232 0.154337 0.138202338867 0.189499 0.196293 0.203688 0.211771 0.220649 0.230452 0.241339 0.253513 0.267227 0.28281
1.91986217719 0.177053 0.149607 0.134263844553 0.183215 0.189895 0.197165 0.205111 0.213837 0.223471 0.23417 0.246132 0.259605 0.274912
1.93731546971 0.170987 0.144965 0.130394790491 0.177043 0.183607 0.190749 0.198555 0.207126 0.216588 0.227094 0.238839 0.252066 0.267092
1.95476876223 0.165036 0.140409 0.126593158626 0.170983 0.177428 0.18444 0.192103 0.200516 0.209802 0.220113 0.231636 0.244613 0.259353
1.97222205475 0.159199 0.135939 0.122857038462 0.165035 0.171359 0.178239 0.185757 0.194009 0.203116 0.213227 0.224526 0.237249 0.251697
1.98967534727 0.153477 0.131554 0.119184633895 0.159201 0.165402 0.172147 0.179517 0.187605 0.196531 0.206439 0.21751 0.229974 0.244126
2.00712863979 0.147871 0.127252 0.115574258091 0.15348 0.159556 0.166165 0.173384 0.181307 0.190048 0.19975 0.21059 0.222791 0.236644
2.02458193231 0.14238 0.123032 0.112024342018 0.147873 0.153823 0.160293 0.16736 0.175114 0.183669 0.193162 0.203767 0.215703 0.229252
2.04203522483 0.137005 0.118894 0.108533432746 0.14238 0.148202 0.154532 0.161444 0.169028 0.177394 0.186676 0.197044 0.208711 0.221953
2.05948851735 0.131746 0.114836 0.105100191731 0.137002 0.142694 0.148882 0.155638 0.16305 0.171225 0.180294 0.190421 0.201817 0.214749
2.07694180987 0.126603 0.110857 0.101723401654 0.131738 0.137299 0.143344 0.149943 0.157181 0.165163 0.174016 0.183902 0.195023 0.207642
2.09439510239 0.121576 0.106956 0.0984019612897 0.12659 0.132018 0.137918 0.144358 0.151421 0.159208 0.167844 0.177486 0.188331 0.200635
2.11184839491 0.116665 0.103133 0.095134888928 0.121556 0.126851 0.132605 0.138885 0.145771 0.153362 0.16178 0.171176 0.181743 0.193729
2.12930168743 0.111869 0.0993871 0.0919213155413 0.116637 0.121798 0.127405 0.133524 0.140232 0.147626 0.155824 0.164972 0.17526 0.186927
2.14675497995 0.107189 0.0957168 0.0887604882 0.111834 0.116859 0.122319 0.128275 0.134805 0.142 0.149977 0.158877 0.168884 0.180231
2.16420827247 0.102625 0.0921217 0.0856517666578 0.107144 0.112034 0.117346 0.123139 0.129489 0.136486 0.14424 0.152892 0.162617 0.173642
2.18166156499 0.0981753 0.0886012 0.0825946216445 0.10257 0.107323 0.112486 0.118116 0.124286 0.131083 0.138615 0.147017 0.156459 0.167163
2.19911485751 0.0938404 0.0851545 0.0795886314513 0.0981094 0.102727 0.10774 0.113207 0.119196 0.125793 0.133103 0.141254 0.150414 0.160795
2.21656815003 0.0896198 0.0817812 0.0766334768086 0.093763 0.0982434 0.103107 0.10841 0.11422 0.120617 0.127703 0.135604 0.144481 0.15454
2.23402144255 0.0855128 0.0784808 0.0737289408866 0.0895303 0.0938739 0.0985886 0.103728 0.109356 0.115554 0.122417 0.130069 0.138663 0.1484
2.25147473507 0.0815191 0.0752527 0.0708749041724 0.0854108 0.0896178 0.0941831 0.0991587 0.104607 0.110605 0.117246 0.124648 0.132961 0.142377
2.26892802759 0.077638 0.0720965 0.068071339349 0.0814042 0.0854746 0.089891 0.0947033 0.0999718 0.10577 0.112189 0.119343 0.127375 0.136471
2.28638132011 0.0738688 0.0690118 0.0653183095873 0.0775097 0.0814441 0.0857119 0.0903615 0.0954507 0.101051 0.107249 0.114155 0.121908 0.130685
2.30383461263 0.0702108 0.0659982 0.0626159548879 0.0737269 0.0775257 0.0816456 0.0861331 0.0910439 0.0964464 0.102425 0.109085 0.116559 0.12502
2.32128790515 0.0666632 0.0630554 0.0599645023246 0.0700552 0.073719 0.0776917 0.0820179 0.0867513 0.0919575 0.0977175 0.104132 0.11133 0.119477
2.33874119767 0.0632253 0.0601831 0.0573642438499 0.0664937 0.0700234 0.0738498 0.0780158 0.0825729 0.0875841 0.0931271 0.0992989 0.106223 0.114057
2.35619449019 0.0598961 0.057381 0.0548155431235 0.0630419 0.0664383 0.0701195 0.0741264 0.0785086 0.0833263 0.088654 0.0945849 0.101237 0.108761
2.37364778271 0.0566747 0.054649 0.052318820147 0.0596988 0.062963 0.0665001 0.0703494 0.0745581 0.079184 0.0842985 0.0899906 0.0963733 0.103592
2.39110107523 0.0535602 0.0519867 0.0498745546782 0.0564635 0.0595968 0.0629912 0.0666842 0.0707212 0.0751573 0.0800607 0.0855166 0.0916329 0.0985483
2.40855436775 0.0505515 0.0493941 0.0474832708654 0.0533353 0.0563389 0.0595921 0.0631306 0.0669977 0.071246 0.0759408 0.0811632 0.0870163 0.0936325
2.42600766027 0.0476475 0.046871 0.0451455372472 0.0503132 0.0531886 0.0563021 0.0596879 0.0633871 0.06745 0.0719387 0.0769307 0.082524 0.0888449
2.44346095279 0.0448472 0.0444173 0.0428619582161 0.0473961 0.0501448 0.0531205 0.0563555 0.059889 0.063769 0.0680545 0.0728192 0.0781564 0.0841864
2.46091424531 0.0421493 0.0420327 0.0406331603597 0.044583 0.0472068 0.0500464 0.0531327 0.056503 0.0602027 0.064288 0.0688288 0.0739139 0.0796575
2.47836753783 0.0395527 0.0397173 0.0384598009974 0.0418728 0.0443735 0.0470791 0.050019 0.0532285 0.0567508 0.060639 0.0649596 0.0697967 0.0752588
2.49582083035 0.0370561 0.0374709 0.0363425425708 0.0392643 0.0416438 0.0442176 0.0470134 0.0500648 0.0534126 0.0571072 0.0612114 0.0658051 0.0709907
2.51327412287 0.0346581 0.0352934 0.0342820645944 0.0367564 0.0390167 0.0414609 0.0441153 0.0470114 0.0501879 0.0536923 0.0575843 0.0619391 0.0668535
2.53072741539 0.0323574 0.0331847 0.0322790397537 0.0343477 0.036491 0.0388081 0.0413236 0.0440673 0.0470758 0.050394 0.0540779 0.0581987 0.0628476
2.54818070791 0.0301526 0.0311447 0.0303341356119 0.032037 0.0340656 0.036258 0.0386374 0.0412319 0.0440759 0.0472117 0.050692 0.0545838 0.0589731
2.56563400043 0.0280423 0.0291734 0.0284480094887 0.0298229 0.0317392 0.0338095 0.0360558 0.0385043 0.0411875 0.0441449 0.0474262 0.0510943 0.0552301
2.58308729295 0.026025 0.0272706 0.0266212965083 0.0277041 0.0295105 0.0314616 0.0335777 0.0358836 0.0384096 0.0411929 0.0442801 0.04773 0.0516185
2.60054058547 0.0240993 0.0254361 0.0248546027704 0.0256791 0.0273783 0.0292128 0.031202 0.0333688 0.0357416 0.0383552 0.0412532 0.0444906 0.0481383
2.61799387799 0.0222634 0.0236699 0.0231485019356 0.0237465 0.0253411 0.0270621 0.0289275 0.0309588 0.0331825 0.035631 0.0383449 0.0413756 0.0447892
2.63544717051 0.0205159 0.0219718 0.0215035266888 0.0219048 0.0233976 0.0250081 0.0267531 0.0286527 0.0307313 0.0330193 0.0355544 0.0383845 0.0415709
2.65290046303 0.0188551 0.0203415 0.0199201636172 0.0201524 0.0215462 0.0230494 0.0246775 0.0264491 0.0283871 0.0305194 0.0328812 0.0355167 0.038483
2.67035375555 0.0172794 0.018779 0.0183988429661 0.0184877 0.0197855 0.0211846 0.0226993 0.024347 0.0261487 0.0281303 0.0303242 0.0327715 0.0355249
2.68780704807 0.015787 0.0172838 0.0169399369322 0.0169092 0.0181139 0.0194122 0.0208173 0.022345 0.0240149 0.0258508 0.0278826 0.0301482 0.0326961
2.70526034059 0.0143763 0.0158558 0.0155437528335 0.0154151 0.0165299 0.0177308 0.0190299 0.0204419 0.0219845 0.0236799 0.0255554 0.0276458 0.0299959
2.72271363311 0.0130454 0.0144946 0.0142105228661 0.0140038 0.0150318 0.0161388 0.0173358 0.0186362 0.0200564 0.0216164 0.0233415 0.0252635 0.0274233
2.74016692563 0.0117925 0.0131999 0.0129404075183 0.0126735 0.013618 0.0146345 0.0157333 0.0169265 0.0182289 0.0196591 0.0212398 0.0230002 0.0249775
2.75762021815 0.010616 0.0119712 0.0117334784977 0.0114224 0.0122867 0.0132165 0.014221 0.0153113 0.0165009 0.0178066 0.0192491 0.0208547 0.0226575
2.77507351067 0.00951377 0.010808 0.0105897255604 0.0102488 0.0110362 0.0118829 0.0127972 0.0137891 0.0148708 0.0160575 0.0173679 0.0188259 0.0204621
2.79252680319 0.0084841 0.00970993 0.00950904114493 0.00915089 0.00986481 0.0106321 0.0114603 0.0123583 0.0133371 0.0144104 0.015595 0.0169124 0.01839
2.80998009571 0.00752503 0.00867632 0.00849122378725 0.00812674 0.00877065 0.00946234 0.0102085 0.0110172 0.0118982 0.0128637 0.0139289 0.0151128 0.0164401
2.82743338823 0.00663463 0.00770654 0.0075359712911 0.00717447 0.00775187 0.00837177 0.00904013 0.00976411 0.0105524 0.0114159 0.012368 0.0134256 0.0146107
2.84488668075 0.00581094 0.00679992 0.00664287389889 0.00629218 0.0068066 0.00735859 0.00795338 0.00859732 0.0092981 0.0100652 0.0109106 0.0118492 0.0129004
2.86233997327 0.00505198 0.00595567 0.00581141429168 0.0054779 0.00593293 0.0064209 0.0069464 0.00751499 0.00813341 0.00880999 0.00955514 0.010382 0.0113075
2.87979326579 0.00435573 0.00517297 0.00504096588181 0.00472966 0.0051289 0.00555678 0.0060173 0.00651525 0.00705652 0.00764834 0.00829974 0.00902216 0.0098303
2.89724655831 0.00372017 0.00445092 0.00433078256902 0.00404547 0.00439255 0.0047643 0.00516414 0.00559621 0.00606556 0.00657843 0.00714256 0.00776782 0.00846684
2.91469985083 0.00314324 0.00378852 0.00368000044773 0.00342327 0.00372186 0.00404144 0.00438494 0.00475589 0.00515857 0.00559828 0.00608164 0.00661701 0.00721517
2.93215314335 0.00262286 0.00318472 0.00308763951437 0.00286102 0.00311478 0.00338618 0.0036777 0.00399227 0.00433352 0.00470589 0.00511494 0.0055677 0.00607322
2.94960643587 0.00215694 0.00263839 0.00255259000882 0.00235663 0.00256924 0.00279646 0.00304033 0.0033033 0.00358835 0.00389917 0.00424035 0.00461773 0.00503878
2.96705972839 0.00174336 0.00214828 0.00207362095098 0.00190799 0.00208313 0.00227016 0.00247073 0.00268684 0.00292091 0.00317594 0.00345568 0.00376485 0.00410955
2.98451302091 0.00137999 0.00171311 0.00164937331154 0.00151297 0.00165432 0.00180515 0.00196675 0.00214073 0.00232901 0.00253398 0.00275863 0.00300671 0.0032831
3.00196631343 0.00106464 0.00133145 0.0012783514753 0.00116939 0.00128064 0.00139923 0.00152618 0.00166273 0.00181038 0.00197097 0.00214683 0.00234087 0.00255687
3.01941960595 0.000795129 0.0010018 0.000958933485139 0.00087506 0.000959863 0.00105018 0.00114677 0.00125056 0.00136267 0.00148451 0.0016178 0.00176475 0.00192818
3.03687289847 0.000569238 0.000722564 0.000689353968796 0.000627745 0.000689752 0.000755719 0.000826196 0.00090185 0.00098349 0.00107212 0.00116898 0.00127567 0.00139421
3.05432619099 0.000384712 0.000492017 0.000467705846167 0.000425175 0.00046801 0.000513528 0.000562104 0.000614189 0.000670333 0.000731217 0.000797688 0.000870823 0.000952004
3.07177948351 0.000239258 0.000308326 0.000291931792701 0.000265038 0.000292294 0.000321221 0.000352053 0.000385071 0.00042062 0.000459124 0.000501113 0.000547259 0.000598426
3.08923277603 0.000130535 0.000169521 0.000159808873491 0.000144964 0.000160197 0.000176341 0.000193525 0.000211902 0.000231661 0.000253035 0.000276313 0.000301864 0.000330162
3.10668606855 5.61299e-05 7.34741e-05 6.89297627128e-05 6.25065e-05 6.92279e-05 7.63401e-05 8.38981e-05 9.19684e-05 0.000100632 0.00010999 0.000120167 0.000131323 0.000143661
3.12413936107 1.35243e-05 1.78508e-05 1.66549385793e-05 1.51081e-05 1.67744e-05 1.85341e-05 2.04006e-05 2.239e-05 2.45218e-05 2.68203e-05 2.93159e-05 3.20467e-05 3.50624e-05
3.14159265359 0.0 0.0 0.0 0.0 0.0 0.0 0.0 0.0 0.0 0.0 0.0 0.0 0.0
