alpha phi_iso phi_ray phi_vec g0=0.1 g0=0.2 g0=0.3 g0=0.4 g0=0.5 g0=0.6 g0=0.7 g0=0.8 g0=0.9 g0=1.0
0.0 1.0 1.0 1.0 1.0 1.0 1.0 1.0 1.0 1.0 1.0 1.0 1.0 1.0
0.0174532925199 0.999668 0.999526 0.999518211576 0.999684 0.999703 0.999725 0.999754 0.99979 0.999839 0.999907 1.00001 1.00019 1.00055
0.0349065850399 0.99874 0.998175 0.998141868493 0.998801 0.998874 0.998963 0.999075 0.999218 0.999409 0.999678 1.00009 1.00078 1.00223
0.0523598775598 0.997312 0.996055 0.995973868131 0.997447 0.997608 0.997805 0.998051 0.998367 0.99879 0.999385 1.00029 1.00182 1.00503
0.0698131700798 0.995462 0.993249 0.993095926959 0.995697 0.995978 0.996322 0.996751 0.997303 0.998042 0.999083 1.00066 1.00335 1.00896
0.0872664625997 0.993238 0.989813 0.989562708839 0.993599 0.994031 0.994558 0.995217 0.996066 0.997203 0.998805 1.00124 1.00538 1.01402
0.10471975512 0.990672 0.985785 0.985410905953 0.991183 0.991795 0.992542 0.993477 0.994682 0.996296 0.998571 1.00203 1.00791 1.02019
0.12217304764 0.987786 0.981193 0.980668700081 0.988471 0.989291 0.990294 0.99155 0.993168 0.995336 0.998394 1.00304 1.01095 1.02746
0.13962634016 0.984598 0.976061 0.975360968691 0.985479 0.986537 0.98783 0.989449 0.991537 0.994335 0.998284 1.00428 1.0145 1.03583
0.157079632679 0.981123 0.970414 0.969511293668 0.982224 0.983546 0.985163 0.987189 0.989802 0.993304 0.998247 1.00576 1.01855 1.04527
0.174532925199 0.977378 0.964273 0.963142615055 0.978721 0.980334 0.982308 0.984781 0.987972 0.99225 0.99829 1.00747 1.02311 1.05577
0.191986217719 0.973375 0.95766 0.95627737368 0.974982 0.976912 0.979274 0.982235 0.986057 0.991181 0.998417 1.00941 1.02816 1.06729
0.209439510239 0.969127 0.950597 0.948937511159 0.971019 0.973291 0.976074 0.979561 0.984064 0.990102 0.99863 1.01159 1.03369 1.07983
0.226892802759 0.964648 0.943104 0.941144553096 0.966844 0.969483 0.972716 0.976768 0.982 0.989019 0.998933 1.01401 1.03969 1.09335
0.244346095279 0.959946 0.935202 0.932919609084 0.962467 0.965497 0.969208 0.973862 0.979872 0.987935 0.999325 1.01664 1.04617 1.10783
0.261799387799 0.955035 0.92691 0.924283467792 0.957899 0.961342 0.965561 0.970851 0.977685 0.986854 0.999808 1.01951 1.05309 1.12324
0.279252680319 0.949922 0.918248 0.915256632626 0.953148 0.957026 0.961779 0.967741 0.975442 0.985777 1.00038 1.02259 1.06045 1.13954
0.296705972839 0.944617 0.909236 0.905859297954 0.948222 0.952557 0.957871 0.964537 0.973148 0.984706 1.00104 1.02588 1.06823 1.15671
0.314159265359 0.939128 0.899892 0.896111491741 0.94313 0.947942 0.953841 0.961243 0.970806 0.983642 1.00178 1.02937 1.07642 1.1747
0.331612557879 0.933464 0.890234 0.886032992344 0.937878 0.943188 0.949696 0.957864 0.968417 0.982584 1.00261 1.03306 1.08499 1.1935
0.349065850399 0.927633 0.880282 0.875643411716 0.932475 0.9383 0.945441 0.954403 0.965984 0.981533 1.00351 1.03694 1.09394 1.21305
0.366519142919 0.921642 0.870053 0.864962135975 0.926927 0.933284 0.94108 0.950864 0.963509 0.980487 1.00448 1.04099 1.10325 1.23333
0.383972435439 0.915498 0.859566 0.854008408607 0.921239 0.928146 0.936617 0.94725 0.960992 0.979445 1.00553 1.04521 1.11289 1.2543
0.401425727959 0.909208 0.848838 0.842801271035 0.915418 0.922891 0.932057 0.943562 0.958435 0.978405 1.00664 1.04959 1.12284 1.27591
0.418879020479 0.902777 0.837886 0.831359550735 0.90947 0.917524 0.927403 0.939804 0.955836 0.977365 1.0078 1.05411 1.13309 1.29813
0.436332312999 0.896213 0.826729 0.819701908776 0.903399 0.912048 0.922658 0.935977 0.953197 0.976322 1.00902 1.05876 1.14361 1.32092
0.453785605519 0.889521 0.815383 0.807846768508 0.897211 0.906469 0.917825 0.932083 0.950517 0.975274 1.01028 1.06354 1.15438 1.34423
0.471238898038 0.882706 0.803864 0.795812339332 0.890912 0.900789 0.912907 0.928123 0.947795 0.974217 1.01158 1.06843 1.16539 1.36803
0.488692190558 0.875775 0.792191 0.783616604815 0.884505 0.895014 0.907907 0.924097 0.945032 0.973149 1.01291 1.07341 1.1766 1.39227
0.506145483078 0.868733 0.780378 0.771277275145 0.877995 0.889146 0.902827 0.920008 0.942225 0.972065 1.01426 1.07847 1.188 1.41692
0.523598775598 0.861584 0.768443 0.758811822789 0.871386 0.883189 0.89767 0.915856 0.939373 0.970962 1.01563 1.08361 1.19957 1.44192
0.541052068118 0.854334 0.7564 0.746237399291 0.864683 0.877145 0.892436 0.91164 0.936475 0.969835 1.01701 1.08881 1.21128 1.46724
0.558505360638 0.846987 0.744266 0.733570906588 0.85789 0.871018 0.887129 0.907363 0.93353 0.968681 1.01839 1.09405 1.2231 1.49283
0.575958653158 0.839548 0.732056 0.720828890037 0.85101 0.864812 0.881749 0.903023 0.930535 0.967495 1.01976 1.09932 1.23502 1.51865
0.593411945678 0.832021 0.719785 0.708027597845 0.844046 0.858527 0.876299 0.89862 0.92749 0.966273 1.02112 1.1046 1.24701 1.54466
0.610865238198 0.824412 0.707467 0.695182921636 0.837004 0.852168 0.870779 0.894156 0.924391 0.965011 1.02246 1.10989 1.25905 1.57081
0.628318530718 0.816723 0.695117 0.682310384567 0.829885 0.845737 0.865191 0.889629 0.921237 0.963703 1.02376 1.11518 1.27112 1.59707
0.645771823238 0.808959 0.682748 0.66942514133 0.822694 0.839235 0.859537 0.88504 0.918026 0.962344 1.02503 1.12043 1.28319 1.62338
0.663225115758 0.801125 0.670375 0.656541966263 0.815433 0.832666 0.853817 0.880388 0.914756 0.960932 1.02624 1.12565 1.29524 1.64971
0.680678408278 0.793223 0.65801 0.643675217692 0.808105 0.826031 0.848032 0.875672 0.911424 0.959459 1.0274 1.13082 1.30724 1.67601
0.698131700798 0.785258 0.645666 0.630838826047 0.800715 0.819332 0.842184 0.870892 0.908028 0.957923 1.0285 1.13592 1.31918 1.70225
0.715584993318 0.777233 0.633356 0.618046305746 0.793263 0.812572 0.836273 0.866049 0.904565 0.956317 1.02952 1.14094 1.33103 1.72837
0.733038285838 0.769153 0.621092 0.605310731425 0.785755 0.805753 0.8303 0.86114 0.901034 0.954638 1.03046 1.14587 1.34277 1.75435
0.750491578358 0.761019 0.608885 0.592644702278 0.778191 0.798875 0.824266 0.856166 0.897432 0.952879 1.03131 1.1507 1.35438 1.78013
0.767944870878 0.752837 0.596747 0.580060389601 0.770575 0.791942 0.818172 0.851125 0.893756 0.951038 1.03206 1.1554 1.36583 1.80568
0.785398163397 0.744609 0.584687 0.56756942982 0.762909 0.784955 0.812017 0.846018 0.890004 0.949108 1.03271 1.15997 1.3771 1.83095
0.802851455917 0.736338 0.572718 0.555183031463 0.755197 0.777915 0.805804 0.840844 0.886174 0.947085 1.03324 1.1644 1.38817 1.85592
0.820304748437 0.728028 0.560848 0.542911891958 0.747439 0.770824 0.799532 0.835601 0.882263 0.944964 1.03366 1.16867 1.39903 1.88054
0.837758040957 0.719681 0.549086 0.530766173865 0.73964 0.763684 0.793202 0.830289 0.878269 0.942742 1.03394 1.17277 1.40964 1.90476
0.855211333477 0.711301 0.537443 0.518755599955 0.731801 0.756497 0.786815 0.824908 0.87419 0.940413 1.03409 1.17669 1.41999 1.92857
0.872664625997 0.702891 0.525926 0.506889310589 0.723924 0.749263 0.780371 0.819457 0.870023 0.937973 1.03409 1.18042 1.43006 1.95191
0.890117918517 0.694454 0.514543 0.495175994456 0.716012 0.741985 0.773871 0.813934 0.865766 0.935417 1.03394 1.18393 1.43983 1.97476
0.907571211037 0.685992 0.503303 0.483623769715 0.708068 0.734663 0.767315 0.808341 0.861418 0.932743 1.03364 1.18723 1.44929 1.99708
0.925024503557 0.677508 0.492211 0.472240255314 0.700092 0.7273 0.760703 0.802675 0.856975 0.929944 1.03317 1.1903 1.4584 2.01883
0.942477796077 0.669005 0.481275 0.461032535327 0.692087 0.719896 0.754038 0.796936 0.852437 0.927019 1.03252 1.19313 1.46716 2.03999
0.959931088597 0.660486 0.470501 0.450007194615 0.684056 0.712454 0.747318 0.791124 0.8478 0.923962 1.0317 1.19572 1.47555 2.06051
0.977384381117 0.651952 0.459895 0.439170271284 0.676001 0.704973 0.740544 0.785239 0.843064 0.92077 1.03069 1.19804 1.48355 2.08038
0.994837673637 0.643408 0.449461 0.428527292338 0.667922 0.697457 0.733717 0.779279 0.838226 0.91744 1.0295 1.20009 1.49114 2.09955
1.01229096616 0.634855 0.439205 0.418083249911 0.659824 0.689906 0.726838 0.773245 0.833285 0.913968 1.0281 1.20186 1.49831 2.11801
1.02974425868 0.626296 0.429131 0.407842625037 0.651706 0.682321 0.719907 0.767136 0.828239 0.91035 1.02651 1.20334 1.50504 2.13572
1.0471975512 0.617733 0.419243 0.397809399536 0.643572 0.674704 0.712925 0.760951 0.823086 0.906585 1.0247 1.20452 1.51132 2.15265
1.06465084372 0.609168 0.409543 0.38798704413 0.635423 0.667056 0.705892 0.754691 0.817826 0.902668 1.02269 1.2054 1.51714 2.16878
1.08210413624 0.600604 0.400036 0.378378518441 0.627262 0.659379 0.698809 0.748355 0.812457 0.898598 1.02045 1.20596 1.52247 2.18409
1.09955742876 0.592044 0.390723 0.368986294763 0.619089 0.651673 0.691677 0.741944 0.806977 0.894371 1.018 1.2062 1.52731 2.19856
1.11701072128 0.583489 0.381607 0.359812358064 0.610907 0.643941 0.684497 0.735456 0.801387 0.889985 1.01532 1.20612 1.53165 2.21215
1.1344640138 0.574941 0.372688 0.350858217871 0.602718 0.636183 0.677268 0.728893 0.795684 0.885439 1.01241 1.2057 1.53548 2.22485
1.15191730632 0.566403 0.36397 0.342124896381 0.594523 0.628401 0.669993 0.722254 0.789868 0.880729 1.00926 1.20493 1.53877 2.23663
1.16937059884 0.557878 0.355451 0.333612999782 0.586324 0.620596 0.662671 0.71554 0.783939 0.875855 1.00588 1.20382 1.54154 2.24749
1.18682389136 0.549366 0.347133 0.325322646935 0.578123 0.612769 0.655304 0.70875 0.777896 0.870814 1.00226 1.20235 1.54375 2.2574
1.20427718388 0.54087 0.339016 0.317253552575 0.569922 0.604923 0.647893 0.701885 0.771738 0.865605 0.998389 1.20053 1.54541 2.26634
1.2217304764 0.532392 0.331098 0.309404967881 0.561722 0.597057 0.640438 0.694946 0.765465 0.860227 0.994277 1.19834 1.54651 2.27431
1.23918376892 0.523935 0.32338 0.301775787454 0.553525 0.589175 0.632941 0.687932 0.759077 0.854679 0.989917 1.19579 1.54704 2.28128
1.25663706144 0.515499 0.315861 0.294364466108 0.545334 0.581276 0.625402 0.680845 0.752574 0.848961 0.985306 1.19287 1.54699 2.28724
1.27409035396 0.507087 0.308538 0.287169102079 0.537148 0.573363 0.617823 0.673686 0.745956 0.84307 0.980444 1.18957 1.54636 2.29219
1.29154364648 0.498701 0.30141 0.280187413248 0.528971 0.565437 0.610205 0.666454 0.739223 0.837008 0.975329 1.1859 1.54515 2.2961
1.308996939 0.490343 0.294475 0.273416760917 0.520803 0.557499 0.602549 0.659151 0.732376 0.830773 0.96996 1.18184 1.54334 2.29898
1.32645023152 0.482014 0.287731 0.266854197349 0.512648 0.549551 0.594856 0.651777 0.725416 0.824367 0.964336 1.17741 1.54093 2.30082
1.34390352404 0.473716 0.281175 0.260496430113 0.504505 0.541595 0.587127 0.644334 0.718342 0.817788 0.958457 1.17259 1.53793 2.3016
1.36135681656 0.465452 0.274803 0.254339869629 0.496377 0.533631 0.579364 0.636823 0.711156 0.811038 0.952323 1.1674 1.53433 2.30133
1.37881010908 0.457222 0.268613 0.248380652934 0.488265 0.525661 0.571568 0.629245 0.703858 0.804117 0.945933 1.16181 1.53012 2.29999
1.3962634016 0.449028 0.262601 0.242614619919 0.480171 0.517687 0.563741 0.621601 0.696451 0.797026 0.939289 1.15585 1.52531 2.2976
1.41371669412 0.440873 0.256764 0.237037384637 0.472097 0.509711 0.555883 0.613893 0.688934 0.789767 0.932392 1.1495 1.5199 2.29413
1.43116998664 0.432757 0.251097 0.231644311536 0.464045 0.501733 0.547998 0.606121 0.68131 0.782339 0.925241 1.14277 1.51388 2.28961
1.44862327916 0.424683 0.245597 0.226430574887 0.456015 0.493756 0.540085 0.598289 0.67358 0.774746 0.91784 1.13566 1.50726 2.28402
1.46607657168 0.416652 0.240258 0.221391123126 0.448009 0.485782 0.532147 0.590396 0.665746 0.766988 0.910189 1.12817 1.50005 2.27736
1.4835298642 0.408665 0.235077 0.216520738285 0.44003 0.477811 0.524185 0.582446 0.657808 0.759068 0.902291 1.1203 1.49223 2.26966
1.50098315672 0.400724 0.23005 0.211814035992 0.432078 0.469845 0.516202 0.574439 0.649771 0.750987 0.894148 1.11206 1.48383 2.26089
1.51843644924 0.392831 0.22517 0.207265489241 0.424156 0.461886 0.508198 0.566378 0.641634 0.742748 0.885763 1.10345 1.47483 2.25108
1.53588974176 0.384986 0.220433 0.202869452168 0.416264 0.453936 0.500176 0.558264 0.633402 0.734354 0.877138 1.09448 1.46525 2.24023
1.55334303427 0.377193 0.215835 0.198620171932 0.408404 0.445997 0.492138 0.550101 0.625075 0.725806 0.868277 1.08513 1.45509 2.22835
1.57079632679 0.369451 0.21137 0.194511800607 0.400579 0.43807 0.484085 0.541889 0.616656 0.717109 0.859183 1.07544 1.44435 2.21545
1.58824961931 0.361762 0.207033 0.190538418948 0.392788 0.430156 0.476019 0.533631 0.608149 0.708265 0.84986 1.06538 1.43305 2.20153
1.60570291183 0.354128 0.202819 0.186694048281 0.385035 0.422258 0.467943 0.52533 0.599555 0.699277 0.840313 1.05498 1.42119 2.18661
1.62315620435 0.34655 0.198723 0.182972709932 0.37732 0.414378 0.459858 0.516987 0.590878 0.690149 0.830545 1.04424 1.40878 2.17071
1.64060949687 0.33903 0.194739 0.179368365796 0.369646 0.406517 0.451767 0.508606 0.582121 0.680884 0.820562 1.03316 1.39582 2.15383
1.65806278939 0.331568 0.190862 0.175875001542 0.362013 0.398676 0.443672 0.500189 0.573286 0.671487 0.810368 1.02175 1.38233 2.13599
1.67551608191 0.324167 0.187087 0.172486602837 0.354423 0.390859 0.435574 0.491739 0.564378 0.661962 0.799968 1.01001 1.36832 2.11722
1.69296937443 0.316827 0.183409 0.169197191007 0.346878 0.383066 0.427477 0.483257 0.555398 0.652312 0.789368 0.997965 1.3538 2.09751
1.71042266695 0.309549 0.179822 0.166000834922 0.339379 0.3753 0.419382 0.474748 0.546352 0.642542 0.778573 0.985608 1.33877 2.0769
1.72787595947 0.302335 0.176321 0.162891674769 0.331928 0.367563 0.411291 0.466213 0.537242 0.632657 0.76759 0.97295 1.32325 2.0554
1.74532925199 0.295185 0.172901 0.159863910163 0.324525 0.359855 0.403208 0.457657 0.528072 0.622661 0.756424 0.960001 1.30726 2.03303
1.76278254451 0.288102 0.169558 0.156911871467 0.317174 0.35218 0.395134 0.449081 0.518845 0.612559 0.745082 0.946768 1.2908 2.00982
1.78023583703 0.281086 0.166285 0.154029936588 0.309875 0.344539 0.387072 0.440489 0.509567 0.602356 0.73357 0.933262 1.27388 1.98578
1.79768912955 0.274139 0.163079 0.151212661724 0.30263 0.336933 0.379024 0.431884 0.50024 0.592058 0.721895 0.91949 1.25653 1.96094
1.81514242207 0.267261 0.159934 0.148454686274 0.295439 0.329366 0.370993 0.423269 0.490869 0.581669 0.710065 0.905463 1.23875 1.93531
1.83259571459 0.260454 0.156846 0.145750839814 0.288306 0.321839 0.362981 0.414648 0.481458 0.571195 0.698086 0.891192 1.22057 1.90894
1.85004900711 0.253718 0.153811 0.143096058894 0.28123 0.314353 0.354991 0.406023 0.472011 0.560642 0.685967 0.876685 1.20198 1.88183
1.86750229963 0.247055 0.150824 0.140485494013 0.274215 0.306911 0.347026 0.397399 0.462532 0.550015 0.673713 0.861954 1.18302 1.85402
1.88495559215 0.240466 0.147881 0.137914450189 0.26726 0.299515 0.339087 0.388778 0.453027 0.539321 0.661335 0.847009 1.1637 1.82554
1.90240888467 0.233952 0.144978 0.135378422616 0.260367 0.292167 0.331178 0.380163 0.443499 0.528564 0.648838 0.831862 1.14403 1.7964
1.91986217719 0.227513 0.14211 0.132873108549 0.253539 0.284868 0.323302 0.37156 0.433954 0.517751 0.636232 0.816524 1.12402 1.76664
1.93731546971 0.221151 0.139276 0.130394383536 0.246776 0.277621 0.31546 0.36297 0.424395 0.506889 0.623525 0.801006 1.10371 1.73629
1.95476876223 0.214867 0.13647 0.127938384616 0.240079 0.270428 0.307656 0.354397 0.414827 0.495984 0.610725 0.78532 1.0831 1.70538
1.97222205475 0.208661 0.133689 0.12550142712 0.233451 0.26329 0.299892 0.345846 0.405256 0.485041 0.597841 0.769479 1.06221 1.67394
1.98967534727 0.202534 0.130932 0.123080052212 0.226893 0.25621 0.292171 0.337319 0.395686 0.474068 0.584881 0.753493 1.04106 1.64199
2.00712863979 0.196488 0.128193 0.120671074435 0.220405 0.24919 0.284496 0.328821 0.386122 0.46307 0.571855 0.737377 1.01967 1.60957
2.02458193231 0.190523 0.125472 0.11827149851 0.213989 0.242231 0.27687 0.320355 0.376569 0.452055 0.558771 0.721142 0.998052 1.57671
2.04203522483 0.184641 0.122765 0.115878578762 0.207647 0.235336 0.269294 0.311924 0.367031 0.441029 0.545638 0.7048 0.976234 1.54344
2.05948851735 0.178841 0.12007 0.113489819126 0.201381 0.228506 0.261773 0.303533 0.357514 0.429999 0.532465 0.688365 0.954232 1.5098
2.07694180987 0.173124 0.117386 0.111102985027 0.19519 0.221744 0.254308 0.295186 0.348024 0.418971 0.519263 0.671851 0.932064 1.47581
2.09439510239 0.167492 0.114709 0.108716043954 0.189077 0.215051 0.246903 0.286885 0.338564 0.407953 0.506039 0.655269 0.90975 1.44151
2.11184839491 0.161945 0.11204 0.106327260546 0.183043 0.20843 0.239561 0.278635 0.32914 0.396951 0.492804 0.638633 0.887311 1.40694
2.12930168743 0.156484 0.109375 0.10393511339 0.177089 0.201882 0.232283 0.27044 0.319758 0.385972 0.479567 0.621956 0.864765 1.37212
2.14675497995 0.15111 0.106714 0.101538354454 0.171217 0.195409 0.225073 0.262304 0.310422 0.375024 0.466337 0.605252 0.842133 1.3371
2.16420827247 0.145823 0.104057 0.0991359377674 0.165427 0.189014 0.217934 0.254229 0.301137 0.364113 0.453124 0.588535 0.819435 1.30189
2.18166156499 0.140624 0.101402 0.0967271263951 0.159722 0.182697 0.210868 0.246221 0.291909 0.353245 0.439937 0.571816 0.796691 1.26655
2.19911485751 0.135513 0.0987486 0.0943113735801 0.154101 0.176462 0.203877 0.238282 0.282743 0.342429 0.426786 0.555111 0.773921 1.23111
2.21656815003 0.130492 0.0960968 0.0918883821715 0.148567 0.17031 0.196966 0.230417 0.273643 0.33167 0.413681 0.538433 0.751146 1.19559
2.23402144255 0.125561 0.0934465 0.0894581165113 0.14312 0.164242 0.190136 0.222629 0.264615 0.320977 0.400631 0.521795 0.728386 1.16003
2.25147473507 0.12072 0.0907976 0.0870207311179 0.137762 0.158261 0.18339 0.214922 0.255665 0.310356 0.387645 0.505211 0.705662 1.12447
2.26892802759 0.11597 0.0881506 0.0845766420024 0.132494 0.152369 0.176731 0.2073 0.246797 0.299813 0.374734 0.488694 0.682993 1.08894
2.28638132011 0.111312 0.085506 0.0821264553525 0.127317 0.146567 0.170162 0.199766 0.238016 0.289356 0.361907 0.472258 0.6604 1.05348
2.30383461263 0.106745 0.0828644 0.0796710150764 0.122232 0.140856 0.163684 0.192325 0.229328 0.278992 0.349173 0.455916 0.637904 1.01812
2.32128790515 0.102272 0.0802267 0.0772113552589 0.11724 0.13524 0.157302 0.184979 0.220737 0.268728 0.336542 0.439682 0.615524 0.98289
2.33874119767 0.0978909 0.0775941 0.0747487120474 0.112342 0.129719 0.151016 0.177733 0.212248 0.25857 0.324023 0.42357 0.59328 0.947832
2.35619449019 0.0936038 0.0749677 0.0722844998796 0.107539 0.124295 0.14483 0.17059 0.203867 0.248525 0.311625 0.407591 0.571193 0.912977
2.37364778271 0.0894106 0.072349 0.069820347142 0.102832 0.11897 0.138746 0.163553 0.195597 0.2386 0.299358 0.39176 0.549282 0.878359
2.39110107523 0.0853117 0.0697394 0.0673580367394 0.0982229 0.113746 0.132767 0.156626 0.187445 0.228801 0.287231 0.376089 0.527566 0.844009
2.40855436775 0.0813076 0.0671409 0.064899506095 0.0937115 0.108624 0.126896 0.149813 0.179414 0.219135 0.275252 0.360591 0.506066 0.809963
2.42600766027 0.0773986 0.0645553 0.0624468471504 0.0892991 0.103605 0.121133 0.143117 0.17151 0.209608 0.263432 0.34528 0.4848 0.776253
2.44346095279 0.0735851 0.0619845 0.0600023301377 0.0849865 0.0986917 0.115483 0.13654 0.163737 0.200228 0.251778 0.330167 0.463788 0.74291
2.46091424531 0.0698674 0.0594306 0.0575683203774 0.0807747 0.0938851 0.109946 0.130088 0.1561 0.190999 0.2403 0.315265 0.443047 0.709968
2.47836753783 0.0662458 0.0568961 0.0551473139362 0.0766644 0.0891866 0.104526 0.123762 0.148602 0.181929 0.229006 0.300587 0.422597 0.677456
2.49582083035 0.0627206 0.0543831 0.0527419376272 0.0726565 0.0845977 0.0992248 0.117566 0.141249 0.173023 0.217904 0.286144 0.402456 0.645408
2.51327412287 0.059292 0.0518941 0.0503548895796 0.0687517 0.0801198 0.094044 0.111502 0.134046 0.164287 0.207003 0.271948 0.382641 0.613852
2.53072741539 0.0559602 0.0494317 0.047988986783 0.0649508 0.0757543 0.088986 0.105575 0.126995 0.155728 0.196311 0.258011 0.363171 0.582818
2.54818070791 0.0527255 0.0469985 0.0456471056573 0.0612544 0.0715023 0.0840527 0.0997868 0.120101 0.14735 0.185835 0.244344 0.344062 0.552337
2.56563400043 0.049588 0.0445972 0.0433321820523 0.0576632 0.0673652 0.0792463 0.0941402 0.113369 0.13916 0.175585 0.230959 0.325331 0.522437
2.58308729295 0.0465478 0.0422305 0.0410472350201 0.0541778 0.0633442 0.0745685 0.0886382 0.106802 0.131163 0.165566 0.217866 0.306994 0.493146
2.60054058547 0.0436052 0.0399012 0.038795283613 0.0507989 0.0594405 0.0700213 0.0832834 0.100403 0.123364 0.155787 0.205075 0.289069 0.464491
2.61799387799 0.0407602 0.0376121 0.0365794063131 0.047527 0.055655 0.0656063 0.0780785 0.0941777 0.115768 0.146255 0.192598 0.271569 0.436499
2.63544717051 0.0380129 0.0353661 0.0344026816029 0.0443626 0.051989 0.0613254 0.0730261 0.0881283 0.10838 0.136977 0.180443 0.254512 0.409197
2.65290046303 0.0353634 0.033166 0.0322682117367 0.0413062 0.0484434 0.0571801 0.0681284 0.0822587 0.101206 0.127959 0.168622 0.23791 0.382609
2.67035375555 0.0328116 0.0310146 0.0301790751968 0.0383583 0.0450191 0.0531719 0.0633879 0.0765721 0.0942499 0.119209 0.157143 0.221779 0.356759
2.68780704807 0.0303575 0.0289148 0.0281383266934 0.0355192 0.041717 0.0493025 0.0588068 0.0710716 0.0875158 0.110732 0.146015 0.206132 0.331672
2.70526034059 0.0280012 0.0268695 0.0261489971648 0.0327892 0.0385379 0.0455731 0.0543872 0.0657605 0.0810083 0.102534 0.135247 0.190983 0.30737
2.72271363311 0.0257425 0.0248813 0.0242140818909 0.0301688 0.0354827 0.0419852 0.0501311 0.0606415 0.0747315 0.0946215 0.124847 0.176344 0.283875
2.74016692563 0.0235814 0.0229531 0.0223365048357 0.0276582 0.0325519 0.0385398 0.0460404 0.0557174 0.0686893 0.0869999 0.114824 0.162227 0.261207
2.75762021815 0.0215176 0.0210876 0.020519130533 0.0252575 0.0297464 0.0352383 0.042117 0.0509909 0.0628855 0.0796743 0.105185 0.148644 0.239387
2.77507351067 0.0195511 0.0192873 0.0187647522001 0.022967 0.0270665 0.0320815 0.0383624 0.0464644 0.0573235 0.0726497 0.0959367 0.135606 0.218434
2.79252680319 0.0176817 0.0175548 0.0170760441945 0.0207868 0.0245129 0.0290707 0.0347783 0.0421402 0.0520066 0.0659308 0.0870865 0.123124 0.198365
2.80998009571 0.0159091 0.0158927 0.015455621443 0.018717 0.022086 0.0262065 0.031366 0.0380204 0.0469379 0.0595221 0.0786406 0.111206 0.179197
2.82743338823 0.0142331 0.0143032 0.0139059562404 0.0167575 0.0197861 0.0234898 0.0281269 0.034107 0.0421202 0.0534275 0.0706051 0.0998634 0.160946
2.84488668075 0.0126534 0.0127887 0.0124294139071 0.0149084 0.0176135 0.0209212 0.0250621 0.0304018 0.0375561 0.0476509 0.0629855 0.0891032 0.143628
2.86233997327 0.0111695 0.0113513 0.0110282052451 0.0131696 0.0155685 0.0185014 0.0221727 0.0269063 0.0332481 0.0421957 0.0557867 0.0789338 0.127255
2.87979326579 0.00978126 0.009993 0.00970442219585 0.0115409 0.0136511 0.0162307 0.0194594 0.023622 0.0291982 0.0370649 0.0490135 0.0693621 0.111839
2.89724655831 0.00848809 0.00871574 0.00845999029672 0.0100221 0.0118614 0.0141096 0.0169232 0.0205501 0.0254083 0.0322615 0.04267 0.0603948 0.0973934
2.91469985083 0.00728956 0.00752125 0.00729668056643 0.00861289 0.0101994 0.0121383 0.0145644 0.0176916 0.02188 0.0277878 0.0367598 0.0520375 0.0839266
2.93215314335 0.00618516 0.00641113 0.00621608573328 0.00731299 0.00866489 0.0103168 0.0123837 0.0150474 0.0186146 0.0236459 0.031286 0.0442951 0.0714478
2.94960643587 0.00517433 0.00538683 0.00521960834906 0.00612198 0.00725771 0.00864532 0.0103812 0.012618 0.0156132 0.0198374 0.0262514 0.0371719 0.0599643
2.96705972839 0.00425642 0.0044496 0.00430847267507 0.00503936 0.00597751 0.00712354 0.00855695 0.0104038 0.0128766 0.0163636 0.0216578 0.0306713 0.0494824
2.98451302091 0.00343078 0.00360054 0.00348370091006 0.00406457 0.00482387 0.00575125 0.006911 0.00840507 0.0104053 0.0132255 0.017507 0.0247957 0.0400067
3.00196631343 0.00269665 0.00284053 0.00274610130422 0.00319697 0.00379624 0.00452803 0.00544303 0.00662162 0.00819925 0.0104234 0.0137997 0.0195471 0.0315405
3.01941960595 0.00205322 0.00217026 0.00209625627312 0.0024358 0.00289395 0.0034533 0.00415257 0.00505313 0.00625843 0.00795748 0.0105364 0.014926 0.0240857
3.03687289847 0.00149959 0.00159022 0.00153451051169 0.00178023 0.00211622 0.00252634 0.00303895 0.003699 0.00458228 0.00582722 0.00771668 0.0109325 0.0176423
3.05432619099 0.00103478 0.00110065 0.00106098288024 0.00122929 0.0014621 0.00174621 0.00210125 0.00255832 0.00316987 0.0040317 0.00533955 0.00756527 0.012209
3.07177948351 0.000657715 0.000701559 0.000675506974331 0.000781904 0.000930509 0.00111181 0.00133832 0.00162988 0.00201989 0.00256944 0.00340329 0.0048222 0.00778238
3.08923277603 0.000367179 0.000392688 0.000377631124745 0.000436837 0.000520164 0.000621796 0.000748737 0.000912091 0.00113057 0.00143836 0.00190532 0.00269983 0.00435723
3.10668606855 0.000161816 0.000173485 0.000166606511458 0.000192669 0.000229563 0.000274547 0.000330717 0.000402979 0.000499605 0.000635707 0.000842156 0.00119337 0.00192597
3.12413936107 4.00575e-05 4.30473e-05 4.12683033305e-05 4.77379e-05 5.69182e-05 6.81073e-05 8.20737e-05 0.000100036 0.000124048 0.000157861 0.000209142 0.00029637 0.000478295
3.14159265359 0.0 0.0 0.0 0.0 0.0 0.0 0.0 0.0 0.0 0.0 0.0 0.0 0.0
