alpha phi_iso phi_ray phi_vec g0=0.1 g0=0.2 g0=0.3 g0=0.4 g0=0.5 g0=0.6 g0=0.7 g0=0.8 g0=0.9 g0=1.0
0.0 1.0 1.0 1.0 1.0 1.0 1.0 1.0 1.0 1.0 1.0 1.0 1.0 1.0
0.0174532925199 0.99966 0.999514 0.99950887382 0.999676 0.999695 0.999719 0.999749 0.999788 0.999842 0.999921 1.00005 1.00028 1.00085
0.0349065850399 0.998709 0.998132 0.998107453679 0.998772 0.998848 0.998942 0.999061 0.999216 0.999429 0.99974 1.00023 1.00115 1.00342
0.0523598775598 0.99725 0.995963 0.995903200687 0.99739 0.997558 0.997766 0.998029 0.998374 0.998847 0.999536 1.00063 1.00266 1.00771
0.0698131700798 0.995365 0.993095 0.992981431179 0.995608 0.995903 0.996267 0.996729 0.997334 0.998163 0.999371 1.0013 1.00486 1.01371
0.0872664625997 0.993104 0.989585 0.989399017328 0.993479 0.993933 0.994493 0.995205 0.996138 0.997417 0.999281 1.00225 1.00776 1.02142
0.10471975512 0.990499 0.985473 0.985193852378 0.991032 0.991677 0.992475 0.993486 0.994814 0.996634 0.999288 1.00352 1.01136 1.03083
0.12217304764 0.987575 0.980788 0.980394848909 0.988291 0.989159 0.990231 0.991593 0.99338 0.995831 0.999406 1.00511 1.01567 1.0419
0.13962634016 0.984349 0.975554 0.975027398302 0.985274 0.986394 0.98778 0.989539 0.99185 0.99502 0.999644 1.00702 1.02068 1.05463
0.157079632679 0.980838 0.969795 0.969115502844 0.981996 0.983399 0.985135 0.98734 0.990236 0.99421 1.00001 1.00926 1.0264 1.06897
0.174532925199 0.977057 0.963535 0.962682486424 0.978472 0.980187 0.982309 0.985006 0.988548 0.99341 1.0005 1.01183 1.0328 1.08491
0.191986217719 0.97302 0.956795 0.955751139907 0.974716 0.976771 0.979315 0.982548 0.986795 0.992627 1.00114 1.01472 1.03988 1.1024
0.209439510239 0.968741 0.949598 0.948343688828 0.970739 0.973162 0.976162 0.979975 0.984986 0.991865 1.0019 1.01794 1.04762 1.12141
0.226892802759 0.964231 0.941964 0.940481938764 0.966555 0.969372 0.972861 0.977297 0.983126 0.991131 1.00281 1.02147 1.05602 1.14191
0.244346095279 0.959503 0.933915 0.932187243027 0.962172 0.96541 0.969421 0.97452 0.981222 0.990426 1.00386 1.02532 1.06506 1.16384
0.261799387799 0.954566 0.925471 0.923480631884 0.957602 0.961285 0.965848 0.971651 0.979278 0.989753 1.00504 1.02947 1.07471 1.18716
0.279252680319 0.94943 0.916651 0.914382764097 0.952853 0.957006 0.962152 0.968695 0.977298 0.989115 1.00636 1.03392 1.08496 1.21184
0.296705972839 0.944104 0.907476 0.904914072301 0.947933 0.952579 0.958336 0.965659 0.975285 0.98851 1.00782 1.03866 1.09579 1.23781
0.314159265359 0.938598 0.897964 0.895094714538 0.942851 0.948013 0.954409 0.962545 0.973243 0.987939 1.0094 1.04368 1.10718 1.26504
0.331612557879 0.93292 0.888135 0.884944638873 0.937614 0.943312 0.950375 0.959358 0.971171 0.987402 1.0111 1.04896 1.1191 1.29346
0.349065850399 0.927076 0.878008 0.874483583389 0.932229 0.938485 0.946238 0.956102 0.969073 0.986897 1.01292 1.0545 1.13153 1.32303
0.366519142919 0.921075 0.867601 0.863731124649 0.926703 0.933535 0.942004 0.952779 0.966949 0.986421 1.01485 1.06028 1.14445 1.35369
0.383972435439 0.914924 0.856932 0.852706580777 0.921041 0.928469 0.937676 0.949391 0.964799 0.985973 1.01689 1.0663 1.15783 1.38539
0.401425727959 0.908629 0.846021 0.841429140681 0.91525 0.92329 0.933258 0.945942 0.962624 0.98555 1.01903 1.07253 1.17164 1.41807
0.418879020479 0.902196 0.834884 0.82991773483 0.909336 0.918005 0.928754 0.942431 0.960422 0.985148 1.02126 1.07896 1.18586 1.45166
0.436332312999 0.895632 0.82354 0.818191148325 0.903302 0.912616 0.924165 0.938862 0.958194 0.984764 1.02357 1.08557 1.20046 1.48612
0.453785605519 0.888943 0.812005 0.806267907829 0.897156 0.907129 0.919496 0.935234 0.955938 0.984393 1.02595 1.09236 1.21542 1.52138
0.471238898038 0.882135 0.800298 0.794166313874 0.8909 0.901546 0.914748 0.931549 0.953652 0.984032 1.0284 1.09931 1.2307 1.55738
0.488692190558 0.875212 0.788436 0.781904457011 0.884541 0.895872 0.909924 0.927808 0.951336 0.983676 1.03091 1.1064 1.24627 1.59406
0.506145483078 0.86818 0.776434 0.769500153204 0.878082 0.890109 0.905025 0.92401 0.948988 0.983321 1.03347 1.11361 1.26211 1.63136
0.523598775598 0.861044 0.764311 0.756970927675 0.871527 0.884261 0.900055 0.920157 0.946605 0.98296 1.03606 1.12093 1.27819 1.66922
0.541052068118 0.853809 0.752081 0.744334063362 0.864881 0.878331 0.895013 0.916247 0.944185 0.98259 1.03869 1.12834 1.29447 1.70757
0.558505360638 0.846479 0.739761 0.731606520158 0.858148 0.872322 0.889903 0.912281 0.941727 0.982204 1.04133 1.13583 1.31093 1.74635
0.575958653158 0.83906 0.727367 0.718804934909 0.85133 0.866236 0.884724 0.908259 0.939227 0.981798 1.04398 1.14337 1.32754 1.78551
0.593411945678 0.831555 0.714914 0.705945637568 0.844432 0.860075 0.879479 0.90418 0.936683 0.981365 1.04664 1.15096 1.34427 1.82498
0.610865238198 0.823969 0.702416 0.693044586588 0.837457 0.853843 0.874168 0.900044 0.934092 0.9809 1.04928 1.15857 1.36109 1.86469
0.628318530718 0.816305 0.689889 0.680117385069 0.830408 0.84754 0.868793 0.895849 0.931451 0.980397 1.0519 1.16618 1.37796 1.90458
0.645771823238 0.808569 0.677347 0.667179280762 0.823288 0.841171 0.863354 0.891596 0.928759 0.979851 1.05449 1.17379 1.39486 1.9446
0.663225115758 0.800764 0.664804 0.654245085306 0.816101 0.834736 0.857853 0.887282 0.92601 0.979255 1.05704 1.18136 1.41176 1.98468
0.680678408278 0.792893 0.652273 0.641329238838 0.80885 0.828237 0.852289 0.882909 0.923204 0.978604 1.05954 1.1889 1.42862 2.02476
0.698131700798 0.784961 0.639768 0.628445745385 0.801537 0.821677 0.846663 0.878473 0.920335 0.977891 1.06197 1.19637 1.44543 2.06478
0.715584993318 0.776971 0.627301 0.615608156707 0.794166 0.815058 0.840976 0.873976 0.917403 0.97711 1.06434 1.20376 1.46215 2.10468
0.733038285838 0.768926 0.614884 0.602829636911 0.786738 0.80838 0.835229 0.869414 0.914402 0.976256 1.06662 1.21106 1.47874 2.1444
0.750491578358 0.76083 0.60253 0.590122833232 0.779256 0.801645 0.829422 0.864788 0.911331 0.975323 1.06881 1.21825 1.49519 2.18388
0.767944870878 0.752687 0.590249 0.57749994064 0.771724 0.794856 0.823555 0.860096 0.908185 0.974305 1.0709 1.22531 1.51146 2.22306
0.785398163397 0.744499 0.578054 0.564972701842 0.764143 0.788013 0.817629 0.855337 0.904963 0.973196 1.07288 1.23223 1.52753 2.26189
0.802851455917 0.736269 0.565954 0.55255234267 0.756516 0.781119 0.811644 0.850509 0.90166 0.97199 1.07474 1.23898 1.54337 2.30031
0.820304748437 0.728001 0.55396 0.540249588238 0.748845 0.774174 0.8056 0.845613 0.898274 0.970682 1.07647 1.24557 1.55895 2.33827
0.837758040957 0.719699 0.542081 0.528074695243 0.741133 0.76718 0.799497 0.840646 0.894802 0.969265 1.07806 1.25196 1.57424 2.3757
0.855211333477 0.711363 0.530326 0.516037371204 0.733382 0.760139 0.793337 0.835607 0.891241 0.967736 1.0795 1.25814 1.58922 2.41256
0.872664625997 0.702999 0.518705 0.504146855224 0.725594 0.753051 0.787118 0.830496 0.887587 0.966087 1.08078 1.26411 1.60387 2.4488
0.890117918517 0.694608 0.507225 0.492411804925 0.717771 0.745918 0.780842 0.825311 0.883839 0.964314 1.08189 1.26984 1.61815 2.48436
0.907571211037 0.686193 0.495894 0.480840409512 0.709915 0.738741 0.774509 0.820052 0.879992 0.962412 1.08283 1.27532 1.63205 2.51919
0.925024503557 0.677757 0.48472 0.469440309012 0.702028 0.731522 0.768118 0.814716 0.876046 0.960376 1.08358 1.28053 1.64554 2.55325
0.942477796077 0.669303 0.473708 0.458218626581 0.694112 0.724262 0.76167 0.809304 0.871996 0.9582 1.08415 1.28547 1.65859 2.58648
0.959931088597 0.660832 0.462866 0.447181936196 0.68617 0.716961 0.755166 0.803813 0.867841 0.955881 1.08451 1.29013 1.67119 2.61885
0.977384381117 0.652349 0.452199 0.436336311114 0.678203 0.709621 0.748605 0.798245 0.863578 0.953413 1.08467 1.29448 1.68332 2.6503
0.994837673637 0.643855 0.441713 0.425687291565 0.670213 0.702244 0.741989 0.792596 0.859204 0.950792 1.08461 1.29851 1.69494 2.6808
1.01229096616 0.635352 0.431411 0.415239884757 0.662202 0.694831 0.735316 0.786868 0.854718 0.948015 1.08433 1.30222 1.70605 2.7103
1.02974425868 0.626844 0.4213 0.404998597175 0.654172 0.687382 0.728588 0.781058 0.850118 0.945076 1.08382 1.30559 1.71661 2.73876
1.0471975512 0.618332 0.411382 0.394967386127 0.646124 0.679898 0.721805 0.775167 0.8454 0.941973 1.08307 1.30862 1.72662 2.76615
1.06465084372 0.609819 0.401661 0.385149724353 0.638061 0.672382 0.714968 0.769194 0.840564 0.938701 1.08208 1.31128 1.73606 2.79242
1.08210413624 0.601306 0.39214 0.375548583873 0.629984 0.664834 0.708076 0.763138 0.835608 0.935257 1.08085 1.31358 1.7449 2.81754
1.09955742876 0.592797 0.382821 0.366166419833 0.621895 0.657256 0.701131 0.756999 0.83053 0.931638 1.07936 1.3155 1.75314 2.84147
1.11701072128 0.584294 0.373706 0.35700520281 0.613796 0.649648 0.694133 0.750777 0.825329 0.927841 1.07762 1.31703 1.76074 2.86419
1.1344640138 0.575798 0.364798 0.348066434968 0.605688 0.642012 0.687082 0.744471 0.820003 0.923863 1.07561 1.31817 1.76771 2.88566
1.15191730632 0.567311 0.356096 0.339351133898 0.597573 0.634348 0.679978 0.738081 0.814552 0.919701 1.07333 1.31891 1.77403 2.90585
1.16937059884 0.558837 0.347603 0.330859864931 0.589453 0.626659 0.672824 0.731606 0.808973 0.915354 1.07078 1.31923 1.77968 2.92474
1.18682389136 0.550376 0.339317 0.322592724981 0.58133 0.618946 0.665619 0.725049 0.803266 0.910818 1.06795 1.31914 1.78465 2.9423
1.20427718388 0.541931 0.331239 0.314549407155 0.573205 0.611209 0.658364 0.718407 0.797431 0.906091 1.06485 1.31862 1.78893 2.95851
1.2217304764 0.533503 0.323369 0.306729136142 0.565079 0.60345 0.65106 0.711681 0.791467 0.901174 1.06146 1.31767 1.7925 2.97334
1.23918376892 0.525095 0.315705 0.299130732827 0.556955 0.59567 0.643707 0.704872 0.785373 0.896062 1.05778 1.31629 1.79537 2.98677
1.25663706144 0.516709 0.308247 0.291752646591 0.548834 0.587871 0.636307 0.69798 0.779149 0.890757 1.05382 1.31447 1.79752 2.99879
1.27409035396 0.508346 0.300992 0.284592923008 0.540717 0.580054 0.628861 0.691006 0.772795 0.885255 1.04956 1.3122 1.79894 3.00937
1.29154364648 0.500008 0.293939 0.277649236151 0.532607 0.57222 0.621369 0.683949 0.766311 0.879558 1.04501 1.30948 1.79962 3.0185
1.308996939 0.491698 0.287086 0.27091890474 0.524505 0.56437 0.613832 0.676811 0.759697 0.873663 1.04017 1.30632 1.79957 3.02618
1.32645023152 0.483416 0.28043 0.264398892148 0.516412 0.556506 0.606253 0.669593 0.752953 0.867572 1.03503 1.3027 1.79876 3.03238
1.34390352404 0.475164 0.273967 0.258085871004 0.50833 0.54863 0.598631 0.662294 0.746081 0.861283 1.02959 1.29863 1.79721 3.03709
1.36135681656 0.466945 0.267695 0.251976190895 0.50026 0.540742 0.590968 0.654917 0.739079 0.854798 1.02386 1.29409 1.7949 3.04032
1.37881010908 0.45876 0.261611 0.246065894512 0.492205 0.532845 0.583266 0.647463 0.73195 0.848116 1.01783 1.28911 1.79184 3.04204
1.3962634016 0.45061 0.25571 0.240350798415 0.484166 0.524939 0.575525 0.639932 0.724695 0.841238 1.0115 1.28366 1.78802 3.04226
1.41371669412 0.442497 0.249989 0.234826428423 0.476143 0.517026 0.567747 0.632326 0.717313 0.834165 1.00488 1.27775 1.78344 3.04098
1.43116998664 0.434424 0.244443 0.22948806807 0.46814 0.509108 0.559934 0.624646 0.709808 0.826898 0.997959 1.27139 1.7781 3.03819
1.44862327916 0.42639 0.239069 0.224330807063 0.460157 0.501186 0.552087 0.616893 0.702179 0.819439 0.990747 1.26457 1.77201 3.03389
1.46607657168 0.418399 0.233861 0.219349508979 0.452196 0.493261 0.544207 0.60907 0.69443 0.81179 0.983242 1.25729 1.76516 3.02809
1.4835298642 0.410451 0.228815 0.214538892022 0.444259 0.485336 0.536297 0.601178 0.686561 0.803951 0.975447 1.24956 1.75755 3.02078
1.50098315672 0.402547 0.223925 0.209893464417 0.436346 0.477412 0.528358 0.593219 0.678574 0.795926 0.967364 1.24139 1.7492 3.01199
1.51843644924 0.394691 0.219188 0.205407621323 0.42846 0.469491 0.520391 0.585194 0.670472 0.787716 0.958996 1.23276 1.7401 3.0017
1.53588974176 0.386882 0.214597 0.201075628683 0.420603 0.461573 0.512399 0.577106 0.662256 0.779325 0.950345 1.2237 1.73026 2.98994
1.55334303427 0.379122 0.210148 0.196891607066 0.412775 0.453662 0.504383 0.568956 0.65393 0.770754 0.941417 1.21419 1.71969 2.97671
1.57079632679 0.371413 0.205835 0.192849660891 0.404978 0.445758 0.496346 0.560748 0.645495 0.762007 0.932213 1.20426 1.70839 2.96202
1.58824961931 0.363756 0.201653 0.188943733053 0.397214 0.437863 0.488288 0.552482 0.636955 0.753088 0.922738 1.19389 1.69638 2.94589
1.60570291183 0.356152 0.197595 0.185167766448 0.389484 0.429979 0.480213 0.544162 0.628311 0.743999 0.912996 1.18311 1.68365 2.92834
1.62315620435 0.348603 0.193658 0.181515671667 0.38179 0.422108 0.472122 0.53579 0.619568 0.734744 0.902993 1.17191 1.67022 2.90938
1.64060949687 0.34111 0.189834 0.177981294692 0.374133 0.414252 0.464017 0.527368 0.610728 0.725328 0.892733 1.16029 1.65611 2.88902
1.65806278939 0.333674 0.186119 0.174558529962 0.366515 0.406412 0.455901 0.518899 0.601795 0.715754 0.882222 1.14828 1.64131 2.8673
1.67551608191 0.326297 0.182507 0.171241255762 0.358938 0.398591 0.447776 0.510387 0.592771 0.706026 0.871465 1.13588 1.62585 2.84423
1.69296937443 0.318979 0.178993 0.168023366532 0.351402 0.390789 0.439644 0.501833 0.583661 0.69615 0.860467 1.12309 1.60973 2.81983
1.71042266695 0.311723 0.17557 0.164898853624 0.34391 0.38301 0.431507 0.49324 0.574468 0.68613 0.849237 1.10992 1.59297 2.79413
1.72787595947 0.304529 0.172234 0.161861708391 0.336463 0.375254 0.423368 0.484613 0.565195 0.67597 0.837779 1.09638 1.57558 2.76716
1.74532925199 0.297398 0.168979 0.158906067555 0.329062 0.367524 0.415229 0.475952 0.555848 0.665676 0.8261 1.08249 1.55758 2.73894
1.76278254451 0.290332 0.1658 0.156026083992 0.321709 0.359822 0.407093 0.467263 0.546429 0.655253 0.814208 1.06825 1.53898 2.7095
1.78023583703 0.283331 0.162692 0.153216088251 0.314405 0.35215 0.398962 0.458547 0.536943 0.644706 0.802111 1.05367 1.5198 2.67887
1.79768912955 0.276398 0.159649 0.150470491645 0.307153 0.344509 0.390839 0.449809 0.527394 0.634041 0.789814 1.03876 1.50006 2.64708
1.81514242207 0.269532 0.156667 0.147783834703 0.299953 0.336902 0.382726 0.441051 0.517786 0.623264 0.777327 1.02354 1.47976 2.61416
1.83259571459 0.262735 0.15374 0.145150819478 0.292806 0.32933 0.374626 0.432277 0.508125 0.612381 0.764657 1.00801 1.45893 2.58015
1.85004900711 0.256008 0.150864 0.142566309545 0.285715 0.321796 0.366541 0.423491 0.498414 0.601397 0.751813 0.992193 1.4376 2.54509
1.86750229963 0.249352 0.148035 0.140025297699 0.278681 0.314301 0.358475 0.414695 0.488658 0.59032 0.738803 0.976092 1.41576 2.509
1.88495559215 0.242769 0.145248 0.137523002864 0.271705 0.306848 0.350429 0.405894 0.478862 0.579154 0.725635 0.959722 1.39346 2.47192
1.90240888467 0.236258 0.142499 0.135054821641 0.264789 0.299439 0.342408 0.397092 0.469031 0.567908 0.71232 0.943097 1.3707 2.4339
1.91986217719 0.229821 0.139783 0.132616328306 0.257934 0.292076 0.334412 0.388291 0.459169 0.556587 0.698865 0.92623 1.3475 2.39496
1.93731546971 0.22346 0.137097 0.130203323267 0.251142 0.28476 0.326446 0.379496 0.449282 0.545198 0.68528 0.909133 1.32389 2.35516
1.95476876223 0.217174 0.134437 0.127811800758 0.244414 0.277494 0.318512 0.370711 0.439376 0.533748 0.671575 0.891821 1.29989 2.31453
1.97222205475 0.210965 0.1318 0.125437997298 0.237752 0.27028 0.310613 0.361938 0.429454 0.522244 0.657759 0.874307 1.27553 2.27311
1.98967534727 0.204834 0.129183 0.12307837554 0.231157 0.26312 0.302752 0.353184 0.419522 0.510694 0.643841 0.856605 1.25081 2.23094
2.00712863979 0.198782 0.126581 0.120729624264 0.22463 0.256016 0.294931 0.34445 0.409586 0.499103 0.629833 0.83873 1.22577 2.18807
2.02458193231 0.192809 0.123993 0.118388658387 0.218173 0.24897 0.287154 0.335741 0.39965 0.48748 0.615744 0.820696 1.20042 2.14453
2.04203522483 0.186916 0.121416 0.116052651259 0.211787 0.241984 0.279423 0.327061 0.389721 0.475832 0.601583 0.802519 1.17479 2.10039
2.05948851735 0.181105 0.118848 0.113719034669 0.205473 0.23506 0.271742 0.318415 0.379804 0.464166 0.587362 0.784212 1.14891 2.05567
2.07694180987 0.175375 0.116285 0.111385466535 0.199234 0.228201 0.264113 0.309806 0.369903 0.45249 0.573091 0.765791 1.1228 2.01042
2.09439510239 0.169729 0.113727 0.109049863214 0.19307 0.221408 0.256539 0.301237 0.360026 0.440811 0.558779 0.747271 1.09648 1.9647
2.11184839491 0.164165 0.111171 0.106710367195 0.186983 0.214684 0.249024 0.292714 0.350176 0.429137 0.544439 0.728668 1.06998 1.91854
2.12930168743 0.158686 0.108616 0.104365427857 0.180973 0.20803 0.241569 0.284241 0.340361 0.417476 0.530081 0.709997 1.04331 1.872
2.14675497995 0.153292 0.106062 0.102013704562 0.175043 0.201448 0.234179 0.275821 0.330585 0.405835 0.515714 0.691273 1.01651 1.82511
2.16420827247 0.147984 0.103506 0.0996541312602 0.169194 0.194941 0.226856 0.267458 0.320853 0.394222 0.501351 0.672513 0.989601 1.77793
2.18166156499 0.142762 0.100947 0.0972858518801 0.163427 0.188511 0.219603 0.259157 0.311173 0.382644 0.487001 0.653731 0.962606 1.73051
2.19911485751 0.137627 0.0983866 0.0949082849398 0.157742 0.182159 0.212423 0.250922 0.301549 0.37111 0.472676 0.634945 0.93555 1.68289
2.21656815003 0.13258 0.0958228 0.0925211073938 0.152143 0.175888 0.205318 0.242756 0.291986 0.359627 0.458386 0.616168 0.908458 1.63512
2.23402144255 0.127621 0.0932559 0.0901242223284 0.146629 0.169699 0.198293 0.234664 0.282491 0.348202 0.444143 0.597419 0.881357 1.58725
2.25147473507 0.122751 0.090686 0.0877177428095 0.141202 0.163595 0.191348 0.226651 0.27307 0.336845 0.429957 0.578711 0.85427 1.53932
2.26892802759 0.11797 0.0881134 0.0853020564919 0.135863 0.157578 0.184489 0.218719 0.263727 0.325562 0.415839 0.560062 0.827223 1.49139
2.28638132011 0.11328 0.0855386 0.0828777448576 0.130613 0.151648 0.177717 0.210873 0.254469 0.314361 0.4018 0.541487 0.80024 1.4435
2.30383461263 0.10868 0.0829623 0.0804456155205 0.125454 0.14581 0.171035 0.203118 0.2453 0.30325 0.387851 0.523001 0.773348 1.3957
2.32128790515 0.104172 0.0803854 0.0780066860742 0.120387 0.140063 0.164446 0.195456 0.236227 0.292236 0.374002 0.504621 0.74657 1.34804
2.33874119767 0.0997549 0.077809 0.075562200244 0.115412 0.134411 0.157953 0.187892 0.227255 0.281327 0.360265 0.486362 0.719932 1.30057
2.35619449019 0.0954303 0.0752344 0.073113547126 0.110531 0.128854 0.151558 0.180431 0.218389 0.270531 0.346649 0.468239 0.693458 1.25333
2.37364778271 0.0911984 0.0726631 0.0706623581002 0.105745 0.123396 0.145264 0.173075 0.209635 0.259855 0.333166 0.450269 0.667173 1.20637
2.39110107523 0.0870596 0.0700967 0.0682104260696 0.101055 0.118036 0.139075 0.165828 0.200998 0.249307 0.319825 0.432466 0.641101 1.15973
2.40855436775 0.0830143 0.0675369 0.06575970546 0.0964626 0.112778 0.132992 0.158695 0.192484 0.238893 0.306637 0.414845 0.615266 1.11347
2.42600766027 0.0790631 0.0649859 0.0633123122197 0.0919679 0.107623 0.127018 0.15168 0.184097 0.228622 0.293613 0.397422 0.589691 1.06763
2.44346095279 0.0752063 0.0624455 0.06087052382 0.0875721 0.102573 0.121156 0.144785 0.175843 0.2185 0.280763 0.380211 0.564402 1.02225
2.46091424531 0.0714443 0.0599181 0.0584367469505 0.0832764 0.0976293 0.115409 0.138014 0.167727 0.208534 0.268096 0.363228 0.539421 0.977384
2.47836753783 0.0677774 0.0574061 0.0560135175188 0.0790816 0.0927934 0.109778 0.131372 0.159753 0.198732 0.255623 0.346486 0.51477 0.933069
2.49582083035 0.0642059 0.0549118 0.053603500651 0.0749886 0.088067 0.104266 0.124861 0.151928 0.1891 0.243353 0.33 0.490473 0.889352
2.51327412287 0.0607303 0.0524378 0.0512094583866 0.0709982 0.0834518 0.0988763 0.118485 0.144255 0.179645 0.231295 0.313784 0.466552 0.846274
2.53072741539 0.0573506 0.0499868 0.048834249679 0.0671114 0.0789491 0.0936101 0.112247 0.13674 0.170374 0.21946 0.297852 0.443029 0.803879
2.54818070791 0.0540673 0.0475616 0.0464808303951 0.0633289 0.0745604 0.0884701 0.106151 0.129387 0.161293 0.207856 0.282216 0.419926 0.762208
2.56563400043 0.0508806 0.0451649 0.0441521887064 0.0596514 0.0702873 0.0834584 0.1002 0.1222 0.152408 0.196492 0.266891 0.397263 0.7213
2.58308729295 0.0477907 0.0427997 0.0418514420027 0.0560798 0.0661309 0.0785773 0.0943968 0.115184 0.143726 0.185377 0.25189 0.375061 0.681197
2.60054058547 0.0447978 0.0404688 0.0395816753692 0.0526148 0.0620928 0.0738288 0.0887447 0.108344 0.135253 0.17452 0.237225 0.35334 0.641937
2.61799387799 0.0419021 0.0381753 0.0373460708048 0.0492569 0.058174 0.0692149 0.0832465 0.101683 0.126995 0.16393 0.222908 0.332121 0.603557
2.63544717051 0.0391038 0.0359221 0.035147794156 0.046007 0.054376 0.0647376 0.0779053 0.0952054 0.118957 0.153613 0.208951 0.311422 0.566096
2.65290046303 0.036403 0.0337123 0.0329900597263 0.0428655 0.0506998 0.0603987 0.0727236 0.0889157 0.111145 0.143579 0.195367 0.291261 0.529588
2.67035375555 0.0337998 0.0315488 0.0308760495145 0.0398331 0.0471465 0.0562001 0.0677043 0.0828174 0.103565 0.133835 0.182166 0.271658 0.494069
2.68780704807 0.0312942 0.0294347 0.0288089455195 0.0369102 0.0437173 0.0521435 0.0628499 0.0769141 0.0962205 0.124387 0.16936 0.252629 0.459572
2.70526034059 0.0288864 0.0273729 0.0267918974356 0.0340974 0.0404131 0.0482305 0.0581628 0.0712095 0.0891181 0.115245 0.156958 0.234192 0.426131
2.72271363311 0.0265764 0.0253665 0.0248280226526 0.0313951 0.0372349 0.0444628 0.0536454 0.0657068 0.0822621 0.106414 0.144972 0.216362 0.393775
2.74016692563 0.0243641 0.0234184 0.0229203901034 0.0288037 0.0341836 0.0408417 0.0493 0.0604093 0.0756571 0.0979001 0.13341 0.199155 0.362536
2.75762021815 0.0222497 0.0215314 0.0210720041117 0.0263236 0.03126 0.0373688 0.0451288 0.0553202 0.0693075 0.0897109 0.122283 0.182586 0.332442
2.77507351067 0.0202329 0.0197084 0.0192858043924 0.023955 0.0284648 0.0340453 0.0411336 0.0504423 0.0632175 0.0818519 0.111599 0.16667 0.303522
2.79252680319 0.0183138 0.0179521 0.0175646337463 0.0216984 0.0257989 0.0308724 0.0373164 0.0457785 0.0573911 0.0743288 0.101366 0.15142 0.2758
2.80998009571 0.0164923 0.0162651 0.0159112542131 0.0195539 0.0232627 0.0278514 0.033679 0.0413312 0.0518318 0.067147 0.0915933 0.136849 0.249303
2.82743338823 0.0147681 0.0146501 0.0143283147666 0.0175216 0.020857 0.0249831 0.030223 0.037103 0.0465434 0.0603114 0.0822874 0.122968 0.224053
2.84488668075 0.0131412 0.0131095 0.012818335162 0.0156018 0.0185821 0.0222687 0.02695 0.0330961 0.0415289 0.0538269 0.0734557 0.10979 0.200073
2.86233997327 0.0116113 0.0116457 0.0113837220891 0.0137945 0.0164385 0.0197088 0.0238612 0.0293124 0.0367914 0.0476978 0.0651045 0.0973251 0.177383
2.87979326579 0.0101783 0.0102608 0.0100267691712 0.0120998 0.0144266 0.0173043 0.0209579 0.0257539 0.0323336 0.041928 0.0572401 0.0855823 0.156003
2.89724655831 0.00884172 0.0089571 0.00874956005231 0.0105175 0.0125465 0.0150557 0.0182411 0.0224223 0.028158 0.0365212 0.0498679 0.0745711 0.135948
2.91469985083 0.00760139 0.0077364 0.007554097615 0.00904767 0.0107986 0.0129637 0.0157119 0.019319 0.0242668 0.0314808 0.0429927 0.0642993 0.117236
2.93215314335 0.00645693 0.00660056 0.00644215860988 0.00769009 0.00918284 0.0110285 0.013371 0.0164453 0.0206619 0.0268094 0.0366191 0.0547743 0.0998796
2.94960643587 0.00540794 0.00555123 0.00541537441708 0.00644458 0.00769928 0.00925038 0.0112189 0.0138021 0.017345 0.0225098 0.0307508 0.0460022 0.0838923
2.96705972839 0.00445398 0.00458988 0.00447518258939 0.00531085 0.00634782 0.00762961 0.00925617 0.0113904 0.0143173 0.0185838 0.0253911 0.0379886 0.0692843
2.98451302091 0.00359456 0.00371782 0.00362284300454 0.00428856 0.0051283 0.00616617 0.00748303 0.00921076 0.0115799 0.0150331 0.0205425 0.0307377 0.0560645
3.00196631343 0.00282914 0.00293617 0.00285937325606 0.00337727 0.00404043 0.00485992 0.00589958 0.00726347 0.00913352 0.0118591 0.0162072 0.0242531 0.0442398
3.01941960595 0.00215711 0.00224584 0.00218561326244 0.00257649 0.0030838 0.00371061 0.00450571 0.00554866 0.00697851 0.00906231 0.0123864 0.018537 0.0338153
3.03687289847 0.00157781 0.00164753 0.00160217681027 0.00188562 0.0022579 0.00271781 0.00330112 0.00406615 0.00511488 0.00664311 0.00908078 0.0135909 0.0247938
3.05432619099 0.00109047 0.00114174 0.00110943540195 0.00130395 0.00156209 0.00188094 0.00228527 0.0028155 0.00354227 0.00460122 0.00629021 0.00941499 0.0171763
3.07177948351 0.000694288 0.000728729 0.000707485951152 0.000830685 0.000995582 0.00119922 0.00145741 0.00179594 0.0022599 0.00293584 0.00401385 0.00600813 0.0109613
3.08923277603 0.000388311 0.000408493 0.000396215391926 0.000464873 0.000557411 0.000671666 0.000816502 0.00100638 0.00126656 0.00164557 0.00224997 0.00336801 0.00614472
3.10668606855 0.000171479 0.000180762 0.000175139155917 0.000205418 0.000246427 0.000297049 0.000361207 0.000445298 0.000560508 0.000728316 0.000995884 0.00149079 0.00271986
3.12413936107 4.25492e-05 4.4938e-05 4.34819337572e-05 5.10059e-05 6.12214e-05 7.38274e-05 8.98001e-05 0.000110731 0.000139401 0.000181154 0.00024772 0.000370831 0.000676544
3.14159265359 0.0 0.0 0.0 0.0 0.0 0.0 0.0 0.0 0.0 0.0 0.0 0.0 0.0
