alpha phi_iso phi_ray phi_vec g0=0.1 g0=0.2 g0=0.3 g0=0.4 g0=0.5 g0=0.6 g0=0.7 g0=0.8 g0=0.9 g0=1.0
0.0 1.0 1.0 1.0 1.0 1.0 1.0 1.0 1.0 1.0 1.0 1.0 1.0 1.0
0.0174532925199 0.999695 0.999564 0.999548656558 0.999709 0.999725 0.999745 0.999768 0.999796 0.999831 0.999877 0.999938 1.00003 1.00016
0.0349065850399 0.998836 0.998318 0.998254556595 0.998891 0.998955 0.99903 0.999119 0.999229 0.999367 0.999544 0.999784 1.00013 1.00065
0.0523598775598 0.997504 0.996358 0.996206553683 0.997624 0.997763 0.997927 0.998124 0.998364 0.998664 0.999053 0.999578 1.00033 1.00149
0.0698131700798 0.995765 0.993756 0.993475305285 0.995972 0.996212 0.996495 0.996834 0.997249 0.99777 0.998444 0.999355 1.00065 1.00267
0.0872664625997 0.99366 0.990562 0.990108668398 0.993973 0.994338 0.994769 0.995285 0.995918 0.996712 0.997742 0.999132 1.00112 1.0042
0.10471975512 0.991215 0.98681 0.986139469789 0.991655 0.992168 0.992773 0.9935 0.994391 0.99551 0.996962 0.998924 1.00173 1.00608
0.12217304764 0.98845 0.982526 0.981593485232 0.989036 0.989718 0.990525 0.991494 0.992682 0.994177 0.996116 0.998738 1.00249 1.00831
0.13962634016 0.985381 0.977732 0.976493810261 0.986131 0.987005 0.988038 0.98928 0.990805 0.992723 0.995213 0.998581 1.0034 1.01088
0.157079632679 0.982024 0.97245 0.970862538397 0.982955 0.98404 0.985325 0.986871 0.988769 0.991158 0.99426 0.998458 1.00447 1.0138
0.174532925199 0.978391 0.9667 0.964721259078 0.979521 0.980839 0.9824 0.984278 0.986585 0.98949 0.993265 0.998374 1.00569 1.01705
0.191986217719 0.974497 0.960503 0.958091180609 0.975841 0.977412 0.979271 0.981511 0.984262 0.987728 0.992232 0.998332 1.00707 1.02064
0.209439510239 0.970352 0.953878 0.950993148599 0.971927 0.973769 0.97595 0.978578 0.981807 0.985877 0.991168 0.998334 1.0086 1.02455
0.226892802759 0.965968 0.946844 0.94344766441 0.96779 0.96992 0.972445 0.975488 0.979229 0.983943 0.990074 0.998381 1.01028 1.02877
0.244346095279 0.961355 0.939421 0.935474940477 0.963439 0.965876 0.968765 0.972248 0.976532 0.981932 0.988956 0.998474 1.01211 1.03331
0.261799387799 0.956524 0.931626 0.927094906459 0.958884 0.961645 0.964919 0.968867 0.973724 0.979848 0.987815 0.998614 1.01409 1.03815
0.279252680319 0.951484 0.923478 0.918327283004 0.954134 0.957235 0.960913 0.96535 0.970809 0.977694 0.986654 0.998799 1.01621 1.04327
0.296705972839 0.946243 0.914995 0.909191569457 0.949197 0.952654 0.956755 0.961703 0.967793 0.975475 0.985473 0.999028 1.01846 1.04868
0.314159265359 0.940811 0.906193 0.899707105333 0.944081 0.947908 0.95245 0.957932 0.964679 0.973192 0.984273 0.9993 1.02085 1.05435
0.331612557879 0.935194 0.89709 0.889893045725 0.938792 0.943005 0.948005 0.954041 0.961471 0.970848 0.983055 0.999611 1.02335 1.06027
0.349065850399 0.929402 0.887704 0.879768398191 0.933339 0.937951 0.943426 0.950035 0.958173 0.968444 0.981819 0.999959 1.02598 1.06644
0.366519142919 0.92344 0.87805 0.86935201046 0.927728 0.932751 0.938716 0.945918 0.954787 0.965983 0.980563 1.00034 1.02871 1.07283
0.383972435439 0.917316 0.868146 0.858662576575 0.921966 0.927413 0.933883 0.941695 0.951317 0.963466 0.979288 1.00075 1.03154 1.07944
0.401425727959 0.911037 0.858007 0.847718624601 0.916058 0.921941 0.928929 0.937368 0.947765 0.960892 0.977991 1.00119 1.03447 1.08625
0.418879020479 0.90461 0.847651 0.836538504333 0.910011 0.91634 0.92386 0.932942 0.944132 0.958263 0.976671 1.00165 1.03749 1.09324
0.436332312999 0.898039 0.837093 0.825140387291 0.903829 0.910615 0.918678 0.928419 0.940421 0.955578 0.975326 1.00212 1.04058 1.1004
0.453785605519 0.891332 0.826348 0.813542266723 0.897519 0.904771 0.913389 0.923801 0.936633 0.952839 0.973954 1.00261 1.04373 1.10771
0.471238898038 0.884495 0.815432 0.801761902278 0.891086 0.898813 0.907997 0.919093 0.932769 0.950043 0.972553 1.0031 1.04695 1.11516
0.488692190558 0.877532 0.804361 0.789816850744 0.884534 0.892744 0.902503 0.914295 0.92883 0.947192 0.97112 1.0036 1.05021 1.12273
0.506145483078 0.870449 0.79315 0.777724423013 0.877869 0.886569 0.896912 0.909411 0.924818 0.944283 0.969651 1.00409 1.05351 1.13041
0.523598775598 0.863252 0.781813 0.765501684087 0.871095 0.880292 0.891227 0.904442 0.920734 0.941317 0.968145 1.00456 1.05683 1.13818
0.541052068118 0.855946 0.770365 0.753165422336 0.864217 0.873917 0.88545 0.89939 0.916577 0.938293 0.966598 1.00502 1.06018 1.14602
0.558505360638 0.848536 0.758821 0.740732149499 0.857239 0.867447 0.879585 0.894257 0.912348 0.935208 0.965006 1.00546 1.06353 1.15391
0.575958653158 0.841025 0.747193 0.728218063805 0.850165 0.860885 0.873633 0.889044 0.908048 0.932062 0.963366 1.00587 1.06688 1.16184
0.593411945678 0.83342 0.735497 0.715639056111 0.842999 0.854235 0.867599 0.883754 0.903676 0.928853 0.961675 1.00624 1.07021 1.16979
0.610865238198 0.825725 0.723745 0.703010679174 0.835746 0.847501 0.861483 0.878387 0.899234 0.92558 0.959929 1.00657 1.07352 1.17774
0.628318530718 0.817944 0.711951 0.690348135352 0.828408 0.840685 0.855288 0.872944 0.89472 0.922242 0.958124 1.00685 1.0768 1.18568
0.645771823238 0.810081 0.700127 0.677666276606 0.820991 0.833791 0.849017 0.867428 0.890135 0.918835 0.956256 1.00707 1.08003 1.19359
0.663225115758 0.802141 0.688287 0.664979549171 0.813497 0.826821 0.842671 0.861838 0.885478 0.91536 0.954322 1.00723 1.0832 1.20145
0.680678408278 0.794128 0.676441 0.652302030442 0.80593 0.819779 0.836253 0.856176 0.88075 0.911813 0.952318 1.00732 1.0863 1.20924
0.698131700798 0.786046 0.664602 0.639647379798 0.798294 0.812666 0.829765 0.850443 0.87595 0.908194 0.950239 1.00734 1.08932 1.21695
0.715584993318 0.777898 0.652782 0.627028838597 0.790591 0.805486 0.823207 0.844639 0.871077 0.904499 0.948082 1.00727 1.09226 1.22456
0.733038285838 0.76969 0.640991 0.614459217883 0.782825 0.798241 0.816583 0.838766 0.866132 0.900728 0.945843 1.00712 1.0951 1.23206
0.750491578358 0.761423 0.62924 0.601950879945 0.775 0.790934 0.809894 0.832824 0.861114 0.896878 0.943517 1.00686 1.09782 1.23942
0.767944870878 0.753102 0.617539 0.589515744467 0.767118 0.783567 0.803141 0.826815 0.856021 0.892947 0.941102 1.00651 1.10043 1.24664
0.785398163397 0.744732 0.605899 0.577165251636 0.759182 0.776143 0.796326 0.820737 0.850855 0.888933 0.938593 1.00604 1.1029 1.25369
0.802851455917 0.736314 0.594329 0.564910392888 0.751196 0.768664 0.789451 0.814594 0.845614 0.884835 0.935986 1.00546 1.10523 1.26056
0.820304748437 0.727853 0.582838 0.552761655574 0.743162 0.761132 0.782517 0.808384 0.840298 0.880651 0.933278 1.00476 1.10741 1.26723
0.837758040957 0.719351 0.571434 0.540729053702 0.735083 0.75355 0.775525 0.802108 0.834907 0.876377 0.930465 1.00393 1.10944 1.27369
0.855211333477 0.710813 0.560127 0.528822103346 0.726962 0.745919 0.768478 0.795768 0.829439 0.872014 0.927543 1.00297 1.11129 1.27993
0.872664625997 0.702241 0.548924 0.517049828793 0.718802 0.738242 0.761377 0.789363 0.823895 0.867559 0.924508 1.00187 1.11296 1.28592
0.890117918517 0.693639 0.537833 0.505420750249 0.710605 0.73052 0.754222 0.782895 0.818274 0.863009 0.921358 1.00062 1.11444 1.29165
0.907571211037 0.68501 0.52686 0.493942865395 0.702374 0.722757 0.747016 0.776363 0.812575 0.858365 0.918088 0.999217 1.11572 1.29712
0.925024503557 0.676356 0.516013 0.482623692422 0.694111 0.714954 0.73976 0.769769 0.806799 0.853622 0.914696 0.997659 1.1168 1.3023
0.942477796077 0.667681 0.505297 0.471470220849 0.685819 0.707112 0.732454 0.763113 0.800944 0.848781 0.911178 0.995939 1.11766 1.30719
0.959931088597 0.658988 0.494719 0.460488929966 0.677501 0.699234 0.725102 0.756395 0.79501 0.84384 0.907531 0.994051 1.1183 1.31176
0.977384381117 0.650279 0.484283 0.449685807278 0.669158 0.691323 0.717702 0.749617 0.788998 0.838797 0.903752 0.991991 1.11871 1.31602
0.994837673637 0.641557 0.473996 0.439066317764 0.660794 0.683379 0.710258 0.742778 0.782906 0.83365 0.899839 0.989753 1.11888 1.31993
1.01229096616 0.632826 0.463861 0.428635422323 0.652411 0.675404 0.702771 0.73588 0.776736 0.828399 0.895788 0.987334 1.1188 1.32351
1.02974425868 0.624087 0.453883 0.418397583921 0.644011 0.667401 0.695241 0.728922 0.770485 0.823043 0.891598 0.984728 1.11848 1.32672
1.0471975512 0.615344 0.444065 0.408356779882 0.635596 0.659371 0.68767 0.721907 0.764155 0.81758 0.887266 0.981932 1.11789 1.32957
1.06465084372 0.606598 0.434411 0.398516471156 0.627168 0.651317 0.68006 0.714834 0.757745 0.812008 0.882789 0.978942 1.11703 1.33204
1.08210413624 0.597854 0.424924 0.388879657642 0.61873 0.643239 0.672411 0.707704 0.751255 0.806329 0.878165 0.975753 1.1159 1.33412
1.09955742876 0.589112 0.415606 0.379448847452 0.610284 0.635141 0.664725 0.700518 0.744686 0.800539 0.873393 0.972363 1.1145 1.3358
1.11701072128 0.580376 0.406459 0.370226081502 0.601832 0.627022 0.657004 0.693277 0.738038 0.79464 0.868471 0.968768 1.11281 1.33708
1.1344640138 0.571648 0.397486 0.36121293351 0.593377 0.618886 0.649249 0.685982 0.73131 0.78863 0.863397 0.964965 1.11083 1.33794
1.15191730632 0.56293 0.388688 0.352410540731 0.584919 0.610734 0.64146 0.678633 0.724503 0.782509 0.858169 0.960951 1.10856 1.33838
1.16937059884 0.554226 0.380066 0.343819573226 0.576462 0.602568 0.63364 0.671231 0.717618 0.776276 0.852787 0.956724 1.10599 1.3384
1.18682389136 0.545536 0.37162 0.335440289182 0.568008 0.59439 0.62579 0.663778 0.710655 0.769931 0.847249 0.952282 1.10312 1.33797
1.20427718388 0.536863 0.363351 0.32727252877 0.559558 0.586201 0.617912 0.656275 0.703614 0.763475 0.841555 0.947622 1.09995 1.33711
1.2217304764 0.52821 0.35526 0.319315707991 0.551114 0.578003 0.610006 0.648722 0.696496 0.756907 0.835704 0.942744 1.09646 1.3358
1.23918376892 0.519579 0.347344 0.311568855568 0.542679 0.569798 0.602074 0.641121 0.689302 0.750228 0.829695 0.937644 1.09267 1.33404
1.25663706144 0.510972 0.339605 0.304030625233 0.534255 0.561588 0.594118 0.633472 0.682033 0.743437 0.823527 0.932323 1.08856 1.33182
1.27409035396 0.50239 0.332041 0.296699301882 0.525842 0.553373 0.586139 0.625778 0.674689 0.736535 0.817202 0.926779 1.08414 1.32914
1.29154364648 0.493837 0.324651 0.289572807714 0.517444 0.545157 0.578139 0.618039 0.667271 0.729523 0.810718 0.921011 1.0794 1.326
1.308996939 0.485313 0.317433 0.282648739121 0.509062 0.536941 0.57012 0.610256 0.659781 0.722401 0.804076 0.91502 1.07434 1.32239
1.32645023152 0.476822 0.310386 0.275924366689 0.500698 0.528726 0.562082 0.602432 0.652219 0.715171 0.797276 0.908805 1.06896 1.31831
1.34390352404 0.468365 0.303508 0.269396647485 0.492355 0.520515 0.554028 0.594567 0.644587 0.707832 0.79032 0.902366 1.06326 1.31377
1.36135681656 0.459944 0.296796 0.263062261949 0.484032 0.512308 0.545958 0.586663 0.636886 0.700387 0.783207 0.895703 1.05725 1.30875
1.37881010908 0.45156 0.290247 0.256917613891 0.475734 0.504109 0.537876 0.578722 0.629117 0.692836 0.775939 0.888818 1.05091 1.30326
1.3962634016 0.443217 0.28386 0.25095883049 0.467461 0.495918 0.529782 0.570744 0.621283 0.685181 0.768517 0.881711 1.04425 1.2973
1.41371669412 0.434915 0.277631 0.245181836063 0.459215 0.487737 0.521678 0.562732 0.613384 0.677424 0.760942 0.874383 1.03728 1.29088
1.43116998664 0.426656 0.271557 0.239582296739 0.450998 0.479568 0.513566 0.554688 0.605422 0.669565 0.753217 0.866836 1.02998 1.28398
1.44862327916 0.418443 0.265635 0.234155700375 0.442812 0.471413 0.505448 0.546613 0.597399 0.661607 0.745342 0.859073 1.02238 1.27661
1.46607657168 0.410276 0.259861 0.228897331966 0.434658 0.463274 0.497325 0.538509 0.589317 0.653552 0.73732 0.851094 1.01446 1.26878
1.4835298642 0.402158 0.254232 0.223802316675 0.426538 0.455152 0.489199 0.530377 0.581178 0.645401 0.729152 0.842902 1.00623 1.26049
1.50098315672 0.39409 0.248744 0.218865619835 0.418455 0.447049 0.481072 0.522221 0.572983 0.637157 0.720842 0.8345 0.997692 1.25174
1.51843644924 0.386074 0.243392 0.214082077685 0.410409 0.438967 0.472946 0.514041 0.564736 0.628822 0.712392 0.82589 0.988852 1.24254
1.53588974176 0.378112 0.238174 0.209446409665 0.402402 0.430908 0.464823 0.50584 0.556437 0.620398 0.703804 0.817076 0.979711 1.23288
1.55334303427 0.370204 0.233085 0.204953230711 0.394437 0.422873 0.456705 0.49762 0.54809 0.611889 0.695081 0.808061 0.970274 1.22278
1.57079632679 0.362354 0.228121 0.200597088136 0.386514 0.414865 0.448594 0.489383 0.539696 0.603296 0.686226 0.798849 0.960544 1.21225
1.58824961931 0.354561 0.223277 0.196372449339 0.378635 0.406884 0.440491 0.48113 0.531258 0.594622 0.677243 0.789442 0.950528 1.20128
1.60570291183 0.346828 0.21855 0.192273744835 0.370802 0.398933 0.432398 0.472866 0.522779 0.585871 0.668134 0.779846 0.940229 1.18988
1.62315620435 0.339156 0.213934 0.188295368256 0.363017 0.391014 0.424318 0.46459 0.514262 0.577045 0.658904 0.770066 0.929654 1.17806
1.64060949687 0.331547 0.209427 0.184431707086 0.355281 0.383128 0.416253 0.456307 0.505708 0.568148 0.649557 0.760104 0.918808 1.16584
1.65806278939 0.324001 0.205022 0.180677142659 0.347595 0.375277 0.408205 0.448019 0.497122 0.559183 0.640096 0.749967 0.907697 1.1532
1.67551608191 0.316521 0.200717 0.177026080902 0.339963 0.367464 0.400176 0.439727 0.488504 0.550153 0.630525 0.73966 0.896328 1.14018
1.69296937443 0.309108 0.196507 0.173472958478 0.332383 0.359689 0.392167 0.431434 0.47986 0.541061 0.620849 0.729186 0.884707 1.12677
1.71042266695 0.301763 0.192386 0.170012267375 0.32486 0.351955 0.384182 0.423143 0.47119 0.531912 0.611071 0.718553 0.872842 1.11298
1.72787595947 0.294487 0.188352 0.166638548759 0.317393 0.344264 0.376221 0.414857 0.4625 0.522708 0.601197 0.707765 0.860739 1.09883
1.74532925199 0.287281 0.1844 0.163346436008 0.309985 0.336616 0.368288 0.406577 0.453791 0.513455 0.591231 0.696829 0.848407 1.08432
1.76278254451 0.280148 0.180526 0.160130648561 0.302636 0.329015 0.360385 0.398307 0.445066 0.504154 0.581178 0.685751 0.835853 1.06946
1.78023583703 0.273087 0.176725 0.156986016511 0.29535 0.321462 0.352513 0.390048 0.43633 0.494812 0.571043 0.674536 0.823085 1.05427
1.79768912955 0.266101 0.172993 0.153907474453 0.288126 0.313958 0.344675 0.381805 0.427585 0.485431 0.56083 0.663192 0.810112 1.03876
1.81514242207 0.25919 0.169328 0.150890098373 0.280966 0.306506 0.336874 0.37358 0.418835 0.476016 0.550546 0.651725 0.796943 1.02293
1.83259571459 0.252355 0.165724 0.147929105644 0.273872 0.299107 0.32911 0.365374 0.410083 0.466571 0.540196 0.640141 0.783586 1.00681
1.85004900711 0.245598 0.162178 0.14501985503 0.266846 0.291763 0.321388 0.357192 0.401333 0.457101 0.529784 0.628449 0.770052 0.990406
1.86750229963 0.23892 0.158687 0.142157877417 0.259888 0.284476 0.313708 0.349036 0.392587 0.447609 0.519317 0.616654 0.756348 0.973726
1.88495559215 0.232321 0.155247 0.139338869672 0.253 0.277247 0.306073 0.340909 0.383851 0.4381 0.5088 0.604765 0.742485 0.956787
1.90240888467 0.225803 0.151855 0.136558713081 0.246183 0.270079 0.298486 0.332813 0.375127 0.42858 0.498238 0.592788 0.728472 0.939601
1.91986217719 0.219367 0.148507 0.133813473349 0.23944 0.262973 0.290948 0.324752 0.366418 0.419052 0.487639 0.580732 0.714321 0.922184
1.93731546971 0.213014 0.145201 0.131099419045 0.23277 0.255932 0.283462 0.316728 0.357729 0.40952 0.477008 0.568603 0.70004 0.904549
1.95476876223 0.206744 0.141934 0.128413021599 0.226176 0.248955 0.276031 0.308745 0.349064 0.399991 0.46635 0.55641 0.685641 0.886711
1.97222205475 0.200559 0.138703 0.125750949155 0.219658 0.242047 0.268656 0.300805 0.340426 0.390468 0.455672 0.544162 0.671133 0.868684
1.98967534727 0.194459 0.135505 0.123110097309 0.213218 0.235207 0.26134 0.292911 0.331818 0.380957 0.44498 0.531864 0.656529 0.850483
2.00712863979 0.188446 0.132338 0.120487582962 0.206858 0.228439 0.254085 0.285067 0.323245 0.371462 0.43428 0.519527 0.641837 0.832123
2.02458193231 0.18252 0.1292 0.117880738171 0.200578 0.221743 0.246893 0.277274 0.314711 0.361988 0.423579 0.507158 0.62707 0.81362
2.04203522483 0.176681 0.126089 0.115287128591 0.194379 0.215121 0.239767 0.269537 0.306218 0.35254 0.412883 0.494765 0.612238 0.794989
2.05948851735 0.170931 0.123003 0.112704541181 0.188264 0.208575 0.232709 0.261858 0.297772 0.343122 0.402199 0.482357 0.597354 0.776245
2.07694180987 0.165271 0.11994 0.110131002648 0.182232 0.202107 0.225721 0.25424 0.289376 0.333741 0.391532 0.469942 0.582427 0.757406
2.09439510239 0.159701 0.116898 0.107564761 0.176286 0.195719 0.218805 0.246686 0.281034 0.324401 0.380889 0.457529 0.56747 0.738485
2.11184839491 0.154222 0.113878 0.105004316289 0.170426 0.189411 0.211964 0.239199 0.272749 0.315107 0.370277 0.445126 0.552493 0.7195
2.12930168743 0.148835 0.110876 0.102448371427 0.164653 0.183186 0.205199 0.231782 0.264526 0.305864 0.359703 0.432742 0.53751 0.700467
2.14675497995 0.143539 0.107893 0.0998958875144 0.158969 0.177045 0.198514 0.224437 0.256368 0.296677 0.349172 0.420386 0.52253 0.681401
2.16420827247 0.138337 0.104928 0.0973460469554 0.153375 0.170989 0.19191 0.217169 0.248279 0.28755 0.338692 0.408065 0.507565 0.662319
2.18166156499 0.133228 0.10198 0.0947982473113 0.147871 0.165021 0.185389 0.209979 0.240264 0.27849 0.328268 0.395789 0.492628 0.643238
2.19911485751 0.128213 0.0990484 0.0922521258896 0.142458 0.159142 0.178954 0.202871 0.232325 0.269501 0.317908 0.383566 0.47773 0.624173
2.21656815003 0.123292 0.0961335 0.0897075290069 0.137138 0.153353 0.172606 0.195848 0.224467 0.260588 0.307618 0.371405 0.462882 0.605141
2.23402144255 0.118466 0.093235 0.0871645304311 0.131911 0.147655 0.166348 0.188911 0.216694 0.251755 0.297405 0.359315 0.448096 0.586158
2.25147473507 0.113736 0.0903532 0.0846234006449 0.126779 0.142051 0.160182 0.182065 0.209008 0.243009 0.287274 0.347304 0.433384 0.56724
2.26892802759 0.109102 0.0874883 0.0820846252879 0.121742 0.136541 0.15411 0.175312 0.201415 0.234353 0.277232 0.33538 0.418757 0.548404
2.28638132011 0.104564 0.0846409 0.0795488805667 0.116801 0.131128 0.148133 0.168654 0.193917 0.225793 0.267287 0.323552 0.404227 0.529667
2.30383461263 0.100123 0.0818115 0.0770170455502 0.111958 0.125811 0.142254 0.162095 0.186519 0.217333 0.257443 0.311829 0.389805 0.511043
2.32128790515 0.095779 0.079001 0.0744901837274 0.107212 0.120593 0.136475 0.155637 0.179223 0.208979 0.247708 0.300219 0.375502 0.492549
2.33874119767 0.0915324 0.0762102 0.0719695245649 0.102564 0.115476 0.130798 0.149283 0.172034 0.200735 0.238088 0.288729 0.36133 0.4742
2.35619449019 0.0873834 0.0734403 0.0694564758025 0.098016 0.110459 0.125224 0.143035 0.164955 0.192605 0.228588 0.27737 0.347299 0.456013
2.37364778271 0.0833325 0.0706924 0.0669525988631 0.0935678 0.105545 0.119755 0.136896 0.157989 0.184594 0.219215 0.266147 0.333422 0.438003
2.39110107523 0.0793797 0.0679679 0.064459627295 0.0892202 0.100734 0.114393 0.130868 0.15114 0.176707 0.209975 0.25507 0.319708 0.420185
2.40855436775 0.0755253 0.0652684 0.0619794052985 0.0849738 0.0960276 0.10914 0.124954 0.144411 0.168948 0.200874 0.244146 0.306168 0.402575
2.42600766027 0.0717697 0.0625953 0.0595139307574 0.0808294 0.0914273 0.103998 0.119157 0.137806 0.161322 0.191917 0.233384 0.292814 0.385187
2.44346095279 0.0681127 0.0599504 0.0570653183546 0.0767875 0.0869338 0.0989675 0.113477 0.131327 0.153833 0.183111 0.22279 0.279655 0.368037
2.46091424531 0.0645547 0.0573355 0.0546357934253 0.0728485 0.0825481 0.0940508 0.107919 0.124978 0.146484 0.174461 0.212373 0.266702 0.351138
2.47836753783 0.0610956 0.0547524 0.0522276858091 0.0690129 0.0782713 0.0892494 0.102484 0.118761 0.139281 0.165972 0.202139 0.253965 0.334505
2.49582083035 0.0577355 0.0522031 0.0498434052613 0.0652813 0.0741042 0.0845647 0.0971739 0.112681 0.132227 0.15765 0.192097 0.241453 0.318153
2.51327412287 0.0544745 0.0496897 0.0474854475996 0.0616541 0.0700476 0.0799981 0.0919911 0.106739 0.125327 0.1495 0.182252 0.229177 0.302094
2.53072741539 0.0513125 0.0472142 0.0451563824097 0.0581315 0.0661025 0.0755509 0.0869376 0.100938 0.118583 0.141528 0.172612 0.217145 0.286342
2.54818070791 0.0482494 0.0447788 0.0428588100142 0.0547139 0.0622695 0.0712244 0.0820152 0.0952814 0.111999 0.133737 0.163183 0.205367 0.270909
2.56563400043 0.0452852 0.0423857 0.0405954045036 0.0514016 0.0585494 0.06702 0.0772259 0.0897716 0.10558 0.126133 0.153973 0.193852 0.25581
2.58308729295 0.0424198 0.0400371 0.0383688584102 0.0481948 0.0549429 0.0629387 0.0725713 0.0844111 0.0993284 0.118721 0.144987 0.182609 0.241056
2.60054058547 0.039653 0.0377353 0.036181870414 0.0450939 0.0514506 0.0589816 0.0680533 0.0792023 0.0932477 0.111505 0.136231 0.171645 0.226658
2.61799387799 0.0369846 0.0354826 0.0340371760788 0.0420988 0.048073 0.0551499 0.0636734 0.0741474 0.0873411 0.10449 0.127712 0.16097 0.21263
2.63544717051 0.0344144 0.0332813 0.0319374802317 0.0392098 0.0448106 0.0514444 0.0594331 0.0692487 0.0816117 0.097679 0.119435 0.15059 0.198981
2.65290046303 0.0319422 0.0311337 0.0298854876999 0.0364268 0.041664 0.047866 0.0553338 0.0645083 0.0760623 0.0910768 0.111405 0.140514 0.185722
2.67035375555 0.0295676 0.029042 0.0278838725738 0.03375 0.0386333 0.0444156 0.0513769 0.059928 0.0706958 0.084687 0.103628 0.130748 0.172865
2.68780704807 0.0272903 0.0270084 0.0259352659127 0.0311792 0.0357191 0.0410938 0.0475636 0.0555098 0.0655146 0.0785131 0.0961084 0.121299 0.160418
2.70526034059 0.0251099 0.0250352 0.0240422495969 0.0287143 0.0329214 0.0379013 0.0438949 0.0512553 0.0605214 0.0725586 0.0888511 0.112174 0.148391
2.72271363311 0.0230261 0.0231246 0.0222073378862 0.0263553 0.0302405 0.0348387 0.040372 0.0471662 0.0557183 0.0668267 0.0818604 0.10338 0.136792
2.74016692563 0.0210383 0.0212787 0.0204329835672 0.0241019 0.0276765 0.0319064 0.0369957 0.0432438 0.0511074 0.0613202 0.0751405 0.094921 0.125631
2.75762021815 0.019146 0.0194995 0.0187215410689 0.0219539 0.0252295 0.0291049 0.0337669 0.0394895 0.0466907 0.0560422 0.0686953 0.0868036 0.114915
2.77507351067 0.0173487 0.0177891 0.0170752787576 0.0199109 0.0228994 0.0264344 0.0306862 0.0359044 0.04247 0.0509949 0.0625283 0.0790324 0.104652
2.79252680319 0.0156458 0.0161492 0.0154963543479 0.0179727 0.0206861 0.0238951 0.0277542 0.0324896 0.0384468 0.0461808 0.0566428 0.0716123 0.0948472
2.80998009571 0.0140366 0.0145819 0.01398679646 0.0161387 0.0185894 0.0214872 0.0249713 0.029246 0.0346226 0.0416019 0.0510418 0.0645474 0.0855082
2.82743338823 0.0125206 0.0130887 0.0125485230623 0.0144085 0.0166092 0.0192107 0.022338 0.0261741 0.0309985 0.03726 0.0457279 0.0578415 0.0766402
2.84488668075 0.0110968 0.0116712 0.0111833045872 0.0127816 0.0147449 0.0170654 0.0198543 0.0232748 0.0275756 0.0331567 0.0407035 0.0514982 0.0682484
2.86233997327 0.00976463 0.0103311 0.00989276393082 0.0112573 0.0129963 0.0150512 0.0175204 0.0205482 0.0243546 0.0292933 0.0359705 0.0455202 0.0603371
2.87979326579 0.00852313 0.0090695 0.00867837030623 0.00983488 0.0113628 0.0131678 0.0153362 0.0179946 0.0213361 0.0256708 0.0315306 0.0399101 0.0529101
2.89724655831 0.00737144 0.00788777 0.00754142080095 0.00851366 0.00984374 0.0114147 0.0133015 0.0156141 0.0185205 0.02229 0.027385 0.03467 0.0459706
2.91469985083 0.00630857 0.00678695 0.00648304037719 0.00729276 0.00843851 0.00979138 0.0114159 0.0134066 0.0159078 0.0191514 0.0235347 0.0298013 0.039521
2.93215314335 0.00533352 0.00576797 0.00550416342979 0.00617128 0.00714629 0.00829723 0.00967892 0.0113717 0.0134981 0.0162551 0.0199803 0.0253051 0.0335632
2.94960643587 0.00444519 0.00483157 0.00460552763887 0.00514823 0.00596618 0.00693145 0.00808993 0.00950888 0.0112909 0.013601 0.0167218 0.0211819 0.0280982
2.96705972839 0.00364243 0.00397834 0.00378767396987 0.0042225 0.00489716 0.0056931 0.00664808 0.00781748 0.00928577 0.0111887 0.013759 0.0174318 0.0231264
2.98451302091 0.00292401 0.00320868 0.00305091593685 0.00339293 0.00393814 0.00458113 0.00535239 0.00629655 0.00748174 0.00901741 0.0110912 0.0140541 0.0186474
3.00196631343 0.00228861 0.0025228 0.00239535804449 0.00265824 0.00308785 0.00359435 0.00420168 0.00494494 0.0058777 0.00708601 0.00871741 0.0110478 0.01466
3.01941960595 0.00173481 0.00192068 0.00182086505143 0.00201704 0.00234493 0.00273136 0.00319456 0.00376126 0.00447224 0.00539302 0.00663592 0.00841104 0.0111621
3.03687289847 0.00126113 0.00140212 0.00132703738093 0.00146783 0.00170786 0.00199064 0.00232947 0.00274388 0.00326362 0.00393656 0.00484469 0.00614143 0.00815075
3.05432619099 0.000865937 0.000966657 0.00091323571022 0.00100896 0.00117497 0.00137046 0.00160461 0.00189087 0.00224978 0.00271434 0.00334111 0.00423588 0.00562209
3.07177948351 0.000547497 0.000613577 0.000578525644454 0.000638653 0.000744408 0.00086888 0.0010179 0.00120002 0.00142827 0.00172361 0.00212196 0.00269052 0.00357117
3.08923277603 0.000303913 0.000341893 0.000321665422077 0.000354946 0.000414117 0.000483724 0.000567017 0.000668762 0.000796232 0.000961109 0.00118343 0.00150064 0.00199188
3.10668606855 0.0001331 0.000150295 0.000141062883469 0.000155657 0.000181793 0.00021252 0.000249269 0.000294135 0.000350318 0.00042296 0.000520873 0.000660541 0.000876777
3.12413936107 3.27154e-05 3.70809e-05 3.47078502666e-05 3.83175e-05 4.48036e-05 5.24232e-05 6.15297e-05 7.2641e-05 8.65475e-05 0.000104519 0.000128732 0.000163259 0.000216699
3.14159265359 0.0 0.0 0.0 0.0 0.0 0.0 0.0 0.0 0.0 0.0 0.0 0.0 0.0
