alpha phi_iso phi_ray phi_vec g0=0.1 g0=0.2 g0=0.3 g0=0.4 g0=0.5 g0=0.6 g0=0.7 g0=0.8 g0=0.9 g0=1.0
0.0 1.0 1.0 1.0 1.0 1.0 1.0 1.0 1.0 1.0 1.0 1.0 1.0 1.0
0.0174532925199 0.999758 0.999667 0.999637513106 0.999767 0.999777 0.999789 0.999801 0.999815 0.99983 0.999847 0.999867 0.999889 0.999916
0.0349065850399 0.999063 0.99871 0.998587990884 0.999099 0.999138 0.999181 0.999228 0.99928 0.999339 0.999405 0.99948 0.999566 0.999668
0.0523598775598 0.997961 0.997187 0.996907029455 0.998038 0.998122 0.998214 0.998315 0.998427 0.998553 0.998695 0.998856 0.999043 0.999262
0.0698131700798 0.99649 0.995144 0.994639112849 0.99662 0.996762 0.996918 0.997089 0.99728 0.997493 0.997734 0.99801 0.998329 0.998704
0.0872664625997 0.994672 0.992613 0.991815368742 0.994866 0.995078 0.995311 0.995568 0.995853 0.996174 0.996536 0.996951 0.997431 0.997996
0.10471975512 0.992524 0.989618 0.988458315504 0.992793 0.993086 0.993408 0.993764 0.99416 0.994604 0.995108 0.995685 0.996354 0.997141
0.12217304764 0.99006 0.986174 0.984586582492 0.990412 0.990796 0.991219 0.991687 0.992208 0.992794 0.993458 0.994219 0.995103 0.996143
0.13962634016 0.98729 0.9823 0.980217437356 0.987734 0.98822 0.988755 0.989347 0.990007 0.990749 0.991592 0.992559 0.993682 0.995006
0.157079632679 0.984226 0.978009 0.97536775327 0.98477 0.985366 0.986023 0.986751 0.987564 0.988478 0.989517 0.990709 0.992095 0.99373
0.174532925199 0.980876 0.973317 0.970054263005 0.981529 0.982245 0.983034 0.983909 0.984886 0.985987 0.987238 0.988675 0.990347 0.992321
0.191986217719 0.977251 0.968239 0.964293612414 0.97802 0.978864 0.979794 0.980827 0.981981 0.983282 0.984761 0.986462 0.988441 0.990779
0.209439510239 0.973359 0.962789 0.958102358202 0.974252 0.975231 0.976312 0.977513 0.978855 0.980369 0.982092 0.984073 0.986381 0.989107
0.226892802759 0.96921 0.956981 0.951496963471 0.970233 0.971356 0.972596 0.973974 0.975515 0.977255 0.979235 0.981514 0.984169 0.987308
0.244346095279 0.964811 0.950829 0.944493813322 0.965971 0.967245 0.968652 0.970216 0.971967 0.973944 0.976196 0.978788 0.98181 0.985384
0.261799387799 0.960172 0.944348 0.937109230451 0.961475 0.962906 0.964488 0.966247 0.968218 0.970443 0.972979 0.9759 0.979306 0.983336
0.279252680319 0.9553 0.93755 0.929359468467 0.956751 0.958347 0.960111 0.962073 0.964272 0.966756 0.969589 0.972853 0.97666 0.981166
0.296705972839 0.950202 0.930449 0.921260740862 0.951808 0.953573 0.955526 0.9577 0.960136 0.96289 0.96603 0.96965 0.973875 0.978877
0.314159265359 0.944887 0.923058 0.912829205413 0.946651 0.948593 0.950741 0.953133 0.955815 0.958847 0.962307 0.966296 0.970953 0.976469
0.331612557879 0.93936 0.91539 0.904080975322 0.941289 0.943411 0.945761 0.948378 0.951314 0.954634 0.958423 0.962793 0.967897 0.973944
0.349065850399 0.93363 0.907458 0.895032108075 0.935727 0.938036 0.940592 0.943441 0.946638 0.950254 0.954382 0.959145 0.964709 0.971303
0.366519142919 0.927702 0.899275 0.885698605444 0.929972 0.932472 0.935241 0.938328 0.941792 0.945712 0.950188 0.955355 0.961392 0.968548
0.383972435439 0.921584 0.890853 0.876096388966 0.924031 0.926727 0.929713 0.933043 0.936781 0.941012 0.945846 0.951425 0.957947 0.965679
0.401425727959 0.915283 0.882206 0.866241304406 0.91791 0.920806 0.924014 0.927592 0.93161 0.936159 0.941357 0.947359 0.954376 0.962698
0.418879020479 0.908804 0.873345 0.856149101694 0.911615 0.914714 0.918148 0.921979 0.926283 0.931156 0.936726 0.943159 0.950681 0.959605
0.436332312999 0.902154 0.864283 0.84583541933 0.905152 0.908457 0.912122 0.91621 0.920804 0.926008 0.931956 0.938828 0.946865 0.9564
0.453785605519 0.895338 0.855031 0.835315773236 0.898526 0.902041 0.90594 0.91029 0.915179 0.920717 0.92705 0.934368 0.942928 0.953086
0.471238898038 0.888364 0.845602 0.824605538929 0.891744 0.895472 0.899607 0.904222 0.90941 0.915289 0.922012 0.929782 0.938872 0.949662
0.488692190558 0.881237 0.836008 0.81371993592 0.884812 0.888755 0.893129 0.898012 0.903503 0.909726 0.916844 0.925072 0.934699 0.946129
0.506145483078 0.873963 0.826261 0.802674014341 0.877734 0.881894 0.88651 0.891665 0.897461 0.904032 0.911549 0.92024 0.930411 0.942488
0.523598775598 0.866547 0.816371 0.791482632661 0.870516 0.874895 0.879756 0.885184 0.891289 0.898211 0.906131 0.915288 0.926008 0.938739
0.541052068118 0.858996 0.80635 0.780160450996 0.863164 0.867764 0.87287 0.878574 0.88499 0.892265 0.900591 0.91022 0.921493 0.934882
0.558505360638 0.851314 0.796209 0.7687219066 0.855682 0.860504 0.865858 0.871838 0.878567 0.886199 0.894933 0.905036 0.916865 0.930917
0.575958653158 0.843507 0.78596 0.757181202714 0.848077 0.853122 0.858724 0.864983 0.872026 0.880015 0.88916 0.899739 0.912127 0.926846
0.593411945678 0.83558 0.775613 0.74555229297 0.840352 0.845621 0.851472 0.85801 0.865369 0.873716 0.883273 0.89433 0.90728 0.922667
0.610865238198 0.82754 0.765178 0.733848861334 0.832514 0.838007 0.844107 0.850925 0.858599 0.867307 0.877276 0.888812 0.902325 0.918382
0.628318530718 0.81939 0.754666 0.722084315417 0.824567 0.830284 0.836634 0.843732 0.851722 0.860789 0.871171 0.883187 0.897262 0.913991
0.645771823238 0.811137 0.744088 0.710271770876 0.816515 0.822456 0.829056 0.836433 0.844739 0.854165 0.864961 0.877455 0.892094 0.909493
0.663225115758 0.802785 0.733452 0.698424033584 0.808364 0.814529 0.821377 0.829034 0.837655 0.84744 0.858648 0.87162 0.886821 0.904889
0.680678408278 0.794339 0.722769 0.686553586258 0.800119 0.806506 0.813603 0.821538 0.830473 0.840615 0.852234 0.865683 0.881443 0.90018
0.698131700798 0.785803 0.712048 0.674672588463 0.791784 0.798392 0.805736 0.813948 0.823196 0.833694 0.845721 0.859645 0.875963 0.895364
0.715584993318 0.777184 0.701299 0.66279284763 0.783363 0.790192 0.797781 0.806268 0.815827 0.826679 0.839113 0.853508 0.870381 0.890443
0.733038285838 0.768485 0.69053 0.650925819068 0.774862 0.781909 0.789742 0.798502 0.808369 0.819573 0.83241 0.847275 0.864698 0.885416
0.750491578358 0.759712 0.67975 0.63908259481 0.766284 0.773548 0.781622 0.790653 0.800827 0.812379 0.825616 0.840945 0.858914 0.880283
0.767944870878 0.750868 0.668967 0.627273894705 0.757634 0.765112 0.773426 0.782726 0.793202 0.805099 0.818733 0.834522 0.853032 0.875045
0.785398163397 0.741959 0.658191 0.615510053044 0.748916 0.756607 0.765157 0.774722 0.785498 0.797737 0.811763 0.828007 0.847052 0.869703
0.802851455917 0.732988 0.647428 0.60380101856 0.740135 0.748035 0.756819 0.766646 0.777719 0.790294 0.804708 0.821401 0.840974 0.864255
0.820304748437 0.723961 0.636686 0.592156338827 0.731294 0.739402 0.748416 0.758502 0.769866 0.782774 0.797569 0.814707 0.834801 0.858702
0.837758040957 0.714881 0.625973 0.58058516026 0.722398 0.73071 0.739951 0.750291 0.761944 0.775179 0.79035 0.807925 0.828532 0.853045
0.855211333477 0.705754 0.615296 0.56909622366 0.713451 0.721963 0.731428 0.742019 0.753954 0.767512 0.783053 0.801057 0.822169 0.847284
0.872664625997 0.696582 0.604661 0.557697853067 0.704457 0.713166 0.72285 0.733687 0.7459 0.759774 0.775679 0.794105 0.815712 0.841418
0.890117918517 0.687371 0.594076 0.546397962448 0.69542 0.704322 0.714221 0.7253 0.737785 0.751969 0.768231 0.78707 0.809164 0.835449
0.907571211037 0.678124 0.583546 0.535204042325 0.686344 0.695435 0.705545 0.716859 0.729612 0.7441 0.76071 0.779955 0.802525 0.829377
0.925024503557 0.668845 0.573078 0.524123162005 0.677232 0.686508 0.696824 0.70837 0.721383 0.736168 0.75312 0.77276 0.795795 0.823202
0.942477796077 0.659539 0.562677 0.513161976261 0.668089 0.677545 0.688062 0.699833 0.713101 0.728176 0.745461 0.765488 0.788977 0.816925
0.959931088597 0.650209 0.552348 0.502326709739 0.658917 0.668549 0.679263 0.691254 0.70477 0.720127 0.737736 0.758139 0.782071 0.810546
0.977384381117 0.640859 0.542097 0.491623172552 0.649722 0.659525 0.670429 0.682633 0.696391 0.712023 0.729947 0.750717 0.775078 0.804065
0.994837673637 0.631493 0.53193 0.481056749139 0.640506 0.650475 0.661564 0.673976 0.687968 0.703866 0.722097 0.743221 0.768 0.797485
1.01229096616 0.622115 0.521849 0.470632409409 0.631273 0.641403 0.652671 0.665284 0.679503 0.695659 0.714187 0.735655 0.760838 0.790804
1.02974425868 0.612727 0.51186 0.460354710969 0.622026 0.632312 0.643753 0.656561 0.670999 0.687405 0.706219 0.72802 0.753593 0.784024
1.0471975512 0.603335 0.501966 0.450227794669 0.612769 0.623205 0.634814 0.647809 0.662458 0.679105 0.698195 0.720317 0.746267 0.777146
1.06465084372 0.593941 0.492172 0.440255402424 0.603506 0.614086 0.625856 0.639031 0.653884 0.670763 0.690119 0.712549 0.73886 0.770171
1.08210413624 0.584549 0.48248 0.430440866082 0.594239 0.604958 0.616882 0.630231 0.645279 0.66238 0.681991 0.704716 0.731375 0.763099
1.09955742876 0.575162 0.472895 0.420787129699 0.584972 0.595824 0.607896 0.62141 0.636646 0.653959 0.673814 0.696822 0.723813 0.755932
1.11701072128 0.565784 0.463419 0.411296742861 0.575709 0.586687 0.5989 0.612573 0.627986 0.645502 0.66559 0.688868 0.716175 0.748671
1.1344640138 0.556418 0.454054 0.40197188074 0.566452 0.577551 0.589898 0.603721 0.619304 0.637012 0.657321 0.680855 0.708463 0.741317
1.15191730632 0.547068 0.444803 0.392814339635 0.557204 0.568418 0.580892 0.594857 0.610601 0.628492 0.649009 0.672786 0.700679 0.733871
1.16937059884 0.537735 0.435669 0.383825552572 0.547969 0.559291 0.571885 0.585984 0.601879 0.619943 0.640658 0.664663 0.692823 0.726335
1.18682389136 0.528425 0.426653 0.375006595994 0.53875 0.550173 0.56288 0.577106 0.593143 0.611368 0.632268 0.656488 0.684899 0.71871
1.20427718388 0.519139 0.417757 0.366358198673 0.52955 0.541068 0.55388 0.568223 0.584393 0.602769 0.623842 0.648262 0.676908 0.710998
1.2217304764 0.509881 0.408983 0.357880759539 0.520372 0.531977 0.544888 0.55934 0.575634 0.594149 0.615382 0.639988 0.668852 0.7032
1.23918376892 0.500653 0.400331 0.349574345451 0.511218 0.522905 0.535905 0.550459 0.566866 0.585511 0.606891 0.631668 0.660732 0.695317
1.25663706144 0.491459 0.391803 0.341438711256 0.502091 0.513853 0.526936 0.541582 0.558093 0.576856 0.598371 0.623304 0.65255 0.687353
1.27409035396 0.482302 0.383399 0.333473310934 0.492995 0.504824 0.517983 0.532712 0.549317 0.568187 0.589824 0.614898 0.644309 0.679307
1.29154364648 0.473184 0.375121 0.325677308737 0.483932 0.495822 0.509047 0.523852 0.540542 0.559506 0.581253 0.606453 0.636011 0.671184
1.308996939 0.464108 0.366967 0.318049585879 0.474905 0.486848 0.500133 0.515004 0.531768 0.550817 0.572659 0.59797 0.627658 0.662984
1.32645023152 0.455076 0.35894 0.31058876282 0.465916 0.477905 0.491242 0.506171 0.522999 0.54212 0.564046 0.589452 0.619251 0.654709
1.34390352404 0.446092 0.351038 0.303293205953 0.456968 0.468997 0.482377 0.497355 0.514237 0.53342 0.555416 0.580902 0.610794 0.646362
1.36135681656 0.437158 0.343262 0.296161043205 0.448063 0.460125 0.473541 0.488558 0.505485 0.524718 0.54677 0.572321 0.602289 0.637946
1.37881010908 0.428276 0.335611 0.289190175178 0.439205 0.451292 0.464736 0.479784 0.496745 0.516016 0.538112 0.563712 0.593738 0.629461
1.3962634016 0.41945 0.328085 0.282378292983 0.430395 0.4425 0.455965 0.471034 0.48802 0.507318 0.529443 0.555078 0.585143 0.620912
1.41371669412 0.41068 0.320683 0.27572288715 0.421636 0.433753 0.447229 0.462312 0.479311 0.498625 0.520767 0.546421 0.576507 0.6123
1.43116998664 0.40197 0.313405 0.269221267687 0.41293 0.425051 0.438532 0.453619 0.470622 0.48994 0.512086 0.537743 0.567832 0.603628
1.44862327916 0.393323 0.306248 0.262870570768 0.404281 0.416399 0.429875 0.444958 0.461955 0.481265 0.503402 0.529048 0.559122 0.594898
1.46607657168 0.384739 0.299213 0.256667776561 0.395689 0.407797 0.421262 0.436331 0.453312 0.472604 0.494718 0.520337 0.550378 0.586114
1.4835298642 0.376223 0.292299 0.250609729284 0.387157 0.399248 0.412694 0.42774 0.444696 0.463957 0.486037 0.511613 0.541604 0.577279
1.50098315672 0.367774 0.285503 0.244693141667 0.378687 0.390755 0.404174 0.419189 0.436109 0.455329 0.47736 0.50288 0.532802 0.568394
1.51843644924 0.359397 0.278825 0.238914612774 0.370282 0.382319 0.395703 0.410679 0.427554 0.446721 0.468691 0.494139 0.523975 0.559464
1.53588974176 0.351092 0.272263 0.233270641385 0.361944 0.373943 0.387285 0.402212 0.419032 0.438136 0.460032 0.485393 0.515127 0.550491
1.55334303427 0.342862 0.265815 0.227757643814 0.353674 0.365629 0.37892 0.393791 0.410546 0.429576 0.451386 0.476645 0.506259 0.541479
1.57079632679 0.334708 0.25948 0.222371967292 0.345475 0.357379 0.370613 0.385418 0.402099 0.421043 0.442755 0.467898 0.497375 0.53243
1.58824961931 0.326633 0.253256 0.217109892185 0.337348 0.349194 0.362363 0.377095 0.393693 0.412541 0.434141 0.459155 0.488477 0.523348
1.60570291183 0.318638 0.247141 0.211967663204 0.329295 0.341077 0.354174 0.368825 0.385329 0.404071 0.425548 0.450418 0.47957 0.514236
1.62315620435 0.310725 0.241134 0.206941489401 0.321319 0.33303 0.346047 0.360609 0.377011 0.395636 0.416978 0.44169 0.470656 0.505098
1.64060949687 0.302896 0.235233 0.202027564226 0.313421 0.325055 0.337986 0.352449 0.368741 0.387239 0.408434 0.432975 0.461738 0.495937
1.65806278939 0.295152 0.229436 0.197222069986 0.305602 0.317153 0.329991 0.344349 0.360521 0.378882 0.399919 0.424274 0.452819 0.486757
1.67551608191 0.287495 0.22374 0.192521202362 0.297865 0.309326 0.322064 0.336309 0.352353 0.370567 0.391434 0.415592 0.443903 0.477561
1.69296937443 0.279927 0.218144 0.187921170404 0.290212 0.301577 0.314208 0.328332 0.344239 0.362297 0.382983 0.406931 0.434993 0.468352
1.71042266695 0.272449 0.212646 0.183418216595 0.282642 0.293906 0.306423 0.32042 0.336182 0.354074 0.374569 0.398293 0.426091 0.459136
1.72787595947 0.265062 0.207244 0.179008621301 0.275159 0.286316 0.298713 0.312575 0.328184 0.3459 0.366193 0.389682 0.417203 0.449914
1.74532925199 0.257768 0.201937 0.174688720609 0.267764 0.278808 0.291079 0.304799 0.320247 0.337779 0.35786 0.381101 0.40833 0.440692
1.76278254451 0.250568 0.196721 0.170454910777 0.260458 0.271384 0.283523 0.297093 0.312372 0.329712 0.34957 0.372552 0.399476 0.431473
1.78023583703 0.243463 0.191595 0.166303659381 0.253242 0.264045 0.276045 0.289461 0.304563 0.321702 0.341328 0.364039 0.390644 0.42226
1.79768912955 0.236456 0.186558 0.162231518686 0.246119 0.256792 0.268649 0.281903 0.296822 0.313751 0.333135 0.355565 0.381839 0.413058
1.81514242207 0.229545 0.181606 0.158235127874 0.239088 0.249628 0.261336 0.274421 0.289149 0.305861 0.324995 0.347133 0.373062 0.403871
1.83259571459 0.222734 0.17674 0.154311228646 0.232152 0.242554 0.254106 0.267017 0.281549 0.298035 0.316909 0.338745 0.364319 0.394702
1.85004900711 0.216023 0.171955 0.150456667451 0.225312 0.23557 0.246963 0.259694 0.274021 0.290274 0.308881 0.330405 0.355611 0.385555
1.86750229963 0.209412 0.167252 0.146668404396 0.218569 0.228679 0.239906 0.252452 0.266569 0.282583 0.300913 0.322116 0.346943 0.376435
1.88495559215 0.202904 0.162627 0.142943522169 0.211923 0.221882 0.232939 0.245293 0.259194 0.274961 0.293007 0.31388 0.338318 0.367346
1.90240888467 0.196498 0.15808 0.139279230489 0.205376 0.215179 0.226062 0.23822 0.251899 0.267413 0.285167 0.305701 0.32974 0.358291
1.91986217719 0.190195 0.153609 0.135672868335 0.19893 0.208572 0.219276 0.231233 0.244685 0.259939 0.277395 0.297582 0.321212 0.349274
1.93731546971 0.183997 0.149212 0.132121917326 0.192584 0.202063 0.212583 0.224335 0.237554 0.252543 0.269693 0.289525 0.312737 0.3403
1.95476876223 0.177905 0.144888 0.128623997251 0.186341 0.195651 0.205985 0.217526 0.230508 0.245225 0.262064 0.281533 0.304319 0.331373
1.97222205475 0.171918 0.140635 0.125176877226 0.180199 0.189339 0.199482 0.210809 0.223548 0.23799 0.254511 0.27361 0.295961 0.322497
1.98967534727 0.166037 0.136452 0.121778475681 0.174162 0.183127 0.193076 0.204185 0.216677 0.230837 0.247035 0.265758 0.287667 0.313675
2.00712863979 0.160263 0.132338 0.11842686037 0.168228 0.177017 0.186768 0.197655 0.209896 0.22377 0.239639 0.25798 0.27944 0.304912
2.02458193231 0.154597 0.128291 0.115120255051 0.1624 0.171009 0.180559 0.191221 0.203207 0.216791 0.232326 0.25028 0.271283 0.296211
2.04203522483 0.149038 0.12431 0.111857039491 0.156677 0.165103 0.17445 0.184883 0.196611 0.209901 0.225098 0.242659 0.2632 0.287577
2.05948851735 0.143588 0.120395 0.108635751688 0.15106 0.159301 0.168442 0.178644 0.190111 0.203103 0.217957 0.23512 0.255194 0.279014
2.07694180987 0.138247 0.116543 0.105455085649 0.14555 0.153604 0.162536 0.172504 0.183707 0.196398 0.210906 0.227667 0.247269 0.270525
2.09439510239 0.133015 0.112756 0.102313889157 0.140147 0.148012 0.156734 0.166465 0.177401 0.189787 0.203946 0.220302 0.239427 0.262115
2.11184839491 0.127891 0.10903 0.0992111726872 0.134852 0.142527 0.151035 0.160528 0.171194 0.183274 0.197081 0.213028 0.231672 0.253788
2.12930168743 0.122878 0.105367 0.0961460938071 0.129665 0.137147 0.145442 0.154694 0.165089 0.17686 0.190312 0.205847 0.224007 0.245546
2.14675497995 0.117974 0.101765 0.0931179727756 0.124586 0.131875 0.139953 0.148964 0.159086 0.170546 0.183641 0.198762 0.216436 0.237395
2.16420827247 0.113179 0.0982234 0.0901262724859 0.119616 0.12671 0.134572 0.143339 0.153186 0.164334 0.17707 0.191775 0.20896 0.229337
2.18166156499 0.108494 0.094742 0.08717060738 0.114755 0.121653 0.129297 0.13782 0.147392 0.158226 0.170602 0.184889 0.201584 0.221377
2.19911485751 0.103919 0.0913204 0.0842507345342 0.110002 0.116704 0.12413 0.132408 0.141703 0.152223 0.164238 0.178106 0.19431 0.213517
2.21656815003 0.0994539 0.0879581 0.0813665536587 0.105359 0.111865 0.119071 0.127104 0.136122 0.146327 0.157981 0.171429 0.187141 0.205762
2.23402144255 0.095098 0.0846551 0.0785180959549 0.100826 0.107134 0.114121 0.121908 0.130649 0.140539 0.151831 0.164861 0.18008 0.198116
2.25147473507 0.0908515 0.081411 0.0757055308008 0.096401 0.102512 0.10928 0.116822 0.125286 0.13486 0.145791 0.158402 0.17313 0.19058
2.26892802759 0.0867141 0.0782259 0.0729291479219 0.0920858 0.0980002 0.104549 0.111845 0.120033 0.129293 0.139863 0.152056 0.166293 0.18316
2.28638132011 0.0826856 0.0750996 0.070189361849 0.0878798 0.0935978 0.0999279 0.10698 0.114891 0.123838 0.134048 0.145824 0.159573 0.175858
2.30383461263 0.0787656 0.0720323 0.0674866963167 0.0837828 0.089305 0.0954172 0.102225 0.109861 0.118496 0.128348 0.139709 0.152971 0.168678
2.32128790515 0.0749539 0.0690239 0.0648217887215 0.0797947 0.0851219 0.0910172 0.0975823 0.104945 0.113269 0.122764 0.133713 0.146491 0.161621
2.33874119767 0.0712499 0.0660747 0.0621953722921 0.0759153 0.0810484 0.0867279 0.0930516 0.100142 0.108157 0.117299 0.127837 0.140134 0.154693
2.35619449019 0.0676532 0.0631849 0.0596082760896 0.0721442 0.0770845 0.0825496 0.0886335 0.095454 0.103162 0.111952 0.122083 0.133903 0.147895
2.37364778271 0.0641633 0.0603547 0.0570614183214 0.0684811 0.07323 0.0784824 0.0843283 0.0908808 0.0982842 0.106726 0.116453 0.1278 0.14123
2.39110107523 0.0607795 0.0575844 0.0545557929694 0.0649256 0.0694847 0.0745262 0.0801362 0.0864231 0.093525 0.101621 0.110949 0.121828 0.134701
2.40855436775 0.0575013 0.0548744 0.052092467561 0.0614773 0.0658484 0.0706811 0.0760576 0.0820816 0.0888852 0.0966399 0.105572 0.115988 0.128311
2.42600766027 0.0543281 0.0522252 0.0496725697976 0.0581357 0.0623209 0.066947 0.0720926 0.0778566 0.0843653 0.0917824 0.100324 0.110283 0.122062
2.44346095279 0.0512591 0.0496372 0.0472972830971 0.0549003 0.0589017 0.0633237 0.0682412 0.0737486 0.0799661 0.0870499 0.0952062 0.104713 0.115957
2.46091424531 0.0482935 0.0471108 0.0449678421364 0.0517704 0.0555904 0.059811 0.0645035 0.0697577 0.0756881 0.0824434 0.0902197 0.0992822 0.109998
2.47836753783 0.0454305 0.0446465 0.0426855083364 0.0487454 0.0523866 0.0564086 0.0608794 0.0658842 0.0715319 0.0779636 0.0853659 0.0939907 0.104186
2.49582083035 0.0426693 0.0422448 0.0404515810051 0.0458246 0.0492897 0.0531163 0.0573688 0.0621282 0.0674977 0.0736113 0.0806458 0.0888403 0.0985253
2.51327412287 0.040009 0.0399063 0.0382673772799 0.0430073 0.0462992 0.0499336 0.0539717 0.0584899 0.0635861 0.0693871 0.0760606 0.0838326 0.0930164
2.53072741539 0.0374485 0.0376315 0.0361342232127 0.0402926 0.0434144 0.0468601 0.0506876 0.0549691 0.0597971 0.0652916 0.0716109 0.0789689 0.0876614
2.54818070791 0.0349869 0.0354209 0.0340534493129 0.0376797 0.0406346 0.0438953 0.0475163 0.0515658 0.0561311 0.0613253 0.0672978 0.0742502 0.0824618
2.56563400043 0.0326231 0.0332751 0.0320263771751 0.0351676 0.037959 0.0410386 0.0444574 0.0482799 0.0525881 0.0574885 0.0631218 0.0696779 0.0774194
2.58308729295 0.0303561 0.0311946 0.0300543127934 0.0327555 0.035387 0.0382893 0.0415106 0.0451111 0.0491681 0.0537816 0.0590837 0.0652527 0.0725355
2.60054058547 0.0281847 0.02918 0.0281385443325 0.0304423 0.0329176 0.0356469 0.0386752 0.0420592 0.0458711 0.0502048 0.0551839 0.0609756 0.0678114
2.61799387799 0.0261077 0.0272318 0.026280315384 0.028227 0.03055 0.0331105 0.0359508 0.0391237 0.0426969 0.046758 0.0514227 0.0568473 0.0632481
2.63544717051 0.0241238 0.0253504 0.0244808361097 0.0261084 0.0282831 0.0306794 0.0333367 0.0363043 0.0396453 0.0434414 0.0478006 0.0528684 0.0588466
2.65290046303 0.0222319 0.0235364 0.0227412654121 0.0240855 0.0261159 0.0283526 0.0308321 0.0336004 0.036716 0.0402549 0.0443175 0.0490393 0.0546078
2.67035375555 0.0204305 0.0217901 0.02106270202 0.0221569 0.0240474 0.0261292 0.0284363 0.0310113 0.0339084 0.0371982 0.0409736 0.0453604 0.0505323
2.68780704807 0.0187184 0.0201119 0.0194461755737 0.0203215 0.0220763 0.0240082 0.0261484 0.0285363 0.0312221 0.0342709 0.0377688 0.0418318 0.0466206
2.70526034059 0.017094 0.0185023 0.0178926443966 0.0185778 0.0202016 0.0219886 0.0239675 0.0261748 0.0286565 0.0314728 0.0347029 0.0384536 0.0428731
2.72271363311 0.0155559 0.0169614 0.0164029843515 0.0169247 0.018422 0.0200692 0.0218926 0.0239258 0.0262109 0.0288033 0.0317755 0.0352258 0.0392899
2.74016692563 0.0141027 0.0154895 0.0149779799263 0.0153606 0.0167361 0.0182488 0.0199227 0.0217883 0.0238846 0.0262617 0.0289863 0.032148 0.035871
2.75762021815 0.0127328 0.0140868 0.0136183153193 0.0138842 0.0151427 0.0165261 0.0180565 0.0197615 0.0216765 0.0238474 0.0263346 0.0292199 0.0326164
2.77507351067 0.0114446 0.0127534 0.0123245766678 0.0124938 0.0136403 0.0148999 0.0162929 0.0178442 0.0195858 0.0215594 0.0238199 0.0264411 0.0295257
2.79252680319 0.0102365 0.0114894 0.0110972342186 0.0111881 0.0122274 0.0133689 0.0146306 0.0160351 0.0176115 0.019397 0.0214412 0.0238109 0.0265984
2.80998009571 0.00910674 0.0102947 0.00993664455732 0.00996526 0.0109025 0.0119314 0.0130682 0.0143332 0.0157522 0.0173589 0.0191977 0.0213284 0.023834
2.82743338823 0.00805372 0.00916915 0.00884303500705 0.00882377 0.00966402 0.0105861 0.0116043 0.0127369 0.0140068 0.0154441 0.0170883 0.0189928 0.0212315
2.84488668075 0.00707565 0.00811265 0.00781651031478 0.00776191 0.00851037 0.00933129 0.0102374 0.0112448 0.0123739 0.0136512 0.0151118 0.0168029 0.0187899
2.86233997327 0.00617073 0.00712487 0.00685703482195 0.00677793 0.00743982 0.00816543 0.00896596 0.00985553 0.0108521 0.0119789 0.0132669 0.0147575 0.0165082
2.87979326579 0.00533712 0.00620541 0.00596443915052 0.00587002 0.00645062 0.00708678 0.00778826 0.00856736 0.00943973 0.0104257 0.0115521 0.0128551 0.0143848
2.89724655831 0.00457294 0.00535381 0.00513840460226 0.00503637 0.00554098 0.00609358 0.0067026 0.00737864 0.00813522 0.00898988 0.00996578 0.0110942 0.0124183
2.91469985083 0.00387627 0.00456945 0.00437846538751 0.00427506 0.00470903 0.005184 0.00570716 0.00628756 0.00693676 0.00766973 0.00850625 0.00947302 0.010607
2.93215314335 0.00324515 0.00385164 0.00368399748178 0.00358416 0.00395286 0.00435613 0.00480006 0.00529227 0.00584251 0.00646341 0.00717164 0.00798971 0.00894879
2.94960643587 0.00267756 0.00319958 0.00305422308319 0.00296168 0.00327048 0.00360802 0.00397934 0.00439081 0.0048505 0.00536891 0.00595991 0.0066422 0.00744168
2.96705972839 0.00217144 0.00261233 0.00248820392636 0.00240557 0.00265985 0.0029376 0.00324296 0.0035811 0.00395862 0.00438411 0.00486889 0.00542823 0.0060833
2.98451302091 0.00172471 0.00208884 0.0019848323679 0.00191373 0.00211887 0.00234279 0.00258879 0.002861 0.00316471 0.00350679 0.00389628 0.00434542 0.00487111
3.00196631343 0.0013352 0.00162792 0.00154282692899 0.00148401 0.00164539 0.0018214 0.00201461 0.00222825 0.00246645 0.00273455 0.0030396 0.00339114 0.00380236
3.01941960595 0.00100071 0.00122824 0.00116073452412 0.00111419 0.00123715 0.00137114 0.00151811 0.0016805 0.0018614 0.00206486 0.0022962 0.00256261 0.00287405
3.03687289847 0.000718988 0.000888333 0.000836919317745 0.000801996 0.000891853 0.000989687 0.0010969 0.00121526 0.001347 0.00149505 0.00166327 0.00185684 0.00208297
3.05432619099 0.000487696 0.000606582 0.000569553809652 0.000545063 0.000607101 0.000674579 0.000748456 0.000829934 0.000920548 0.00102229 0.00113779 0.0012706 0.00142563
3.07177948351 0.000304441 0.000381192 0.000356609920356 0.000340961 0.00038041 0.000423273 0.000470151 0.000521798 0.00057918 0.000643548 0.000716553 0.000800428 0.00089826
3.08923277603 0.000166736 0.000210186 0.000195838933145 0.000187157 0.00020919 0.0002331 0.000259218 0.000287961 0.000319861 0.000355606 0.000396108 0.000442596 0.000496772
3.10668606855 7.19811e-05 9.13676e-05 8.47492075006e-05 8.09975e-05 9.07111e-05 0.000101238 0.000112722 0.000125343 0.000139333 0.00015499 0.000172711 0.00019303 0.000216686
3.12413936107 1.7416e-05 2.22665e-05 2.05482339694e-05 1.96529e-05 2.20586e-05 2.46614e-05 2.74963e-05 3.06071e-05 3.40501e-05 3.78982e-05 4.22476e-05 4.72283e-05 5.30205e-05
3.14159265359 0.0 0.0 0.0 0.0 0.0 0.0 0.0 0.0 0.0 0.0 0.0 0.0 0.0
