alpha phi_iso phi_ray phi_vec g0=0.1 g0=0.2 g0=0.3 g0=0.4 g0=0.5 g0=0.6 g0=0.7 g0=0.8 g0=0.9 g0=1.0
0.0 1.0 1.0 1.0 1.0 1.0 1.0 1.0 1.0 1.0 1.0 1.0 1.0 1.0
0.0174532925199 0.999727 0.999614 0.999590054143 0.999739 0.999753 0.999768 0.999785 0.999805 0.999829 0.999857 0.999891 0.999934 0.99999
0.0349065850399 0.998952 0.998509 0.998409060795 0.998998 0.99905 0.999108 0.999175 0.999253 0.999344 0.999452 0.999586 0.999753 0.999969
0.0523598775598 0.997738 0.996762 0.996528986685 0.997838 0.997949 0.998075 0.99822 0.998387 0.998585 0.998821 0.99911 0.999473 0.999944
0.0698131700798 0.996136 0.994432 0.994007211306 0.996305 0.996495 0.996711 0.996958 0.997245 0.997583 0.997989 0.998486 0.99911 0.999922
0.0872664625997 0.994177 0.991562 0.990883235747 0.994431 0.994717 0.995042 0.995415 0.995849 0.99636 0.996974 0.997726 0.998673 0.999905
0.10471975512 0.991883 0.988179 0.98718489974 0.992236 0.992635 0.993088 0.993608 0.994214 0.994929 0.995787 0.996841 0.998169 0.999897
0.12217304764 0.98927 0.984305 0.982934658423 0.989737 0.990263 0.990862 0.991551 0.992353 0.9933 0.99444 0.995839 0.997602 0.999899
0.13962634016 0.986353 0.97996 0.978152996443 0.986946 0.987615 0.988377 0.989253 0.990275 0.991484 0.992938 0.994725 0.996978 0.999915
0.157079632679 0.983144 0.975162 0.972859706494 0.983875 0.984701 0.985642 0.986727 0.987991 0.989488 0.991289 0.993504 0.996299 0.999944
0.174532925199 0.979655 0.969931 0.967074282711 0.980537 0.981534 0.982671 0.983981 0.98551 0.98732 0.989501 0.992184 0.995571 0.999989
0.191986217719 0.975897 0.964283 0.960815980383 0.976942 0.978123 0.97947 0.981025 0.982839 0.984989 0.987579 0.990768 0.994794 1.00005
0.209439510239 0.971882 0.958236 0.95410384405 0.9731 0.974478 0.976051 0.977866 0.979986 0.982499 0.985529 0.989259 0.993972 1.00013
0.226892802759 0.967619 0.951806 0.946956693456 0.969021 0.970608 0.97242 0.974512 0.976958 0.979857 0.983354 0.987662 0.993106 1.00022
0.244346095279 0.963118 0.94501 0.939393169208 0.964714 0.966521 0.968587 0.970972 0.973761 0.977069 0.981061 0.98598 0.992198 1.00032
0.261799387799 0.958388 0.937865 0.93143174683 0.960188 0.962227 0.964558 0.967252 0.970403 0.974141 0.978654 0.984215 0.991249 1.00044
0.279252680319 0.953437 0.930386 0.923090754321 0.955451 0.957733 0.960343 0.963359 0.966888 0.971077 0.976135 0.982371 0.99026 1.00057
0.296705972839 0.948275 0.922589 0.91438838972 0.950511 0.953046 0.955946 0.959299 0.963223 0.967882 0.973509 0.980449 0.98923 1.00071
0.314159265359 0.942909 0.91449 0.905342745692 0.945376 0.948173 0.951375 0.955077 0.959412 0.964559 0.970779 0.978451 0.98816 1.00086
0.331612557879 0.937347 0.906103 0.89597179899 0.940052 0.943122 0.946635 0.950699 0.955459 0.961114 0.967947 0.976377 0.987049 1.00101
0.349065850399 0.931596 0.897444 0.88629341397 0.934548 0.937897 0.941733 0.946171 0.95137 0.957548 0.965015 0.97423 0.985897 1.00116
0.366519142919 0.925663 0.888528 0.876325353126 0.928869 0.932507 0.936675 0.941498 0.947149 0.953866 0.961986 0.972009 0.984702 1.00131
0.383972435439 0.919555 0.87937 0.866085248991 0.923022 0.926957 0.931465 0.936684 0.9428 0.950071 0.958863 0.969717 0.983464 1.00146
0.401425727959 0.91328 0.869983 0.855590614675 0.917013 0.921252 0.926109 0.931734 0.938327 0.946165 0.955646 0.967352 0.982181 1.00159
0.418879020479 0.906842 0.860383 0.844858819275 0.910848 0.915398 0.920613 0.926652 0.933732 0.942152 0.952337 0.964915 0.980852 1.00171
0.436332312999 0.900249 0.850582 0.833907087882 0.904534 0.9094 0.914979 0.921442 0.92902 0.938033 0.948938 0.962407 0.979474 1.00182
0.453785605519 0.893507 0.840597 0.822752469959 0.898075 0.903265 0.909215 0.916109 0.924194 0.933811 0.945449 0.959826 0.978045 1.0019
0.471238898038 0.886622 0.830439 0.811411839349 0.891477 0.896995 0.903323 0.910656 0.919256 0.929489 0.941872 0.957172 0.976564 1.00196
0.488692190558 0.879599 0.820123 0.799901880222 0.884747 0.890598 0.897309 0.905086 0.91421 0.925067 0.938208 0.954445 0.975028 1.00199
0.506145483078 0.872444 0.809663 0.788239055463 0.877888 0.884077 0.891175 0.899404 0.909058 0.920548 0.934457 0.951644 0.973435 1.00198
0.523598775598 0.865162 0.799071 0.77643960316 0.870906 0.877436 0.884928 0.893613 0.903804 0.915934 0.930619 0.948769 0.971781 1.00193
0.541052068118 0.85776 0.78836 0.764519522553 0.863806 0.870681 0.878569 0.887715 0.898448 0.911225 0.926696 0.945817 0.970064 1.00183
0.558505360638 0.850241 0.777542 0.752494538911 0.856593 0.863815 0.872104 0.881715 0.892995 0.906424 0.922687 0.942789 0.968282 1.00168
0.575958653158 0.842612 0.766632 0.74038011407 0.849271 0.856844 0.865535 0.875614 0.887445 0.901532 0.918592 0.939682 0.966431 1.00148
0.593411945678 0.834877 0.755639 0.72819140428 0.841845 0.84977 0.858866 0.869417 0.881802 0.89655 0.914413 0.936497 0.964508 1.00121
0.610865238198 0.827042 0.744578 0.715943267233 0.834319 0.842598 0.852102 0.863125 0.876067 0.89148 0.910148 0.933231 0.962511 1.00088
0.628318530718 0.81911 0.733459 0.703650223427 0.826699 0.835332 0.845244 0.856742 0.870242 0.886321 0.905798 0.929882 0.960435 1.00048
0.645771823238 0.811087 0.722293 0.691326466698 0.818987 0.827976 0.838296 0.85027 0.864329 0.881076 0.901363 0.926451 0.958279 0.999992
0.663225115758 0.802977 0.711093 0.678985829102 0.811189 0.820533 0.831262 0.843711 0.858331 0.875744 0.896842 0.922934 0.956038 0.999426
0.680678408278 0.794784 0.699868 0.666641773885 0.803307 0.813007 0.824145 0.837069 0.852247 0.870328 0.892235 0.919331 0.953709 0.998771
0.698131700798 0.786514 0.68863 0.654307391975 0.795348 0.805401 0.816947 0.830345 0.846081 0.864828 0.887543 0.915639 0.95129 0.998021
0.715584993318 0.77817 0.677388 0.641995370364 0.787313 0.79772 0.809672 0.823542 0.839834 0.859244 0.882765 0.911858 0.948776 0.997171
0.733038285838 0.769757 0.666152 0.629718002652 0.779208 0.789966 0.802322 0.816662 0.833507 0.853578 0.877899 0.907986 0.946166 0.996217
0.750491578358 0.761278 0.654933 0.617487157431 0.771035 0.782142 0.7949 0.809708 0.827103 0.847829 0.872948 0.904021 0.943454 0.995152
0.767944870878 0.752738 0.64374 0.605314281796 0.762799 0.774253 0.78741 0.802681 0.820622 0.842 0.867908 0.899961 0.940639 0.99397
0.785398163397 0.744141 0.63258 0.5932103873 0.754504 0.766301 0.779853 0.795584 0.814066 0.836089 0.862782 0.895805 0.937718 0.992668
0.802851455917 0.735491 0.621464 0.581186042926 0.746152 0.758289 0.772233 0.788419 0.807436 0.830099 0.857567 0.891552 0.934686 0.99124
0.820304748437 0.726791 0.6104 0.569251368061 0.737747 0.75022 0.764551 0.781187 0.800734 0.824029 0.852264 0.8872 0.931541 0.98968
0.837758040957 0.718046 0.599395 0.557416021961 0.729292 0.742098 0.756811 0.773892 0.793961 0.81788 0.846873 0.882746 0.92828 0.987985
0.855211333477 0.709258 0.588457 0.545689207265 0.720792 0.733925 0.749015 0.766534 0.787119 0.811653 0.841392 0.878191 0.924901 0.986148
0.872664625997 0.700433 0.577593 0.534079648913 0.712249 0.725705 0.741166 0.759116 0.780208 0.805348 0.835823 0.873532 0.921399 0.984165
0.890117918517 0.691572 0.56681 0.522595608205 0.703667 0.717439 0.733265 0.751639 0.773231 0.798966 0.830164 0.868769 0.917773 0.982033
0.907571211037 0.682681 0.556116 0.511244868744 0.695048 0.709132 0.725316 0.744106 0.766188 0.792508 0.824415 0.863899 0.91402 0.979745
0.925024503557 0.673761 0.545516 0.500034743466 0.686396 0.700785 0.71732 0.736519 0.759081 0.785974 0.818576 0.858921 0.910137 0.977299
0.942477796077 0.664818 0.535015 0.488972060587 0.677715 0.692402 0.709281 0.728879 0.75191 0.779364 0.812647 0.853835 0.906122 0.974689
0.959931088597 0.655853 0.52462 0.478063170629 0.669006 0.683985 0.701199 0.721188 0.744679 0.77268 0.806628 0.848639 0.901972 0.971912
0.977384381117 0.64687 0.514336 0.467313953444 0.660273 0.675537 0.693078 0.713448 0.737386 0.765922 0.800519 0.843333 0.897685 0.968964
0.994837673637 0.637873 0.504168 0.456729811191 0.651519 0.66706 0.684921 0.70566 0.730035 0.759091 0.794319 0.837915 0.89326 0.965841
1.01229096616 0.628864 0.494119 0.446315671847 0.642746 0.658557 0.676728 0.697828 0.722626 0.752188 0.788028 0.832384 0.888694 0.962541
1.02974425868 0.619847 0.484195 0.436075996232 0.633959 0.650031 0.668502 0.689952 0.715161 0.745213 0.781648 0.82674 0.883985 0.959059
1.0471975512 0.610825 0.474399 0.426014778009 0.625158 0.641484 0.660246 0.682034 0.707641 0.738167 0.775177 0.820981 0.879132 0.955393
1.06465084372 0.6018 0.464734 0.416135550709 0.616348 0.632918 0.651962 0.674076 0.700067 0.731051 0.768617 0.815109 0.874132 0.951539
1.08210413624 0.592776 0.455204 0.406441405296 0.607531 0.624337 0.643651 0.66608 0.692441 0.723866 0.761967 0.809121 0.868986 0.947495
1.09955742876 0.583756 0.445811 0.396934965573 0.59871 0.615742 0.635316 0.658047 0.684764 0.716613 0.755228 0.803018 0.86369 0.943259
1.11701072128 0.574742 0.436558 0.387618433852 0.589886 0.607135 0.626959 0.64998 0.677037 0.709292 0.7484 0.796799 0.858245 0.938829
1.1344640138 0.565738 0.427447 0.378493573386 0.581064 0.59852 0.618583 0.64188 0.669263 0.701906 0.741484 0.790465 0.852649 0.934202
1.15191730632 0.556745 0.41848 0.36956172242 0.572245 0.589899 0.610188 0.63375 0.661442 0.694454 0.73448 0.784015 0.846902 0.929376
1.16937059884 0.547767 0.409658 0.360823818782 0.563431 0.581273 0.601778 0.62559 0.653576 0.686939 0.727389 0.777449 0.841003 0.924351
1.18682389136 0.538806 0.400982 0.352280385826 0.554626 0.572646 0.593354 0.617403 0.645667 0.679361 0.720211 0.770768 0.834951 0.919124
1.20427718388 0.529865 0.392455 0.343931564051 0.545832 0.564019 0.584919 0.60919 0.637716 0.671721 0.712949 0.763972 0.828747 0.913694
1.2217304764 0.520947 0.384075 0.335777111097 0.537052 0.555394 0.576475 0.600954 0.629725 0.664021 0.705602 0.757061 0.822389 0.908062
1.23918376892 0.512053 0.375844 0.32781641931 0.528286 0.546775 0.568023 0.592696 0.621695 0.656262 0.698171 0.750036 0.815879 0.902226
1.25663706144 0.503187 0.367762 0.320048522764 0.519539 0.538163 0.559566 0.584419 0.613628 0.648446 0.690658 0.742898 0.809216 0.896185
1.27409035396 0.494351 0.359829 0.312472125362 0.510812 0.52956 0.551105 0.576123 0.605525 0.640573 0.683064 0.735648 0.802401 0.88994
1.29154364648 0.485547 0.352043 0.3050855903 0.502108 0.520969 0.542643 0.567811 0.59739 0.632647 0.675391 0.728286 0.795435 0.883491
1.308996939 0.476778 0.344405 0.297886978701 0.493428 0.512391 0.534183 0.559486 0.589222 0.624667 0.667638 0.720814 0.788318 0.876837
1.32645023152 0.468045 0.336914 0.290874046106 0.484776 0.503829 0.525725 0.551148 0.581024 0.616636 0.659809 0.713233 0.781051 0.869981
1.34390352404 0.459352 0.329568 0.284044274082 0.476153 0.495285 0.517271 0.542799 0.572799 0.608556 0.651904 0.705544 0.773635 0.862922
1.36135681656 0.4507 0.322367 0.277394866715 0.467561 0.486762 0.508825 0.534443 0.564547 0.600428 0.643926 0.69775 0.766072 0.855661
1.37881010908 0.442092 0.315308 0.270922778704 0.459002 0.47826 0.500388 0.52608 0.556271 0.592255 0.635875 0.68985 0.758363 0.848201
1.3962634016 0.433529 0.308391 0.264624732927 0.45048 0.469783 0.491962 0.517713 0.547972 0.584037 0.627754 0.681848 0.750511 0.840542
1.41371669412 0.425014 0.301613 0.258497223953 0.441995 0.461331 0.483549 0.509344 0.539653 0.575777 0.619565 0.673746 0.742516 0.832687
1.43116998664 0.416548 0.294972 0.252536546138 0.43355 0.452908 0.475151 0.500974 0.531316 0.567478 0.61131 0.665544 0.734381 0.824636
1.44862327916 0.408135 0.288466 0.246738807682 0.425146 0.444516 0.466771 0.492606 0.522963 0.559141 0.602991 0.657246 0.726108 0.816394
1.46607657168 0.399775 0.282093 0.241099937647 0.416786 0.436156 0.458409 0.484242 0.514595 0.550767 0.59461 0.648854 0.717699 0.807962
1.4835298642 0.39147 0.27585 0.235615721084 0.408472 0.42783 0.450069 0.475885 0.506216 0.542361 0.58617 0.64037 0.709158 0.799343
1.50098315672 0.383224 0.269736 0.23028179201 0.400206 0.41954 0.441752 0.467535 0.497826 0.533923 0.577672 0.631796 0.700486 0.790541
1.51843644924 0.375036 0.263746 0.225093675554 0.391989 0.411289 0.43346 0.459195 0.489429 0.525457 0.56912 0.623137 0.691688 0.781557
1.53588974176 0.36691 0.257879 0.220046777424 0.383823 0.403077 0.425195 0.450868 0.481027 0.516964 0.560516 0.614393 0.682765 0.772397
1.55334303427 0.358847 0.252131 0.215136419027 0.375711 0.394908 0.41696 0.442555 0.472622 0.508447 0.551862 0.605568 0.673721 0.763064
1.57079632679 0.350849 0.2465 0.210357855034 0.367654 0.386783 0.408756 0.434259 0.464216 0.499909 0.543162 0.596666 0.66456 0.75356
1.58824961931 0.342916 0.240982 0.205706266354 0.359653 0.378704 0.400586 0.425981 0.455811 0.491351 0.534418 0.587689 0.655285 0.743891
1.60570291183 0.335052 0.235575 0.201176809309 0.351711 0.370672 0.39245 0.417724 0.44741 0.482777 0.525633 0.57864 0.645899 0.734061
1.62315620435 0.327257 0.230275 0.196764598072 0.343829 0.36269 0.384352 0.40949 0.439016 0.47419 0.51681 0.569523 0.636408 0.724075
1.64060949687 0.319534 0.225079 0.192464750327 0.336009 0.35476 0.376294 0.401282 0.43063 0.465592 0.507952 0.560343 0.626814 0.713938
1.65806278939 0.311883 0.219985 0.188272376736 0.328253 0.346883 0.368277 0.393101 0.422256 0.456986 0.499063 0.551101 0.617123 0.703654
1.67551608191 0.304306 0.214989 0.184182605519 0.320562 0.339061 0.360303 0.384951 0.413896 0.448374 0.490145 0.541802 0.607338 0.693229
1.69296937443 0.296805 0.210088 0.180190600026 0.312938 0.331296 0.352375 0.376832 0.405552 0.43976 0.481202 0.53245 0.597464 0.682668
1.71042266695 0.289382 0.205278 0.176291576288 0.305382 0.323589 0.344494 0.368747 0.397227 0.431147 0.472237 0.523048 0.587505 0.671976
1.72787595947 0.282036 0.200557 0.172480796003 0.297897 0.315943 0.336663 0.360699 0.388923 0.422536 0.463254 0.513601 0.577467 0.661159
1.74532925199 0.274771 0.195922 0.168753598139 0.290483 0.308359 0.328882 0.35269 0.380643 0.413933 0.454255 0.504113 0.567354 0.650224
1.76278254451 0.267586 0.191369 0.165105412991 0.283142 0.300839 0.321156 0.344722 0.37239 0.405339 0.445246 0.494588 0.557172 0.639177
1.78023583703 0.260484 0.186896 0.161531758663 0.275876 0.293385 0.313484 0.336797 0.364166 0.396757 0.436229 0.485029 0.546924 0.628022
1.79768912955 0.253466 0.182499 0.158028262148 0.268685 0.285998 0.30587 0.328918 0.355974 0.388191 0.427208 0.475443 0.536617 0.616768
1.81514242207 0.246532 0.178176 0.154590666346 0.261572 0.278679 0.298314 0.321086 0.347817 0.379644 0.418186 0.465832 0.526257 0.605421
1.83259571459 0.239684 0.173923 0.151214851148 0.254538 0.271431 0.29082 0.313305 0.339697 0.371118 0.409168 0.456202 0.515847 0.593987
1.85004900711 0.232924 0.169739 0.147896822888 0.247583 0.264255 0.283389 0.305576 0.331617 0.362618 0.400157 0.446557 0.505394 0.582473
1.86750229963 0.226251 0.16562 0.144632742453 0.24071 0.257153 0.276022 0.297901 0.323579 0.354146 0.391157 0.436901 0.494904 0.570885
1.88495559215 0.219668 0.161564 0.141418925274 0.23392 0.250126 0.268723 0.290284 0.315587 0.345706 0.382172 0.42724 0.484383 0.559233
1.90240888467 0.213175 0.157569 0.138251844845 0.227214 0.243176 0.261492 0.282726 0.307643 0.337301 0.373205 0.417578 0.473835 0.547521
1.91986217719 0.206773 0.153631 0.135128150283 0.220592 0.236305 0.254331 0.275229 0.299749 0.328933 0.364262 0.40792 0.463268 0.535759
1.93731546971 0.200463 0.14975 0.1320446593 0.214058 0.229513 0.247243 0.267796 0.29191 0.320607 0.355345 0.398271 0.452686 0.523952
1.95476876223 0.194246 0.145922 0.128998382798 0.20761 0.222802 0.240229 0.260428 0.284126 0.312326 0.34646 0.388635 0.442097 0.51211
1.97222205475 0.188123 0.142146 0.12598651081 0.201252 0.216174 0.233291 0.253129 0.276401 0.304093 0.337609 0.379018 0.431506 0.500238
1.98967534727 0.182095 0.138419 0.123006423044 0.194983 0.20963 0.22643 0.2459 0.268738 0.295911 0.328797 0.369425 0.420918 0.488345
2.00712863979 0.176162 0.134741 0.120055699416 0.188804 0.203172 0.219649 0.238743 0.261139 0.287784 0.320028 0.35986 0.410341 0.476439
2.02458193231 0.170325 0.131109 0.117132116542 0.182718 0.196801 0.212949 0.231661 0.253607 0.279715 0.311306 0.350328 0.399781 0.464527
2.04203522483 0.164585 0.127522 0.114233651246 0.176724 0.190517 0.206332 0.224656 0.246145 0.271706 0.302634 0.340836 0.389243 0.452618
2.05948851735 0.158943 0.123978 0.111358480564 0.170824 0.184323 0.1998 0.21773 0.238755 0.263763 0.294018 0.331386 0.378735 0.440718
2.07694180987 0.153399 0.120476 0.108504985253 0.165019 0.17822 0.193354 0.210885 0.23144 0.255887 0.285462 0.321986 0.368262 0.428837
2.09439510239 0.147953 0.117016 0.105671753305 0.159309 0.172209 0.186995 0.204122 0.224202 0.248082 0.276968 0.312639 0.35783 0.416981
2.11184839491 0.142607 0.113596 0.102857572922 0.153696 0.166291 0.180726 0.197445 0.217045 0.240352 0.268542 0.30335 0.347446 0.40516
2.12930168743 0.137361 0.110215 0.100061429006 0.14818 0.160467 0.174548 0.190855 0.209971 0.232699 0.260187 0.294126 0.337117 0.39338
2.14675497995 0.132215 0.106872 0.0972825172019 0.142762 0.154738 0.168463 0.184355 0.202981 0.225127 0.251908 0.28497 0.326848 0.38165
2.16420827247 0.12717 0.103568 0.0945202193188 0.137442 0.149106 0.162471 0.177945 0.19608 0.217639 0.243707 0.275888 0.316645 0.369977
2.18166156499 0.122226 0.100301 0.0917741243989 0.132223 0.143572 0.156575 0.171628 0.189269 0.210237 0.23559 0.266885 0.306516 0.35837
2.19911485751 0.117383 0.0970714 0.08904400062 0.127103 0.138136 0.150776 0.165407 0.18255 0.202926 0.227561 0.257965 0.296466 0.346837
2.21656815003 0.112643 0.093879 0.0863298163701 0.122084 0.1328 0.145074 0.159282 0.175927 0.195709 0.219622 0.249133 0.286501 0.335385
2.23402144255 0.108004 0.0907236 0.0836317121473 0.117166 0.127564 0.139473 0.153255 0.169401 0.188587 0.211778 0.240395 0.276627 0.324022
2.25147473507 0.103467 0.0876053 0.0809500110978 0.11235 0.122429 0.133972 0.14733 0.162975 0.181565 0.204033 0.231755 0.266851 0.312755
2.26892802759 0.0990335 0.0845245 0.0782852084779 0.107636 0.117397 0.128574 0.141506 0.156652 0.174645 0.19639 0.223219 0.257178 0.301594
2.28638132011 0.0947023 0.0814813 0.075637961117 0.103026 0.112468 0.123279 0.135786 0.150432 0.167831 0.188854 0.214789 0.247615 0.290544
2.30383461263 0.0904739 0.0784762 0.0730090839052 0.0985181 0.107643 0.118088 0.130171 0.144319 0.161124 0.181428 0.206472 0.238168 0.279614
2.32128790515 0.0863484 0.0755098 0.070399549793 0.0941143 0.102922 0.113004 0.124664 0.138315 0.154528 0.174114 0.198272 0.228841 0.268812
2.33874119767 0.0823258 0.0725827 0.0678104722291 0.0898144 0.0983069 0.108026 0.119265 0.132422 0.148046 0.166918 0.190192 0.219642 0.258143
2.35619449019 0.0784061 0.0696956 0.0652430981357 0.0856189 0.0937973 0.103155 0.113976 0.126642 0.14168 0.159842 0.182239 0.210574 0.247616
2.37364778271 0.0745893 0.0668495 0.0626988008834 0.0815279 0.0893942 0.098394 0.108799 0.120976 0.135432 0.15289 0.174415 0.201645 0.237238
2.39110107523 0.0708753 0.0640451 0.0601790767789 0.0775416 0.0850981 0.0937422 0.103734 0.115427 0.129306 0.146065 0.166725 0.192859 0.227016
2.40855436775 0.0672639 0.0612836 0.0576855275024 0.0736602 0.0809095 0.089201 0.0987842 0.109996 0.123304 0.13937 0.159174 0.184222 0.216956
2.42600766027 0.0637551 0.058566 0.055219853083 0.0698839 0.076829 0.0847712 0.0939494 0.104686 0.117427 0.132808 0.151765 0.175738 0.207065
2.44346095279 0.0603485 0.0558936 0.0527838518986 0.0662127 0.0728568 0.0804536 0.0892313 0.0994979 0.11168 0.126383 0.144502 0.167414 0.19735
2.46091424531 0.0570441 0.0532676 0.0503793890637 0.0626467 0.0689933 0.0762488 0.0846309 0.0944333 0.106062 0.120097 0.13739 0.159253 0.187817
2.47836753783 0.0538414 0.0506892 0.0480084104794 0.0591858 0.0652389 0.0721576 0.0801493 0.0894938 0.100578 0.113953 0.130431 0.151261 0.178472
2.49582083035 0.0507401 0.0481597 0.0456729147337 0.0558299 0.0615937 0.0681805 0.0757876 0.0846809 0.0952282 0.107953 0.123629 0.143442 0.169321
2.51327412287 0.0477399 0.0456807 0.0433749495888 0.052579 0.0580579 0.0643181 0.0715467 0.079996 0.0900152 0.102101 0.116988 0.135801 0.160371
2.53072741539 0.0448403 0.0432533 0.0411166049565 0.0494329 0.0546317 0.0605708 0.0674273 0.0754404 0.0849408 0.0963994 0.11051 0.128342 0.151626
2.54818070791 0.0420408 0.0408792 0.0388999918234 0.0463913 0.0513151 0.0569389 0.0634303 0.0710153 0.0800066 0.0908495 0.1042 0.121069 0.143093
2.56563400043 0.039341 0.0385597 0.0367272422506 0.0434541 0.0481081 0.0534229 0.0595563 0.0667218 0.0752144 0.0854542 0.0980604 0.113986 0.134776
2.58308729295 0.0367404 0.0362964 0.0346004918121 0.0406208 0.0450108 0.0500229 0.0558061 0.0625611 0.0705657 0.0802154 0.0920934 0.107097 0.12668
2.60054058547 0.0342382 0.0340907 0.0325218690565 0.0378912 0.042023 0.0467393 0.0521801 0.058534 0.0660619 0.0751353 0.0863021 0.100405 0.11881
2.61799387799 0.031834 0.0319441 0.0304934884829 0.0352648 0.0391445 0.0435722 0.0486788 0.0546414 0.0617043 0.0702157 0.0806891 0.093914 0.111171
2.63544717051 0.0295269 0.0298581 0.0285174364906 0.0327412 0.0363752 0.0405215 0.0453027 0.050884 0.0574941 0.0654584 0.0752568 0.0876274 0.103768
2.65290046303 0.0273163 0.0278342 0.026595753817 0.0303198 0.0337147 0.0375873 0.0420519 0.0472626 0.0534324 0.0608649 0.0700073 0.0815479 0.0966028
2.67035375555 0.0252014 0.0258736 0.0247304495873 0.0280001 0.0311627 0.0347695 0.0389267 0.0437776 0.0495202 0.0564366 0.0649428 0.0756783 0.0896808
2.68780704807 0.0231813 0.0239778 0.0229234521405 0.0257814 0.0287187 0.0320679 0.0359272 0.0404295 0.0457582 0.0521749 0.060065 0.0700211 0.0830051
2.70526034059 0.0212552 0.0221482 0.0211766406407 0.023663 0.0263824 0.0294823 0.0330535 0.0372186 0.0421473 0.048081 0.0553757 0.0645789 0.076579
2.72271363311 0.0194222 0.0203861 0.0194917959037 0.0216442 0.0241531 0.0270123 0.0303054 0.0341452 0.0386879 0.0441558 0.0508763 0.0593537 0.0704055
2.74016692563 0.0176813 0.0186926 0.0178706249835 0.0197242 0.0220303 0.0246576 0.0276828 0.0312094 0.0353806 0.0404 0.0465683 0.0543474 0.0644871
2.75762021815 0.0160314 0.0170689 0.0163147225354 0.0179021 0.0200132 0.0224176 0.0251854 0.0284111 0.0322255 0.0368146 0.0424526 0.0495617 0.0588263
2.77507351067 0.0144716 0.0155161 0.0148255848659 0.016177 0.018101 0.0202918 0.0228129 0.0257504 0.0292229 0.0333998 0.0385303 0.044998 0.0534252
2.79252680319 0.0130006 0.0140353 0.0134045783209 0.014548 0.0162931 0.0182795 0.0205648 0.0232268 0.0263729 0.0301561 0.034802 0.0406575 0.0482855
2.80998009571 0.0116174 0.0126272 0.0120529463101 0.0130139 0.0145884 0.01638 0.0184406 0.0208402 0.0236753 0.0270837 0.0312682 0.0365411 0.0434088
2.82743338823 0.0103206 0.0112928 0.0107718057945 0.0115737 0.012986 0.0145925 0.0164396 0.0185899 0.0211298 0.0241824 0.0279292 0.0326495 0.0387961
2.84488668075 0.00910911 0.0100327 0.00956211216264 0.0102262 0.0114848 0.012916 0.014561 0.0164754 0.018736 0.0214521 0.0247851 0.028983 0.0344482
2.86233997327 0.00798145 0.00884758 0.00842467679189 0.00897018 0.0100837 0.0113495 0.0128039 0.0144959 0.0164933 0.0188925 0.0218357 0.0255418 0.0303656
2.87979326579 0.00693626 0.00773783 0.0073601565117 0.00780429 0.00878149 0.00989192 0.0111673 0.0126506 0.014401 0.0165029 0.0190806 0.0223257 0.0265484
2.89724655831 0.0059721 0.00670384 0.00636902550374 0.00672718 0.00757688 0.00854204 0.00965017 0.0109384 0.0124582 0.0142825 0.0165192 0.0193342 0.0229963
2.91469985083 0.00508746 0.00574581 0.00545158935175 0.00573739 0.00646846 0.00729851 0.00825116 0.00935822 0.0106637 0.0122304 0.0141506 0.0165665 0.0197087
2.93215314335 0.00428075 0.00486379 0.00460797099172 0.00483341 0.00545476 0.00615995 0.00696894 0.00790869 0.00901649 0.0103454 0.0119737 0.0140217 0.0166847
2.94960643587 0.00355035 0.00405772 0.00383810368696 0.00401362 0.00453424 0.00512482 0.00580203 0.00658838 0.00751496 0.00862609 0.00998704 0.0116983 0.0139228
2.96705972839 0.00289452 0.00332735 0.00314172049076 0.00327635 0.00370522 0.00419148 0.00474881 0.00539566 0.00615756 0.00707084 0.00818906 0.00959462 0.0114212
2.98451302091 0.00231151 0.00267227 0.00251834370901 0.00261983 0.00296595 0.00335819 0.00380752 0.00432879 0.00494249 0.00567781 0.00657781 0.00770867 0.00917781
3.00196631343 0.00179944 0.0020919 0.00196729192507 0.00204221 0.00231457 0.00262306 0.00297626 0.0033858 0.00386773 0.00444492 0.00515107 0.00603805 0.00718995
3.01941960595 0.00135636 0.00158548 0.00148765190019 0.00154151 0.0017491 0.00198408 0.00225296 0.00256457 0.00293107 0.0033698 0.00390633 0.00457997 0.00545453
3.03687289847 0.000980252 0.00115203 0.00107828911082 0.00111569 0.00126744 0.0014391 0.00163541 0.00186278 0.00213005 0.00244985 0.00284074 0.00333132 0.00396797
3.05432619099 0.000668958 0.000790385 0.000737812624065 0.000762558 0.000867357 0.00098582 0.0011212 0.0012779 0.001462 0.00168215 0.00195111 0.0022885 0.00272619
3.07177948351 0.000420228 0.000499134 0.000464575097698 0.000479811 0.000546468 0.000621757 0.000707737 0.000807185 0.000923943 0.00106348 0.00123386 0.0014475 0.00172451
3.08923277603 0.000231668 0.000276621 0.000256644680478 0.000264982 0.000302217 0.000344237 0.000392184 0.000447599 0.000512612 0.000590258 0.00068501 0.000803749 0.000957638
3.10668606855 0.00010071 0.000120892 0.00011176286269 0.000115415 0.000131833 0.000150344 0.000171445 0.000195811 0.000224373 0.00025846 0.000300028 0.000352086 0.000419519
3.12413936107 2.45505e-05 2.96323e-05 2.72847643664e-05 2.81974e-05 3.22641e-05 3.68433e-05 4.20576e-05 4.80723e-05 5.5116e-05 6.35145e-05 7.37477e-05 8.65543e-05 0.000103133
3.14159265359 0.0 0.0 0.0 0.0 0.0 0.0 0.0 0.0 0.0 0.0 0.0 0.0 0.0
