alpha phi_iso phi_ray phi_vec g0=0.1 g0=0.2 g0=0.3 g0=0.4 g0=0.5 g0=0.6 g0=0.7 g0=0.8 g0=0.9 g0=1.0
0.0 1.0 1.0 1.0 1.0 1.0 1.0 1.0 1.0 1.0 1.0 1.0 1.0 1.0
0.0174532925199 0.99965 0.999501 0.999498094443 0.999666 0.999686 0.999711 0.999744 0.999787 0.999848 0.999941 1.0001 1.00044 1.0016
0.0349065850399 0.998672 0.998082 0.998067845649 0.998737 0.998817 0.998916 0.999044 0.999216 0.999459 0.999828 1.00046 1.00179 1.0064
0.0523598775598 0.997177 0.995858 0.995822094023 0.997322 0.997498 0.99772 0.998005 0.998388 0.998929 0.999753 1.00116 1.00412 1.01441
0.0698131700798 0.99525 0.992919 0.992850442611 0.995504 0.995815 0.996204 0.996706 0.99738 0.998332 0.999783 1.00226 1.00749 1.02561
0.0872664625997 0.992946 0.989326 0.989212323372 0.993338 0.993818 0.99442 0.995197 0.99624 0.997715 0.999962 1.00381 1.01189 1.03997
0.10471975512 0.990297 0.985118 0.984947063126 0.990856 0.991541 0.9924 0.993509 0.994998 0.997104 1.00031 1.0058 1.01735 1.05746
0.12217304764 0.987328 0.980326 0.980084404623 0.988082 0.989006 0.990165 0.991662 0.993672 0.996516 1.00085 1.00826 1.02386 1.07804
0.13962634016 0.984058 0.974974 0.974650289111 0.985035 0.986231 0.987732 0.989672 0.992277 0.995962 1.00158 1.01119 1.03142 1.10166
0.157079632679 0.980505 0.969089 0.968669238964 0.98173 0.983232 0.985117 0.987553 0.990825 0.995454 1.00251 1.01458 1.04 1.12826
0.174532925199 0.976683 0.962692 0.962164973423 0.978184 0.980023 0.982332 0.985317 0.989326 0.994999 1.00365 1.01845 1.0496 1.15779
0.191986217719 0.972607 0.955807 0.955160622762 0.974409 0.976618 0.97939 0.982974 0.987789 0.994603 1.00499 1.02277 1.0602 1.19018
0.209439510239 0.968291 0.948456 0.947678755064 0.970419 0.973027 0.976301 0.980534 0.986222 0.994272 1.00654 1.02755 1.07178 1.22537
0.226892802759 0.963747 0.940662 0.939741510071 0.966224 0.969261 0.973074 0.978005 0.984631 0.994009 1.00831 1.03278 1.08431 1.26327
0.244346095279 0.958987 0.932444 0.931370465332 0.961837 0.965331 0.96972 0.975395 0.983021 0.993816 1.01028 1.03845 1.09778 1.3038
0.261799387799 0.954021 0.923825 0.92258687714 0.957266 0.961246 0.966244 0.972709 0.981397 0.993696 1.01245 1.04455 1.11215 1.3469
0.279252680319 0.948858 0.914824 0.913411653766 0.952521 0.957014 0.962656 0.969954 0.979762 0.993648 1.01482 1.05107 1.12739 1.39247
0.296705972839 0.943509 0.905461 0.903865382226 0.94761 0.952641 0.95896 0.967133 0.978119 0.993671 1.01739 1.05799 1.14349 1.44043
0.314159265359 0.937983 0.895757 0.893968408595 0.942542 0.948136 0.955162 0.964251 0.976468 0.993766 1.02014 1.0653 1.1604 1.49068
0.331612557879 0.932286 0.885731 0.883740864779 0.937324 0.943505 0.951268 0.961312 0.974813 0.993928 1.02308 1.07299 1.17809 1.54313
0.349065850399 0.926428 0.875402 0.873202614974 0.931962 0.938753 0.947282 0.958317 0.973152 0.994156 1.02619 1.08104 1.19653 1.59768
0.366519142919 0.920415 0.86479 0.862373389518 0.926464 0.933885 0.943208 0.95527 0.971486 0.994447 1.02947 1.08942 1.21569 1.65423
0.383972435439 0.914255 0.853913 0.851272624267 0.920834 0.928908 0.93905 0.952173 0.969815 0.994797 1.0329 1.09814 1.23552 1.71269
0.401425727959 0.907955 0.842789 0.839919621222 0.91508 0.923825 0.934811 0.949026 0.968138 0.995201 1.03648 1.10715 1.25599 1.77295
0.418879020479 0.901519 0.831438 0.828333468215 0.909207 0.918641 0.930494 0.945832 0.966453 0.995654 1.04019 1.11646 1.27706 1.83491
0.436332312999 0.894956 0.819878 0.816533012137 0.903219 0.91336 0.926102 0.94259 0.964758 0.996152 1.04404 1.12603 1.2987 1.89846
0.453785605519 0.88827 0.808127 0.804536912479 0.897121 0.907986 0.921637 0.939302 0.963053 0.996689 1.04799 1.13584 1.32086 1.96349
0.471238898038 0.881467 0.796201 0.792363561025 0.89092 0.902522 0.917101 0.935967 0.961334 0.997259 1.05206 1.14589 1.3435 2.0299
0.488692190558 0.874552 0.78412 0.780031162156 0.884617 0.896972 0.912496 0.932586 0.959599 0.997856 1.05621 1.15614 1.36658 2.09757
0.506145483078 0.867531 0.7719 0.767557599004 0.878219 0.891339 0.907824 0.929158 0.957846 0.998474 1.06045 1.16657 1.39007 2.16641
0.523598775598 0.860409 0.759558 0.754960513756 0.871729 0.885625 0.903086 0.925683 0.95607 0.999106 1.06475 1.17717 1.41392 2.2363
0.541052068118 0.85319 0.747111 0.742257227348 0.865151 0.879833 0.898283 0.922161 0.95427 0.999746 1.06912 1.18791 1.43809 2.30712
0.558505360638 0.84588 0.734576 0.729464846546 0.858488 0.873966 0.893417 0.91859 0.952442 1.00039 1.07352 1.19877 1.46254 2.37878
0.575958653158 0.838482 0.721967 0.716600049778 0.851745 0.868027 0.888488 0.91497 0.950582 1.00102 1.07796 1.20972 1.48722 2.45115
0.593411945678 0.831 0.709302 0.703679247761 0.844924 0.862017 0.883498 0.911299 0.948687 1.00164 1.08242 1.22076 1.5121 2.52413
0.610865238198 0.82344 0.696596 0.690718503184 0.838029 0.855938 0.878446 0.907577 0.946753 1.00224 1.08689 1.23184 1.53713 2.59761
0.628318530718 0.815805 0.683863 0.677733477173 0.831062 0.849793 0.873334 0.903802 0.944776 1.00281 1.09135 1.24296 1.56228 2.67148
0.645771823238 0.808099 0.671119 0.664739456055 0.824028 0.843584 0.868161 0.899972 0.942752 1.00335 1.09579 1.25409 1.58749 2.74563
0.663225115758 0.800326 0.658378 0.651751351361 0.816928 0.837312 0.862929 0.896086 0.940678 1.00384 1.10019 1.2652 1.61273 2.81995
0.680678408278 0.79249 0.645653 0.638783646285 0.809767 0.830979 0.857637 0.892143 0.93855 1.00428 1.10456 1.27628 1.63796 2.89433
0.698131700798 0.784594 0.632958 0.625850449224 0.802545 0.824586 0.852287 0.888142 0.936362 1.00466 1.10886 1.28731 1.66314 2.96867
0.715584993318 0.776641 0.620307 0.612965359923 0.795267 0.818135 0.846877 0.884079 0.934112 1.00498 1.1131 1.29825 1.68822 3.04286
0.733038285838 0.768636 0.607712 0.60014157656 0.787934 0.811628 0.841408 0.879954 0.931796 1.00523 1.11725 1.3091 1.71317 3.1168
0.750491578358 0.760581 0.595185 0.587391815432 0.780549 0.805066 0.83588 0.875765 0.929408 1.00539 1.12131 1.31983 1.73795 3.19038
0.767944870878 0.752481 0.582738 0.574728337728 0.773115 0.79845 0.830293 0.871511 0.926946 1.00547 1.12526 1.33042 1.76251 3.2635
0.785398163397 0.744337 0.570382 0.562162922752 0.765633 0.791782 0.824647 0.867189 0.924405 1.00545 1.12909 1.34084 1.78683 3.33606
0.802851455917 0.736153 0.558129 0.549706841162 0.758106 0.785062 0.818942 0.862798 0.921781 1.00533 1.13279 1.35108 1.81085 3.40796
0.820304748437 0.727932 0.545988 0.537370908501 0.750537 0.778293 0.813178 0.858336 0.91907 1.0051 1.13635 1.36112 1.83455 3.47911
0.837758040957 0.719677 0.53397 0.525165351351 0.742927 0.771474 0.807355 0.853801 0.916269 1.00475 1.13975 1.37094 1.85789 3.54941
0.855211333477 0.711391 0.522084 0.513099994723 0.735278 0.764608 0.801472 0.849192 0.913373 1.00429 1.14299 1.38052 1.88082 3.61876
0.872664625997 0.703077 0.510339 0.501184047895 0.727592 0.757695 0.79553 0.844507 0.910379 1.00369 1.14604 1.38984 1.90333 3.68707
0.890117918517 0.694737 0.498743 0.489426238261 0.719872 0.750736 0.789529 0.839745 0.907283 1.00295 1.14891 1.39888 1.92536 3.75426
0.907571211037 0.686374 0.487304 0.477834811337 0.71212 0.743733 0.783468 0.834903 0.904082 1.00208 1.15158 1.40762 1.9469 3.82023
0.925024503557 0.677991 0.47603 0.466417396901 0.704337 0.736686 0.777347 0.82998 0.900772 1.00105 1.15404 1.41605 1.9679 3.8849
0.942477796077 0.669591 0.464928 0.45518114285 0.696525 0.729597 0.771166 0.824976 0.89735 0.999868 1.15628 1.42414 1.98833 3.94819
0.959931088597 0.661175 0.454003 0.444132661659 0.688685 0.722466 0.764925 0.819888 0.893812 0.998527 1.15829 1.43189 2.00816 4.01001
0.977384381117 0.652747 0.443263 0.433278057151 0.680821 0.715294 0.758625 0.814715 0.890155 0.997018 1.16006 1.43927 2.02737 4.07029
0.994837673637 0.644308 0.432712 0.422622870954 0.672934 0.708083 0.752264 0.809455 0.886376 0.995338 1.16158 1.44627 2.04592 4.12895
1.01229096616 0.635861 0.422355 0.412172109273 0.665024 0.700834 0.745844 0.804108 0.882473 0.99348 1.16284 1.45288 2.06379 4.18592
1.02974425868 0.627409 0.412196 0.401930296433 0.657095 0.693547 0.739364 0.798673 0.878443 0.99144 1.16384 1.45908 2.08094 4.24113
1.0471975512 0.618954 0.40224 0.391901394566 0.649148 0.686223 0.732824 0.793148 0.874283 0.989213 1.16456 1.46485 2.09735 4.2945
1.06465084372 0.610498 0.39249 0.38208891069 0.641184 0.678863 0.726224 0.787532 0.86999 0.986794 1.165 1.47019 2.113 4.34598
1.08210413624 0.602043 0.382949 0.372495789634 0.633205 0.671469 0.719565 0.781824 0.865562 0.984179 1.16515 1.47508 2.12786 4.39549
1.09955742876 0.593591 0.37362 0.363124467572 0.625213 0.664042 0.712847 0.776024 0.860997 0.981364 1.165 1.4795 2.14191 4.44298
1.11701072128 0.585144 0.364503 0.353976925569 0.617209 0.656581 0.70607 0.770131 0.856293 0.978344 1.16455 1.48345 2.15513 4.48839
1.1344640138 0.576705 0.355602 0.345054636039 0.609195 0.64909 0.699234 0.764145 0.851449 0.975117 1.16379 1.48692 2.1675 4.53167
1.15191730632 0.568276 0.346917 0.336358616286 0.601173 0.641567 0.69234 0.758064 0.846461 0.971678 1.16272 1.48989 2.17899 4.57276
1.16937059884 0.559858 0.338448 0.327889428503 0.593144 0.634016 0.685388 0.751888 0.84133 0.968026 1.16132 1.49235 2.18959 4.61162
1.18682389136 0.551454 0.330195 0.319647099462 0.58511 0.626436 0.678379 0.745618 0.836053 0.964156 1.1596 1.4943 2.19928 4.6482
1.20427718388 0.543065 0.32216 0.311631307909 0.577072 0.618828 0.671313 0.739252 0.830629 0.960066 1.15754 1.49573 2.20805 4.68246
1.2217304764 0.534693 0.31434 0.30384125071 0.569031 0.611195 0.664191 0.732792 0.825058 0.955754 1.15515 1.49663 2.21587 4.71435
1.23918376892 0.526341 0.306736 0.296275749933 0.560991 0.603537 0.657013 0.726236 0.819338 0.951218 1.15242 1.49699 2.22275 4.74384
1.25663706144 0.518009 0.299344 0.288933172539 0.552951 0.595855 0.64978 0.719585 0.813469 0.946456 1.14935 1.49681 2.22865 4.77089
1.27409035396 0.509701 0.292165 0.281811537462 0.544914 0.58815 0.642494 0.712839 0.80745 0.941467 1.14593 1.49608 2.23358 4.79548
1.29154364648 0.501417 0.285195 0.274908435298 0.53688 0.580424 0.635154 0.705999 0.801281 0.936248 1.14216 1.49479 2.23752 4.81758
1.308996939 0.493159 0.278432 0.268221162162 0.528852 0.572678 0.627762 0.699064 0.794962 0.930801 1.13804 1.49295 2.24047 4.83716
1.32645023152 0.48493 0.271873 0.261746666142 0.520831 0.564913 0.620318 0.692036 0.788493 0.925123 1.13357 1.49054 2.24241 4.85419
1.34390352404 0.47673 0.265516 0.255481493759 0.512819 0.557131 0.612825 0.684916 0.781874 0.919214 1.12874 1.48757 2.24334 4.86867
1.36135681656 0.468562 0.259356 0.249421950594 0.504817 0.549332 0.605282 0.677704 0.775106 0.913074 1.12356 1.48403 2.24325 4.88058
1.37881010908 0.460426 0.25339 0.243564047746 0.496826 0.541519 0.597691 0.6704 0.768189 0.906704 1.11802 1.47992 2.24214 4.88989
1.3962634016 0.452326 0.247615 0.237903475059 0.488848 0.533692 0.590053 0.663007 0.761124 0.900103 1.11213 1.47524 2.24001 4.89661
1.41371669412 0.444261 0.242025 0.23243573498 0.480885 0.525853 0.58237 0.655525 0.753912 0.893273 1.10588 1.46998 2.23685 4.90072
1.43116998664 0.436234 0.236616 0.227156008701 0.472938 0.518004 0.574643 0.647956 0.746555 0.886215 1.09928 1.46416 2.23266 4.90223
1.44862327916 0.428247 0.231384 0.222059290017 0.465009 0.510145 0.566873 0.6403 0.739053 0.878929 1.09232 1.45777 2.22745 4.90112
1.46607657168 0.4203 0.226324 0.217140412095 0.457099 0.502279 0.559062 0.632561 0.731408 0.871418 1.08502 1.4508 2.22122 4.89741
1.4835298642 0.412396 0.221431 0.212393967164 0.449209 0.494407 0.551212 0.624738 0.723621 0.863683 1.07736 1.44328 2.21396 4.8911
1.50098315672 0.404535 0.216699 0.207814360051 0.441341 0.48653 0.543324 0.616834 0.715696 0.855726 1.06935 1.43519 2.20569 4.8822
1.51843644924 0.396719 0.212124 0.203395942045 0.433497 0.478651 0.535399 0.608851 0.707633 0.84755 1.061 1.42654 2.19641 4.87071
1.53588974176 0.38895 0.207699 0.199132823491 0.425678 0.47077 0.527441 0.600791 0.699436 0.839157 1.05231 1.41733 2.18612 4.85665
1.55334303427 0.381229 0.20342 0.195019087965 0.417886 0.46289 0.519449 0.592655 0.691106 0.830551 1.04328 1.40758 2.17484 4.84005
1.57079632679 0.373557 0.19928 0.191048658416 0.410121 0.455012 0.511427 0.584447 0.682646 0.821734 1.03392 1.39728 2.16256 4.82091
1.58824961931 0.365936 0.195274 0.187215457792 0.402386 0.447137 0.503377 0.576168 0.674059 0.812709 1.02423 1.38644 2.14931 4.79926
1.60570291183 0.358366 0.191396 0.183513275185 0.394683 0.439268 0.4953 0.567821 0.665348 0.803482 1.01421 1.37507 2.13509 4.77512
1.62315620435 0.35085 0.187639 0.17993592646 0.387012 0.431407 0.487198 0.559408 0.656515 0.794054 1.00387 1.36317 2.11991 4.74853
1.64060949687 0.343388 0.184 0.176477173939 0.379375 0.423554 0.479074 0.550932 0.647565 0.784432 0.993223 1.35076 2.10379 4.71951
1.65806278939 0.335982 0.18047 0.1731307264 0.371774 0.415713 0.47093 0.542396 0.638501 0.774618 0.982265 1.33784 2.08674 4.6881
1.67551608191 0.328634 0.177045 0.169890399707 0.36421 0.407884 0.462768 0.533802 0.629325 0.764618 0.971006 1.32443 2.06877 4.65433
1.69296937443 0.321343 0.173719 0.166749982953 0.356684 0.40007 0.454591 0.525154 0.620043 0.754437 0.959452 1.31052 2.04991 4.61824
1.71042266695 0.314111 0.170485 0.163703345545 0.349199 0.392273 0.446401 0.516454 0.610658 0.744079 0.947609 1.29614 2.03016 4.57987
1.72787595947 0.306941 0.167339 0.160744330118 0.341756 0.384494 0.4382 0.507706 0.601173 0.733551 0.935487 1.28128 2.00955 4.53926
1.74532925199 0.299832 0.164274 0.157866966703 0.334355 0.376735 0.42999 0.498913 0.591594 0.722857 0.923091 1.26597 1.9881 4.49646
1.76278254451 0.292785 0.161284 0.155065338878 0.326999 0.368999 0.421776 0.490078 0.581924 0.712003 0.910431 1.25021 1.96582 4.45151
1.78023583703 0.285803 0.158365 0.15233358376 0.31969 0.361287 0.413558 0.481204 0.572168 0.700996 0.897514 1.23402 1.94273 4.40447
1.79768912955 0.278886 0.155511 0.149665999092 0.312428 0.353602 0.40534 0.472296 0.56233 0.689841 0.884348 1.21741 1.91886 4.35539
1.81514242207 0.272035 0.152716 0.147057070019 0.305216 0.345945 0.397124 0.463356 0.552416 0.678545 0.870944 1.2004 1.89424 4.30431
1.83259571459 0.265251 0.149976 0.144501308453 0.298054 0.338319 0.388913 0.454388 0.542429 0.667115 0.857309 1.18299 1.86887 4.2513
1.85004900711 0.258535 0.147285 0.141993494021 0.290944 0.330725 0.380711 0.445397 0.532376 0.655556 0.843454 1.1652 1.84279 4.19642
1.86750229963 0.251889 0.144639 0.139528513432 0.283888 0.323166 0.372519 0.436385 0.52226 0.643877 0.829388 1.14704 1.81602 4.13972
1.88495559215 0.245312 0.142032 0.137101440794 0.276888 0.315644 0.36434 0.427356 0.512088 0.632084 0.815121 1.12853 1.78858 4.08126
1.90240888467 0.238807 0.139461 0.134707564384 0.269944 0.30816 0.356178 0.418315 0.501865 0.620184 0.800663 1.10969 1.76051 4.02111
1.91986217719 0.232375 0.136921 0.132342333108 0.263058 0.300718 0.348036 0.409266 0.491595 0.608186 0.786025 1.09054 1.73183 3.95934
1.93731546971 0.226015 0.134409 0.130001436808 0.256232 0.293319 0.339915 0.400212 0.481285 0.596095 0.771217 1.07107 1.70256 3.896
1.95476876223 0.21973 0.131919 0.127680752728 0.249467 0.285965 0.331821 0.391158 0.47094 0.58392 0.756251 1.05132 1.67273 3.83117
1.97222205475 0.213519 0.129448 0.125376452593 0.242764 0.278658 0.323754 0.382107 0.460565 0.571669 0.741136 1.0313 1.64238 3.76492
1.98967534727 0.207384 0.126994 0.123084815213 0.236126 0.271401 0.315719 0.373065 0.450167 0.55935 0.725885 1.01103 1.61153 3.69732
2.00712863979 0.201326 0.124552 0.120802467422 0.229553 0.264196 0.307719 0.364035 0.439751 0.546971 0.710509 0.990523 1.58021 3.62843
2.02458193231 0.195346 0.12212 0.118526223454 0.223048 0.257045 0.299756 0.355021 0.429323 0.534539 0.69502 0.969796 1.54845 3.55834
2.04203522483 0.189444 0.119695 0.116253138483 0.21661 0.24995 0.291834 0.346028 0.418889 0.522063 0.679429 0.948869 1.51628 3.48712
2.05948851735 0.183622 0.117273 0.113980535391 0.210243 0.242913 0.283955 0.33706 0.408455 0.509552 0.663748 0.927758 1.48373 3.41484
2.07694180987 0.177879 0.114854 0.111706031549 0.203947 0.235937 0.276124 0.328121 0.398027 0.497014 0.647989 0.906484 1.45084 3.34158
2.09439510239 0.172217 0.112435 0.109427378177 0.197723 0.229023 0.268343 0.319217 0.387611 0.484457 0.632165 0.885063 1.41763 3.26742
2.11184839491 0.166637 0.110013 0.107142701297 0.191574 0.222175 0.260615 0.310351 0.377213 0.47189 0.616287 0.863515 1.38414 3.19243
2.12930168743 0.16114 0.107588 0.104850314324 0.1855 0.215393 0.252944 0.301527 0.36684 0.459321 0.600368 0.841858 1.35039 3.1167
2.14675497995 0.155726 0.105158 0.102548851931 0.179503 0.208681 0.245333 0.292751 0.356498 0.44676 0.584421 0.820112 1.31643 3.0403
2.16420827247 0.150395 0.102721 0.100237109416 0.173585 0.20204 0.237784 0.284027 0.346193 0.434214 0.568458 0.798294 1.28228 2.96332
2.18166156499 0.145149 0.100278 0.0979142033303 0.167746 0.195473 0.230301 0.275359 0.33593 0.421693 0.55249 0.776425 1.24798 2.88583
2.19911485751 0.139988 0.0978269 0.0955794911666 0.161988 0.188982 0.222888 0.266752 0.325717 0.409206 0.536532 0.754523 1.21356 2.80792
2.21656815003 0.134914 0.0953678 0.0932325713576 0.156312 0.182568 0.215546 0.25821 0.31556 0.39676 0.520596 0.732607 1.17905 2.72966
2.23402144255 0.129926 0.0929005 0.0908732832765 0.15072 0.176234 0.208281 0.249737 0.305465 0.384366 0.504693 0.710697 1.14449 2.65114
2.25147473507 0.125025 0.090425 0.0885017340077 0.145213 0.169983 0.201094 0.241339 0.295438 0.372031 0.488838 0.688813 1.10991 2.57244
2.26892802759 0.120212 0.0879416 0.086118218034 0.139792 0.163816 0.193988 0.23302 0.285485 0.359765 0.473043 0.666973 1.07533 2.49365
2.28638132011 0.115487 0.0854508 0.0837233243206 0.134459 0.157735 0.186968 0.224783 0.275613 0.347576 0.457319 0.645197 1.04081 2.41484
2.30383461263 0.110851 0.0829533 0.0813177756889 0.129214 0.151742 0.180036 0.216634 0.265828 0.335473 0.441681 0.623503 1.00636 2.33609
2.32128790515 0.106306 0.0804501 0.0789026429847 0.12406 0.14584 0.173194 0.208577 0.256136 0.323465 0.42614 0.601912 0.972027 2.25749
2.33874119767 0.10185 0.0779423 0.0764790505964 0.118996 0.140031 0.166447 0.200616 0.246543 0.311561 0.410709 0.580441 0.937838 2.17912
2.35619449019 0.0974847 0.0754312 0.0740484709375 0.114025 0.134316 0.159797 0.192756 0.237055 0.299768 0.3954 0.559111 0.903826 2.10105
2.37364778271 0.0932109 0.0729183 0.0716125102771 0.109148 0.128697 0.153247 0.185001 0.227679 0.288096 0.380226 0.53794 0.870024 2.02338
2.39110107523 0.0890288 0.0704054 0.06917290874 0.104365 0.123177 0.1468 0.177355 0.21842 0.276553 0.365199 0.516946 0.836465 1.94617
2.40855436775 0.0849389 0.0678942 0.0667316473915 0.099678 0.117757 0.14046 0.169822 0.209285 0.265148 0.350331 0.496149 0.80318 1.86951
2.42600766027 0.0809417 0.0653869 0.0642908946948 0.095088 0.11244 0.134228 0.162407 0.200278 0.253888 0.335634 0.475567 0.770203 1.79348
2.44346095279 0.0770376 0.0628856 0.0618528994269 0.090596 0.107226 0.128107 0.155113 0.191407 0.242783 0.32112 0.455217 0.737563 1.71815
2.46091424531 0.0732271 0.0603926 0.0594201513047 0.0862032 0.102118 0.122102 0.147946 0.182677 0.23184 0.306802 0.435119 0.705293 1.6436
2.47836753783 0.0695106 0.0579104 0.0569951668165 0.0819105 0.0971185 0.116213 0.140908 0.174093 0.221067 0.29269 0.41529 0.673424 1.56991
2.49582083035 0.0658884 0.0554415 0.0545807033911 0.0777189 0.0922281 0.110445 0.134003 0.165661 0.210472 0.278796 0.395747 0.641984 1.49715
2.51327412287 0.062361 0.0529887 0.0521795452283 0.0736295 0.0874489 0.104799 0.127236 0.157387 0.200063 0.265131 0.376508 0.611006 1.4254
2.53072741539 0.0589286 0.0505547 0.0497946103835 0.0696431 0.0827826 0.0992789 0.120611 0.149275 0.189848 0.251707 0.357589 0.580517 1.35472
2.54818070791 0.0555918 0.0481425 0.047428923997 0.0657608 0.0782309 0.0938863 0.11413 0.141332 0.179833 0.238534 0.339008 0.550547 1.28519
2.56563400043 0.0523507 0.045755 0.0450855647512 0.0619833 0.0737954 0.088624 0.107798 0.133562 0.170028 0.225623 0.320781 0.521125 1.21689
2.58308729295 0.0492056 0.0433952 0.0427676916422 0.0583117 0.0694776 0.0834945 0.101619 0.125971 0.160438 0.212984 0.302924 0.492277 1.14987
2.60054058547 0.046157 0.0410662 0.040478517208 0.0547467 0.065279 0.0785002 0.0955949 0.118563 0.15107 0.200629 0.285452 0.464033 1.0842
2.61799387799 0.043205 0.0387712 0.0382213075293 0.0512891 0.0612012 0.0736433 0.0897301 0.111344 0.141933 0.188566 0.268382 0.436417 1.01996
2.63544717051 0.0403498 0.0365133 0.0359993019154 0.0479398 0.0572455 0.0689261 0.0840279 0.104318 0.133032 0.176806 0.251727 0.409457 0.957208
2.65290046303 0.0375918 0.0342958 0.0338158735316 0.0446994 0.0534134 0.0643508 0.0784912 0.0974888 0.124374 0.165359 0.235504 0.383177 0.896001
2.67035375555 0.0349311 0.0321217 0.0316742884583 0.0415687 0.0497062 0.0599195 0.0731233 0.0908621 0.115965 0.154232 0.219725 0.357602 0.836404
2.68780704807 0.0323679 0.0299944 0.0295778663183 0.0385484 0.046125 0.0556342 0.0679271 0.0844417 0.107811 0.143436 0.204405 0.332756 0.778475
2.70526034059 0.0299024 0.0279171 0.0275298999634 0.0356391 0.0426713 0.0514968 0.0629056 0.0782318 0.0999194 0.132979 0.189557 0.308663 0.722271
2.72271363311 0.0275347 0.0258928 0.025533628703 0.0328413 0.0393461 0.0475092 0.0580615 0.0722365 0.0922945 0.122869 0.175194 0.285344 0.667849
2.74016692563 0.025265 0.0239247 0.0235922918465 0.0301557 0.0361505 0.0436733 0.0533974 0.0664595 0.0849422 0.113115 0.161328 0.262821 0.61526
2.75762021815 0.0230933 0.0220159 0.0217090483897 0.0275829 0.0330856 0.0399907 0.048916 0.0609046 0.0778678 0.103724 0.147971 0.241114 0.564556
2.77507351067 0.0210197 0.0201695 0.0198869770152 0.0251232 0.0301525 0.0364631 0.0446196 0.0555753 0.0710764 0.0947031 0.135135 0.220245 0.515787
2.79252680319 0.0190443 0.0183883 0.0181291028631 0.0227772 0.0273519 0.033092 0.0405106 0.0504749 0.0645728 0.0860602 0.12283 0.200231 0.469
2.80998009571 0.0171672 0.0166753 0.0164383975313 0.0205452 0.0246849 0.0298788 0.0365913 0.0456067 0.0583616 0.0778017 0.111067 0.18109 0.424239
2.82743338823 0.0153883 0.0150332 0.0148176452196 0.0184277 0.0221522 0.0268249 0.0328635 0.0409735 0.0524472 0.0699339 0.0998561 0.162841 0.381546
2.84488668075 0.0137077 0.0134648 0.0132696301279 0.016425 0.0197545 0.0239315 0.0293293 0.0365784 0.0468336 0.0624629 0.0892062 0.145498 0.340962
2.86233997327 0.0121252 0.0119726 0.0117968955155 0.0145372 0.0174925 0.0211999 0.0259905 0.0324238 0.0415247 0.0553943 0.0791259 0.129078 0.302525
2.87979326579 0.0106408 0.0105591 0.0104019846419 0.0127647 0.0153669 0.018631 0.0228486 0.0285123 0.036524 0.0487333 0.0696236 0.113594 0.26627
2.89724655831 0.0092545 0.00922655 0.00908722659727 0.0111077 0.0133781 0.0162258 0.0199053 0.024846 0.0318348 0.0424848 0.0607067 0.0990598 0.232229
2.91469985083 0.00796607 0.00797724 0.00785478984498 0.00956632 0.0115266 0.0139853 0.0171618 0.021427 0.02746 0.0366533 0.0523821 0.0854873 0.200434
2.93215314335 0.00677539 0.00681319 0.00670673576372 0.00814057 0.0098128 0.01191 0.0146194 0.0182572 0.0234025 0.0312427 0.0446563 0.0728877 0.17091
2.94960643587 0.00568226 0.00573627 0.00564493833412 0.00683054 0.00823696 0.0100007 0.0122791 0.0153381 0.0196645 0.0262567 0.0375347 0.061271 0.143684
2.96705972839 0.00468646 0.00474822 0.00467105736761 0.00563618 0.0067993 0.00825781 0.0101418 0.0126711 0.0162483 0.0216985 0.0310225 0.0506459 0.118778
2.98451302091 0.00378774 0.0038506 0.00378664559099 0.00455741 0.00549996 0.00668179 0.0082083 0.0102575 0.0131555 0.0175708 0.025124 0.0410202 0.0962105
3.00196631343 0.00298578 0.00304477 0.00299304156187 0.0035941 0.00433898 0.00527287 0.00647905 0.00809813 0.0103877 0.0138759 0.0198429 0.0324003 0.0759983
3.01941960595 0.00228026 0.00233191 0.00229131612632 0.00274602 0.00331628 0.00403118 0.00495444 0.00619368 0.00794599 0.0106155 0.015182 0.0247917 0.0581547
3.03687289847 0.00167077 0.00171302 0.00168243304582 0.00201288 0.00243171 0.00295671 0.00363468 0.0045446 0.00583117 0.00779107 0.0111435 0.0181981 0.0426901
3.05432619099 0.00115686 0.00118886 0.00116706159916 0.00139432 0.00168499 0.00204931 0.00251973 0.00315105 0.00404363 0.00540328 0.00772884 0.0126225 0.0296116
3.07177948351 0.000738022 0.000760001 0.000745656895937 0.000889871 0.00107573 0.00130865 0.00160937 0.00201291 0.00258341 0.00345238 0.00493861 0.00806595 0.0189228
3.08923277603 0.000413669 0.00042676 0.000418459876508 0.000498986 0.000603394 0.000734227 0.000903125 0.00112975 0.0014501 0.00193803 0.0027725 0.00452832 0.0106237
3.10668606855 0.000183119 0.000189211 0.000185416998573 0.000220979 0.000267304 0.000325344 0.000400261 0.000500772 0.000642841 0.000859204 0.00122921 0.00200773 0.00471025
3.12413936107 4.5565e-05 4.71448e-05 4.61534660035e-05 5.50106e-05 6.65656e-05 8.10404e-05 9.97214e-05 0.000124781 0.000160197 0.00021413 0.000306355 0.000500388 0.00117393
3.14159265359 0.0 0.0 0.0 0.0 0.0 0.0 0.0 0.0 0.0 0.0 0.0 0.0 0.0
