alpha phi_iso phi_ray phi_vec g0=0.1 g0=0.2 g0=0.3 g0=0.4 g0=0.5 g0=0.6 g0=0.7 g0=0.8 g0=0.9 g0=1.0
0.0 1.0 1.0 1.0 1.0 1.0 1.0 1.0 1.0 1.0 1.0 1.0 1.0 1.0
0.0174532925199 0.999637 0.999485 0.999484318034 0.999653 0.999674 0.999701 0.999736 0.999785 0.999858 0.999976 1.0002 1.00082 1.00893
0.0349065850399 0.998625 0.99802 0.998017411021 0.998692 0.998776 0.998882 0.999023 0.999219 0.999508 0.999981 1.00089 1.00336 1.03571
0.0523598775598 0.997083 0.995727 0.995719226245 0.997233 0.99742 0.997659 0.997976 0.998414 0.999064 1.00012 1.00216 1.00769 1.08024
0.0698131700798 0.995102 0.992699 0.992684912315 0.995368 0.995699 0.996122 0.996683 0.99746 0.998609 1.00048 1.00409 1.01389 1.1424
0.0872664625997 0.992741 0.989001 0.988977249041 0.993155 0.99367 0.994328 0.9952 0.996409 0.998198 1.00112 1.00673 1.02198 1.22198
0.10471975512 0.990035 0.984673 0.984637611057 0.990628 0.991366 0.99231 0.99356 0.995294 0.997859 1.00204 1.01009 1.03196 1.31877
0.12217304764 0.987009 0.979747 0.979696409373 0.987813 0.988813 0.990092 0.991786 0.994135 0.997611 1.00328 1.01419 1.04383 1.43251
0.13962634016 0.983684 0.974248 0.974180661496 0.984728 0.986029 0.987691 0.989893 0.992947 0.997466 1.00484 1.01902 1.05755 1.56292
0.157079632679 0.980076 0.968203 0.968115166101 0.981391 0.983029 0.985123 0.987896 0.991742 0.997434 1.00672 1.02459 1.07312 1.70965
0.174532925199 0.976202 0.961635 0.961524199789 0.977817 0.979829 0.982401 0.985806 0.99053 0.997522 1.00893 1.03087 1.09049 1.87238
0.191986217719 0.972076 0.954568 0.954431517083 0.974021 0.976441 0.979536 0.983635 0.989321 0.997735 1.01147 1.03788 1.10963 2.05074
0.209439510239 0.967714 0.947024 0.946859958868 0.970014 0.972878 0.976541 0.981392 0.98812 0.998079 1.01433 1.04559 1.13051 2.24431
0.226892802759 0.963126 0.939027 0.938831974475 0.96581 0.969151 0.973425 0.979085 0.986935 0.998554 1.01751 1.05399 1.15307 2.45269
0.244346095279 0.958325 0.930597 0.930369491153 0.961419 0.96527 0.970196 0.97672 0.985769 0.999163 1.02102 1.06307 1.17729 2.67545
0.261799387799 0.953321 0.921757 0.921494044598 0.95685 0.961243 0.966863 0.974304 0.984627 0.999906 1.02484 1.0728 1.2031 2.91213
0.279252680319 0.948125 0.912527 0.912226648424 0.952114 0.957079 0.963431 0.971842 0.98351 1.00078 1.02896 1.08318 1.23046 3.16227
0.296705972839 0.942746 0.902928 0.902588316247 0.947218 0.952785 0.959906 0.969337 0.982419 1.00178 1.03338 1.09417 1.25931 3.42537
0.314159265359 0.937193 0.89298 0.892599539606 0.942171 0.948368 0.956295 0.966794 0.981357 1.00291 1.03809 1.10576 1.2896 3.70095
0.331612557879 0.931474 0.882705 0.882280418482 0.93698 0.943834 0.952602 0.964214 0.980322 1.00417 1.04307 1.11793 1.32128 3.98849
0.349065850399 0.925597 0.87212 0.871651313893 0.931652 0.939189 0.948831 0.9616 0.979314 1.00553 1.04832 1.13064 1.35427 4.28748
0.366519142919 0.919569 0.861247 0.860731803742 0.926192 0.934438 0.944985 0.958954 0.978332 1.00702 1.05383 1.14388 1.38852 4.59737
0.383972435439 0.913398 0.850105 0.849541726972 0.920608 0.929585 0.941068 0.956276 0.977374 1.0086 1.05957 1.15761 1.42397 4.91764
0.401425727959 0.907089 0.838713 0.838100269927 0.914905 0.924635 0.937082 0.953568 0.976438 1.01029 1.06554 1.17182 1.46055 5.24774
0.418879020479 0.90065 0.82709 0.826426879991 0.909088 0.919593 0.933031 0.95083 0.975522 1.01207 1.07172 1.18647 1.4982 5.5871
0.436332312999 0.894086 0.815256 0.814540351951 0.903161 0.914461 0.928916 0.948061 0.974621 1.01394 1.0781 1.20153 1.53685 5.93516
0.453785605519 0.887402 0.803227 0.802459480593 0.897131 0.909244 0.924739 0.945262 0.973733 1.01588 1.08466 1.21697 1.57644 6.29137
0.471238898038 0.880606 0.791024 0.790202799666 0.891001 0.903944 0.920502 0.942432 0.972855 1.01789 1.09138 1.23277 1.61689 6.65515
0.488692190558 0.873701 0.778664 0.777788712399 0.884776 0.898565 0.916205 0.939569 0.971982 1.01996 1.09826 1.2489 1.65813 7.02592
0.506145483078 0.866693 0.766165 0.765234969424 0.87846 0.89311 0.91185 0.936673 0.971109 1.02208 1.10527 1.26532 1.70011 7.40311
0.523598775598 0.859587 0.753544 0.752559451892 0.872056 0.88758 0.907439 0.933742 0.970234 1.02425 1.11241 1.282 1.74274 7.78613
0.541052068118 0.852388 0.74082 0.739779518877 0.865568 0.881978 0.90297 0.930775 0.96935 1.02645 1.11964 1.29892 1.78597 8.17442
0.558505360638 0.8451 0.728008 0.726912398934 0.859 0.876306 0.898446 0.927771 0.968454 1.02868 1.12696 1.31604 1.82971 8.56738
0.575958653158 0.837727 0.715126 0.713974929059 0.852354 0.870567 0.893866 0.924726 0.96754 1.03092 1.13434 1.33333 1.8739 8.96444
0.593411945678 0.830274 0.70219 0.700983424173 0.845636 0.864762 0.889231 0.92164 0.966603 1.03316 1.14178 1.35075 1.91847 9.36502
0.610865238198 0.822745 0.689215 0.687954199193 0.838846 0.858894 0.88454 0.91851 0.965638 1.0354 1.14925 1.36829 1.96335 9.76855
0.628318530718 0.815143 0.676218 0.674902916442 0.831988 0.852962 0.879794 0.915334 0.96464 1.03763 1.15674 1.3859 2.00847 10.1744
0.645771823238 0.807474 0.663214 0.661844846685 0.825066 0.84697 0.874993 0.912109 0.963603 1.03983 1.16423 1.40356 2.05375 10.5821
0.663225115758 0.79974 0.650218 0.648794999647 0.818081 0.840919 0.870135 0.908834 0.962522 1.042 1.1717 1.42123 2.09914 10.9911
0.680678408278 0.791944 0.637244 0.635768124015 0.811037 0.83481 0.865222 0.905505 0.961392 1.04412 1.17914 1.43889 2.14456 11.4006
0.698131700798 0.784092 0.624305 0.622778185361 0.803935 0.828644 0.860253 0.902121 0.960207 1.04619 1.18652 1.4565 2.18994 11.8103
0.715584993318 0.776185 0.611417 0.609838888215 0.796779 0.822422 0.855227 0.898679 0.958962 1.0482 1.19384 1.47403 2.23522 12.2196
0.733038285838 0.768227 0.598591 0.596963545553 0.78957 0.816146 0.850143 0.895176 0.957652 1.05014 1.20107 1.49145 2.28033 12.6279
0.750491578358 0.760222 0.58584 0.584164948271 0.782312 0.809816 0.845002 0.891609 0.95627 1.05199 1.2082 1.50873 2.3252 13.0346
0.767944870878 0.752173 0.573178 0.571455365187 0.775005 0.803434 0.839803 0.887977 0.954812 1.05375 1.21521 1.52585 2.36978 13.4393
0.785398163397 0.744082 0.560614 0.558846543045 0.767652 0.797 0.834545 0.884276 0.953272 1.05541 1.22209 1.54277 2.41398 13.8414
0.802851455917 0.735954 0.548162 0.546349967546 0.760256 0.790516 0.829228 0.880505 0.951644 1.05695 1.22882 1.55947 2.45776 14.2404
0.820304748437 0.727789 0.535831 0.533976471798 0.752818 0.783982 0.82385 0.876659 0.949925 1.05838 1.23538 1.57591 2.50105 14.6358
0.837758040957 0.719593 0.523631 0.52173623631 0.74534 0.777399 0.818412 0.872738 0.948108 1.05968 1.24177 1.59208 2.54379 15.0271
0.855211333477 0.711366 0.511573 0.509639050033 0.737824 0.770767 0.812913 0.868738 0.946188 1.06084 1.24795 1.60793 2.58591 15.4138
0.872664625997 0.703113 0.499665 0.497694440881 0.730272 0.764089 0.807352 0.864657 0.944161 1.06185 1.25393 1.62345 2.62737 15.7954
0.890117918517 0.694835 0.487917 0.485911023129 0.722686 0.757364 0.801728 0.860493 0.942021 1.06271 1.25968 1.63861 2.66809 16.1715
0.907571211037 0.686535 0.476337 0.474297150019 0.715067 0.750593 0.796042 0.856243 0.939765 1.0634 1.26519 1.65339 2.70804 16.5416
0.925024503557 0.678217 0.464931 0.462860261151 0.707417 0.743777 0.790292 0.851906 0.937387 1.06393 1.27044 1.66775 2.74715 16.9053
0.942477796077 0.669881 0.453708 0.45160779613 0.699739 0.736916 0.784478 0.847478 0.934882 1.06427 1.27543 1.68168 2.78536 17.2621
0.959931088597 0.661531 0.442673 0.440546280923 0.692033 0.730012 0.778599 0.842958 0.932247 1.06442 1.28014 1.69515 2.82264 17.6115
0.977384381117 0.653169 0.431834 0.42968171942 0.684301 0.723065 0.772656 0.838344 0.929477 1.06439 1.28456 1.70814 2.85892 17.9533
0.994837673637 0.644798 0.421195 0.419019984993 0.676545 0.716075 0.766647 0.833633 0.926569 1.06414 1.28867 1.72063 2.89416 18.287
1.01229096616 0.636419 0.410762 0.408565776338 0.668767 0.709044 0.760572 0.828825 0.923518 1.06369 1.29247 1.73259 2.92831 18.6122
1.02974425868 0.628036 0.400538 0.398323792151 0.660967 0.701972 0.754431 0.823917 0.92032 1.06303 1.29593 1.74401 2.96133 18.9285
1.0471975512 0.619649 0.390528 0.388298078533 0.653148 0.69486 0.748223 0.818907 0.916973 1.06214 1.29906 1.75486 2.99317 19.2357
1.06465084372 0.611262 0.380736 0.378491898468 0.645312 0.687709 0.741949 0.813795 0.913472 1.06103 1.30184 1.76513 3.02379 19.5332
1.08210413624 0.602876 0.371164 0.36890838442 0.637458 0.680519 0.735608 0.808578 0.909815 1.05968 1.30426 1.7748 3.05315 19.8209
1.09955742876 0.594493 0.361815 0.359549885737 0.62959 0.673292 0.7292 0.803255 0.905998 1.05809 1.30631 1.78385 3.08121 20.0984
1.11701072128 0.586116 0.352691 0.350418490729 0.621709 0.666027 0.722725 0.797826 0.902019 1.05626 1.30798 1.79226 3.10794 20.3653
1.1344640138 0.577747 0.343793 0.341515635109 0.613815 0.658727 0.716183 0.792288 0.897874 1.05418 1.30927 1.80003 3.1333 20.6215
1.15191730632 0.569387 0.335123 0.332842232513 0.605912 0.651391 0.709573 0.786641 0.893563 1.05184 1.31016 1.80712 3.15725 20.8666
1.16937059884 0.561038 0.32668 0.324398805017 0.597999 0.644021 0.702897 0.780884 0.889082 1.04925 1.31065 1.81354 3.17978 21.1004
1.18682389136 0.552702 0.318465 0.316185352622 0.590078 0.636617 0.696155 0.775017 0.884429 1.04639 1.31073 1.81926 3.20084 21.3226
1.20427718388 0.544382 0.310477 0.308201744809 0.582152 0.62918 0.689345 0.769039 0.879603 1.04327 1.31039 1.82428 3.22041 21.533
1.2217304764 0.536079 0.302717 0.300446937422 0.57422 0.621712 0.68247 0.762948 0.874602 1.03988 1.30963 1.82859 3.23846 21.7314
1.23918376892 0.527794 0.295181 0.292919755788 0.566286 0.614214 0.675529 0.756746 0.869424 1.03622 1.30844 1.83216 3.25497 21.9176
1.25663706144 0.519529 0.28787 0.285618503154 0.558349 0.606685 0.668523 0.750431 0.864069 1.03229 1.30683 1.835 3.26992 22.0914
1.27409035396 0.511287 0.280781 0.278541091212 0.550412 0.599129 0.661452 0.744005 0.858535 1.02808 1.30477 1.8371 3.28329 22.2526
1.29154364648 0.503069 0.273911 0.271685301132 0.542477 0.591544 0.654318 0.737465 0.852822 1.02359 1.30228 1.83844 3.29507 22.4012
1.308996939 0.494877 0.267258 0.265048261489 0.534543 0.583934 0.64712 0.730814 0.846929 1.01882 1.29934 1.83903 3.30522 22.5369
1.32645023152 0.486711 0.260819 0.258626709298 0.526614 0.576298 0.639859 0.724051 0.840856 1.01376 1.29595 1.83885 3.31375 22.6597
1.34390352404 0.478575 0.25459 0.252417251056 0.51869 0.568638 0.632538 0.717177 0.834603 1.00843 1.29212 1.8379 3.32064 22.7693
1.36135681656 0.470469 0.248568 0.246416101703 0.510772 0.560955 0.625155 0.710192 0.828169 1.00281 1.28783 1.83617 3.32588 22.8659
1.37881010908 0.462395 0.242748 0.240619345657 0.502863 0.553251 0.617713 0.703097 0.821556 0.996913 1.2831 1.83368 3.32946 22.9492
1.3962634016 0.454354 0.237127 0.235022284222 0.494963 0.545527 0.610213 0.695894 0.814764 0.99073 1.27791 1.8304 3.33137 23.0192
1.41371669412 0.446349 0.231699 0.229620610259 0.487074 0.537783 0.602655 0.688582 0.807794 0.984264 1.27227 1.82634 3.33162 23.0759
1.43116998664 0.43838 0.226461 0.224409364033 0.479198 0.530022 0.595042 0.681164 0.800646 0.977516 1.26617 1.8215 3.33019 23.1192
1.44862327916 0.430449 0.221406 0.219383455288 0.471336 0.522245 0.587373 0.67364 0.793322 0.970488 1.25963 1.81588 3.32709 23.1492
1.46607657168 0.422558 0.21653 0.214537532733 0.463489 0.514453 0.579652 0.666012 0.785823 0.963181 1.25263 1.80949 3.32232 23.1657
1.4835298642 0.414707 0.211827 0.209866114552 0.455659 0.506648 0.571879 0.658282 0.778152 0.955596 1.24519 1.80232 3.31589 23.169
1.50098315672 0.406899 0.207292 0.205363457896 0.447847 0.498832 0.564057 0.650451 0.770309 0.947736 1.2373 1.79437 3.30779 23.1589
1.51843644924 0.399134 0.20292 0.201024080951 0.440055 0.491005 0.556186 0.642521 0.762298 0.939603 1.22897 1.78566 3.29805 23.1355
1.53588974176 0.391415 0.198703 0.196841718788 0.432284 0.48317 0.548268 0.634494 0.754119 0.931201 1.2202 1.77618 3.28665 23.099
1.55334303427 0.383742 0.194636 0.192810367518 0.424535 0.475328 0.540306 0.626373 0.745777 0.922531 1.21099 1.76595 3.27362 23.0493
1.57079632679 0.376116 0.190713 0.188923892729 0.416811 0.46748 0.532301 0.618159 0.737273 0.913597 1.20136 1.75497 3.25897 22.9865
1.58824961931 0.36854 0.186929 0.185176160014 0.409112 0.459629 0.524255 0.609855 0.728611 0.904404 1.1913 1.74324 3.24271 22.9108
1.60570291183 0.361013 0.183276 0.181560773922 0.40144 0.451777 0.516171 0.601463 0.719793 0.894955 1.18082 1.73078 3.22486 22.8223
1.62315620435 0.353538 0.179748 0.178071339007 0.393797 0.443924 0.50805 0.592987 0.710823 0.885255 1.16993 1.71759 3.20544 22.7211
1.64060949687 0.346116 0.176339 0.174701590339 0.386184 0.436073 0.499895 0.584429 0.701705 0.875308 1.15863 1.70369 3.18446 22.6073
1.65806278939 0.338748 0.173044 0.17144513247 0.378603 0.428226 0.491707 0.575791 0.692442 0.865119 1.14693 1.68908 3.16195 22.4812
1.67551608191 0.331435 0.169855 0.168295700471 0.371054 0.420384 0.483491 0.567077 0.683038 0.854693 1.13483 1.67378 3.13793 22.3428
1.69296937443 0.324178 0.166766 0.165246768373 0.36354 0.41255 0.475246 0.558289 0.673497 0.844037 1.12235 1.65779 3.11243 22.1924
1.71042266695 0.316979 0.163771 0.162292201769 0.356063 0.404725 0.466978 0.549432 0.663824 0.833155 1.1095 1.64114 3.08546 22.0301
1.72787595947 0.309838 0.160864 0.159425605208 0.348622 0.396912 0.458687 0.540509 0.654022 0.822053 1.09628 1.62384 3.05707 21.8562
1.74532925199 0.302757 0.158039 0.156640974802 0.341221 0.389112 0.450376 0.531522 0.644097 0.810739 1.08269 1.60589 3.02727 21.6709
1.76278254451 0.295737 0.15529 0.153932306659 0.33386 0.381327 0.442049 0.522476 0.634053 0.799218 1.06876 1.58732 2.9961 21.4745
1.78023583703 0.288778 0.152611 0.151293335851 0.326542 0.37356 0.433707 0.513374 0.623896 0.787498 1.05449 1.56814 2.96358 21.2671
1.79768912955 0.281883 0.149996 0.148718580565 0.319267 0.365812 0.425355 0.50422 0.613629 0.775585 1.03989 1.54837 2.92976 21.049
1.81514242207 0.275052 0.14744 0.146202036911 0.312037 0.358086 0.416994 0.495017 0.60326 0.763487 1.02497 1.52803 2.89467 20.8204
1.83259571459 0.268286 0.144936 0.143738353595 0.304854 0.350384 0.408627 0.485771 0.592792 0.751211 1.00975 1.50712 2.85834 20.5818
1.85004900711 0.261585 0.142481 0.141321918285 0.297719 0.342707 0.400258 0.476484 0.582231 0.738766 0.994224 1.48568 2.82081 20.3332
1.86750229963 0.254952 0.140067 0.138947771245 0.290634 0.335059 0.391889 0.467161 0.571584 0.726158 0.978416 1.46371 2.78212 20.0752
1.88495559215 0.248387 0.137691 0.136610561182 0.2836 0.327441 0.383524 0.457806 0.560856 0.713396 0.962336 1.44125 2.74231 19.8078
1.90240888467 0.241891 0.135348 0.1343055894 0.276619 0.319856 0.375166 0.448424 0.550053 0.70049 0.945996 1.4183 2.70142 19.5315
1.91986217719 0.235465 0.133033 0.132028157201 0.269692 0.312306 0.366818 0.439018 0.539181 0.687446 0.929408 1.3949 2.65949 19.2466
1.93731546971 0.22911 0.130742 0.129773696409 0.262821 0.304792 0.358482 0.429594 0.528245 0.674274 0.912585 1.37105 2.61656 18.9533
1.95476876223 0.222827 0.12847 0.127538160922 0.256007 0.297318 0.350163 0.420155 0.517254 0.660983 0.895541 1.34679 2.57267 18.6521
1.97222205475 0.216616 0.126213 0.125317374123 0.249253 0.289886 0.341864 0.410707 0.506212 0.647581 0.878289 1.32212 2.52788 18.3433
1.98967534727 0.210479 0.123968 0.123107681469 0.242558 0.282497 0.333587 0.401254 0.495126 0.634079 0.860842 1.29709 2.48223 18.0272
2.00712863979 0.204417 0.121731 0.120905428417 0.235926 0.275155 0.325337 0.3918 0.484003 0.620485 0.843215 1.2717 2.43576 17.7042
2.02458193231 0.19843 0.119499 0.118707351986 0.229357 0.267861 0.317116 0.382351 0.47285 0.606809 0.825422 1.24599 2.38853 17.3747
2.04203522483 0.192519 0.117269 0.116510319708 0.222853 0.260618 0.308928 0.372911 0.461673 0.593061 0.807477 1.21997 2.34057 17.039
2.05948851735 0.186685 0.115039 0.114311721199 0.216415 0.253429 0.300776 0.363486 0.45048 0.57925 0.789394 1.19367 2.29194 16.6975
2.07694180987 0.180929 0.112804 0.112108815551 0.210045 0.246295 0.292665 0.354079 0.439276 0.565386 0.771188 1.16711 2.24269 16.3506
2.09439510239 0.175252 0.110564 0.109899383936 0.203745 0.239219 0.284596 0.344696 0.428069 0.551479 0.752874 1.14032 2.19286 15.9986
2.11184839491 0.169654 0.108317 0.107681468562 0.197516 0.232203 0.276575 0.335342 0.416866 0.537539 0.734468 1.11331 2.14251 15.642
2.12930168743 0.164136 0.10606 0.10545311164 0.191358 0.22525 0.268603 0.326021 0.405674 0.523576 0.715983 1.08613 2.09169 15.2812
2.14675497995 0.158699 0.103792 0.103213138496 0.185275 0.218362 0.260686 0.31674 0.3945 0.509601 0.697436 1.05879 2.04046 14.9165
2.16420827247 0.153343 0.101511 0.100959852377 0.179267 0.211542 0.252825 0.307502 0.383352 0.495624 0.678842 1.03131 1.98885 14.5484
2.18166156499 0.148071 0.0992179 0.0986927312075 0.173336 0.204791 0.245025 0.298313 0.372235 0.481654 0.660215 1.00373 1.93692 14.1772
2.19911485751 0.142881 0.0969106 0.0964107308314 0.167483 0.198112 0.23729 0.289178 0.361158 0.467703 0.641573 0.976057 1.88473 13.8034
2.21656815003 0.137775 0.0945888 0.0941133291715 0.16171 0.191507 0.229622 0.280102 0.350128 0.45378 0.622929 0.948331 1.83233 13.4273
2.23402144255 0.132753 0.0922525 0.0918005262279 0.156017 0.184979 0.222025 0.271089 0.339152 0.439896 0.6043 0.920573 1.77977 13.0494
2.25147473507 0.127817 0.0899015 0.0894723220006 0.150407 0.17853 0.214503 0.262146 0.328236 0.426061 0.585701 0.892809 1.72711 12.6701
2.26892802759 0.122966 0.0875362 0.087128847009 0.144881 0.172163 0.20706 0.253277 0.317389 0.412287 0.567149 0.865064 1.67439 12.2899
2.28638132011 0.118202 0.085157 0.0847706233304 0.13944 0.165879 0.199698 0.244487 0.306618 0.398582 0.548657 0.837363 1.62167 11.909
2.30383461263 0.113525 0.0827648 0.082398434081 0.134085 0.159681 0.192421 0.23578 0.295929 0.384958 0.530243 0.809733 1.569 11.5279
2.32128790515 0.108935 0.0803603 0.0800133234156 0.128818 0.153571 0.185232 0.227163 0.285329 0.371425 0.511921 0.782199 1.51644 11.1471
2.33874119767 0.104434 0.0779447 0.0776162049697 0.123641 0.147552 0.178136 0.21864 0.274827 0.357992 0.493707 0.754786 1.46404 10.7669
2.35619449019 0.100021 0.0755196 0.0752087754948 0.118554 0.141625 0.171134 0.210216 0.264428 0.344671 0.475617 0.72752 1.41184 10.3877
2.37364778271 0.095698 0.0730863 0.0727923401846 0.113558 0.135793 0.164232 0.201895 0.254141 0.331472 0.457665 0.700426 1.35991 10.01
2.39110107523 0.0914647 0.0706467 0.0703688568293 0.108656 0.130057 0.157431 0.193683 0.243971 0.318404 0.439867 0.673529 1.3083 9.63412
2.40855436775 0.0873219 0.0682027 0.0679402832192 0.103848 0.124421 0.150736 0.185585 0.233926 0.305477 0.422238 0.646853 1.25704 9.2605
2.42600766027 0.0832701 0.0657564 0.0655087076639 0.099136 0.118887 0.144149 0.177605 0.224013 0.292703 0.404794 0.620425 1.20621 8.88953
2.44346095279 0.0793098 0.0633101 0.0630764795119 0.0945205 0.113455 0.137674 0.169747 0.214238 0.280089 0.387548 0.594267 1.15584 8.52159
2.46091424531 0.0754415 0.0608663 0.0606459481115 0.0900029 0.108129 0.131314 0.162018 0.204608 0.267647 0.370516 0.568404 1.10599 8.15709
2.47836753783 0.0716657 0.0584276 0.0582199848885 0.0855844 0.102911 0.125072 0.15442 0.19513 0.255385 0.353711 0.542861 1.0567 7.7964
2.49582083035 0.0679827 0.0559966 0.0558010697105 0.0812663 0.0978019 0.118951 0.14696 0.185811 0.243314 0.33715 0.517661 1.00803 7.4399
2.51327412287 0.0643932 0.0535762 0.0533920740034 0.0770495 0.0928043 0.112955 0.13964 0.176656 0.231443 0.320845 0.492826 0.960028 7.08797
2.53072741539 0.0608975 0.0511694 0.050996260751 0.0729353 0.08792 0.107085 0.132466 0.167672 0.21978 0.30481 0.468381 0.912734 6.74098
2.54818070791 0.057496 0.0487792 0.0486163708598 0.0689247 0.083151 0.101346 0.125442 0.158866 0.208335 0.28906 0.444348 0.866198 6.39929
2.56563400043 0.0541892 0.0464088 0.0462557978328 0.0650187 0.0784991 0.0957403 0.118572 0.150243 0.197117 0.273607 0.420748 0.820467 6.06327
2.58308729295 0.0509775 0.0440613 0.043917804654 0.0612184 0.0739661 0.09027 0.111861 0.141809 0.186135 0.258465 0.397605 0.775585 5.73326
2.60054058547 0.0478611 0.0417401 0.0416055237879 0.0575248 0.0695538 0.0849384 0.105312 0.133571 0.175397 0.243647 0.374938 0.731597 5.40961
2.61799387799 0.0448406 0.0394485 0.0393223487375 0.0539389 0.0652639 0.0797482 0.0989289 0.125534 0.164911 0.229166 0.35277 0.688547 5.09265
2.63544717051 0.0419163 0.0371899 0.0370718035256 0.0504615 0.0610982 0.0747019 0.0927165 0.117704 0.154686 0.215034 0.331121 0.646476 4.78273
2.65290046303 0.0390884 0.0349677 0.0348572816552 0.0470938 0.0570582 0.0698022 0.0866781 0.110086 0.14473 0.201262 0.31001 0.605426 4.48015
2.67035375555 0.0363574 0.0327853 0.0326823071488 0.0438364 0.0531456 0.0650515 0.0808174 0.102686 0.135051 0.187864 0.289457 0.565437 4.18523
2.68780704807 0.0337235 0.0306461 0.0305501429905 0.0406903 0.049362 0.0604523 0.0751381 0.095508 0.125656 0.17485 0.269482 0.52655 3.89829
2.70526034059 0.0311871 0.0285536 0.0284643132026 0.0376564 0.0457087 0.0560069 0.0696437 0.0885584 0.116552 0.162232 0.250101 0.488801 3.61961
2.72271363311 0.0287483 0.0265112 0.0264283418077 0.0347354 0.0421873 0.0517176 0.0643374 0.0818414 0.107748 0.15002 0.231335 0.452228 3.34949
2.74016692563 0.0264076 0.0245223 0.0244454917897 0.031928 0.0387992 0.0475866 0.0592226 0.075362 0.0992482 0.138224 0.213199 0.416867 3.0882
2.75762021815 0.0241651 0.0225901 0.0225191566518 0.0292352 0.0355457 0.043616 0.0543024 0.0691246 0.0910612 0.126856 0.19571 0.382753 2.83602
2.77507351067 0.022021 0.0207181 0.0206525993778 0.0266574 0.032428 0.0398079 0.0495799 0.0631336 0.0831928 0.115924 0.178885 0.349919 2.5932
2.79252680319 0.0199757 0.0189093 0.0188492134708 0.0241955 0.0294476 0.0361641 0.0450578 0.0573932 0.0756493 0.105438 0.162739 0.318396 2.36
2.80998009571 0.0180293 0.0171669 0.017112000876 0.02185 0.0266054 0.0326867 0.0407391 0.0519076 0.0684365 0.0954068 0.147286 0.288215 2.13664
2.82743338823 0.016182 0.0154941 0.0154439635386 0.0196216 0.0239027 0.0293773 0.0366263 0.0466805 0.0615601 0.0858391 0.132542 0.259407 1.92337
2.84488668075 0.0144339 0.0138937 0.0138482339231 0.0175109 0.0213404 0.0262376 0.032722 0.0417156 0.0550255 0.076743 0.118518 0.231998 1.7204
2.86233997327 0.0127854 0.0123686 0.0123276834551 0.0155183 0.0189197 0.0232693 0.0290286 0.0370164 0.0488377 0.0681262 0.105229 0.206016 1.52793
2.87979326579 0.0112364 0.0109215 0.0108849225218 0.0136444 0.0166414 0.0204738 0.0255483 0.0325861 0.0430015 0.059996 0.0926856 0.181485 1.34617
2.89724655831 0.00978712 0.00955518 0.00952269202954 0.0118897 0.0145064 0.0178526 0.0222831 0.0284279 0.0375215 0.0523591 0.0808999 0.158429 1.17529
2.91469985083 0.0084377 0.00827198 0.00824347184613 0.0102545 0.0125156 0.0154069 0.0192352 0.0245446 0.0324019 0.0452222 0.0698824 0.13687 1.01547
2.93215314335 0.00718822 0.00707429 0.00704948080054 0.00873932 0.0106697 0.013138 0.0164062 0.0209388 0.0276466 0.038591 0.059643 0.116829 0.866866
2.94960643587 0.00603876 0.00596429 0.00594293772178 0.00734443 0.00896931 0.011047 0.013798 0.0176132 0.0232592 0.0324713 0.0501907 0.0983239 0.72963
2.96705972839 0.00498939 0.00494404 0.00492606143885 0.00607017 0.00741516 0.00913496 0.011412 0.0145699 0.0192431 0.0268679 0.0415341 0.0813734 0.603896
2.98451302091 0.00404015 0.00401539 0.00400041818401 0.00491681 0.00600775 0.0074027 0.00924958 0.0118109 0.0156012 0.0217854 0.0336807 0.0659928 0.489789
3.00196631343 0.00319107 0.00318006 0.00316796574755 0.00388458 0.00474758 0.00585106 0.00731201 0.00933807 0.0123363 0.0172281 0.0266374 0.0521963 0.38742
3.01941960595 0.00244215 0.00243957 0.002430009323 0.00297366 0.00363506 0.00448073 0.00560035 0.00715303 0.00945069 0.0131995 0.0204101 0.0399965 0.296887
3.03687289847 0.00179339 0.00179527 0.00178811514261 0.00218421 0.00267052 0.00329232 0.00411553 0.00525713 0.00694645 0.00970265 0.015004 0.0294044 0.218274
3.05432619099 0.00124474 0.0012483 0.00124319684185 0.00151631 0.00185423 0.00228629 0.00285828 0.00365149 0.00482526 0.00674028 0.0104237 0.020429 0.151655
3.07177948351 0.000796146 0.000799636 0.000796298575551 0.000970025 0.00118638 0.001463 0.0018292 0.00233703 0.00308848 0.00431447 0.00667256 0.0130778 0.0970867
3.08923277603 0.000447517 0.00045003 0.00044807294048 0.000545345 0.000667068 0.00082269 0.00102871 0.00131439 0.00173712 0.0024268 0.00375333 0.00735654 0.0546145
3.10668606855 0.000198734 0.000200036 0.000199172533403 0.000242212 0.000296309 0.000365469 0.000457023 0.000583978 0.000771832 0.00107831 0.00166777 0.00326892 0.0242686
3.12413936107 4.96342e-05 4.99921e-05 4.9727873674e-05 6.0501e-05 7.4021e-05 9.13052e-05 0.000114185 0.000145911 0.000192855 0.00026944 0.00041674 0.00081684 0.00606432
3.14159265359 0.0 0.0 0.0 0.0 0.0 0.0 0.0 0.0 0.0 0.0 0.0 0.0 0.0
