alpha phi_iso phi_ray phi_vec g0=0.1 g0=0.2 g0=0.3 g0=0.4 g0=0.5 g0=0.6 g0=0.7 g0=0.8 g0=0.9 g0=1.0
0.0 1.0 1.0 1.0 1.0 1.0 1.0 1.0 1.0 1.0 1.0 1.0 1.0 1.0
0.0174532925199 0.999639 0.999488 0.999487160788 0.999656 0.999677 0.999703 0.999738 0.999786 0.999856 0.999968 1.00018 1.00071 1.00489
0.0349065850399 0.998635 0.998033 0.998027806744 0.998702 0.998784 0.998889 0.999028 0.999218 0.999497 0.999945 1.00078 1.00292 1.01956
0.0523598775598 0.997103 0.995753 0.995740353102 0.997252 0.997437 0.997672 0.997982 0.998408 0.999032 1.00004 1.00191 1.00669 1.04396
0.0698131700798 0.995133 0.992744 0.992718857068 0.995396 0.995723 0.996139 0.996687 0.997441 0.998546 1.00032 1.00364 1.01209 1.07803
0.0872664625997 0.992783 0.989067 0.989025460963 0.993193 0.9937 0.994347 0.995198 0.99637 0.998087 1.00085 1.00601 1.01915 1.12167
0.10471975512 0.990089 0.984764 0.984700810411 0.990675 0.991402 0.992328 0.993548 0.995227 0.997687 1.00164 1.00904 1.02786 1.17477
0.12217304764 0.987075 0.979865 0.979775646418 0.987869 0.988853 0.990106 0.991757 0.99403 0.997361 1.00271 1.01273 1.03822 1.23717
0.13962634016 0.983761 0.974397 0.974276307936 0.984792 0.98607 0.987698 0.989842 0.992796 0.997124 1.00408 1.01709 1.05022 1.30873
0.157079632679 0.980164 0.968384 0.96822788667 0.981461 0.98307 0.985119 0.987818 0.991536 0.996984 1.00574 1.02212 1.06382 1.38927
0.174532925199 0.976301 0.961851 0.961654520546 0.977893 0.979867 0.982383 0.985696 0.99026 0.996949 1.0077 1.02781 1.07902 1.47861
0.191986217719 0.972186 0.954821 0.954579540445 0.9741 0.976476 0.979501 0.983487 0.988978 0.997025 1.00996 1.03416 1.09576 1.57653
0.209439510239 0.967833 0.947317 0.94702598378 0.970097 0.972906 0.976485 0.981201 0.987696 0.997216 1.01251 1.04115 1.11403 1.68283
0.226892802759 0.963254 0.939361 0.939016227656 0.965895 0.969171 0.973345 0.978845 0.986421 0.997524 1.01537 1.04877 1.13379 1.79728
0.244346095279 0.958461 0.930975 0.930572062237 0.961504 0.965279 0.970089 0.976426 0.985157 0.997953 1.01852 1.05701 1.15499 1.91964
0.261799387799 0.953465 0.922179 0.921714910848 0.956934 0.961239 0.966724 0.973951 0.983907 0.9985 1.02195 1.06585 1.17759 2.04966
0.279252680319 0.948276 0.912996 0.912465976713 0.952196 0.95706 0.963258 0.971424 0.982675 0.999166 1.02567 1.07528 1.20156 2.18709
0.296705972839 0.942904 0.903446 0.902846022851 0.947297 0.952749 0.959697 0.968851 0.981463 0.999949 1.02966 1.08527 1.22683 2.33165
0.314159265359 0.937356 0.893548 0.892875518809 0.942245 0.948313 0.956045 0.966233 0.98027 1.00085 1.03391 1.09581 1.25338 2.48309
0.331612557879 0.931642 0.883324 0.882574640666 0.937048 0.943758 0.952308 0.963575 0.979098 1.00185 1.03842 1.10687 1.28113 2.6411
0.349065850399 0.925769 0.872792 0.871963564498 0.931712 0.93909 0.94849 0.960878 0.977946 1.00296 1.04317 1.11844 1.31005 2.80542
0.366519142919 0.919744 0.861972 0.861062026179 0.926245 0.934314 0.944595 0.958144 0.976813 1.00418 1.04816 1.13049 1.34007 2.97574
0.383972435439 0.913575 0.850884 0.849889614845 0.920651 0.929434 0.940626 0.955375 0.975698 1.00549 1.05336 1.14299 1.37114 3.15177
0.401425727959 0.907268 0.839548 0.838465699531 0.914937 0.924456 0.936586 0.952572 0.974598 1.00689 1.05878 1.15592 1.40321 3.3332
0.418879020479 0.900829 0.827981 0.826809575904 0.909108 0.919383 0.932478 0.949734 0.973512 1.00837 1.06439 1.16925 1.43622 3.51973
0.436332312999 0.894265 0.816202 0.814940026059 0.903168 0.91422 0.928303 0.946863 0.972436 1.00992 1.07018 1.18297 1.4701 3.71105
0.453785605519 0.887581 0.804231 0.802875978824 0.897124 0.908969 0.924064 0.943957 0.971368 1.01155 1.07613 1.19703 1.50481 3.90685
0.471238898038 0.880784 0.792085 0.790635776089 0.890979 0.903634 0.919762 0.941017 0.970305 1.01324 1.08224 1.21142 1.54027 4.1068
0.488692190558 0.873877 0.779782 0.778237686375 0.884737 0.898219 0.915399 0.938042 0.969242 1.01498 1.08849 1.2261 1.57643 4.31059
0.506145483078 0.866867 0.76734 0.7656997581 0.878404 0.892725 0.910976 0.93503 0.968175 1.01676 1.09486 1.24105 1.61323 4.51791
0.523598775598 0.859758 0.754777 0.753039672845 0.871982 0.887156 0.906494 0.931981 0.967102 1.01859 1.10134 1.25624 1.6506 4.72842
0.541052068118 0.852554 0.74211 0.740274892089 0.865475 0.881514 0.901954 0.928894 0.966016 1.02043 1.1079 1.27164 1.68849 4.94182
0.558505360638 0.845262 0.729355 0.727422510472 0.858887 0.875801 0.897357 0.925766 0.964915 1.0223 1.11455 1.28723 1.72683 5.15778
0.575958653158 0.837884 0.716529 0.714499255796 0.852221 0.870019 0.892702 0.922597 0.963792 1.02418 1.12125 1.30296 1.76556 5.37597
0.593411945678 0.830425 0.703649 0.701521709129 0.845481 0.864171 0.88799 0.919384 0.962645 1.02606 1.128 1.31882 1.80462 5.59608
0.610865238198 0.82289 0.690729 0.688505864599 0.838669 0.858257 0.883222 0.916126 0.961467 1.02793 1.13477 1.33477 1.84394 5.81779
0.628318530718 0.815282 0.677787 0.675467496229 0.831789 0.852281 0.878398 0.91282 0.960253 1.02979 1.14156 1.35079 1.88347 6.04077
0.645771823238 0.807605 0.664837 0.662422011206 0.824843 0.846243 0.873517 0.909464 0.959 1.03162 1.14834 1.36685 1.92313 6.26472
0.663225115758 0.799863 0.651893 0.649384376511 0.817834 0.840145 0.868579 0.906056 0.957701 1.03341 1.1551 1.38291 1.96288 6.48932
0.680678408278 0.792059 0.63897 0.636369045553 0.810765 0.833988 0.863585 0.902595 0.956351 1.03516 1.16183 1.39896 2.00265 6.71425
0.698131700798 0.784198 0.626082 0.623390178271 0.803639 0.827774 0.858534 0.899077 0.954946 1.03685 1.1685 1.41495 2.04238 6.93921
0.715584993318 0.776282 0.613242 0.610461567763 0.796457 0.821504 0.853426 0.8955 0.95348 1.03848 1.1751 1.43087 2.082 7.16389
0.733038285838 0.768315 0.600464 0.597596273456 0.789223 0.815179 0.84826 0.891863 0.951949 1.04003 1.18162 1.44668 2.12147 7.38798
0.750491578358 0.7603 0.58776 0.584807208039 0.781937 0.8088 0.843037 0.888162 0.950346 1.04151 1.18804 1.46235 2.16072 7.6112
0.767944870878 0.75224 0.575142 0.572106623894 0.774604 0.802369 0.837755 0.884395 0.948667 1.04289 1.19434 1.47787 2.19969 7.83323
0.785398163397 0.744139 0.562622 0.55950625983 0.767225 0.795885 0.832414 0.88056 0.946907 1.04417 1.20052 1.4932 2.23833 8.0538
0.802851455917 0.735999 0.55021 0.547017634552 0.759801 0.789351 0.827013 0.876654 0.945061 1.04535 1.20654 1.50831 2.27658 8.27262
0.820304748437 0.727823 0.537919 0.534651386357 0.752336 0.782768 0.821553 0.872676 0.943124 1.0464 1.21241 1.52319 2.31438 8.4894
0.837758040957 0.719615 0.525757 0.522417933437 0.74483 0.776135 0.816033 0.868622 0.941091 1.04733 1.2181 1.5378 2.35169 8.70387
0.855211333477 0.711376 0.513735 0.510327033677 0.737287 0.769454 0.810452 0.86449 0.938958 1.04813 1.22361 1.55211 2.38845 8.91575
0.872664625997 0.703111 0.501861 0.498387931389 0.729707 0.762726 0.80481 0.860279 0.936718 1.04878 1.22891 1.56611 2.4246 9.12479
0.890117918517 0.69482 0.490144 0.486609504048 0.722093 0.755952 0.799106 0.855986 0.934369 1.04928 1.23399 1.57977 2.4601 9.33072
0.907571211037 0.686508 0.478593 0.474999895451 0.714447 0.749132 0.793339 0.851608 0.931905 1.04962 1.23884 1.59307 2.49489 9.53329
0.925024503557 0.678176 0.467215 0.46356688256 0.706769 0.742267 0.78751 0.847144 0.929323 1.0498 1.24345 1.60598 2.52893 9.73225
0.942477796077 0.669828 0.456017 0.452317508661 0.699063 0.735359 0.781618 0.842592 0.926617 1.0498 1.2478 1.61848 2.56217 9.92737
0.959931088597 0.661465 0.445006 0.4412584502 0.69133 0.728407 0.775663 0.837949 0.923784 1.04962 1.25189 1.63055 2.59456 10.1184
0.977384381117 0.65309 0.434187 0.430395870052 0.68357 0.721412 0.769643 0.833215 0.92082 1.04925 1.25569 1.64216 2.62607 10.3051
0.994837673637 0.644705 0.423567 0.419735270785 0.675787 0.714376 0.763559 0.828386 0.917721 1.04869 1.25921 1.65331 2.65664 10.4873
1.01229096616 0.636312 0.413149 0.409281788126 0.667982 0.707299 0.757411 0.823461 0.914483 1.04792 1.26242 1.66396 2.68623 10.6648
1.02974425868 0.627915 0.40294 0.399039750762 0.660155 0.700182 0.751198 0.81844 0.911103 1.04695 1.26531 1.6741 2.71481 10.8372
1.0471975512 0.619514 0.392942 0.389013340643 0.65231 0.693026 0.744919 0.813319 0.907578 1.04576 1.26788 1.68371 2.74233 11.0046
1.06465084372 0.611113 0.383159 0.379205932677 0.644447 0.685831 0.738576 0.808098 0.903904 1.04436 1.27012 1.69277 2.76877 11.1666
1.08210413624 0.602713 0.373594 0.369620461566 0.636568 0.678598 0.732167 0.802775 0.900078 1.04273 1.27202 1.70126 2.79407 11.3231
1.09955742876 0.594317 0.364249 0.360259421806 0.628674 0.671329 0.725693 0.79735 0.896097 1.04086 1.27356 1.70918 2.81821 11.4739
1.11701072128 0.585926 0.355127 0.351124794323 0.620767 0.664023 0.719154 0.79182 0.89196 1.03877 1.27474 1.7165 2.84116 11.6188
1.1344640138 0.577542 0.346229 0.342218046467 0.612849 0.656683 0.71255 0.786186 0.887662 1.03643 1.27555 1.72321 2.86289 11.7577
1.15191730632 0.569168 0.337556 0.333540132016 0.604921 0.649308 0.70588 0.780446 0.883203 1.03385 1.27599 1.7293 2.88336 11.8904
1.16937059884 0.560806 0.329108 0.325091637911 0.596984 0.641899 0.699145 0.774599 0.87858 1.03102 1.27604 1.73475 2.90255 12.0168
1.18682389136 0.552456 0.320886 0.316872490784 0.58904 0.634459 0.692346 0.768645 0.87379 1.02793 1.27571 1.73955 2.92043 12.1368
1.20427718388 0.544122 0.312889 0.308882470532 0.58109 0.626987 0.685482 0.762584 0.868834 1.0246 1.27497 1.74369 2.93697 12.2502
1.2217304764 0.535805 0.305117 0.301120696745 0.573137 0.619484 0.678555 0.756414 0.863708 1.021 1.27384 1.74716 2.95217 12.3569
1.23918376892 0.527506 0.297568 0.293585922175 0.56518 0.611952 0.671564 0.750135 0.858412 1.01715 1.27229 1.74995 2.96598 12.4567
1.25663706144 0.519229 0.29024 0.286276459367 0.557223 0.604392 0.66451 0.743749 0.852944 1.01303 1.27034 1.75205 2.97841 12.5497
1.27409035396 0.510973 0.283133 0.279190400765 0.549265 0.596804 0.657393 0.737253 0.847305 1.00864 1.26797 1.75345 2.98942 12.6357
1.29154364648 0.502742 0.276243 0.272325251873 0.541309 0.58919 0.650215 0.73065 0.841492 1.00399 1.26518 1.75415 2.999 12.7146
1.308996939 0.494536 0.269568 0.265678151355 0.533356 0.581551 0.642976 0.723938 0.835506 0.999067 1.26197 1.75414 3.00714 12.7864
1.32645023152 0.486358 0.263105 0.259246164509 0.525408 0.573889 0.635677 0.717118 0.829347 0.993875 1.25834 1.75342 3.01383 12.8509
1.34390352404 0.478208 0.25685 0.253025696326 0.517466 0.566203 0.628319 0.710191 0.823014 0.988413 1.25427 1.75197 3.01905 12.9081
1.36135681656 0.47009 0.2508 0.247013078427 0.509531 0.558496 0.620903 0.703158 0.816508 0.98268 1.24978 1.74981 3.0228 12.958
1.37881010908 0.462003 0.244951 0.241204128862 0.501605 0.550769 0.61343 0.696018 0.809829 0.976675 1.24486 1.74691 3.02507 13.0006
1.3962634016 0.453951 0.239298 0.235594592312 0.493689 0.543024 0.6059 0.688774 0.802977 0.970399 1.23951 1.74329 3.02585 13.0358
1.41371669412 0.445933 0.233837 0.230179846622 0.485785 0.535261 0.598316 0.681426 0.795955 0.963852 1.23373 1.73894 3.02514 13.0635
1.43116998664 0.437953 0.228564 0.224954976165 0.477895 0.527481 0.590679 0.673976 0.788761 0.957036 1.22752 1.73386 3.02295 13.0838
1.44862327916 0.43001 0.223473 0.219915065316 0.470019 0.519687 0.58299 0.666424 0.781399 0.949951 1.22088 1.72806 3.01926 13.0966
1.46607657168 0.422108 0.21856 0.215054611507 0.462159 0.51188 0.57525 0.658773 0.773869 0.942598 1.21381 1.72152 3.01408 13.102
1.4835298642 0.414246 0.213819 0.210368332274 0.454316 0.504062 0.567461 0.651023 0.766173 0.934981 1.20632 1.71427 3.00742 13.1
1.50098315672 0.406427 0.209244 0.205850578316 0.446493 0.496233 0.559625 0.643177 0.758313 0.9271 1.1984 1.70629 2.99928 13.0906
1.51843644924 0.398652 0.204829 0.201495406861 0.43869 0.488395 0.551743 0.635236 0.750291 0.918958 1.19007 1.69759 2.98966 13.0738
1.53588974176 0.390923 0.20057 0.197297021872 0.43091 0.480551 0.543817 0.627202 0.742109 0.910558 1.18132 1.68818 2.97858 13.0496
1.55334303427 0.38324 0.19646 0.193249333841 0.423152 0.472701 0.535849 0.619079 0.73377 0.901903 1.17215 1.67807 2.96604 13.0182
1.57079632679 0.375605 0.192493 0.189346253262 0.41542 0.464847 0.527841 0.610866 0.725276 0.892997 1.16258 1.66725 2.95205 12.9794
1.58824961931 0.368019 0.188663 0.185581543893 0.407714 0.456992 0.519794 0.602568 0.716631 0.883842 1.15261 1.65574 2.93664 12.9335
1.60570291183 0.360484 0.184964 0.181948896123 0.400036 0.449136 0.511712 0.594187 0.707837 0.874443 1.14224 1.64355 2.91981 12.8805
1.62315620435 0.353 0.18139 0.17844207371 0.392387 0.441282 0.503596 0.585725 0.698898 0.864805 1.13147 1.63068 2.90157 12.8204
1.64060949687 0.34557 0.177934 0.175054620311 0.384769 0.433431 0.495448 0.577185 0.689817 0.854931 1.12033 1.61714 2.88196 12.7533
1.65806278939 0.338194 0.17459 0.171780299682 0.377184 0.425585 0.48727 0.568569 0.680598 0.844827 1.1088 1.60295 2.86098 12.6793
1.67551608191 0.330874 0.171353 0.168612728845 0.369632 0.417747 0.479065 0.559882 0.671245 0.834498 1.0969 1.58811 2.83865 12.5986
1.69296937443 0.32361 0.168216 0.165545598192 0.362116 0.409917 0.470836 0.551125 0.661761 0.823948 1.08463 1.57264 2.81501 12.5111
1.71042266695 0.316404 0.165172 0.162572671481 0.354637 0.402098 0.462584 0.542302 0.652152 0.813184 1.07201 1.55654 2.79006 12.4171
1.72787595947 0.309257 0.162216 0.159687712468 0.347196 0.394292 0.454313 0.533417 0.64242 0.802212 1.05905 1.53984 2.76385 12.3167
1.74532925199 0.30217 0.159342 0.156884631647 0.339795 0.386501 0.446024 0.524473 0.632572 0.791037 1.04574 1.52254 2.73638 12.2099
1.76278254451 0.295145 0.156543 0.15415733951 0.332436 0.378727 0.437721 0.515472 0.62261 0.779666 1.0321 1.50466 2.7077 12.0969
1.78023583703 0.288182 0.153815 0.151499966654 0.325119 0.370972 0.429407 0.50642 0.612541 0.768106 1.01815 1.48622 2.67783 11.9778
1.79768912955 0.281282 0.151151 0.148906643674 0.317847 0.363238 0.421083 0.497319 0.602369 0.756364 1.00388 1.46722 2.6468 11.8528
1.81514242207 0.274446 0.148546 0.146371647901 0.310621 0.355526 0.412753 0.488174 0.5921 0.744446 0.989311 1.44769 2.61463 11.7221
1.83259571459 0.267676 0.145993 0.143889550134 0.303443 0.34784 0.40442 0.478988 0.581738 0.73236 0.974453 1.42765 2.58137 11.5857
1.85004900711 0.260973 0.143489 0.141454921176 0.296313 0.340182 0.396087 0.469766 0.57129 0.720114 0.959317 1.4071 2.54705 11.4438
1.86750229963 0.254337 0.141028 0.13906255193 0.289234 0.332553 0.387756 0.46051 0.560759 0.707714 0.943913 1.38607 2.51169 11.2967
1.88495559215 0.247769 0.138605 0.136707380035 0.282207 0.324955 0.379431 0.451226 0.550154 0.69517 0.928253 1.36457 2.47535 11.1444
1.90240888467 0.241271 0.136215 0.134384636599 0.275234 0.317392 0.371115 0.441918 0.539478 0.68249 0.912349 1.34263 2.43804 10.9871
1.91986217719 0.234844 0.133854 0.132089626099 0.268316 0.309864 0.362811 0.43259 0.528738 0.66968 0.896213 1.32027 2.39982 10.8251
1.93731546971 0.228487 0.131516 0.129817873114 0.261454 0.302375 0.354522 0.423246 0.51794 0.656751 0.879857 1.2975 2.36071 10.6585
1.95476876223 0.222204 0.1292 0.127565269061 0.254651 0.294926 0.346251 0.41389 0.507091 0.64371 0.863294 1.27434 2.32076 10.4876
1.97222205475 0.215993 0.126899 0.125327705357 0.247907 0.287521 0.338001 0.404528 0.496196 0.630567 0.846537 1.25082 2.28002 10.3124
1.98967534727 0.209856 0.124611 0.123101586992 0.241224 0.28016 0.329776 0.395164 0.485261 0.61733 0.829599 1.22695 2.23851 10.1332
2.00712863979 0.203794 0.122332 0.120883245587 0.234604 0.272847 0.321579 0.385802 0.474294 0.604009 0.812493 1.20276 2.19628 9.95014
2.02458193231 0.197808 0.120059 0.118669452971 0.228048 0.265583 0.313414 0.376448 0.4633 0.590612 0.795233 1.17827 2.15337 9.76352
2.04203522483 0.191899 0.117788 0.116457127706 0.221558 0.258372 0.305283 0.367104 0.452286 0.577149 0.777833 1.1535 2.10983 9.57351
2.05948851735 0.186067 0.115518 0.11424362856 0.215135 0.251214 0.29719 0.357778 0.441259 0.563629 0.760306 1.12847 2.0657 9.38031
2.07694180987 0.180314 0.113246 0.112026314301 0.208781 0.244114 0.289138 0.348472 0.430226 0.550063 0.742667 1.1032 2.02103 9.18413
2.09439510239 0.174639 0.110968 0.109802983902 0.202496 0.237072 0.281131 0.339193 0.419193 0.536458 0.724929 1.07773 1.97585 8.9852
2.11184839491 0.169045 0.108685 0.107571583073 0.196283 0.230092 0.273172 0.329944 0.408167 0.522826 0.707108 1.05207 1.93022 8.78374
2.12930168743 0.163531 0.106393 0.105330350991 0.190144 0.223175 0.265265 0.320731 0.397155 0.509176 0.689218 1.02624 1.88418 8.57995
2.14675497995 0.158098 0.104091 0.103077893673 0.184078 0.216324 0.257413 0.311559 0.386163 0.495518 0.671272 1.00026 1.83778 8.37407
2.16420827247 0.152748 0.101779 0.100812890503 0.178089 0.209541 0.249619 0.302432 0.3752 0.481861 0.653287 0.974175 1.79106 8.16632
2.18166156499 0.14748 0.0994539 0.0985343877034 0.172177 0.202829 0.241887 0.293356 0.364271 0.468216 0.635276 0.947991 1.74407 7.95692
2.19911485751 0.142296 0.0971167 0.0962416515976 0.166343 0.19619 0.23422 0.284335 0.353383 0.454593 0.617255 0.921736 1.69685 7.74611
2.21656815003 0.137196 0.0947664 0.0939343153483 0.16059 0.189625 0.226622 0.275374 0.342545 0.441001 0.599238 0.895434 1.64946 7.5341
2.23402144255 0.132181 0.0924028 0.0916120854852 0.154919 0.183138 0.219096 0.266479 0.331762 0.427451 0.58124 0.86911 1.60193 7.32113
2.25147473507 0.127252 0.0900258 0.089275035376 0.14933 0.176731 0.211645 0.257653 0.321041 0.413953 0.563276 0.842787 1.55433 7.10742
2.26892802759 0.122408 0.0876359 0.0869233851232 0.143825 0.170406 0.204274 0.248903 0.31039 0.400516 0.545361 0.816489 1.50669 6.89321
2.28638132011 0.117652 0.0852334 0.0845577216674 0.138407 0.164165 0.196985 0.240232 0.299816 0.387151 0.52751 0.790241 1.45906 6.67873
2.30383461263 0.112983 0.0828191 0.0821787786841 0.133075 0.15801 0.189781 0.231646 0.289325 0.373868 0.509738 0.764066 1.41149 6.4642
2.32128790515 0.108402 0.0803939 0.0797874365838 0.127831 0.151944 0.182667 0.22315 0.278925 0.360676 0.49206 0.737988 1.36403 6.24985
2.33874119767 0.10391 0.0779589 0.0773849426152 0.122677 0.145969 0.175645 0.214748 0.268622 0.347586 0.47449 0.712032 1.31673 6.03592
2.35619449019 0.0995066 0.0755157 0.0749726907617 0.117614 0.140086 0.168718 0.206446 0.258423 0.334607 0.457043 0.686221 1.26962 5.82262
2.37364778271 0.0951932 0.0730656 0.0725522951095 0.112643 0.134299 0.161891 0.198247 0.248336 0.32175 0.439734 0.660578 1.22276 5.61018
2.39110107523 0.0909701 0.0706104 0.0701254431125 0.107766 0.128609 0.155165 0.190157 0.238366 0.309024 0.422578 0.635128 1.1762 5.39884
2.40855436775 0.0868379 0.0681522 0.0676941890622 0.102983 0.123019 0.148546 0.182181 0.22852 0.296438 0.405588 0.609893 1.12997 5.1888
2.42600766027 0.082797 0.0656929 0.0652606606176 0.0982958 0.11753 0.142034 0.174323 0.218806 0.284003 0.388779 0.584898 1.08414 4.9803
2.44346095279 0.0788479 0.0632348 0.062827132173 0.0937058 0.112144 0.135635 0.166587 0.209229 0.271727 0.372166 0.560164 1.03873 4.77355
2.46091424531 0.0749911 0.0607804 0.0603960982254 0.089214 0.106864 0.129351 0.158979 0.199796 0.25962 0.355761 0.535714 0.993798 4.56877
2.47836753783 0.0712271 0.0583323 0.0579702000066 0.0848216 0.101691 0.123184 0.151502 0.190515 0.247692 0.33958 0.511571 0.949388 4.36618
2.49582083035 0.0675563 0.055893 0.0555520787486 0.0805296 0.0966283 0.117138 0.144161 0.18139 0.235952 0.323636 0.487758 0.905541 4.16598
2.51327412287 0.0639792 0.0534655 0.0531446691538 0.0763391 0.0916766 0.111216 0.136961 0.172428 0.224408 0.307941 0.464295 0.862301 3.9684
2.53072741539 0.0604962 0.0510527 0.0507509059242 0.0722514 0.0868382 0.105421 0.129906 0.163635 0.213069 0.292511 0.441204 0.81971 3.77362
2.54818070791 0.0571077 0.0486574 0.0483738704973 0.0682673 0.0821148 0.0997559 0.122999 0.155018 0.201945 0.277357 0.418507 0.777811 3.58186
2.56563400043 0.0538141 0.046283 0.0460167176779 0.0643879 0.0775083 0.094223 0.116245 0.146582 0.191043 0.262492 0.396225 0.736644 3.39331
2.58308729295 0.0506158 0.0439325 0.0436826756384 0.0606142 0.0730206 0.0888253 0.109648 0.138333 0.180373 0.24793 0.374377 0.69625 3.20818
2.60054058547 0.0475131 0.0416093 0.0413749725514 0.0569472 0.0686532 0.0835655 0.103212 0.130277 0.169942 0.233682 0.352984 0.656669 3.02665
2.61799387799 0.0445064 0.0393165 0.0390970566918 0.0533878 0.0644079 0.0784462 0.0969415 0.122419 0.159758 0.21976 0.332066 0.617938 2.8489
2.63544717051 0.041596 0.0370576 0.0368523029672 0.049937 0.0602863 0.07347 0.0908391 0.114765 0.14983 0.206177 0.311641 0.580097 2.67514
2.65290046303 0.0387822 0.0348359 0.0346440129177 0.0465955 0.05629 0.0686393 0.0849089 0.10732 0.140165 0.192944 0.291728 0.543181 2.50553
2.67035375555 0.0360654 0.0326548 0.0324757081858 0.0433644 0.0524206 0.0639566 0.0791546 0.10009 0.13077 0.180071 0.272346 0.507228 2.34025
2.68780704807 0.0334458 0.0305176 0.0303507636792 0.0402444 0.0486795 0.0594242 0.0735795 0.0930781 0.121653 0.16757 0.253511 0.472271 2.17946
2.70526034059 0.0309237 0.0284278 0.0282725543054 0.0372362 0.0450681 0.0550444 0.0681871 0.0862906 0.112821 0.155452 0.235243 0.438345 2.02335
2.72271363311 0.0284994 0.0263887 0.026244601707 0.0343407 0.041588 0.0508194 0.0629806 0.0797319 0.10428 0.143727 0.217556 0.405482 1.87205
2.74016692563 0.026173 0.0244037 0.0242701340565 0.0315586 0.0382404 0.0467512 0.057963 0.0734065 0.0960379 0.132404 0.200467 0.373715 1.72573
2.75762021815 0.0239449 0.0224759 0.0223525996289 0.0288906 0.0350265 0.0428419 0.0531375 0.0673187 0.0881002 0.121493 0.183991 0.343075 1.58455
2.77507351067 0.0218152 0.0206087 0.0204950798617 0.0263374 0.0319477 0.0390936 0.048507 0.0614728 0.0804732 0.111004 0.168144 0.31359 1.44863
2.79252680319 0.0197841 0.0188053 0.0187009496623 0.0238995 0.029005 0.0355079 0.0440741 0.0558729 0.0731627 0.100945 0.15294 0.28529 1.31812
2.80998009571 0.0178518 0.0170686 0.0169732171005 0.0215776 0.0261997 0.0320867 0.0398416 0.0505227 0.0661745 0.0913241 0.138393 0.258201 1.19316
2.82743338823 0.0160184 0.0154017 0.0153148902462 0.0193722 0.0235328 0.0288318 0.0358119 0.0454259 0.0595137 0.0821502 0.124515 0.232349 1.07386
2.84488668075 0.0142841 0.0138076 0.0137289038014 0.0172839 0.0210052 0.0257446 0.0319876 0.040586 0.0531856 0.0734305 0.111319 0.207759 0.960356
2.86233997327 0.0126491 0.012289 0.0122181191009 0.0153132 0.0186179 0.0228268 0.0283707 0.0360063 0.0471949 0.0651723 0.0988172 0.184455 0.852748
2.87979326579 0.0111133 0.0108486 0.0107851773767 0.0134604 0.0163718 0.0200796 0.0249635 0.0316899 0.0415461 0.0573825 0.0870202 0.162458 0.75115
2.89724655831 0.00967695 0.00948893 0.00943264649318 0.011726 0.0142676 0.0175045 0.0217679 0.0276397 0.0362435 0.0500674 0.0759386 0.141788 0.655661
2.91469985083 0.00834004 0.00821247 0.00816294757969 0.0101103 0.0123062 0.0151026 0.0187858 0.0238584 0.031291 0.043233 0.0655821 0.122467 0.566376
2.93215314335 0.00710265 0.00702149 0.006978428398 0.00861379 0.0104881 0.012875 0.0160188 0.0203484 0.0266923 0.0368849 0.0559597 0.10451 0.483381
2.94960643587 0.00596478 0.00591811 0.00588114323966 0.00723661 0.00881406 0.0108228 0.0134685 0.0171121 0.0224507 0.031028 0.0470797 0.0879354 0.406757
2.96705972839 0.00492646 0.00490431 0.00487307302867 0.00597904 0.00728452 0.00894692 0.0111364 0.0141515 0.0185693 0.025667 0.0389497 0.0727573 0.336577
2.98451302091 0.00398765 0.0039819 0.00395597858636 0.00484127 0.00589996 0.00724806 0.00902351 0.0114685 0.0150508 0.0208061 0.0315765 0.0589895 0.272907
3.00196631343 0.00314831 0.00315252 0.0031315473665 0.00382347 0.00466078 0.00572696 0.00713108 0.00906464 0.0118976 0.0164489 0.0249661 0.0466439 0.215807
3.01941960595 0.00240839 0.00241762 0.00240117335264 0.00292572 0.00356729 0.00438418 0.00545997 0.00694137 0.00911177 0.0125987 0.0191238 0.0357312 0.165327
3.03687289847 0.00176778 0.00177846 0.00176603042567 0.00214809 0.0026197 0.00322019 0.00401095 0.00509984 0.00669512 0.00925801 0.0140539 0.0262603 0.121511
3.05432619099 0.00122636 0.00123613 0.00122729246648 0.00149056 0.00181818 0.00223531 0.0027846 0.00354095 0.00464903 0.00642916 0.00976027 0.0182383 0.0843956
3.07177948351 0.000783965 0.000791504 0.000785693150618 0.000953083 0.00116279 0.00142977 0.00178132 0.00226539 0.00297454 0.00411377 0.00624554 0.0116711 0.0540083
3.08923277603 0.00044041 0.000445245 0.000441892786084 0.000535531 0.000653473 0.000803623 0.00100133 0.00127355 0.00167233 0.00231295 0.00351168 0.0065625 0.0303689
3.10668606855 0.000195448 0.000197804 0.000196258210655 0.000237709 0.000290107 0.00035681 0.000444636 0.000565556 0.00074269 0.00102724 0.00155967 0.00291473 0.0134885
3.12413936107 4.87756e-05 4.94032e-05 4.90095269972e-05 5.93341e-05 7.24241e-05 8.90866e-05 0.000111025 0.000141227 0.00018547 0.000256538 0.000389515 0.000727936 0.00336868
3.14159265359 0.0 0.0 0.0 0.0 0.0 0.0 0.0 0.0 0.0 0.0 0.0 0.0 0.0
