alpha phi_iso phi_ray phi_vec g0=0.1 g0=0.2 g0=0.3 g0=0.4 g0=0.5 g0=0.6 g0=0.7 g0=0.8 g0=0.9 g0=1.0
0.0 1.0 1.0 1.0 1.0 1.0 1.0 1.0 1.0 1.0 1.0 1.0 1.0 1.0
0.0174532925199 0.999666 0.999523 0.999515815152 0.999682 0.999701 0.999724 0.999752 0.99979 0.999839 0.99991 1.00002 1.00021 1.00062
0.0349065850399 0.998732 0.998164 0.998133002528 0.998793 0.998867 0.998958 0.999071 0.999217 0.999414 0.999693 1.00012 1.00086 1.00247
0.0523598775598 0.997296 0.996031 0.995955657977 0.997432 0.997596 0.997795 0.998045 0.998369 0.998804 0.999421 1.00037 1.00201 1.00558
0.0698131700798 0.995437 0.993209 0.993066379015 0.995674 0.995959 0.996308 0.996745 0.99731 0.998071 0.999152 1.00081 1.00369 1.00994
0.0872664625997 0.993204 0.989754 0.989520430655 0.993568 0.994006 0.994541 0.995213 0.996083 0.997254 0.998919 1.00148 1.00591 1.01554
0.10471975512 0.990628 0.985704 0.985354783904 0.991144 0.991765 0.992525 0.993479 0.994714 0.996377 0.998743 1.00238 1.00869 1.02238
0.12217304764 0.987732 0.981088 0.980597818093 0.988425 0.989257 0.990278 0.991559 0.993219 0.995456 0.998637 1.00353 1.01202 1.03044
0.13962634016 0.984534 0.97593 0.975274542269 0.985427 0.9865 0.987816 0.98947 0.991613 0.994501 0.99861 1.00493 1.0159 1.0397
0.157079632679 0.98105 0.970254 0.969408650557 0.982166 0.983508 0.985155 0.987225 0.989907 0.993523 0.998669 1.00658 1.02033 1.05015
0.174532925199 0.977295 0.964082 0.963023186003 0.978657 0.980296 0.982307 0.984835 0.988112 0.992531 0.998821 1.00849 1.0253 1.06177
0.191986217719 0.973284 0.957437 0.956140681007 0.974913 0.976875 0.979283 0.982311 0.986237 0.991532 0.999069 1.01066 1.0308 1.07452
0.209439510239 0.969028 0.950339 0.948783144551 0.970947 0.973257 0.976094 0.979662 0.984289 0.990531 0.999416 1.01309 1.03684 1.08839
0.226892802759 0.964541 0.94281 0.940972177097 0.966769 0.969453 0.97275 0.976897 0.982275 0.989532 0.999864 1.01576 1.04339 1.10335
0.244346095279 0.959833 0.93487 0.93272897059 0.962391 0.965473 0.969259 0.974023 0.980202 0.988541 1.00041 1.01868 1.05044 1.11936
0.261799387799 0.954914 0.926539 0.924074346751 0.957822 0.961326 0.96563 0.971047 0.978075 0.987559 1.00107 1.02185 1.05798 1.1364
0.279252680319 0.949795 0.917837 0.915028871981 0.953071 0.957019 0.96187 0.967975 0.975897 0.986589 1.00182 1.02525 1.06599 1.15443
0.296705972839 0.944485 0.908782 0.905612806286 0.948147 0.95256 0.957984 0.964812 0.973672 0.985632 1.00267 1.02889 1.07446 1.17341
0.314159265359 0.938992 0.899395 0.895846192652 0.943057 0.947957 0.95398 0.961563 0.971404 0.984688 1.00361 1.03274 1.08337 1.19331
0.331612557879 0.933325 0.889693 0.885748882565 0.937809 0.943216 0.949863 0.958232 0.969093 0.983758 1.00465 1.0368 1.09271 1.21409
0.349065850399 0.92749 0.879696 0.875340484959 0.932411 0.938343 0.945637 0.954822 0.966743 0.98284 1.00577 1.04107 1.10245 1.23571
0.366519142919 0.921497 0.869422 0.864640468335 0.926868 0.933344 0.941308 0.951336 0.964354 0.981933 1.00698 1.04553 1.11257 1.25813
0.383972435439 0.915351 0.858888 0.853668096936 0.921187 0.928224 0.936879 0.947778 0.961928 0.981036 1.00826 1.05018 1.12305 1.28131
0.401425727959 0.909059 0.848112 0.842442417978 0.915373 0.922989 0.932354 0.94415 0.959465 0.980147 1.00962 1.05499 1.13388 1.3052
0.418879020479 0.902628 0.837113 0.830982325485 0.909433 0.917642 0.927737 0.940454 0.956964 0.979263 1.01104 1.05996 1.14503 1.32976
0.436332312999 0.896064 0.825908 0.819306496452 0.903372 0.912188 0.923031 0.936691 0.954426 0.978381 1.01252 1.06508 1.15648 1.35496
0.453785605519 0.889373 0.814513 0.807433378082 0.897195 0.906632 0.918239 0.932863 0.951851 0.977499 1.01405 1.07033 1.1682 1.38073
0.471238898038 0.88256 0.802946 0.795381213322 0.890907 0.900977 0.913364 0.928971 0.949237 0.976613 1.01563 1.0757 1.18017 1.40705
0.488692190558 0.875631 0.791224 0.783168002555 0.884512 0.895227 0.908408 0.925016 0.946584 0.975718 1.01724 1.08118 1.19237 1.43385
0.506145483078 0.868591 0.779363 0.77081150361 0.878015 0.889385 0.903374 0.921 0.94389 0.974813 1.01889 1.08675 1.20478 1.46111
0.523598775598 0.861446 0.767379 0.758329180691 0.87142 0.883455 0.898263 0.916922 0.941154 0.973891 1.02055 1.09241 1.21737 1.48876
0.541052068118 0.8542 0.755289 0.745738255444 0.864731 0.877441 0.893078 0.912783 0.938375 0.97295 1.02223 1.09812 1.23011 1.51677
0.558505360638 0.846857 0.743107 0.733055604826 0.857953 0.871344 0.88782 0.908583 0.93555 0.971984 1.02392 1.10389 1.24299 1.54508
0.575958653158 0.839423 0.73085 0.720297824938 0.851089 0.865167 0.88249 0.904322 0.932678 0.970989 1.0256 1.1097 1.25597 1.57365
0.593411945678 0.831903 0.718532 0.707481179958 0.844142 0.858914 0.877092 0.9 0.929756 0.96996 1.02727 1.11553 1.26904 1.60244
0.610865238198 0.824299 0.706168 0.694621576611 0.837117 0.852587 0.871624 0.895618 0.926784 0.968893 1.02892 1.12137 1.28216 1.63139
0.628318530718 0.816617 0.693773 0.681734551399 0.830016 0.846188 0.86609 0.891174 0.923757 0.967782 1.03054 1.1272 1.29532 1.66046
0.645771823238 0.808861 0.68136 0.668835308903 0.822843 0.83972 0.86049 0.886668 0.920674 0.966623 1.03213 1.13301 1.30848 1.6896
0.663225115758 0.801034 0.668943 0.655938606888 0.815601 0.833185 0.854825 0.8821 0.917533 0.965411 1.03366 1.13879 1.32163 1.71876
0.680678408278 0.79314 0.656535 0.643058845662 0.808293 0.826584 0.849096 0.87747 0.914331 0.96414 1.03515 1.14451 1.33474 1.74791
0.698131700798 0.785184 0.64415 0.630209965948 0.800922 0.819921 0.843303 0.872777 0.911066 0.962805 1.03657 1.15017 1.34778 1.77699
0.715584993318 0.777168 0.6318 0.617405499953 0.793491 0.813196 0.837449 0.868019 0.907734 0.961401 1.03791 1.15576 1.36073 1.80595
0.733038285838 0.769097 0.619497 0.604658533063 0.786003 0.806412 0.831533 0.863197 0.904335 0.959924 1.03918 1.16125 1.37357 1.83476
0.750491578358 0.760973 0.607252 0.59198169108 0.77846 0.799571 0.825556 0.85831 0.900864 0.958368 1.04035 1.16663 1.38628 1.86337
0.767944870878 0.752801 0.595078 0.579387140223 0.770866 0.792675 0.819518 0.853357 0.897319 0.956729 1.04143 1.17189 1.39882 1.89173
0.785398163397 0.744583 0.582984 0.566886561594 0.763222 0.785724 0.813421 0.848337 0.893699 0.955 1.0424 1.17702 1.41118 1.9198
0.802851455917 0.736323 0.570981 0.554491151176 0.755531 0.778721 0.807265 0.843249 0.889999 0.953177 1.04325 1.182 1.42333 1.94754
0.820304748437 0.728024 0.559079 0.542211607073 0.747796 0.771668 0.801051 0.838093 0.886219 0.951256 1.04398 1.18681 1.43526 1.97491
0.837758040957 0.719689 0.547288 0.530058155034 0.740019 0.764565 0.794778 0.832867 0.882354 0.949232 1.04458 1.19145 1.44693 2.00187
0.855211333477 0.711321 0.535616 0.518040471863 0.732203 0.757414 0.788448 0.827572 0.878403 0.947099 1.04504 1.19591 1.45833 2.02837
0.872664625997 0.702923 0.524073 0.506167749247 0.724349 0.750218 0.782061 0.822205 0.874364 0.944853 1.04536 1.20016 1.46944 2.05437
0.890117918517 0.694497 0.512665 0.494448655457 0.716459 0.742976 0.775617 0.816768 0.870233 0.94249 1.04551 1.2042 1.48024 2.07984
0.907571211037 0.686048 0.501402 0.482891335347 0.708537 0.735692 0.769118 0.811257 0.86601 0.940005 1.04551 1.20802 1.4907 2.10474
0.925024503557 0.677576 0.490289 0.471503410358 0.700584 0.728365 0.762562 0.805674 0.86169 0.937393 1.04533 1.21159 1.50081 2.12903
0.942477796077 0.669086 0.479334 0.460291978515 0.692603 0.720998 0.755951 0.800017 0.857273 0.934652 1.04498 1.21492 1.51054 2.15268
0.959931088597 0.660579 0.468543 0.449263627192 0.684595 0.713591 0.749286 0.794286 0.852756 0.931776 1.04445 1.21799 1.51989 2.17565
0.977384381117 0.652059 0.457921 0.438424382051 0.676562 0.706147 0.742566 0.78848 0.848137 0.928762 1.04372 1.22079 1.52882 2.19791
0.994837673637 0.643528 0.447474 0.427779783636 0.668506 0.698666 0.735792 0.782598 0.843414 0.925606 1.0428 1.22331 1.53733 2.21942
1.01229096616 0.634988 0.437207 0.41733483631 0.66043 0.691149 0.728965 0.77664 0.838586 0.922305 1.04167 1.22554 1.54539 2.24015
1.02974425868 0.626442 0.427124 0.407094033786 0.652335 0.683599 0.722085 0.770606 0.833651 0.918854 1.04034 1.22747 1.55299 2.26008
1.0471975512 0.617892 0.417228 0.397061333596 0.644223 0.676016 0.715154 0.764495 0.828606 0.915251 1.03879 1.22909 1.56012 2.27917
1.06465084372 0.609341 0.407523 0.387240208154 0.636096 0.668402 0.70817 0.758307 0.823452 0.911493 1.03703 1.23039 1.56675 2.2974
1.08210413624 0.600791 0.398013 0.377633619226 0.627957 0.660757 0.701136 0.752042 0.818185 0.907577 1.03503 1.23136 1.57289 2.31473
1.09955742876 0.592244 0.388698 0.368244043462 0.619805 0.653084 0.694051 0.745698 0.812805 0.903499 1.03281 1.232 1.5785 2.33115
1.11701072128 0.583702 0.379583 0.359073472392 0.611645 0.645383 0.686916 0.739277 0.807312 0.899258 1.03036 1.2323 1.58358 2.34662
1.1344640138 0.575168 0.370667 0.350123386901 0.603476 0.637657 0.679733 0.732779 0.801703 0.894851 1.02767 1.23225 1.58812 2.36113
1.15191730632 0.566644 0.361953 0.341394833818 0.595302 0.629905 0.672501 0.726202 0.795977 0.890277 1.02473 1.23184 1.5921 2.37466
1.16937059884 0.558131 0.353441 0.332888387624 0.587123 0.622129 0.665221 0.719548 0.790135 0.885532 1.02155 1.23106 1.59552 2.38717
1.18682389136 0.549633 0.345132 0.324604163216 0.578943 0.614332 0.657895 0.712817 0.784176 0.880615 1.01812 1.22992 1.59836 2.39866
1.20427718388 0.54115 0.337025 0.316541879736 0.570761 0.606513 0.650524 0.706008 0.778098 0.875525 1.01444 1.22841 1.60061 2.4091
1.2217304764 0.532685 0.32912 0.308700783977 0.56258 0.598675 0.643107 0.699122 0.771902 0.87026 1.0105 1.22652 1.60228 2.41849
1.23918376892 0.524241 0.321416 0.301079726977 0.554402 0.590819 0.635647 0.69216 0.765587 0.86482 1.00631 1.22424 1.60334 2.42679
1.25663706144 0.515818 0.313913 0.293677189556 0.546229 0.582946 0.628143 0.685122 0.759154 0.859203 1.00185 1.22158 1.60379 2.434
1.27409035396 0.507419 0.306608 0.286491244012 0.538061 0.575057 0.620598 0.678009 0.752602 0.853408 0.997137 1.21852 1.60362 2.44011
1.29154364648 0.499045 0.2995 0.279519592424 0.529901 0.567155 0.613011 0.670821 0.745931 0.847436 0.992159 1.21508 1.60284 2.44511
1.308996939 0.490699 0.292586 0.272759592182 0.52175 0.559239 0.605385 0.663559 0.739142 0.841285 0.986917 1.21123 1.60143 2.44898
1.32645023152 0.482383 0.285865 0.266208268754 0.513611 0.551313 0.597721 0.656225 0.732236 0.834956 0.981411 1.20699 1.59939 2.45171
1.34390352404 0.474097 0.279333 0.259862315687 0.505483 0.543377 0.59002 0.648819 0.725212 0.828449 0.97564 1.20235 1.59671 2.45331
1.36135681656 0.465844 0.272987 0.253718132902 0.497371 0.535432 0.582282 0.641341 0.718072 0.821764 0.969603 1.19731 1.5934 2.45376
1.37881010908 0.457626 0.266825 0.2477718267 0.489273 0.527481 0.57451 0.633794 0.710817 0.814902 0.9633 1.19187 1.58946 2.45305
1.3962634016 0.449444 0.260842 0.242019248055 0.481194 0.519525 0.566705 0.626179 0.703447 0.807864 0.956734 1.18603 1.58487 2.4512
1.41371669412 0.4413 0.255034 0.23645595432 0.473133 0.511565 0.558868 0.618496 0.695965 0.800651 0.949903 1.17979 1.57965 2.44819
1.43116998664 0.433195 0.249399 0.231077324117 0.465093 0.503602 0.551 0.610748 0.68837 0.793263 0.942809 1.17314 1.57379 2.44402
1.44862327916 0.425131 0.243931 0.225878480748 0.457075 0.495639 0.543104 0.602936 0.680666 0.785703 0.935453 1.1661 1.56729 2.4387
1.46607657168 0.41711 0.238626 0.220854368784 0.449082 0.487678 0.535181 0.595061 0.672852 0.777972 0.927838 1.15866 1.56016 2.43222
1.4835298642 0.409133 0.23348 0.215999741305 0.441113 0.479718 0.527233 0.587125 0.664932 0.770072 0.919965 1.15083 1.55239 2.4246
1.50098315672 0.401202 0.228488 0.211309198195 0.433171 0.471763 0.519261 0.579131 0.656908 0.762005 0.911837 1.1426 1.54399 2.41583
1.51843644924 0.393318 0.223645 0.206777186142 0.425258 0.463814 0.511267 0.571079 0.64878 0.753774 0.903456 1.13399 1.53498 2.40592
1.53588974176 0.385483 0.218946 0.202398024176 0.417375 0.455873 0.503253 0.562972 0.640552 0.745381 0.894826 1.12499 1.52534 2.39488
1.55334303427 0.377698 0.214387 0.198165929191 0.409524 0.447941 0.49522 0.554812 0.632226 0.736828 0.885949 1.11562 1.51508 2.38272
1.57079632679 0.369965 0.209961 0.194075054256 0.401706 0.44002 0.487171 0.546602 0.623803 0.728119 0.876829 1.10586 1.50422 2.36945
1.58824961931 0.362284 0.205664 0.190119424773 0.393922 0.432111 0.479108 0.538342 0.615288 0.719256 0.86747 1.09573 1.49276 2.35508
1.60570291183 0.354658 0.20149 0.186293078913 0.386175 0.424217 0.471032 0.530036 0.606682 0.710244 0.857876 1.08524 1.4807 2.33962
1.62315620435 0.347088 0.197435 0.182589952716 0.378466 0.416339 0.462946 0.521687 0.597989 0.701085 0.848052 1.07439 1.46806 2.32308
1.64060949687 0.339575 0.193492 0.17900402052 0.370796 0.408479 0.454852 0.513296 0.589212 0.691784 0.838002 1.06319 1.45484 2.30549
1.65806278939 0.33212 0.189657 0.175529231133 0.363167 0.400639 0.446751 0.504866 0.580353 0.682344 0.827731 1.05163 1.44106 2.28685
1.67551608191 0.324724 0.185924 0.172159520594 0.35558 0.392821 0.438647 0.4964 0.571416 0.672769 0.817246 1.03974 1.42672 2.26719
1.69296937443 0.31739 0.182288 0.168888914308 0.348038 0.385026 0.430541 0.487901 0.562404 0.663064 0.80655 1.02752 1.41183 2.24652
1.71042266695 0.310117 0.178743 0.165711437678 0.34054 0.377257 0.422436 0.479371 0.553322 0.653233 0.79565 1.01497 1.39641 2.22486
1.72787595947 0.302908 0.175285 0.162621205471 0.33309 0.369515 0.414333 0.470813 0.544172 0.643281 0.784552 1.00211 1.38047 2.20223
1.74532925199 0.295764 0.171907 0.15961238352 0.325688 0.361802 0.406236 0.462231 0.534958 0.633212 0.773262 0.988933 1.36402 2.17865
1.76278254451 0.288685 0.168606 0.15667926532 0.318337 0.35412 0.398147 0.453627 0.525684 0.623031 0.761788 0.975463 1.34708 2.15416
1.78023583703 0.281673 0.165376 0.153816220962 0.311037 0.346471 0.390067 0.445004 0.516354 0.612744 0.750135 0.961703 1.32965 2.12876
1.79768912955 0.274729 0.162212 0.151017748202 0.303789 0.338856 0.382001 0.436366 0.506972 0.602356 0.73831 0.947663 1.31175 2.10248
1.81514242207 0.267855 0.159109 0.148278485221 0.296597 0.331279 0.373949 0.427716 0.497543 0.591873 0.726321 0.933354 1.29341 2.07535
1.83259571459 0.26105 0.156062 0.145593197866 0.28946 0.323741 0.365915 0.419057 0.48807 0.581299 0.714176 0.918786 1.27462 2.0474
1.85004900711 0.254316 0.153068 0.142956843475 0.28238 0.316243 0.357902 0.410392 0.478558 0.57064 0.701881 0.903969 1.25541 2.01865
1.86750229963 0.247655 0.150121 0.140364507048 0.27536 0.308788 0.349911 0.401724 0.469011 0.559903 0.689445 0.888915 1.2358 1.98914
1.88495559215 0.241067 0.147218 0.137811477848 0.2684 0.301377 0.341945 0.393058 0.459433 0.549093 0.676876 0.873634 1.2158 1.95888
1.90240888467 0.234554 0.144355 0.135293211094 0.261501 0.294014 0.334008 0.384397 0.449831 0.538216 0.664181 0.858137 1.19543 1.92791
1.91986217719 0.228115 0.141526 0.132805379036 0.254666 0.286699 0.326102 0.375744 0.440207 0.527279 0.65137 0.842438 1.1747 1.89626
1.93731546971 0.221753 0.13873 0.13034385818 0.247896 0.279434 0.318229 0.367103 0.430567 0.516288 0.638451 0.826547 1.15364 1.86396
1.95476876223 0.215469 0.135961 0.127904729294 0.241191 0.272223 0.310392 0.358478 0.420915 0.505249 0.625432 0.810477 1.13226 1.83104
1.97222205475 0.209262 0.133218 0.125484277403 0.234554 0.265066 0.302594 0.349871 0.411257 0.494168 0.612323 0.794241 1.11058 1.79754
1.98967534727 0.203134 0.130496 0.123079055627 0.227986 0.257965 0.294838 0.341288 0.401598 0.483054 0.599132 0.77785 1.08862 1.76348
2.00712863979 0.197086 0.127792 0.120685795809 0.221488 0.250924 0.287126 0.33273 0.391941 0.471911 0.585868 0.761318 1.0664 1.7289
2.02458193231 0.191119 0.125105 0.118301523417 0.215062 0.243943 0.279462 0.324204 0.382293 0.460746 0.572541 0.744658 1.04394 1.69384
2.04203522483 0.185234 0.122432 0.115923468181 0.208709 0.237024 0.271847 0.315711 0.372659 0.449568 0.55916 0.727883 1.02126 1.65833
2.05948851735 0.17943 0.119769 0.113549089618 0.20243 0.230171 0.264286 0.307256 0.363043 0.438382 0.545734 0.711006 0.998378 1.6224
2.07694180987 0.17371 0.117116 0.111176140874 0.196227 0.223384 0.25678 0.298843 0.35345 0.427195 0.532273 0.694041 0.975315 1.58609
2.09439510239 0.168075 0.114469 0.108802592117 0.190101 0.216666 0.249332 0.290476 0.343887 0.416015 0.518787 0.677001 0.952093 1.54944
2.11184839491 0.162523 0.111829 0.106426643308 0.184053 0.210018 0.241946 0.282158 0.334358 0.404848 0.505285 0.6599 0.928731 1.51247
2.12930168743 0.157058 0.109192 0.104046788033 0.178085 0.203443 0.234624 0.273893 0.324868 0.393702 0.491776 0.642753 0.905251 1.47523
2.14675497995 0.151678 0.106559 0.101661736901 0.172198 0.196943 0.227369 0.265685 0.315423 0.382584 0.478272 0.625571 0.881674 1.43776
2.16420827247 0.146385 0.103927 0.0992704686154 0.166393 0.190519 0.220183 0.257539 0.306027 0.3715 0.464781 0.608371 0.85802 1.40009
2.18166156499 0.14118 0.101297 0.0968721789023 0.160672 0.184174 0.21307 0.249457 0.296687 0.360458 0.451313 0.591165 0.834312 1.36226
2.19911485751 0.136063 0.0986669 0.0944663443466 0.155035 0.177909 0.206032 0.241444 0.287407 0.349466 0.437878 0.573969 0.81057 1.3243
2.21656815003 0.131035 0.0960374 0.0920526457925 0.149484 0.171727 0.199072 0.233504 0.278193 0.33853 0.424486 0.556794 0.786816 1.28625
2.23402144255 0.126096 0.0934083 0.0896310321751 0.14402 0.165628 0.192192 0.22564 0.269049 0.327657 0.411148 0.539657 0.763071 1.24815
2.25147473507 0.121248 0.0907795 0.0872016566891 0.138644 0.159616 0.185397 0.217856 0.259982 0.316855 0.397872 0.522572 0.739357 1.21004
2.26892802759 0.11649 0.0881513 0.0847649150878 0.133358 0.153692 0.178687 0.210157 0.250996 0.306131 0.384669 0.505551 0.715695 1.17195
2.28638132011 0.111823 0.0855244 0.0823214201503 0.128162 0.147858 0.172067 0.202545 0.242097 0.295491 0.371549 0.488609 0.692107 1.13392
2.30383461263 0.107248 0.0828993 0.0798719889152 0.123058 0.142115 0.165537 0.195025 0.233289 0.284944 0.358521 0.471761 0.668613 1.096
2.32128790515 0.102765 0.0802769 0.0774176682137 0.118046 0.136465 0.159103 0.1876 0.224579 0.274496 0.345596 0.45502 0.645236 1.05821
2.33874119767 0.0983746 0.0776584 0.0749596836038 0.113128 0.130911 0.152765 0.180275 0.21597 0.264153 0.332782 0.4384 0.621995 1.02059
2.35619449019 0.0940776 0.0750451 0.0724994649034 0.108306 0.125453 0.146526 0.173052 0.207468 0.253924 0.32009 0.421915 0.598913 0.983175
2.37364778271 0.0898742 0.0724382 0.070038633424 0.103579 0.120094 0.14039 0.165935 0.199079 0.243814 0.307528 0.405578 0.57601 0.946009
2.39110107523 0.0857649 0.0698395 0.0675789509053 0.0989485 0.114836 0.134357 0.158928 0.190806 0.233831 0.295108 0.389403 0.553306 0.909125
2.40855436775 0.08175 0.0672506 0.0651223961133 0.0944161 0.109679 0.128432 0.152035 0.182655 0.223982 0.282837 0.373404 0.530822 0.872559
2.42600766027 0.0778299 0.0646735 0.0626710499436 0.0899826 0.104626 0.122617 0.145259 0.174632 0.214273 0.270726 0.357593 0.508579 0.836346
2.44346095279 0.0740051 0.0621103 0.0602271720191 0.0856486 0.0996773 0.116913 0.138603 0.166739 0.20471 0.258782 0.341985 0.486596 0.80052
2.46091424531 0.0702758 0.0595629 0.0577931623913 0.0814152 0.0948358 0.111323 0.13207 0.158983 0.195301 0.247017 0.326591 0.464894 0.765117
2.47836753783 0.0666423 0.0570338 0.0553715104752 0.0772832 0.0901023 0.10585 0.125665 0.151367 0.186051 0.235437 0.311425 0.443491 0.73017
2.49582083035 0.063105 0.0545253 0.0529648716469 0.0732534 0.0854785 0.100495 0.11939 0.143897 0.176966 0.224053 0.2965 0.422407 0.695714
2.51327412287 0.0596641 0.0520399 0.0505759395812 0.0693267 0.0809657 0.0952617 0.113249 0.136577 0.168054 0.212872 0.281826 0.401661 0.661781
2.53072741539 0.0563198 0.0495802 0.0482075611476 0.0655036 0.0765652 0.0901512 0.107244 0.129411 0.15932 0.201904 0.267418 0.381272 0.628404
2.54818070791 0.0530724 0.0471487 0.0458626342806 0.0617851 0.0722785 0.0851658 0.101378 0.122403 0.15077 0.191155 0.253286 0.361257 0.595614
2.56563400043 0.049922 0.0447483 0.0435440952134 0.0581717 0.0681068 0.0803075 0.0956555 0.115558 0.142409 0.180635 0.239442 0.341634 0.563443
2.58308729295 0.0468689 0.0423817 0.0412549823089 0.0546642 0.0640514 0.0755784 0.0900781 0.10888 0.134244 0.170352 0.225898 0.322421 0.531921
2.60054058547 0.0439132 0.0400517 0.0389983594627 0.0512632 0.0601134 0.0709804 0.0846489 0.102372 0.126279 0.160312 0.212665 0.303634 0.501078
2.61799387799 0.041055 0.0377611 0.0367773161026 0.0479692 0.0562941 0.0665152 0.0793706 0.096038 0.118521 0.150524 0.199753 0.285292 0.470944
2.63544717051 0.0382944 0.035513 0.0345949671891 0.0447829 0.0525945 0.0621848 0.0742458 0.0898824 0.110974 0.140995 0.187173 0.267408 0.441546
2.65290046303 0.0356316 0.0333101 0.0324544276826 0.0417047 0.0490156 0.0579906 0.0692771 0.0839085 0.103643 0.131732 0.174935 0.249999 0.412911
2.67035375555 0.0330664 0.0311553 0.0303587997772 0.0387351 0.0455585 0.0539344 0.0644668 0.0781198 0.0965333 0.122741 0.163049 0.233081 0.385067
2.68780704807 0.0305989 0.0290516 0.028311185667 0.0358745 0.0422241 0.0500178 0.0598172 0.0725194 0.0896495 0.114029 0.151524 0.216667 0.358039
2.70526034059 0.0282292 0.0270018 0.0263146364814 0.0331233 0.0390132 0.0462421 0.0553307 0.0671106 0.082996 0.105603 0.140371 0.200772 0.331852
2.72271363311 0.0259572 0.0250087 0.0243721905834 0.0304819 0.0359268 0.0426088 0.0510092 0.0618964 0.0765771 0.0974686 0.129596 0.18541 0.306529
2.74016692563 0.0237828 0.0230751 0.0224868097385 0.0279505 0.0329654 0.0391191 0.0468548 0.0568797 0.0703968 0.0896314 0.11921 0.170592 0.282094
2.75762021815 0.0217059 0.0212038 0.0206613918812 0.0255295 0.0301298 0.0357743 0.0428693 0.0520632 0.0644591 0.0820971 0.109219 0.156333 0.258567
2.77507351067 0.0197264 0.0193975 0.0188987583487 0.023219 0.0274207 0.0325756 0.0390545 0.0474496 0.0587675 0.0748709 0.0996315 0.142642 0.235971
2.79252680319 0.0178442 0.0176587 0.0172016538806 0.0210192 0.0248385 0.0295239 0.0354121 0.0430411 0.0533256 0.0679576 0.0904549 0.129532 0.214323
2.80998009571 0.0160589 0.01599 0.0155726955542 0.0189303 0.0223839 0.0266201 0.0319435 0.0388401 0.0481366 0.0613621 0.0816957 0.117014 0.193644
2.82743338823 0.0143705 0.0143938 0.0140144238496 0.0169522 0.0200571 0.0238652 0.0286502 0.0348486 0.0432034 0.0550885 0.0733603 0.105095 0.173951
2.84488668075 0.0127785 0.0128724 0.0125292388183 0.015085 0.0178586 0.0212599 0.0255333 0.0310686 0.0385289 0.0491409 0.0654545 0.0937873 0.155259
2.86233997327 0.0112828 0.011428 0.0111194128494 0.0133287 0.0157885 0.0188048 0.022594 0.0275017 0.0341156 0.0435229 0.0579837 0.0830976 0.137583
2.87979326579 0.009883 0.0100627 0.00978706513717 0.0116831 0.0138472 0.0165004 0.0198333 0.0241494 0.0299657 0.0382378 0.050953 0.073034 0.120938
2.89724655831 0.00857866 0.00877849 0.00853418721377 0.0101481 0.0120346 0.0143473 0.0172519 0.0210132 0.0260813 0.0332888 0.0443667 0.0636037 0.105336
2.91469985083 0.00736937 0.00757713 0.00736259188399 0.00872343 0.0103508 0.0123455 0.0148506 0.0180941 0.022464 0.0286782 0.0382288 0.0548127 0.0907879
2.93215314335 0.00625467 0.00646029 0.00627393875789 0.00740882 0.00879571 0.0104955 0.0126298 0.015393 0.0191155 0.0244085 0.0325428 0.0466665 0.0773039
2.94960643587 0.00523403 0.00542945 0.00526967041957 0.00620391 0.0073692 0.00879714 0.0105899 0.0129107 0.0160368 0.0204815 0.0273115 0.0391699 0.0648923
2.96705972839 0.00430688 0.00448594 0.00435107625839 0.00510827 0.00607097 0.00725048 0.00873115 0.0106476 0.0132289 0.0168986 0.0225373 0.0323267 0.0535601
2.98451302091 0.00347258 0.00363089 0.00351922863776 0.0041214 0.00490066 0.00585528 0.00705347 0.00860411 0.0106924 0.0136609 0.0182219 0.0261398 0.043313
3.00196631343 0.00273043 0.00286525 0.00277500842763 0.00324268 0.0038578 0.00461121 0.0055567 0.00678013 0.00842758 0.0107692 0.0143666 0.0206114 0.034155
3.01941960595 0.00207968 0.00218978 0.00211904117332 0.00247145 0.00294179 0.00351776 0.00424045 0.00517546 0.00643436 0.0082235 0.0109719 0.0157425 0.0260885
3.03687289847 0.0015195 0.001605 0.00155174816046 0.00180691 0.0021519 0.00257428 0.00310416 0.00378961 0.00471235 0.00602361 0.00803772 0.0115335 0.0191142
3.05432619099 0.00104894 0.00111124 0.00107330811628 0.00124818 0.00148726 0.00177993 0.002147 0.00262176 0.00326078 0.00416874 0.00556323 0.00798333 0.0132312
3.07177948351 0.000667004 0.00070855 0.000683631677176 0.000794233 0.000946873 0.00113367 0.00136792 0.00167082 0.00207846 0.00265757 0.0035469 0.00509017 0.00843642
3.08923277603 0.00037254 0.000396749 0.000382348622436 0.000443916 0.000529522 0.000634258 0.000765565 0.000935324 0.00116374 0.00148818 0.00198636 0.00285077 0.00472491
3.10668606855 0.000164264 0.000175352 0.000168769575579 0.000195884 0.000233796 0.000280165 0.000338283 0.0004134 0.000514452 0.000657962 0.000878285 0.00126053 0.00208923
3.12413936107 4.06877e-05 4.35315e-05 4.18349394231e-05 4.85611e-05 5.79972e-05 6.95342e-05 8.39894e-05 0.000102668 0.000127788 0.000163455 0.000218204 0.000313177 0.000519053
3.14159265359 0.0 0.0 0.0 0.0 0.0 0.0 0.0 0.0 0.0 0.0 0.0 0.0 0.0
