alpha phi_iso phi_ray phi_vec g0=0.1 g0=0.2 g0=0.3 g0=0.4 g0=0.5 g0=0.6 g0=0.7 g0=0.8 g0=0.9 g0=1.0
0.0 1.0 1.0 1.0 1.0 1.0 1.0 1.0 1.0 1.0 1.0 1.0 1.0 1.0
0.0174532925199 0.999737 0.99963 0.999603716355 0.999748 0.99976 0.999774 0.99979 0.999808 0.999829 0.999853 0.999882 0.999918 0.999962
0.0349065850399 0.998986 0.99857 0.998460382949 0.99903 0.999078 0.999131 0.999192 0.999261 0.999341 0.999435 0.999547 0.999683 0.999854
0.0523598775598 0.997808 0.996889 0.996636949299 0.9979 0.998003 0.998119 0.998249 0.998399 0.998571 0.998774 0.999017 0.999313 0.999684
0.0698131700798 0.996246 0.994646 0.994186847968 0.996403 0.996579 0.996775 0.996998 0.997253 0.997549 0.997896 0.998312 0.99882 0.999458
0.0872664625997 0.99433 0.991878 0.991147049217 0.994566 0.99483 0.995125 0.99546 0.995845 0.99629 0.996815 0.997444 0.998213 0.999178
0.10471975512 0.992082 0.988611 0.987543817953 0.992409 0.992775 0.993186 0.993653 0.994188 0.99481 0.995542 0.996421 0.997497 0.998848
0.12217304764 0.989515 0.984866 0.983398510177 0.989947 0.990428 0.990971 0.991587 0.992294 0.993117 0.994087 0.995251 0.996678 0.998471
0.13962634016 0.986644 0.980663 0.978730706784 0.987191 0.987802 0.98849 0.989273 0.990173 0.99122 0.992456 0.99394 0.99576 0.998049
0.157079632679 0.983479 0.976018 0.973559386837 0.984153 0.984906 0.985755 0.986722 0.987834 0.989128 0.990657 0.992494 0.994748 0.997584
0.174532925199 0.980034 0.970949 0.967903286231 0.980845 0.981752 0.982776 0.983942 0.985284 0.986848 0.988696 0.990917 0.993644 0.997079
0.191986217719 0.976318 0.965473 0.961780955447 0.977276 0.97835 0.979562 0.980943 0.982533 0.984387 0.986579 0.989216 0.992454 0.996534
0.209439510239 0.972341 0.959607 0.955210756515 0.973457 0.974708 0.97612 0.977731 0.979586 0.981751 0.984311 0.987392 0.991178 0.99595
0.226892802759 0.968114 0.953365 0.948210884286 0.969397 0.970835 0.972461 0.974315 0.976452 0.978946 0.981898 0.985452 0.98982 0.995328
0.244346095279 0.963646 0.946765 0.940799375556 0.965104 0.966741 0.968591 0.970702 0.973137 0.975979 0.979344 0.983397 0.988381 0.994668
0.261799387799 0.958945 0.939821 0.932994139458 0.960588 0.962432 0.964518 0.966899 0.969646 0.972854 0.976654 0.981233 0.986865 0.99397
0.279252680319 0.954021 0.93255 0.924812960503 0.955857 0.957917 0.960249 0.962913 0.965987 0.969578 0.973833 0.978961 0.985271 0.993235
0.296705972839 0.948881 0.924965 0.916273519856 0.950917 0.953203 0.955792 0.958749 0.962164 0.966153 0.970883 0.976585 0.983602 0.992461
0.314159265359 0.943533 0.917082 0.907393404457 0.945776 0.948297 0.951152 0.954414 0.958182 0.962586 0.967808 0.974105 0.981858 0.991648
0.331612557879 0.937984 0.908915 0.898190110056 0.940443 0.943205 0.946335 0.949913 0.954047 0.958879 0.964611 0.971526 0.98004 0.990794
0.349065850399 0.932243 0.900479 0.88868104426 0.934922 0.937935 0.941348 0.945252 0.949763 0.955038 0.961296 0.968848 0.978148 0.989898
0.366519142919 0.926315 0.891788 0.878883508287 0.929222 0.932491 0.936197 0.940436 0.945334 0.951065 0.957866 0.966073 0.976183 0.988958
0.383972435439 0.920208 0.882857 0.868814703051 0.923349 0.926881 0.930887 0.935469 0.940766 0.946965 0.954322 0.963203 0.974145 0.987974
0.401425727959 0.913929 0.873698 0.858491713962 0.917309 0.921111 0.925423 0.930357 0.936063 0.94274 0.950668 0.960239 0.972034 0.986943
0.418879020479 0.907484 0.864327 0.847931501809 0.911107 0.915185 0.91981 0.925104 0.931227 0.938394 0.946905 0.957181 0.969848 0.985863
0.436332312999 0.900879 0.854755 0.83715088148 0.904751 0.909109 0.914053 0.919714 0.926263 0.93393 0.943035 0.954032 0.967589 0.984731
0.453785605519 0.89412 0.844998 0.826166518925 0.898245 0.902888 0.908158 0.914192 0.921174 0.92935 0.93906 0.950791 0.965254 0.983545
0.471238898038 0.887213 0.835067 0.814994906839 0.891595 0.896529 0.902129 0.908542 0.915964 0.924657 0.934983 0.947459 0.962844 0.982302
0.488692190558 0.880165 0.824977 0.803652355543 0.884807 0.890035 0.89597 0.902768 0.910636 0.919853 0.930804 0.944037 0.960357 0.981001
0.506145483078 0.87298 0.81474 0.792154968665 0.877886 0.883412 0.889686 0.896874 0.905194 0.914942 0.926526 0.940525 0.957792 0.979637
0.523598775598 0.865665 0.804368 0.780518637067 0.870837 0.876664 0.883281 0.890863 0.89964 0.909926 0.922149 0.936923 0.955149 0.978209
0.541052068118 0.858224 0.793875 0.768759017562 0.863666 0.869796 0.876759 0.884739 0.893978 0.904805 0.917675 0.933232 0.952425 0.976712
0.558505360638 0.850664 0.783272 0.756891511639 0.856376 0.862813 0.870125 0.878505 0.888209 0.899584 0.913105 0.929451 0.94962 0.975144
0.575958653158 0.842989 0.772571 0.744931253306 0.848974 0.855719 0.863382 0.872165 0.882338 0.894262 0.908439 0.92558 0.946731 0.973502
0.593411945678 0.835204 0.761784 0.732893096931 0.841463 0.848518 0.856534 0.865722 0.876366 0.888844 0.90368 0.921619 0.943759 0.971782
0.610865238198 0.827315 0.750923 0.720791602044 0.833849 0.841215 0.849584 0.85918 0.870296 0.883329 0.898827 0.917569 0.9407 0.969981
0.628318530718 0.819326 0.739999 0.70864100294 0.826136 0.833813 0.842537 0.852541 0.864131 0.877721 0.893882 0.913428 0.937554 0.968096
0.645771823238 0.811242 0.729022 0.69645521476 0.818328 0.826317 0.835397 0.845809 0.857873 0.87202 0.888846 0.909197 0.934318 0.966123
0.663225115758 0.803068 0.718005 0.684247806134 0.810429 0.81873 0.828165 0.838986 0.851524 0.866229 0.883719 0.904874 0.930992 0.96406
0.680678408278 0.794809 0.706956 0.672031993104 0.802445 0.811057 0.820847 0.832075 0.845087 0.860348 0.878501 0.900461 0.927572 0.961901
0.698131700798 0.786468 0.695887 0.659820617843 0.794379 0.803302 0.813445 0.825079 0.838563 0.854379 0.873194 0.895955 0.924059 0.959646
0.715584993318 0.778051 0.684808 0.647626145618 0.786235 0.795467 0.805962 0.818001 0.831956 0.848324 0.867798 0.891358 0.920449 0.957288
0.733038285838 0.769562 0.673727 0.635460643513 0.778018 0.787557 0.798402 0.810844 0.825266 0.842184 0.862313 0.886667 0.916741 0.954827
0.750491578358 0.761004 0.662655 0.623335786508 0.769731 0.779575 0.790768 0.80361 0.818497 0.835961 0.856741 0.881884 0.912933 0.952257
0.767944870878 0.752383 0.6516 0.611262824043 0.761378 0.771525 0.783063 0.796302 0.811649 0.829655 0.851081 0.877007 0.909024 0.949576
0.785398163397 0.743703 0.640571 0.599252592177 0.752962 0.76341 0.77529 0.788922 0.804726 0.823269 0.845334 0.872035 0.905012 0.946781
0.802851455917 0.734967 0.629576 0.58731549535 0.744489 0.755233 0.767452 0.781473 0.797729 0.816803 0.839501 0.866969 0.900896 0.943868
0.820304748437 0.726179 0.618624 0.575461494227 0.735961 0.746999 0.759552 0.773957 0.790659 0.810258 0.833582 0.861809 0.896672 0.940835
0.837758040957 0.717344 0.607722 0.563700111772 0.727382 0.738709 0.751592 0.766377 0.783519 0.803636 0.827577 0.856552 0.892341 0.937677
0.855211333477 0.708465 0.596878 0.552040424135 0.718756 0.730368 0.743576 0.758734 0.776311 0.796938 0.821487 0.8512 0.887901 0.934393
0.872664625997 0.699546 0.586099 0.540491048491 0.710085 0.721978 0.735506 0.751032 0.769037 0.790165 0.815313 0.845751 0.883349 0.930979
0.890117918517 0.690592 0.575392 0.529060146079 0.701374 0.713543 0.727386 0.743273 0.761697 0.783319 0.809055 0.840205 0.878685 0.927433
0.907571211037 0.681604 0.564763 0.517755413084 0.692626 0.705066 0.719217 0.735459 0.754295 0.776401 0.802714 0.834563 0.873907 0.923752
0.925024503557 0.672588 0.554218 0.506584092797 0.683845 0.69655 0.711003 0.727592 0.746831 0.769411 0.796289 0.828823 0.869014 0.919933
0.942477796077 0.663546 0.543764 0.495552954334 0.675032 0.687997 0.702746 0.719675 0.739308 0.762352 0.789782 0.822986 0.864005 0.915974
0.959931088597 0.654482 0.533405 0.484668313918 0.666193 0.679411 0.694448 0.711709 0.731728 0.755224 0.783194 0.817051 0.858878 0.911872
0.977384381117 0.6454 0.523147 0.473936016637 0.657329 0.670794 0.686113 0.703697 0.724091 0.748029 0.776524 0.811018 0.853633 0.907626
0.994837673637 0.636303 0.512994 0.463361445566 0.648444 0.66215 0.677742 0.695641 0.7164 0.740767 0.769774 0.804888 0.848269 0.903233
1.01229096616 0.627194 0.502951 0.452949533923 0.639542 0.653481 0.669339 0.687543 0.708657 0.733441 0.762944 0.798659 0.842784 0.898691
1.02974425868 0.618076 0.493023 0.442704752913 0.630625 0.64479 0.660905 0.679406 0.700864 0.726051 0.756035 0.792333 0.837178 0.893999
1.0471975512 0.608953 0.483213 0.432631123882 0.621695 0.636079 0.652444 0.671231 0.693021 0.718599 0.749048 0.785909 0.831451 0.889154
1.06465084372 0.599828 0.473524 0.422732218325 0.612757 0.627352 0.643958 0.663021 0.685132 0.711086 0.741984 0.779388 0.825602 0.884156
1.08210413624 0.590703 0.46396 0.413011176114 0.603813 0.618611 0.635448 0.654777 0.677197 0.703513 0.734843 0.77277 0.819629 0.879003
1.09955742876 0.581583 0.454523 0.403470696385 0.594865 0.609859 0.626918 0.646503 0.669218 0.695883 0.727626 0.766055 0.813534 0.873693
1.11701072128 0.572469 0.445217 0.394113055774 0.585917 0.601098 0.61837 0.638199 0.661198 0.688195 0.720335 0.759244 0.807316 0.868226
1.1344640138 0.563365 0.436044 0.384940108418 0.576971 0.592331 0.609806 0.629868 0.653138 0.680453 0.712971 0.752337 0.800975 0.862601
1.15191730632 0.554274 0.427005 0.375953304191 0.568031 0.58356 0.601229 0.621512 0.645039 0.672657 0.705534 0.745336 0.79451 0.856817
1.16937059884 0.545199 0.418102 0.367153688703 0.559098 0.574788 0.59264 0.613134 0.636905 0.664808 0.698026 0.738239 0.787923 0.850874
1.18682389136 0.536141 0.409337 0.358541921542 0.550176 0.566018 0.584043 0.604735 0.628736 0.656909 0.690448 0.73105 0.781213 0.844772
1.20427718388 0.527105 0.400711 0.350118279308 0.541266 0.557251 0.575439 0.596318 0.620534 0.648961 0.682801 0.723767 0.774381 0.838509
1.2217304764 0.518093 0.392225 0.341882673852 0.532372 0.548491 0.56683 0.587883 0.612302 0.640965 0.675087 0.716394 0.767427 0.832087
1.23918376892 0.509107 0.383879 0.33383465836 0.523496 0.53974 0.55822 0.579435 0.604041 0.632924 0.667307 0.708929 0.760352 0.825505
1.25663706144 0.50015 0.375674 0.325973448622 0.514641 0.530999 0.54961 0.570974 0.595753 0.624839 0.659462 0.701375 0.753157 0.818763
1.27409035396 0.491224 0.367609 0.318297923038 0.505809 0.522272 0.541002 0.562503 0.58744 0.616711 0.651555 0.693734 0.745843 0.811863
1.29154364648 0.482332 0.359686 0.310806646932 0.497002 0.513561 0.532399 0.554024 0.579105 0.608543 0.643586 0.686005 0.738411 0.804806
1.308996939 0.473477 0.351902 0.303497881671 0.488223 0.504867 0.523803 0.545539 0.570748 0.600337 0.635557 0.678192 0.730862 0.797591
1.32645023152 0.464661 0.344259 0.296369596823 0.479474 0.496194 0.515216 0.53705 0.562372 0.592093 0.627471 0.670295 0.723197 0.79022
1.34390352404 0.455886 0.336754 0.289419488398 0.470758 0.487544 0.50664 0.528559 0.55398 0.583816 0.619329 0.662316 0.715419 0.782695
1.36135681656 0.447154 0.329388 0.282645000117 0.462076 0.478918 0.498078 0.520069 0.545573 0.575505 0.611133 0.654257 0.707529 0.775017
1.37881010908 0.438468 0.322159 0.276043317342 0.453431 0.47032 0.489531 0.511581 0.537152 0.567164 0.602884 0.64612 0.699528 0.767187
1.3962634016 0.42983 0.315065 0.269611406583 0.444826 0.46175 0.481002 0.503098 0.528722 0.558794 0.594586 0.637907 0.691419 0.759208
1.41371669412 0.421242 0.308105 0.263346015504 0.436262 0.453212 0.472493 0.494621 0.520282 0.550397 0.586239 0.629619 0.683203 0.751082
1.43116998664 0.412707 0.301278 0.257243694195 0.427741 0.444707 0.464005 0.486154 0.511837 0.541976 0.577846 0.62126 0.674884 0.742811
1.44862327916 0.404226 0.294582 0.251300813411 0.419266 0.436238 0.455542 0.477697 0.503387 0.533533 0.56941 0.612831 0.666462 0.734397
1.46607657168 0.395801 0.288014 0.245513573694 0.410838 0.427806 0.447106 0.469254 0.494935 0.52507 0.560933 0.604335 0.657941 0.725842
1.4835298642 0.387435 0.281573 0.239878023605 0.40246 0.419414 0.438697 0.460826 0.486483 0.516589 0.552417 0.595774 0.649324 0.717151
1.50098315672 0.379129 0.275257 0.234390081005 0.394134 0.411064 0.43032 0.452415 0.478034 0.508093 0.543864 0.587151 0.640612 0.708325
1.51843644924 0.370886 0.269062 0.229045539132 0.385861 0.402758 0.421974 0.444025 0.469589 0.499584 0.535277 0.578469 0.63181 0.699369
1.53588974176 0.362707 0.262988 0.223840096998 0.377644 0.394498 0.413664 0.435656 0.461152 0.491065 0.526659 0.56973 0.622919 0.690284
1.55334303427 0.354593 0.257031 0.218769356347 0.369485 0.386285 0.40539 0.427311 0.452723 0.482538 0.518012 0.560937 0.613944 0.681075
1.57079632679 0.346548 0.251189 0.213828849016 0.361384 0.378122 0.397155 0.418992 0.444306 0.474004 0.509339 0.552093 0.604887 0.671745
1.58824961931 0.338572 0.245458 0.209014055168 0.353345 0.370011 0.388961 0.410702 0.435903 0.465468 0.500643 0.5432 0.595751 0.662298
1.60570291183 0.330667 0.239837 0.204320406331 0.345368 0.361953 0.380809 0.402442 0.427516 0.456931 0.491925 0.534263 0.58654 0.652739
1.62315620435 0.322835 0.234324 0.199743312759 0.337456 0.35395 0.372702 0.394214 0.419148 0.448396 0.483191 0.525285 0.577258 0.64307
1.64060949687 0.315077 0.228914 0.195278172547 0.329611 0.346005 0.364643 0.386022 0.410801 0.439866 0.474441 0.516268 0.567909 0.633298
1.65806278939 0.307396 0.223606 0.190920380748 0.321834 0.338119 0.356632 0.377867 0.402478 0.431343 0.46568 0.507217 0.558497 0.623425
1.67551608191 0.299792 0.218396 0.186665353695 0.314126 0.330294 0.348672 0.369751 0.39418 0.422831 0.45691 0.498133 0.549024 0.613457
1.69296937443 0.292267 0.213282 0.182508532036 0.30649 0.322531 0.340765 0.361677 0.385911 0.414331 0.448135 0.489022 0.539496 0.603398
1.71042266695 0.284823 0.208261 0.178445405053 0.298927 0.314833 0.332912 0.353646 0.377672 0.405847 0.439357 0.479887 0.529917 0.593254
1.72787595947 0.27746 0.20333 0.1744715137 0.291439 0.307201 0.325116 0.345661 0.369466 0.397381 0.430579 0.47073 0.52029 0.583029
1.74532925199 0.270181 0.198487 0.170582468841 0.284026 0.299637 0.317379 0.337724 0.361296 0.388936 0.421806 0.461557 0.51062 0.572728
1.76278254451 0.262986 0.193729 0.166773957329 0.276691 0.292143 0.309703 0.329837 0.353164 0.380515 0.413039 0.45237 0.500912 0.562356
1.78023583703 0.255878 0.189052 0.163041760244 0.269435 0.28472 0.302089 0.322003 0.345073 0.372121 0.404283 0.443174 0.49117 0.55192
1.79768912955 0.248856 0.184455 0.159381758973 0.26226 0.27737 0.294539 0.314223 0.337025 0.363756 0.39554 0.433972 0.481399 0.541424
1.81514242207 0.241923 0.179935 0.155789950404 0.255166 0.270094 0.287055 0.306499 0.329022 0.355424 0.386815 0.424768 0.471603 0.530875
1.83259571459 0.235079 0.17549 0.15226244389 0.248155 0.262894 0.279639 0.298834 0.321067 0.347128 0.37811 0.415567 0.461787 0.520277
1.85004900711 0.228326 0.171116 0.148795491645 0.241229 0.255772 0.272293 0.29123 0.313163 0.33887 0.369429 0.406373 0.451955 0.509637
1.86750229963 0.221664 0.166812 0.145385473543 0.234388 0.248729 0.265019 0.283689 0.305311 0.330652 0.360775 0.397188 0.442114 0.49896
1.88495559215 0.215095 0.162575 0.142028927518 0.227635 0.241766 0.257817 0.276213 0.297515 0.322479 0.352152 0.388019 0.432267 0.488252
1.90240888467 0.20862 0.158403 0.138722534359 0.22097 0.234886 0.250691 0.268804 0.289777 0.314353 0.343563 0.378868 0.422419 0.47752
1.91986217719 0.202239 0.154295 0.135463142037 0.214394 0.228089 0.243642 0.261464 0.282099 0.306278 0.335012 0.36974 0.412577 0.46677
1.93731546971 0.195953 0.150247 0.132247768735 0.207908 0.221377 0.236672 0.254196 0.274484 0.298255 0.326502 0.360639 0.402744 0.456007
1.95476876223 0.189764 0.146258 0.129073596774 0.201514 0.214751 0.229781 0.247001 0.266934 0.290288 0.318037 0.351569 0.392926 0.445239
1.97222205475 0.183673 0.142326 0.125937990848 0.195213 0.208213 0.222972 0.239881 0.259452 0.282379 0.30962 0.342535 0.383128 0.434471
1.98967534727 0.177679 0.13845 0.122838494987 0.189006 0.201764 0.216247 0.232838 0.25204 0.274533 0.301255 0.333541 0.373355 0.423709
2.00712863979 0.171783 0.134628 0.119772841674 0.182893 0.195404 0.209607 0.225874 0.2447 0.266751 0.292945 0.324591 0.363612 0.412961
2.02458193231 0.165987 0.130857 0.116738942724 0.176875 0.189136 0.203053 0.218991 0.237435 0.259036 0.284694 0.31569 0.353905 0.402232
2.04203522483 0.160292 0.127138 0.113734904488 0.170954 0.182961 0.196587 0.212192 0.230247 0.251392 0.276506 0.306841 0.344239 0.391528
2.05948851735 0.154696 0.123469 0.110759024808 0.165131 0.176879 0.190211 0.205477 0.223139 0.243821 0.268383 0.298049 0.334619 0.380857
2.07694180987 0.149202 0.119848 0.107809786939 0.159405 0.170892 0.183926 0.198849 0.216113 0.236326 0.260329 0.289318 0.32505 0.370225
2.09439510239 0.14381 0.116275 0.104885871709 0.153779 0.165001 0.177733 0.19231 0.209171 0.22891 0.252349 0.280652 0.315538 0.359638
2.11184839491 0.138519 0.112749 0.101986148398 0.148252 0.159207 0.171635 0.185861 0.202315 0.221576 0.244444 0.272057 0.306087 0.349103
2.12930168743 0.133332 0.109268 0.0991096747411 0.142826 0.153511 0.165631 0.179504 0.195547 0.214326 0.236619 0.263535 0.296703 0.338626
2.14675497995 0.128247 0.105833 0.096255696925 0.137501 0.147914 0.159724 0.173241 0.188871 0.207163 0.228877 0.255091 0.287392 0.328214
2.16420827247 0.123266 0.102442 0.0934236495903 0.132277 0.142417 0.153915 0.167073 0.182287 0.200091 0.221222 0.24673 0.278157 0.317873
2.18166156499 0.118388 0.0990953 0.0906131467117 0.127156 0.13702 0.148205 0.161003 0.175798 0.19311 0.213656 0.238455 0.269005 0.307609
2.19911485751 0.113614 0.0957928 0.0878239815986 0.122138 0.131725 0.142595 0.155031 0.169406 0.186225 0.206183 0.23027 0.25994 0.297428
2.21656815003 0.108945 0.0925339 0.0850561208159 0.117222 0.126532 0.137086 0.149159 0.163114 0.179438 0.198807 0.222179 0.250968 0.287338
2.23402144255 0.104379 0.0893187 0.0823097072231 0.112411 0.121443 0.13168 0.14339 0.156922 0.172751 0.191529 0.214188 0.242093 0.277344
2.25147473507 0.0999187 0.0861472 0.079585038698 0.107704 0.116457 0.126378 0.137723 0.150833 0.166166 0.184355 0.206298 0.23332 0.267452
2.26892802759 0.0955626 0.0830196 0.076882583334 0.103101 0.111576 0.12118 0.132162 0.14485 0.159687 0.177286 0.198515 0.224655 0.257669
2.28638132011 0.0913111 0.0799361 0.0742029520841 0.0986031 0.1068 0.116088 0.126706 0.138973 0.153316 0.170325 0.190842 0.216102 0.248
2.30383461263 0.0871642 0.076897 0.07154690788 0.0942104 0.10213 0.111102 0.121358 0.133204 0.147054 0.163477 0.183283 0.207665 0.238452
2.32128790515 0.0831219 0.0739027 0.0689153534731 0.0899231 0.097566 0.106223 0.116118 0.127546 0.140904 0.156743 0.175842 0.19935 0.22903
2.33874119767 0.0791841 0.0709538 0.066309319277 0.0857412 0.0931088 0.101453 0.110988 0.122 0.134869 0.150126 0.168521 0.191161 0.219741
2.35619449019 0.0753507 0.0680509 0.0637299603274 0.0816651 0.0887587 0.0967913 0.10597 0.116567 0.128951 0.143629 0.161325 0.183102 0.210589
2.37364778271 0.0716216 0.0651947 0.0611785532428 0.0776947 0.0845163 0.0922395 0.101063 0.111249 0.12315 0.137256 0.154258 0.175178 0.20158
2.39110107523 0.0679964 0.0623859 0.0586564719078 0.0738301 0.0803816 0.0877979 0.0962694 0.106047 0.117471 0.131007 0.147322 0.167392 0.19272
2.40855436775 0.064475 0.0596254 0.0561651935523 0.0700713 0.0763552 0.0834673 0.0915901 0.100964 0.111914 0.124887 0.14052 0.15975 0.184015
2.42600766027 0.0610571 0.0569142 0.0537062835537 0.0664184 0.0724373 0.0792483 0.0870258 0.096 0.106481 0.118897 0.133856 0.152255 0.175468
2.44346095279 0.0577423 0.0542531 0.0512813863182 0.0628711 0.0686279 0.0751412 0.0825775 0.0911565 0.101174 0.11304 0.127334 0.144912 0.167086
2.46091424531 0.0545303 0.0516433 0.0488922131223 0.0594293 0.0649273 0.0711466 0.0782459 0.0864348 0.0959953 0.107317 0.120955 0.137723 0.158872
2.47836753783 0.0514205 0.0490857 0.0465405421132 0.0560929 0.0613355 0.0672647 0.0740318 0.0818359 0.0909458 0.101732 0.114723 0.130693 0.150833
2.49582083035 0.0484126 0.0465816 0.0442281939921 0.0528616 0.0578524 0.063496 0.0699357 0.0773611 0.0860272 0.0962866 0.10864 0.123825 0.142972
2.51327412287 0.0455061 0.0441319 0.0419570289743 0.0497351 0.0544782 0.0598406 0.0659584 0.0730111 0.0812409 0.090982 0.10271 0.117123 0.135294
2.53072741539 0.0427002 0.041738 0.0397289407105 0.046713 0.0512127 0.0562988 0.0621002 0.068787 0.0765882 0.0858205 0.0969335 0.110589 0.127803
2.54818070791 0.0399944 0.0394009 0.0375458380494 0.0437949 0.0480556 0.0528706 0.0583616 0.0646894 0.0720704 0.0808037 0.0913142 0.104227 0.120503
2.56563400043 0.0373881 0.0371219 0.0354096419976 0.0409804 0.0450069 0.0495562 0.0547431 0.0607192 0.0676886 0.0759333 0.0858541 0.0980405 0.113397
2.58308729295 0.0348806 0.0349022 0.033322267483 0.0382691 0.0420663 0.0463555 0.0512449 0.0568769 0.0634438 0.0712108 0.0805551 0.0920313 0.106491
2.60054058547 0.0324711 0.032743 0.0312856142353 0.0356603 0.0392334 0.0432685 0.0478672 0.0531632 0.0593371 0.0666377 0.0754192 0.0862024 0.0997862
2.61799387799 0.0301587 0.0306456 0.0293015698261 0.0331535 0.0365078 0.040295 0.0446101 0.0495785 0.0553691 0.0622152 0.0704483 0.0805561 0.093287
2.63544717051 0.0279428 0.028611 0.027371979273 0.030748 0.0338891 0.0374348 0.0414738 0.0461232 0.0515408 0.0579444 0.0656439 0.0750949 0.0869963
2.65290046303 0.0258223 0.0266405 0.0254986480793 0.028443 0.0313769 0.0346877 0.0384582 0.0427975 0.0478526 0.0538265 0.0610077 0.0698207 0.0809168
2.67035375555 0.0237964 0.0247352 0.0236833209568 0.0262379 0.0289704 0.0320532 0.0355631 0.0396016 0.044305 0.0498621 0.0565409 0.0647356 0.0750512
2.68780704807 0.021864 0.0228961 0.0219276939844 0.0241318 0.0266691 0.029531 0.0327885 0.0365355 0.0408985 0.0460522 0.0522446 0.0598411 0.0694018
2.70526034059 0.0200241 0.0211244 0.0202333750933 0.0221237 0.0244723 0.0271205 0.0301339 0.0335993 0.0376333 0.0423972 0.0481201 0.0551389 0.0639709
2.72271363311 0.0182757 0.019421 0.0186018992654 0.0202129 0.0223792 0.0248211 0.0275991 0.0307928 0.0345096 0.0388978 0.044168 0.0506303 0.0587602
2.74016692563 0.0166175 0.0177868 0.0170347011765 0.0183983 0.020389 0.0226323 0.0251835 0.0281158 0.0315274 0.0355542 0.0403892 0.0463164 0.0537716
2.75762021815 0.0150485 0.0162227 0.0155331243156 0.0166788 0.0185007 0.0205532 0.0228867 0.0255679 0.0286866 0.0323665 0.036784 0.0421981 0.0490064
2.77507351067 0.0135674 0.0147295 0.014098390589 0.0150534 0.0167135 0.0185831 0.020708 0.0231487 0.0259869 0.029335 0.0333529 0.0382762 0.0444658
2.79252680319 0.0121728 0.013308 0.012731615518 0.0135208 0.0150262 0.016721 0.0186466 0.0208577 0.023428 0.0264593 0.0300961 0.0345511 0.0401507
2.80998009571 0.0108636 0.0119587 0.0114337748038 0.01208 0.0134378 0.014966 0.0167018 0.0186942 0.0210096 0.0237393 0.0270134 0.0310231 0.0360618
2.82743338823 0.00963824 0.0106821 0.0102057195254 0.0107294 0.0119472 0.0133171 0.0148725 0.0166573 0.0187308 0.0211746 0.0241048 0.0276923 0.0321993
2.84488668075 0.00849535 0.0094788 0.00904815182305 0.00946797 0.0105529 0.011773 0.0131578 0.0147463 0.016591 0.0187644 0.0213698 0.0245586 0.0285636
2.86233997327 0.00743343 0.00834897 0.00796162489796 0.00829412 0.00925382 0.0103326 0.0115566 0.01296 0.0145893 0.0165082 0.0188077 0.0216214 0.0251542
2.87979326579 0.00645093 0.00729285 0.00694653997311 0.00720641 0.00804843 0.00899455 0.0100675 0.0112974 0.0127246 0.0144049 0.0164178 0.0188801 0.0219708
2.89724655831 0.00554626 0.00631054 0.00600312501607 0.00620331 0.00693529 0.00775741 0.00868936 0.00975712 0.0109957 0.0124535 0.0141992 0.0163338 0.0190125
2.91469985083 0.00471775 0.00540197 0.00513144081821 0.00528321 0.00591285 0.00661969 0.0074206 0.00833784 0.00940138 0.0106526 0.0121505 0.0139814 0.0162783
2.93215314335 0.0039637 0.00456698 0.00433137491552 0.00444444 0.00497947 0.00557981 0.00625972 0.00703802 0.00794009 0.00900093 0.0102703 0.0118215 0.0137667
2.94960643587 0.00328233 0.00380523 0.00360262335122 0.00368525 0.00413343 0.00463606 0.00520502 0.00585602 0.00661018 0.0074967 0.00855707 0.00985232 0.0114761
2.96705972839 0.00267178 0.00311625 0.00294469979448 0.00300381 0.00337292 0.00378665 0.00425473 0.00479002 0.00540985 0.00613812 0.00700884 0.00807201 0.00940436
2.98451302091 0.00213017 0.00249943 0.00235691426341 0.00239823 0.00269606 0.00302969 0.00340693 0.00383812 0.00433713 0.00492318 0.00562353 0.00647833 0.00754913
3.00196631343 0.0016555 0.00195397 0.0018383731251 0.00186653 0.00210084 0.00236316 0.00265959 0.0029982 0.00338988 0.00384962 0.00439878 0.00506873 0.00590765
3.01941960595 0.00124571 0.00147889 0.0013879790956 0.00140663 0.00158518 0.00178493 0.00201051 0.00226804 0.00256574 0.00291499 0.00333195 0.00384038 0.00447678
3.03687289847 0.000898677 0.00107307 0.0010044038838 0.00101637 0.00114687 0.00129275 0.00145738 0.0016452 0.00186219 0.00211659 0.00242015 0.00279012 0.00325299
3.05432619099 0.000612153 0.000735134 0.000686094270589 0.000693482 0.000783577 0.000884219 0.00099771 0.00112709 0.00127646 0.00145148 0.00166019 0.00191443 0.00223234
3.07177948351 0.000383801 0.000463539 0.000431244752718 0.000435565 0.000492857 0.0005568 0.000628846 0.000710915 0.000805592 0.000916449 0.00104856 0.00120939 0.00141039
3.08923277603 0.000211156 0.000256487 0.000237785384559 0.000240095 0.000272091 0.000307767 0.000347927 0.000393633 0.000446317 0.000507956 0.00058136 0.000670662 0.000782208
3.10668606855 9.15942e-05 0.000111903 0.000103342263705 0.000104367 0.000118472 0.000134182 0.000151848 0.000171933 0.000195063 0.0002221 0.000254271 0.000293382 0.000342201
3.12413936107 2.22756e-05 2.73786e-05 2.51737000501e-05 2.54429e-05 2.89359e-05 3.2821e-05 3.71841e-05 4.21388e-05 4.7838e-05 5.44932e-05 6.24046e-05 7.2014e-05 8.39997e-05
3.14159265359 0.0 0.0 0.0 0.0 0.0 0.0 0.0 0.0 0.0 0.0 0.0 0.0 0.0
