alpha phi_iso phi_ray phi_vec g0=0.1 g0=0.2 g0=0.3 g0=0.4 g0=0.5 g0=0.6 g0=0.7 g0=0.8 g0=0.9 g0=1.0
0.0 1.0 1.0 1.0 1.0 1.0 1.0 1.0 1.0 1.0 1.0 1.0 1.0 1.0
0.0174532925199 0.999688 0.999554 0.999540952026 0.999703 0.99972 0.99974 0.999764 0.999794 0.999833 0.999883 0.999952 1.00005 1.00022
0.0349065850399 0.998812 0.998282 0.998225972832 0.998869 0.998935 0.999014 0.999108 0.999226 0.999375 0.999571 0.999842 1.00024 1.0009
0.0523598775598 0.997457 0.996281 0.996147344133 0.997581 0.997726 0.997897 0.998105 0.998362 0.998689 0.99912 0.999715 1.0006 1.00203
0.0698131700798 0.995691 0.993627 0.993378406496 0.995905 0.996155 0.996452 0.996812 0.997257 0.997825 0.998573 0.999608 1.00114 1.00364
0.0872664625997 0.993556 0.990372 0.98996869722 0.993881 0.994262 0.994716 0.995265 0.995945 0.996812 0.997956 0.99954 1.00188 1.00571
0.10471975512 0.991081 0.986551 0.985952004545 0.991539 0.992075 0.992714 0.993488 0.994448 0.995671 0.997288 0.999526 1.00284 1.00826
0.12217304764 0.988286 0.982188 0.981354724877 0.988896 0.989611 0.990464 0.991498 0.99278 0.994416 0.996578 0.999574 1.00401 1.01127
0.13962634016 0.985188 0.977309 0.97620040781 0.985969 0.986887 0.98798 0.989308 0.990955 0.993058 0.995837 0.999691 1.0054 1.01474
0.157079632679 0.981801 0.971934 0.970511538907 0.982773 0.983915 0.985276 0.98693 0.988984 0.991605 0.995072 0.999881 1.007 1.01866
0.174532925199 0.97814 0.966086 0.964310068194 0.979321 0.980709 0.982365 0.984377 0.986876 0.990068 0.994291 1.00015 1.00883 1.02304
0.191986217719 0.974219 0.959784 0.957617529952 0.975626 0.977281 0.979256 0.981657 0.984641 0.988453 0.993497 1.0005 1.01087 1.02786
0.209439510239 0.970048 0.953048 0.950455070897 0.971699 0.973642 0.975961 0.978781 0.982286 0.986766 0.992696 1.00093 1.01313 1.0331
0.226892802759 0.96564 0.945899 0.942843471328 0.967552 0.969801 0.972488 0.975756 0.979819 0.985013 0.991891 1.00144 1.01559 1.03877
0.244346095279 0.961005 0.938355 0.934803180354 0.963194 0.965769 0.968846 0.97259 0.977247 0.9832 0.991085 1.00203 1.01826 1.04485
0.261799387799 0.956154 0.930435 0.926354365221 0.958634 0.961554 0.965044 0.969291 0.974574 0.98133 0.99028 1.00271 1.02114 1.05133
0.279252680319 0.951096 0.922158 0.917516960641 0.953883 0.957165 0.961088 0.965864 0.971807 0.979408 0.989478 1.00346 1.02421 1.0582
0.296705972839 0.94584 0.913542 0.908310668786 0.948948 0.952608 0.956986 0.962316 0.968949 0.977434 0.988678 1.0043 1.02746 1.06543
0.314159265359 0.940393 0.904604 0.898755015669 0.943836 0.947892 0.952744 0.958651 0.966005 0.975413 0.987882 1.0052 1.0309 1.07302
0.331612557879 0.934765 0.895362 0.888869329995 0.938556 0.943023 0.948367 0.954875 0.962978 0.973346 0.987089 1.00618 1.03451 1.08094
0.349065850399 0.928963 0.885834 0.878672792493 0.933114 0.938007 0.943861 0.950991 0.95987 0.971234 0.986297 1.00723 1.03829 1.08919
0.366519142919 0.922995 0.876036 0.868184414774 0.927518 0.93285 0.939231 0.947005 0.956686 0.969077 0.985506 1.00833 1.04221 1.09775
0.383972435439 0.916866 0.865986 0.857423032287 0.921773 0.927558 0.934482 0.942919 0.953427 0.966878 0.984714 1.0095 1.04629 1.10659
0.401425727959 0.910585 0.8557 0.846407318408 0.915886 0.922137 0.929619 0.938737 0.950095 0.964636 0.983918 1.01072 1.05049 1.11571
0.418879020479 0.904157 0.845195 0.835155777396 0.909862 0.91659 0.924645 0.934462 0.946692 0.96235 0.983117 1.01198 1.05483 1.12507
0.436332312999 0.897589 0.834488 0.823686723254 0.903707 0.910924 0.919564 0.930096 0.943219 0.960021 0.982307 1.01328 1.05927 1.13467
0.453785605519 0.890887 0.823593 0.812018251542 0.897427 0.905142 0.914381 0.925643 0.939677 0.957648 0.981485 1.01462 1.06381 1.14448
0.471238898038 0.884056 0.812528 0.80016826756 0.891026 0.89925 0.909098 0.921105 0.936067 0.955229 0.980648 1.01598 1.06845 1.15448
0.488692190558 0.877102 0.801307 0.788154458168 0.88451 0.893251 0.903719 0.916483 0.932391 0.952765 0.979793 1.01737 1.07316 1.16465
0.506145483078 0.87003 0.789946 0.775994235409 0.877883 0.887149 0.898247 0.91178 0.928647 0.950253 0.978916 1.01877 1.07794 1.17498
0.523598775598 0.862847 0.778461 0.763704792882 0.871149 0.880947 0.892684 0.906997 0.924838 0.947691 0.978012 1.02017 1.08277 1.18544
0.541052068118 0.855556 0.766866 0.751303028233 0.864314 0.874651 0.887034 0.902137 0.920963 0.945079 0.977078 1.02157 1.08764 1.196
0.558505360638 0.848162 0.755175 0.738805557242 0.857381 0.868263 0.881299 0.897199 0.917021 0.942414 0.976109 1.02296 1.09254 1.20666
0.575958653158 0.840671 0.743404 0.726228685644 0.850355 0.861786 0.875481 0.892187 0.913013 0.939695 0.975102 1.02434 1.09746 1.21738
0.593411945678 0.833087 0.731565 0.713588409124 0.843239 0.855224 0.869583 0.8871 0.908939 0.936919 0.974051 1.02569 1.10238 1.22816
0.610865238198 0.825415 0.719674 0.700900371038 0.836038 0.848579 0.863607 0.88194 0.904797 0.934085 0.972952 1.027 1.10728 1.23896
0.628318530718 0.817659 0.707743 0.688179890602 0.828755 0.841856 0.857555 0.876708 0.900589 0.931189 0.9718 1.02828 1.11217 1.24976
0.645771823238 0.809822 0.695785 0.675441878333 0.821394 0.835056 0.851429 0.871404 0.896312 0.92823 0.97059 1.02951 1.11701 1.26054
0.663225115758 0.801911 0.683813 0.662700899462 0.813958 0.828182 0.84523 0.86603 0.891967 0.925205 0.969319 1.03067 1.12181 1.27129
0.680678408278 0.793927 0.67184 0.649971096431 0.80645 0.821238 0.838961 0.860586 0.887553 0.922111 0.96798 1.03178 1.12654 1.28198
0.698131700798 0.785876 0.659878 0.637266217074 0.798875 0.814225 0.832623 0.855073 0.883069 0.918947 0.966569 1.03281 1.1312 1.29259
0.715584993318 0.777761 0.647937 0.624599579383 0.791235 0.807147 0.826219 0.84949 0.878514 0.915709 0.965081 1.03376 1.13577 1.3031
0.733038285838 0.769587 0.636031 0.611984071511 0.783534 0.800005 0.819748 0.84384 0.873887 0.912396 0.963512 1.03461 1.14023 1.31349
0.750491578358 0.761355 0.624169 0.599432130633 0.775774 0.792802 0.813213 0.838122 0.869188 0.909004 0.961856 1.03537 1.14459 1.32374
0.767944870878 0.753072 0.612362 0.586955735895 0.767958 0.78554 0.806616 0.832336 0.864415 0.905531 0.960109 1.03603 1.14881 1.33383
0.785398163397 0.744739 0.60062 0.574566401372 0.76009 0.778222 0.799958 0.826483 0.859568 0.901974 0.958266 1.03657 1.1529 1.34373
0.802851455917 0.73636 0.588953 0.56227516902 0.752172 0.770849 0.793239 0.820564 0.854646 0.898331 0.956322 1.03699 1.15684 1.35344
0.820304748437 0.727939 0.57737 0.550092580488 0.744208 0.763424 0.786462 0.814578 0.849647 0.894599 0.954273 1.03729 1.16061 1.36292
0.837758040957 0.719478 0.565881 0.538028705307 0.736199 0.75595 0.779628 0.808526 0.844572 0.890776 0.952113 1.03744 1.16421 1.37217
0.855211333477 0.710982 0.554493 0.526093119747 0.728149 0.748427 0.772737 0.802408 0.839418 0.886859 0.949839 1.03745 1.16762 1.38115
0.872664625997 0.702453 0.543215 0.514294871589 0.72006 0.740857 0.765792 0.796225 0.834186 0.882847 0.947447 1.03732 1.17083 1.38987
0.890117918517 0.693895 0.532054 0.502642522399 0.711935 0.733244 0.758793 0.789976 0.828874 0.878736 0.944931 1.03702 1.17383 1.39829
0.907571211037 0.68531 0.521018 0.491144119346 0.703776 0.725589 0.751742 0.783663 0.823481 0.874524 0.942288 1.03656 1.17662 1.40639
0.925024503557 0.676701 0.510113 0.479807209293 0.695585 0.717893 0.744639 0.777284 0.818007 0.870209 0.939514 1.03593 1.17917 1.41418
0.942477796077 0.668072 0.499346 0.468638796518 0.687366 0.710158 0.737486 0.770842 0.812451 0.86579 0.936604 1.03512 1.18149 1.42161
0.959931088597 0.659424 0.488722 0.457645392039 0.67912 0.702387 0.730284 0.764335 0.806812 0.861264 0.933556 1.03413 1.18355 1.42869
0.977384381117 0.650762 0.478248 0.446832999524 0.67085 0.694581 0.723035 0.757765 0.801089 0.856628 0.930364 1.03295 1.18535 1.43539
0.994837673637 0.642087 0.467928 0.436207101193 0.662558 0.686742 0.715738 0.751131 0.795283 0.851882 0.927026 1.03157 1.18689 1.44171
1.01229096616 0.633403 0.457766 0.425772657824 0.654247 0.678871 0.708396 0.744434 0.789392 0.847024 0.923539 1.02999 1.18815 1.44762
1.02974425868 0.624711 0.447768 0.415534151027 0.645918 0.670971 0.70101 0.737675 0.783415 0.842051 0.919899 1.02821 1.18911 1.45311
1.0471975512 0.616016 0.437936 0.405495548013 0.637574 0.663042 0.69358 0.730854 0.777353 0.836962 0.916103 1.02621 1.18979 1.45817
1.06465084372 0.607318 0.428274 0.395660308643 0.629217 0.655088 0.686108 0.723971 0.771205 0.831757 0.912148 1.02399 1.19016 1.46278
1.08210413624 0.598621 0.418786 0.386031420655 0.620849 0.647108 0.678595 0.717027 0.764971 0.826433 0.908033 1.02156 1.19022 1.46694
1.09955742876 0.589927 0.409473 0.376611378533 0.612472 0.639106 0.671042 0.710023 0.758651 0.820989 0.903753 1.0189 1.18997 1.47063
1.11701072128 0.581239 0.400338 0.367402211683 0.604089 0.631083 0.66345 0.702958 0.752244 0.815424 0.899307 1.01601 1.18939 1.47384
1.1344640138 0.572558 0.391383 0.35840547035 0.595701 0.62304 0.655822 0.695835 0.74575 0.809738 0.894693 1.01288 1.18848 1.47657
1.15191730632 0.563888 0.382608 0.349622260841 0.58731 0.61498 0.648157 0.688652 0.73917 0.80393 0.889908 1.00952 1.18724 1.47879
1.16937059884 0.55523 0.374015 0.341053224395 0.578919 0.606903 0.640457 0.681412 0.732503 0.797998 0.884952 1.00592 1.18565 1.48051
1.18682389136 0.546587 0.365605 0.3326985865 0.570529 0.598812 0.632723 0.674115 0.725751 0.791943 0.879822 1.00208 1.18372 1.48172
1.20427718388 0.537961 0.357378 0.324558142807 0.562142 0.590707 0.624957 0.666762 0.718912 0.785764 0.874517 0.997993 1.18144 1.4824
1.2217304764 0.529354 0.349333 0.316631266172 0.55376 0.582592 0.617161 0.659354 0.711988 0.77946 0.869037 0.993657 1.1788 1.48255
1.23918376892 0.520768 0.341471 0.308916934845 0.545386 0.574467 0.609334 0.651891 0.704979 0.773032 0.86338 0.989071 1.17581 1.48216
1.25663706144 0.512206 0.33379 0.301413760652 0.53702 0.566333 0.601479 0.644376 0.697886 0.76648 0.857545 0.984234 1.17245 1.48123
1.27409035396 0.503669 0.326289 0.294119960817 0.528666 0.558194 0.593597 0.636808 0.690709 0.759803 0.851532 0.979144 1.16873 1.47975
1.29154364648 0.495159 0.318968 0.287033400231 0.520324 0.55005 0.58569 0.629189 0.683449 0.753003 0.845341 0.973799 1.16464 1.47772
1.308996939 0.486679 0.311824 0.280151612599 0.511997 0.541903 0.577759 0.62152 0.676108 0.74608 0.838972 0.9682 1.16018 1.47514
1.32645023152 0.47823 0.304856 0.273471800439 0.503686 0.533755 0.569805 0.613803 0.668685 0.739033 0.832425 0.962346 1.15536 1.47199
1.34390352404 0.469815 0.298061 0.266990849172 0.495393 0.525607 0.56183 0.606038 0.661182 0.731865 0.8257 0.956236 1.15016 1.46829
1.36135681656 0.461434 0.291437 0.26070535531 0.487121 0.517461 0.553835 0.598228 0.653601 0.724576 0.818798 0.94987 1.14459 1.46402
1.37881010908 0.453091 0.284982 0.254611654645 0.47887 0.509319 0.545823 0.590373 0.645942 0.717167 0.811719 0.94325 1.13865 1.45919
1.3962634016 0.444786 0.278691 0.248705787011 0.470642 0.501182 0.537795 0.582476 0.638207 0.70964 0.804466 0.936376 1.13233 1.4538
1.41371669412 0.436522 0.272563 0.242983594938 0.46244 0.493053 0.529751 0.574537 0.630397 0.701995 0.797038 0.929249 1.12565 1.44784
1.43116998664 0.4283 0.266593 0.23744065319 0.454265 0.484932 0.521695 0.566559 0.622515 0.694234 0.789438 0.92187 1.1186 1.44132
1.44862327916 0.420123 0.260779 0.232072353317 0.446119 0.476822 0.513628 0.558542 0.614561 0.68636 0.781667 0.914241 1.11118 1.43424
1.46607657168 0.411991 0.255116 0.226873896615 0.438003 0.468724 0.505551 0.55049 0.606538 0.678373 0.773727 0.906365 1.10339 1.4266
1.4835298642 0.403907 0.249601 0.221840301166 0.429919 0.460641 0.497466 0.542403 0.598448 0.670277 0.765621 0.898242 1.09525 1.41841
1.50098315672 0.395872 0.24423 0.216966444125 0.42187 0.452573 0.489375 0.534284 0.590292 0.662072 0.757349 0.889877 1.08674 1.40966
1.51843644924 0.387887 0.238999 0.212247054666 0.413855 0.444522 0.481281 0.526134 0.582072 0.653761 0.748917 0.881272 1.07787 1.40037
1.53588974176 0.379955 0.233903 0.207676742173 0.405878 0.436491 0.473184 0.517956 0.573791 0.645348 0.740324 0.872429 1.06866 1.39053
1.55334303427 0.372077 0.228938 0.203250024423 0.39794 0.428481 0.465087 0.509752 0.565452 0.636833 0.731576 0.863353 1.05909 1.38016
1.57079632679 0.364254 0.2241 0.198961341685 0.390042 0.420493 0.456991 0.501523 0.557055 0.62822 0.722675 0.854048 1.04918 1.36926
1.58824961931 0.356488 0.219385 0.194805049664 0.382186 0.41253 0.448899 0.493271 0.548604 0.619512 0.713623 0.844516 1.03893 1.35783
1.60570291183 0.34878 0.214787 0.190775468837 0.374373 0.404594 0.440812 0.485 0.540102 0.610712 0.704425 0.834763 1.02835 1.34588
1.62315620435 0.341132 0.210303 0.186866877398 0.366606 0.396685 0.432733 0.476712 0.531551 0.601823 0.695085 0.824793 1.01744 1.33343
1.64060949687 0.333545 0.205927 0.183073553543 0.358886 0.388807 0.424663 0.468408 0.522954 0.592848 0.685607 0.814612 1.00621 1.32048
1.65806278939 0.32602 0.201656 0.179389775468 0.351214 0.38096 0.416606 0.460092 0.514314 0.583791 0.675994 0.804224 0.994672 1.30704
1.67551608191 0.31856 0.197484 0.175809821368 0.343593 0.373147 0.408562 0.451766 0.505633 0.574655 0.666251 0.793634 0.982822 1.29312
1.69296937443 0.311165 0.193407 0.172328018763 0.336022 0.365369 0.400534 0.443431 0.496915 0.565443 0.656383 0.782849 0.970672 1.27872
1.71042266695 0.303836 0.189421 0.168938737456 0.328505 0.357628 0.392524 0.435092 0.488163 0.55616 0.646393 0.771874 0.958229 1.26387
1.72787595947 0.296575 0.18552 0.165636424759 0.321042 0.349926 0.384534 0.426749 0.47938 0.54681 0.636288 0.760716 0.945503 1.24857
1.74532925199 0.289383 0.181701 0.162415584358 0.313636 0.342265 0.376567 0.418407 0.470568 0.537396 0.626071 0.74938 0.932502 1.23283
1.76278254451 0.282261 0.17796 0.159270825635 0.306287 0.334647 0.368625 0.410068 0.461733 0.527922 0.615748 0.737874 0.919234 1.21667
1.78023583703 0.275211 0.174291 0.156196863673 0.298997 0.327073 0.360709 0.401734 0.452876 0.518393 0.605325 0.726203 0.905708 1.20009
1.79768912955 0.268234 0.17069 0.153188526299 0.291768 0.319545 0.352823 0.393409 0.444001 0.508813 0.594806 0.714376 0.891935 1.18312
1.81514242207 0.26133 0.167155 0.150240775225 0.284601 0.312066 0.344968 0.385095 0.435113 0.499186 0.584197 0.7024 0.877922 1.16577
1.83259571459 0.254501 0.163679 0.147348720139 0.277497 0.304636 0.337147 0.376794 0.426213 0.489517 0.573505 0.690281 0.863682 1.14804
1.85004900711 0.247748 0.160261 0.144507611663 0.270458 0.297258 0.329362 0.368511 0.417307 0.479811 0.562734 0.678028 0.849222 1.12996
1.86750229963 0.241073 0.156895 0.141712869533 0.263485 0.289934 0.321615 0.360247 0.408397 0.470071 0.551892 0.665648 0.834556 1.11153
1.88495559215 0.234475 0.153578 0.138960096699 0.25658 0.282666 0.313909 0.352007 0.399488 0.460304 0.540983 0.653149 0.819692 1.09279
1.90240888467 0.227957 0.150307 0.136245065225 0.249745 0.275454 0.306246 0.343792 0.390584 0.450514 0.530015 0.64054 0.804643 1.07373
1.91986217719 0.221518 0.147078 0.133563744482 0.242979 0.268302 0.298629 0.335606 0.381687 0.440705 0.518993 0.627829 0.789419 1.05438
1.93731546971 0.215161 0.143889 0.130912301141 0.236286 0.26121 0.29106 0.327452 0.372803 0.430883 0.507925 0.615024 0.774032 1.03475
1.95476876223 0.208886 0.140735 0.128287113273 0.229666 0.254182 0.28354 0.319333 0.363934 0.421052 0.496816 0.602134 0.758494 1.01487
1.97222205475 0.202694 0.137615 0.125684763297 0.22312 0.247218 0.276074 0.311252 0.355086 0.411219 0.485673 0.589168 0.742816 0.994739
1.98967534727 0.196585 0.134525 0.123102052076 0.21665 0.24032 0.268662 0.303212 0.346261 0.401387 0.474503 0.576134 0.727011 0.974384
2.00712863979 0.190562 0.131464 0.120536020056 0.210257 0.23349 0.261308 0.295216 0.337465 0.391563 0.463313 0.563042 0.711091 0.953821
2.02458193231 0.184624 0.128428 0.117983912033 0.203943 0.22673 0.254013 0.287268 0.328701 0.381752 0.452109 0.549901 0.695068 0.933068
2.04203522483 0.178772 0.125416 0.115443212387 0.197708 0.220042 0.24678 0.279371 0.319973 0.371958 0.440899 0.536719 0.678955 0.912143
2.05948851735 0.173008 0.122425 0.112911638032 0.191554 0.213427 0.239612 0.271527 0.311285 0.362187 0.42969 0.523506 0.662764 0.891064
2.07694180987 0.167331 0.119454 0.110387145467 0.185482 0.206887 0.232511 0.26374 0.302641 0.352445 0.418488 0.510272 0.646509 0.869851
2.09439510239 0.161743 0.116502 0.107867923727 0.179493 0.200425 0.22548 0.256013 0.294046 0.342736 0.4073 0.497025 0.630202 0.84852
2.11184839491 0.156245 0.113566 0.10535240143 0.173589 0.19404 0.218519 0.248349 0.285504 0.333068 0.396134 0.483776 0.613856 0.827092
2.12930168743 0.150837 0.110646 0.102839232683 0.16777 0.187736 0.211633 0.240752 0.277019 0.323443 0.384998 0.470534 0.597484 0.805584
2.14675497995 0.145519 0.107741 0.100327325269 0.162038 0.181514 0.204823 0.233224 0.268595 0.31387 0.373897 0.457308 0.5811 0.784017
2.16420827247 0.140293 0.10485 0.0978158054167 0.156394 0.175376 0.198092 0.225768 0.260236 0.304351 0.362839 0.444108 0.564716 0.762408
2.18166156499 0.135159 0.101972 0.0953040389344 0.150839 0.169323 0.191441 0.218388 0.251946 0.294894 0.351832 0.430943 0.548346 0.740778
2.19911485751 0.130117 0.0991067 0.0927916241689 0.145373 0.163356 0.184874 0.211088 0.243729 0.285504 0.340882 0.417824 0.532002 0.719144
2.21656815003 0.125169 0.0962543 0.090278370863 0.139999 0.157478 0.178392 0.203868 0.23559 0.276185 0.329997 0.404759 0.515699 0.697527
2.23402144255 0.120314 0.0934146 0.0877643283427 0.134716 0.15169 0.171998 0.196734 0.227532 0.266944 0.319184 0.391759 0.499449 0.675946
2.25147473507 0.115553 0.0905877 0.0852497432375 0.129526 0.145994 0.165694 0.189688 0.219561 0.257785 0.30845 0.378833 0.483266 0.654419
2.26892802759 0.110887 0.0877739 0.0827350876668 0.124431 0.140391 0.159482 0.182733 0.211678 0.248715 0.297802 0.36599 0.467163 0.632967
2.28638132011 0.106317 0.0849737 0.0802210380999 0.11943 0.134882 0.153364 0.175872 0.20389 0.239738 0.287247 0.35324 0.451152 0.611607
2.30383461263 0.101841 0.0821878 0.0777084471705 0.114525 0.129469 0.147342 0.169107 0.196199 0.230859 0.276792 0.340593 0.435248 0.590359
2.32128790515 0.0974621 0.0794169 0.0751983859551 0.109716 0.124154 0.141419 0.162443 0.18861 0.222085 0.266445 0.328057 0.419462 0.569242
2.33874119767 0.0931791 0.076662 0.0726921016943 0.105005 0.118937 0.135597 0.155881 0.181126 0.21342 0.256211 0.315643 0.403808 0.548274
2.35619449019 0.0889928 0.0739243 0.0701909966532 0.100393 0.113821 0.129877 0.149425 0.173752 0.204869 0.246099 0.303358 0.388298 0.527474
2.37364778271 0.0849035 0.0712051 0.0676966704002 0.0958789 0.108806 0.124262 0.143077 0.16649 0.196437 0.236114 0.291214 0.372946 0.506861
2.39110107523 0.0809114 0.0685057 0.0652108563884 0.0914648 0.103894 0.118753 0.13684 0.159346 0.188129 0.226263 0.279217 0.357763 0.486452
2.40855436775 0.0770169 0.0658276 0.0627354501417 0.0871513 0.0990855 0.113352 0.130716 0.152322 0.179951 0.216554 0.267378 0.342762 0.466265
2.42600766027 0.0732202 0.0631727 0.0602724669755 0.082939 0.0943828 0.108062 0.12471 0.145421 0.171907 0.206992 0.255706 0.327955 0.446319
2.44346095279 0.0695214 0.0605426 0.0578240772294 0.0788286 0.0897865 0.102883 0.118822 0.138649 0.164002 0.197583 0.244208 0.313355 0.426631
2.46091424531 0.0659208 0.0579392 0.0553925358017 0.0748205 0.0852977 0.0978189 0.113055 0.132008 0.15624 0.188335 0.232893 0.298972 0.407218
2.47836753783 0.0624184 0.0553645 0.052980238522 0.0709155 0.0809177 0.0928699 0.107413 0.125501 0.148626 0.179253 0.22177 0.284819 0.388097
2.49582083035 0.0590145 0.0528206 0.0505896516853 0.0671141 0.0766473 0.0880381 0.101896 0.119132 0.141165 0.170343 0.210847 0.270907 0.369285
2.51327412287 0.055709 0.0503096 0.0482233331918 0.0634167 0.0724877 0.083325 0.0965085 0.112903 0.13386 0.161612 0.200132 0.257248 0.350798
2.53072741539 0.0525021 0.0478338 0.0458839114075 0.0598239 0.0684397 0.0787321 0.0912516 0.106819 0.126717 0.153064 0.189632 0.243851 0.332652
2.54818070791 0.0493937 0.0453953 0.0435740851638 0.056336 0.0645042 0.074261 0.0861276 0.100882 0.119739 0.144706 0.179356 0.230728 0.314863
2.56563400043 0.0463838 0.0429966 0.0412965814783 0.0529534 0.0606822 0.069913 0.0811388 0.0950951 0.11293 0.136543 0.169311 0.217889 0.297445
2.58308729295 0.0434725 0.0406399 0.0390541978343 0.0496765 0.0569744 0.0656895 0.0762871 0.089461 0.106295 0.12858 0.159503 0.205345 0.280414
2.60054058547 0.0406595 0.0383278 0.0368497176219 0.0465056 0.0533816 0.0615919 0.0715744 0.0839826 0.0998365 0.120822 0.149941 0.193104 0.263784
2.61799387799 0.0379449 0.0360627 0.0346859665106 0.043441 0.0499044 0.0576211 0.0670026 0.0786624 0.0935586 0.113275 0.140631 0.181177 0.24757
2.63544717051 0.0353285 0.0338469 0.0325657631233 0.0404828 0.0465435 0.0537786 0.0625734 0.0735029 0.0874649 0.105943 0.131579 0.169573 0.231783
2.65290046303 0.03281 0.0316829 0.0304919049432 0.0376312 0.0432995 0.0500653 0.0582885 0.0685067 0.0815585 0.0988306 0.122791 0.158301 0.216439
2.67035375555 0.0303893 0.0295731 0.0284671894536 0.0348864 0.0401729 0.0464821 0.0541495 0.0636759 0.0758428 0.0919423 0.114274 0.147368 0.201548
2.68780704807 0.0280661 0.0275199 0.0264943507187 0.0322484 0.0371641 0.04303 0.0501578 0.0590126 0.0703206 0.0852822 0.106034 0.136784 0.187123
2.70526034059 0.0258401 0.0255257 0.024576101663 0.0297173 0.0342736 0.0397099 0.0463147 0.0545189 0.0649949 0.0788543 0.0980757 0.126556 0.173176
2.72271363311 0.0237111 0.0235929 0.022715077699 0.027293 0.0315017 0.0365224 0.0426216 0.0501967 0.0598684 0.0726623 0.0904044 0.116691 0.159717
2.74016692563 0.0216785 0.0217237 0.0209138578667 0.0249754 0.0288485 0.0334683 0.0390795 0.0460478 0.0549435 0.0667097 0.0830253 0.107196 0.146757
2.75762021815 0.0197421 0.0199203 0.0191749296007 0.0227644 0.0263144 0.030548 0.0356896 0.0420736 0.0502226 0.0609999 0.0759428 0.0980781 0.134305
2.77507351067 0.0179013 0.0181848 0.0175006957771 0.0206598 0.0238994 0.0277622 0.0324526 0.0382758 0.0457078 0.0555359 0.0691612 0.0893432 0.122371
2.79252680319 0.0161558 0.0165195 0.0158934535735 0.0186615 0.0216036 0.0251111 0.0293695 0.0346556 0.0414012 0.0503205 0.0626847 0.080997 0.110963
2.80998009571 0.0145049 0.0149262 0.0143553874228 0.016769 0.0194269 0.0225952 0.026441 0.0312141 0.0373044 0.0453563 0.0565167 0.0730448 0.100089
2.82743338823 0.012948 0.0134068 0.0128885478731 0.014982 0.0173693 0.0202144 0.0236675 0.0279524 0.0334191 0.0406455 0.0506607 0.0654913 0.0897566
2.84488668075 0.0114846 0.0119631 0.0114948727276 0.0133001 0.0154306 0.0179691 0.0210494 0.0248713 0.0297465 0.0361901 0.0451195 0.058341 0.0799716
2.86233997327 0.010114 0.0105968 0.0101761165791 0.0117228 0.0136104 0.0158591 0.0185872 0.0219715 0.0262878 0.0319921 0.0398959 0.0515975 0.0707402
2.87979326579 0.00883533 0.00930942 0.00893392127552 0.0102496 0.0119084 0.0138842 0.0162809 0.0192534 0.0230439 0.0280526 0.0349918 0.0452643 0.0620676
2.89724655831 0.00764795 0.00810228 0.00776973840755 0.00887974 0.0103243 0.0120444 0.0141305 0.0167174 0.0200156 0.0243731 0.0304094 0.0393442 0.0539581
2.91469985083 0.00655096 0.00697666 0.0066848434021 0.00761262 0.00885733 0.0103392 0.0121359 0.0143635 0.0172032 0.0209543 0.0261499 0.0338394 0.0464153
2.93215314335 0.00554347 0.00593367 0.00568034961522 0.00644743 0.00750698 0.00876808 0.0102968 0.0121918 0.014607 0.0177969 0.0222144 0.0287517 0.0394421
2.94960643587 0.00462452 0.00497421 0.00475715195968 0.00538332 0.00627248 0.00733051 0.00861278 0.0102019 0.0122269 0.0149009 0.0186036 0.0240822 0.0330405
2.96705972839 0.00379307 0.00409905 0.00391595509122 0.00441933 0.00515297 0.00602572 0.00708317 0.00839338 0.0100626 0.0122665 0.0153176 0.0198316 0.0272118
2.98451302091 0.00304802 0.00330875 0.00315725226884 0.00355444 0.00414751 0.00485283 0.0057072 0.00676553 0.00811357 0.00989303 0.0123562 0.0159998 0.0219562
3.00196631343 0.00238819 0.00260368 0.00248130421515 0.00278751 0.003255 0.00381081 0.00448388 0.00531743 0.0063789 0.00777979 0.00971857 0.0125861 0.0172733
3.01941960595 0.00181229 0.00198402 0.00188815320952 0.00211729 0.00247423 0.00289846 0.00341204 0.00404789 0.00485741 0.00592555 0.00740355 0.00958921 0.0131614
3.03687289847 0.00131898 0.00144969 0.00137758785521 0.00154243 0.00180383 0.00211441 0.00249027 0.00295549 0.00354761 0.00432872 0.00540933 0.00700706 0.00961796
3.05432619099 0.000906768 0.00100042 0.000949114893214 0.00106143 0.0012423 0.00145711 0.00171698 0.00203852 0.00244766 0.00298724 0.00373356 0.00483682 0.00663943
3.07177948351 0.000574057 0.000635661 0.000601994435024 0.000672672 0.00078794 0.000924779 0.00109026 0.00129495 0.00155531 0.00189859 0.00237328 0.00307486 0.00422097
3.08923277603 0.000319101 0.00035459 0.000335155403929 0.000374332 0.000438856 0.000515418 0.000607968 0.000722397 0.000867903 0.00105969 0.00132482 0.00171659 0.00235648
3.10668606855 0.000139964 0.000156065 0.000147195535031 0.000164387 0.000192903 0.00022672 0.000267579 0.000318074 0.000382258 0.000466825 0.000583699 0.000756354 0.0010383
3.12413936107 3.44617e-05 3.85574e-05 3.62756768796e-05 4.05302e-05 4.76107e-05 5.60022e-05 6.6135e-05 7.86508e-05 9.45517e-05 0.000115494 0.000144426 0.000187154 0.000256914
3.14159265359 0.0 0.0 0.0 0.0 0.0 0.0 0.0 0.0 0.0 0.0 0.0 0.0 0.0
