alpha phi_iso phi_ray phi_vec g0=0.1 g0=0.2 g0=0.3 g0=0.4 g0=0.5 g0=0.6 g0=0.7 g0=0.8 g0=0.9 g0=1.0
0.0 1.0 1.0 1.0 1.0 1.0 1.0 1.0 1.0 1.0 1.0 1.0 1.0 1.0
0.0174532925199 0.999743 0.999641 0.999613259178 0.999754 0.999765 0.999779 0.999793 0.99981 0.999829 0.999851 0.999877 0.999908 0.999946
0.0349065850399 0.999009 0.998611 0.998496324733 0.99905 0.999096 0.999146 0.999203 0.999267 0.99934 0.999424 0.999524 0.999643 0.99979
0.0523598775598 0.997854 0.996976 0.996712798522 0.997942 0.998039 0.998147 0.998269 0.998407 0.998564 0.998747 0.998963 0.999222 0.999539
0.0698131700798 0.996319 0.994791 0.99431346791 0.996468 0.996634 0.996818 0.997025 0.99726 0.997529 0.997842 0.998211 0.998654 0.999198
0.0872664625997 0.994432 0.992092 0.991333603898 0.994656 0.994904 0.995181 0.995492 0.995845 0.996251 0.996722 0.997279 0.997949 0.998772
0.10471975512 0.992214 0.988905 0.98779838701 0.992524 0.992868 0.993252 0.993684 0.994176 0.994741 0.995399 0.996176 0.997111 0.998262
0.12217304764 0.989678 0.985248 0.983728410681 0.990086 0.990538 0.991044 0.991614 0.992263 0.99301 0.993879 0.994908 0.996147 0.997672
0.13962634016 0.986837 0.981141 0.979142604598 0.987353 0.987927 0.988568 0.989292 0.990116 0.991065 0.992172 0.993482 0.995061 0.997005
0.157079632679 0.983702 0.976599 0.974059375234 0.984337 0.985043 0.985834 0.986726 0.987743 0.988915 0.990282 0.991902 0.993856 0.996263
0.174532925199 0.980286 0.971641 0.968496904832 0.981049 0.981899 0.982851 0.983926 0.985152 0.986566 0.988218 0.990175 0.992536 0.995449
0.191986217719 0.976597 0.966282 0.962473228912 0.977499 0.978503 0.979628 0.9809 0.982352 0.984027 0.985984 0.988304 0.991106 0.994563
0.209439510239 0.972646 0.960537 0.956006219667 0.973695 0.974863 0.976174 0.977656 0.979348 0.981302 0.983586 0.986295 0.989568 0.993608
0.226892802759 0.968443 0.954423 0.949113608103 0.969648 0.97099 0.972496 0.974201 0.976149 0.978398 0.981029 0.984151 0.987925 0.992584
0.244346095279 0.963996 0.947955 0.941812992349 0.965365 0.96689 0.968603 0.970543 0.97276 0.975321 0.978318 0.981877 0.986179 0.991493
0.261799387799 0.959315 0.941147 0.93412184873 0.960855 0.962573 0.964503 0.966688 0.969188 0.972077 0.975458 0.979475 0.984333 0.990336
0.279252680319 0.954407 0.934015 0.926057562215 0.956126 0.958045 0.960201 0.962644 0.965438 0.96867 0.972453 0.97695 0.982389 0.989112
0.296705972839 0.949281 0.926573 0.917637423649 0.951186 0.953313 0.955705 0.958415 0.961517 0.965105 0.969307 0.974303 0.980348 0.987823
0.314159265359 0.943944 0.918836 0.908878649136 0.946042 0.948385 0.95102 0.954009 0.957429 0.961387 0.966024 0.971538 0.978212 0.986467
0.331612557879 0.938403 0.910817 0.89979836896 0.940701 0.943267 0.946154 0.949429 0.953179 0.957519 0.962606 0.968657 0.975983 0.985046
0.349065850399 0.932667 0.90253 0.890413633127 0.93517 0.937966 0.941113 0.944683 0.948773 0.953508 0.959058 0.965663 0.973661 0.983557
0.366519142919 0.926741 0.89399 0.880741405821 0.929455 0.932487 0.935901 0.939776 0.944215 0.949355 0.955383 0.962557 0.971247 0.982002
0.383972435439 0.920634 0.88521 0.870798557108 0.923563 0.926838 0.930526 0.934712 0.939509 0.945066 0.951584 0.959342 0.968742 0.980378
0.401425727959 0.91435 0.876204 0.86060184632 0.917501 0.921023 0.924991 0.929496 0.93466 0.940643 0.947663 0.95602 0.966147 0.978686
0.418879020479 0.907898 0.866985 0.850167916518 0.911273 0.915049 0.919303 0.924134 0.929672 0.936091 0.943622 0.952591 0.963462 0.976924
0.436332312999 0.901282 0.857566 0.839513280656 0.904887 0.908921 0.913466 0.918629 0.924549 0.931411 0.939465 0.949058 0.960687 0.975091
0.453785605519 0.894509 0.84796 0.828654304966 0.898348 0.902644 0.907485 0.912986 0.919295 0.926608 0.935194 0.945422 0.957822 0.973184
0.471238898038 0.887586 0.83818 0.81760719235 0.891662 0.896223 0.901365 0.907209 0.913912 0.921685 0.93081 0.941683 0.954868 0.971204
0.488692190558 0.880518 0.828239 0.80638796577 0.884834 0.889665 0.895112 0.901303 0.908406 0.916644 0.926317 0.937844 0.951825 0.969149
0.506145483078 0.873311 0.81815 0.795012459943 0.877869 0.882973 0.888728 0.895271 0.902779 0.911488 0.921715 0.933905 0.948691 0.967015
0.523598775598 0.865969 0.807923 0.783496296427 0.870774 0.876153 0.88222 0.889118 0.897035 0.90622 0.917007 0.929867 0.945467 0.964803
0.541052068118 0.8585 0.797573 0.77185486701 0.863552 0.869209 0.87559 0.882847 0.891177 0.900842 0.912195 0.92573 0.942153 0.96251
0.558505360638 0.850908 0.787111 0.760103325406 0.856209 0.862146 0.868844 0.876463 0.885208 0.895357 0.90728 0.921496 0.938747 0.960134
0.575958653158 0.843199 0.776547 0.748256567875 0.84875 0.854969 0.861986 0.869967 0.879131 0.889766 0.902263 0.917165 0.93525 0.957672
0.593411945678 0.835377 0.765895 0.736329208311 0.84118 0.847682 0.855018 0.863365 0.87295 0.884074 0.897147 0.912737 0.93166 0.955124
0.610865238198 0.827448 0.755164 0.724335575473 0.833504 0.840289 0.847947 0.85666 0.866666 0.878281 0.891932 0.908214 0.927977 0.952486
0.628318530718 0.819417 0.744367 0.712289690836 0.825725 0.832795 0.840774 0.849854 0.860283 0.87239 0.886621 0.903595 0.924201 0.949757
0.645771823238 0.811288 0.733513 0.70020526029 0.81785 0.825204 0.833505 0.842952 0.853804 0.866403 0.881213 0.898881 0.92033 0.946935
0.663225115758 0.803067 0.722614 0.68809565199 0.809881 0.817519 0.826142 0.835957 0.847231 0.860321 0.875711 0.894072 0.916365 0.944017
0.680678408278 0.794758 0.711679 0.675973888053 0.801824 0.809746 0.81869 0.828871 0.840567 0.854148 0.870116 0.889168 0.912303 0.941001
0.698131700798 0.786365 0.700719 0.663852627948 0.793684 0.801888 0.811152 0.821697 0.833813 0.847884 0.864429 0.884171 0.908144 0.937884
0.715584993318 0.777894 0.689743 0.651744165727 0.785463 0.793948 0.803531 0.814439 0.826974 0.841532 0.858651 0.879079 0.903887 0.934666
0.733038285838 0.769349 0.678761 0.639660407879 0.777166 0.785932 0.79583 0.8071 0.820051 0.835093 0.852783 0.873893 0.899532 0.931343
0.750491578358 0.760734 0.667782 0.627612867795 0.768798 0.777841 0.788054 0.799683 0.813047 0.82857 0.846826 0.868614 0.895077 0.927913
0.767944870878 0.752053 0.656814 0.615612660227 0.760363 0.769681 0.780206 0.79219 0.805964 0.821963 0.840782 0.863241 0.890522 0.924374
0.785398163397 0.743312 0.645867 0.603670484684 0.751864 0.761454 0.772288 0.784624 0.798804 0.815276 0.83465 0.857775 0.885866 0.920724
0.802851455917 0.734513 0.634948 0.59179661712 0.743305 0.753165 0.764304 0.776989 0.791569 0.808508 0.828433 0.852216 0.881108 0.916962
0.820304748437 0.725661 0.624065 0.580000912711 0.73469 0.744817 0.756257 0.769286 0.784262 0.801663 0.822131 0.846565 0.876247 0.913084
0.837758040957 0.71676 0.613227 0.568292792005 0.726023 0.736412 0.74815 0.761518 0.776886 0.794741 0.815746 0.84082 0.871282 0.909089
0.855211333477 0.707815 0.60244 0.556681232623 0.717307 0.727956 0.739986 0.753689 0.769441 0.787744 0.809277 0.834983 0.866214 0.904975
0.872664625997 0.698828 0.591711 0.545174774792 0.708547 0.71945 0.731768 0.7458 0.761931 0.780675 0.802727 0.829054 0.86104 0.900741
0.890117918517 0.689804 0.581048 0.533781504737 0.699745 0.710898 0.7235 0.737854 0.754357 0.773534 0.796096 0.823033 0.855761 0.896384
0.907571211037 0.680747 0.570456 0.522509065756 0.690906 0.702304 0.715183 0.729854 0.746722 0.766323 0.789386 0.81692 0.850376 0.891903
0.925024503557 0.671659 0.559942 0.511364647142 0.682033 0.693671 0.706822 0.721803 0.739028 0.759044 0.782596 0.810716 0.844884 0.887296
0.942477796077 0.662546 0.549511 0.500354984186 0.673129 0.685001 0.698418 0.713702 0.731276 0.751699 0.775729 0.804421 0.839285 0.882562
0.959931088597 0.653411 0.539169 0.489486355408 0.664197 0.676299 0.689974 0.705554 0.723469 0.744288 0.768786 0.798036 0.833579 0.8777
0.977384381117 0.644256 0.528921 0.47876459917 0.655241 0.667566 0.681494 0.697362 0.715609 0.736814 0.761766 0.79156 0.827765 0.872707
0.994837673637 0.635086 0.518772 0.468195088754 0.646264 0.658806 0.67298 0.689129 0.707697 0.729278 0.754673 0.784995 0.821842 0.867584
1.01229096616 0.625904 0.508727 0.457782760054 0.63727 0.650023 0.664435 0.680855 0.699737 0.721682 0.747506 0.778341 0.815812 0.862328
1.02974425868 0.616713 0.498788 0.447532100494 0.628261 0.641218 0.655861 0.672545 0.69173 0.714028 0.740266 0.771598 0.809673 0.85694
1.0471975512 0.607517 0.488962 0.437447154573 0.61924 0.632395 0.647261 0.6642 0.683678 0.706316 0.732956 0.764768 0.803426 0.851417
1.06465084372 0.598319 0.47925 0.427531534929 0.610211 0.623556 0.638638 0.655822 0.675582 0.698549 0.725577 0.75785 0.79707 0.84576
1.08210413624 0.589122 0.469656 0.41778842235 0.601177 0.614705 0.629994 0.647414 0.667446 0.690729 0.718128 0.750846 0.790607 0.839967
1.09955742876 0.579929 0.460184 0.408220574067 0.592141 0.605844 0.621332 0.638978 0.659271 0.682857 0.710613 0.743757 0.784035 0.834039
1.11701072128 0.570743 0.450835 0.398830329302 0.583105 0.596977 0.612654 0.630517 0.651059 0.674935 0.703032 0.736583 0.777356 0.827975
1.1344640138 0.561568 0.441613 0.389619623101 0.574073 0.588104 0.603963 0.622033 0.642812 0.666964 0.695386 0.729326 0.77057 0.821774
1.15191730632 0.552406 0.43252 0.380589986338 0.565046 0.579231 0.595262 0.613528 0.634533 0.658947 0.687677 0.721985 0.763678 0.815437
1.16937059884 0.54326 0.423556 0.371742562323 0.556029 0.570358 0.586552 0.605004 0.626223 0.650885 0.679907 0.714564 0.75668 0.808965
1.18682389136 0.534134 0.414725 0.363078106805 0.547024 0.561489 0.577837 0.596464 0.617884 0.64278 0.672077 0.707062 0.749576 0.802356
1.20427718388 0.525029 0.406026 0.35459701842 0.538033 0.552626 0.569118 0.587909 0.609518 0.634633 0.664189 0.699481 0.742369 0.795612
1.2217304764 0.515949 0.397462 0.346299322082 0.52906 0.543772 0.560399 0.579343 0.601128 0.626448 0.656243 0.691823 0.735058 0.788732
1.23918376892 0.506897 0.389032 0.338184702204 0.520106 0.534929 0.551681 0.570767 0.592716 0.618225 0.648243 0.684088 0.727646 0.781719
1.25663706144 0.497874 0.380738 0.330252511003 0.511175 0.5261 0.542967 0.562184 0.584283 0.609966 0.640189 0.676278 0.720132 0.774572
1.27409035396 0.488885 0.37258 0.322501771267 0.502269 0.517287 0.534259 0.553596 0.575832 0.601674 0.632084 0.668395 0.712519 0.767293
1.29154364648 0.47993 0.364558 0.314931201268 0.49339 0.508492 0.52556 0.545005 0.567365 0.593351 0.623929 0.660441 0.704807 0.759882
1.308996939 0.471014 0.356672 0.307539217535 0.484541 0.499719 0.516872 0.536413 0.558884 0.584998 0.615726 0.652416 0.696999 0.752341
1.32645023152 0.462138 0.348921 0.300323956998 0.475725 0.490969 0.508197 0.527823 0.550391 0.576618 0.607477 0.644324 0.689096 0.744672
1.34390352404 0.453305 0.341305 0.29328328806 0.466943 0.482245 0.499537 0.519237 0.541888 0.568212 0.599185 0.636165 0.681099 0.736875
1.36135681656 0.444517 0.333823 0.286414827208 0.458199 0.473549 0.490896 0.510657 0.533378 0.559783 0.59085 0.627943 0.673012 0.728954
1.37881010908 0.435776 0.326474 0.27971594732 0.449493 0.464883 0.482274 0.502085 0.524863 0.551332 0.582475 0.619658 0.664834 0.720909
1.3962634016 0.427085 0.319258 0.273183797037 0.44083 0.45625 0.473675 0.493524 0.516345 0.542863 0.574063 0.611313 0.65657 0.712742
1.41371669412 0.418446 0.312172 0.26681532015 0.43221 0.447652 0.4651 0.484975 0.507825 0.534377 0.565616 0.60291 0.64822 0.704457
1.43116998664 0.409862 0.305216 0.260607263897 0.423637 0.439091 0.456552 0.476442 0.499308 0.525877 0.557135 0.594452 0.639787 0.696055
1.44862327916 0.401333 0.298388 0.254556192809 0.415112 0.430569 0.448033 0.467925 0.490793 0.517365 0.548624 0.58594 0.631275 0.687539
1.46607657168 0.392864 0.291686 0.248658513624 0.406638 0.422088 0.439545 0.459428 0.482285 0.508842 0.540084 0.577378 0.622684 0.678911
1.4835298642 0.384454 0.285108 0.242910483589 0.398215 0.413651 0.43109 0.450953 0.473785 0.500312 0.531518 0.568768 0.614018 0.670174
1.50098315672 0.376108 0.278653 0.237308227075 0.389848 0.40526 0.422671 0.442501 0.465295 0.491777 0.522928 0.560112 0.60528 0.661332
1.51843644924 0.367826 0.272319 0.231847752184 0.381537 0.396916 0.414289 0.434075 0.456818 0.483239 0.514318 0.551413 0.596472 0.652387
1.53588974176 0.35961 0.266103 0.226524961819 0.373285 0.388622 0.405947 0.425678 0.448356 0.474701 0.505689 0.542674 0.587598 0.643343
1.55334303427 0.351462 0.260003 0.221335678606 0.365093 0.38038 0.397647 0.417311 0.439911 0.466165 0.497044 0.533897 0.57866 0.634202
1.57079632679 0.343385 0.254017 0.216275647657 0.356963 0.372191 0.389391 0.408976 0.431486 0.457633 0.488385 0.525086 0.569661 0.624969
1.58824961931 0.335379 0.248143 0.211340561485 0.348898 0.364057 0.38118 0.400676 0.423083 0.449108 0.479716 0.516243 0.560605 0.615647
1.60570291183 0.327447 0.242377 0.206526068312 0.340898 0.355982 0.373017 0.392413 0.414704 0.440593 0.471039 0.507372 0.551496 0.606239
1.62315620435 0.31959 0.236719 0.201827788675 0.332967 0.347965 0.364904 0.38419 0.406351 0.43209 0.462358 0.498475 0.542336 0.59675
1.64060949687 0.311811 0.231164 0.197241334807 0.325105 0.34001 0.356843 0.376007 0.398028 0.423602 0.453674 0.489556 0.533129 0.587184
1.65806278939 0.304109 0.225712 0.192762313406 0.317314 0.332119 0.348837 0.367868 0.389736 0.415131 0.444991 0.480618 0.52388 0.577545
1.67551608191 0.296488 0.220358 0.188386347777 0.309596 0.324292 0.340886 0.359775 0.381478 0.40668 0.436311 0.471665 0.51459 0.567837
1.69296937443 0.288949 0.215101 0.184109091679 0.301953 0.316532 0.332993 0.35173 0.373256 0.398251 0.427638 0.462698 0.505266 0.558065
1.71042266695 0.281492 0.209939 0.179926232087 0.294386 0.30884 0.325159 0.343734 0.365072 0.389848 0.418975 0.453723 0.495909 0.548232
1.72787595947 0.27412 0.204868 0.175833511347 0.286897 0.301219 0.317388 0.33579 0.356929 0.381472 0.410324 0.444741 0.486524 0.538344
1.74532925199 0.266834 0.199886 0.171826738241 0.279487 0.29367 0.30968 0.3279 0.34883 0.373127 0.401689 0.435758 0.477115 0.528405
1.76278254451 0.259635 0.19499 0.167901796295 0.272158 0.286194 0.302037 0.320067 0.340776 0.364816 0.393073 0.426776 0.467687 0.51842
1.78023583703 0.252524 0.190179 0.164054649319 0.264911 0.278793 0.294462 0.312292 0.332769 0.35654 0.384478 0.417799 0.458243 0.508395
1.79768912955 0.245503 0.18545 0.160281369083 0.257748 0.271469 0.286956 0.304577 0.324814 0.348303 0.375908 0.40883 0.448787 0.498333
1.81514242207 0.238573 0.180799 0.156578127021 0.250669 0.264224 0.279521 0.296925 0.31691 0.340107 0.367366 0.399873 0.439325 0.488239
1.83259571459 0.231734 0.176226 0.15294121083 0.243677 0.257058 0.272158 0.289337 0.309062 0.331955 0.358855 0.390932 0.429859 0.47812
1.85004900711 0.224989 0.171728 0.149367032786 0.236773 0.249974 0.26487 0.281815 0.301271 0.323849 0.350379 0.382011 0.420395 0.46798
1.86750229963 0.218338 0.167302 0.145852140809 0.229957 0.242972 0.257658 0.274362 0.29354 0.315794 0.341939 0.373112 0.410937 0.457824
1.88495559215 0.211782 0.162947 0.142393221235 0.223231 0.236055 0.250523 0.266979 0.285871 0.30779 0.333541 0.364241 0.401489 0.447658
1.90240888467 0.205323 0.15866 0.13898710989 0.216597 0.229224 0.243469 0.259669 0.278266 0.299841 0.325187 0.3554 0.392056 0.437488
1.91986217719 0.19896 0.15444 0.135630792086 0.210054 0.222479 0.236495 0.252433 0.270727 0.29195 0.316879 0.346594 0.382642 0.427318
1.93731546971 0.192695 0.150284 0.132321419236 0.203606 0.215823 0.229604 0.245274 0.263258 0.28412 0.308622 0.337827 0.373252 0.417154
1.95476876223 0.186529 0.146191 0.129056306081 0.197251 0.209257 0.222797 0.238192 0.25586 0.276352 0.300419 0.329101 0.363891 0.407001
1.97222205475 0.180463 0.142159 0.125832927926 0.190992 0.202782 0.216076 0.231191 0.248535 0.26865 0.292272 0.320422 0.354563 0.396866
1.98967534727 0.174497 0.138187 0.122648942783 0.18483 0.196398 0.209443 0.224271 0.241285 0.261016 0.284185 0.311792 0.345272 0.386753
2.00712863979 0.168631 0.134272 0.119502183066 0.178765 0.190108 0.202898 0.217435 0.234114 0.253454 0.276161 0.303216 0.336024 0.376668
2.02458193231 0.162868 0.130414 0.116390658364 0.172798 0.183913 0.196443 0.210685 0.227022 0.245965 0.268203 0.294698 0.326823 0.366618
2.04203522483 0.157206 0.126612 0.113312555434 0.16693 0.177813 0.19008 0.204021 0.220012 0.238552 0.260315 0.286241 0.317673 0.356606
2.05948851735 0.151648 0.122863 0.110266249282 0.161162 0.171809 0.18381 0.197447 0.213087 0.231218 0.252499 0.277849 0.308579 0.34664
2.07694180987 0.146192 0.119168 0.107250292081 0.155494 0.165903 0.177634 0.190963 0.206248 0.223965 0.244759 0.269525 0.299546 0.336725
2.09439510239 0.14084 0.115525 0.104263424252 0.149928 0.160096 0.171554 0.184571 0.199497 0.216796 0.237098 0.261275 0.290579 0.326866
2.11184839491 0.135593 0.111932 0.10130455785 0.144464 0.154389 0.165571 0.178273 0.192837 0.209714 0.229518 0.253101 0.281681 0.317069
2.12930168743 0.13045 0.108391 0.098372798713 0.139103 0.148781 0.159685 0.17207 0.186269 0.202721 0.222023 0.245007 0.272858 0.30734
2.14675497995 0.125412 0.104899 0.0954674187751 0.133845 0.143276 0.153899 0.165965 0.179795 0.195818 0.214617 0.236996 0.264113 0.297683
2.16420827247 0.120479 0.101456 0.0925878754484 0.12869 0.137872 0.148214 0.159957 0.173417 0.18901 0.2073 0.229074 0.255453 0.288106
2.18166156499 0.115652 0.0980624 0.089733792243 0.12364 0.132571 0.142629 0.15405 0.167137 0.182297 0.200078 0.221242 0.24688 0.278612
2.19911485751 0.11093 0.0947171 0.0869049670726 0.118694 0.127374 0.137148 0.148243 0.160958 0.175683 0.192952 0.213504 0.238399 0.269208
2.21656815003 0.106314 0.0914201 0.0841013639491 0.113853 0.122281 0.131769 0.14254 0.154879 0.169169 0.185926 0.205865 0.230015 0.259899
2.23402144255 0.101804 0.0881712 0.0813231046781 0.109118 0.117292 0.126495 0.13694 0.148904 0.162758 0.179001 0.198328 0.221732 0.25069
2.25147473507 0.0973994 0.0849706 0.078570463322 0.104488 0.11241 0.121326 0.131445 0.143034 0.156452 0.172182 0.190895 0.213554 0.241587
2.26892802759 0.0931011 0.0818182 0.075843874505 0.0999644 0.107633 0.116264 0.126056 0.137271 0.150253 0.16547 0.183571 0.205486 0.232595
2.28638132011 0.0889088 0.0787142 0.0731439084985 0.095547 0.102963 0.111308 0.120775 0.131616 0.144163 0.158868 0.176358 0.197531 0.223718
2.30383461263 0.0848222 0.0756589 0.070471273989 0.0912358 0.0984 0.10646 0.115603 0.126071 0.138184 0.152379 0.16926 0.189693 0.214963
2.32128790515 0.0808414 0.0726526 0.0678268125419 0.0870312 0.0939443 0.101721 0.11054 0.120637 0.132319 0.146006 0.162281 0.181977 0.206333
2.33874119767 0.0769661 0.0696958 0.0652114847598 0.0829331 0.0895962 0.0970904 0.105588 0.115315 0.126567 0.13975 0.155422 0.174386 0.197834
2.35619449019 0.0731962 0.066789 0.062626373051 0.0789415 0.0853561 0.0925696 0.100748 0.110107 0.120933 0.133614 0.148687 0.166924 0.18947
2.37364778271 0.0695313 0.0639327 0.0600726622507 0.0750565 0.0812242 0.0881589 0.0960199 0.105014 0.115417 0.1276 0.142079 0.159595 0.181247
2.39110107523 0.0659711 0.0611276 0.0575516368537 0.0712779 0.0772007 0.0838589 0.0914051 0.100038 0.110021 0.12171 0.135601 0.152403 0.173168
2.40855436775 0.0625154 0.0583744 0.0550646699402 0.0676056 0.0732857 0.0796699 0.0869044 0.0951792 0.104746 0.115947 0.129255 0.14535 0.165238
2.42600766027 0.0591638 0.055674 0.0526132176399 0.0640396 0.0694794 0.0755925 0.0825185 0.090439 0.0995949 0.110312 0.123044 0.13844 0.157462
2.44346095279 0.0559157 0.053027 0.0501988108266 0.0605795 0.0657818 0.0716268 0.0782479 0.0858184 0.0945681 0.104808 0.116971 0.131677 0.149843
2.46091424531 0.0527707 0.0504345 0.0478230385087 0.057225 0.0621928 0.0677731 0.0740932 0.0813182 0.0896671 0.0994365 0.111038 0.125063 0.142385
2.47836753783 0.0497282 0.0478973 0.0454875450606 0.053976 0.0587123 0.0640317 0.070055 0.0769394 0.0848933 0.0941988 0.105248 0.118602 0.135093
2.49582083035 0.0467877 0.0454163 0.0431940136132 0.0508319 0.0553403 0.0604026 0.0661337 0.0726828 0.0802478 0.0890967 0.0996018 0.112296 0.127971
2.51327412287 0.0439486 0.0429926 0.0409441660535 0.0477924 0.0520764 0.0568859 0.0623296 0.068549 0.0757317 0.0841319 0.0941025 0.106149 0.121021
2.53072741539 0.0412101 0.040627 0.0387397491833 0.0448569 0.0489206 0.0534816 0.058643 0.0645386 0.0713461 0.0793058 0.0887518 0.100162 0.114247
2.54818070791 0.0385715 0.0383207 0.0365825153412 0.042025 0.0458724 0.0501896 0.0550741 0.0606522 0.0670917 0.0746197 0.0835515 0.0943389 0.107652
2.56563400043 0.0360322 0.0360746 0.0344742279388 0.0392961 0.0429314 0.0470099 0.0516231 0.0568903 0.0629695 0.0700748 0.0785035 0.0886813 0.10124
2.58308729295 0.0335911 0.0338898 0.0324166365463 0.0366695 0.0400974 0.0439421 0.04829 0.0532531 0.0589802 0.0656724 0.0736094 0.0831915 0.0950129
2.60054058547 0.0312476 0.0317673 0.0304114851972 0.0341446 0.0373698 0.0409862 0.0450749 0.0497412 0.0551243 0.0614134 0.0688706 0.0778718 0.0889742
2.61799387799 0.0290006 0.0297081 0.0284604764005 0.0317207 0.034748 0.0381418 0.0419777 0.0463545 0.0514025 0.0572986 0.0642885 0.0727237 0.0831261
2.63544717051 0.0268493 0.0277131 0.0265652905185 0.0293969 0.0322315 0.0354084 0.0389983 0.0430933 0.0478151 0.0533291 0.0598643 0.0677493 0.0774711
2.65290046303 0.0247927 0.0257834 0.0247275497795 0.0271724 0.0298196 0.0327856 0.0361364 0.0399575 0.0443626 0.0495052 0.0555991 0.0629499 0.0720112
2.67035375555 0.0228296 0.0239199 0.02294882935 0.0250464 0.0275116 0.0302729 0.0333916 0.0369471 0.0410449 0.0458277 0.0514938 0.0583269 0.0667484
2.68780704807 0.0209589 0.0221234 0.0212306351893 0.0230178 0.0253066 0.0278697 0.0307636 0.034062 0.0378624 0.0422969 0.0475491 0.0538816 0.0616844
2.70526034059 0.0191797 0.0203949 0.0195743957439 0.0210856 0.0232039 0.0255752 0.0282519 0.0313018 0.0348149 0.0389131 0.0437657 0.0496151 0.0568208
2.72271363311 0.0174905 0.018735 0.0179814619477 0.0192489 0.0212025 0.0233889 0.025856 0.0286662 0.0319024 0.0356765 0.0401441 0.0455281 0.052159
2.74016692563 0.0158903 0.0171445 0.0164530878439 0.0175065 0.0193015 0.0213097 0.0235751 0.0261548 0.0291246 0.032587 0.0366846 0.0416214 0.0477
2.75762021815 0.0143776 0.0156241 0.0149904250482 0.0158572 0.0174998 0.0193369 0.0214086 0.023767 0.0264811 0.0296446 0.0333874 0.0378954 0.0434447
2.77507351067 0.0129513 0.0141744 0.0135945199809 0.0142997 0.0157963 0.0174695 0.0193556 0.0215021 0.0239716 0.026849 0.0302524 0.0343504 0.0393937
2.79252680319 0.0116098 0.0127959 0.0122663000247 0.0128329 0.0141898 0.0157064 0.0174153 0.0193595 0.0215954 0.0241999 0.0272795 0.0309866 0.0355476
2.80998009571 0.0103518 0.0114891 0.0110065624522 0.0114554 0.0126792 0.0140465 0.0155866 0.0173381 0.0193519 0.0216967 0.0244684 0.0278039 0.0319066
2.82743338823 0.00917582 0.0102542 0.00981597719369 0.0101657 0.0112631 0.0124886 0.0138685 0.0154372 0.0172401 0.0193387 0.0218186 0.0248019 0.0284704
2.84488668075 0.00808023 0.00909149 0.00869507022759 0.00896247 0.00994009 0.0110314 0.0122597 0.0136556 0.0152592 0.0171252 0.0193294 0.0219803 0.0252389
2.86233997327 0.0070635 0.00800114 0.00764422358028 0.00784414 0.00870879 0.00967357 0.0107591 0.0119921 0.013408 0.0150551 0.0169999 0.0193381 0.0222116
2.87979326579 0.00612396 0.00698314 0.00666366425295 0.00680912 0.00756767 0.00841366 0.00936509 0.0104453 0.0116854 0.0131273 0.0148292 0.0168747 0.0193875
2.89724655831 0.00525996 0.00603743 0.00575345868496 0.0058558 0.00651514 0.00725015 0.00807638 0.00901406 0.01009 0.0113405 0.012816 0.0145887 0.0167656
2.91469985083 0.00446971 0.00516377 0.00491350721726 0.00498246 0.00554955 0.00618141 0.00689134 0.00769666 0.00862031 0.00969335 0.0109589 0.0124788 0.0143447
2.93215314335 0.00375145 0.00436183 0.00414353855574 0.00418733 0.00466916 0.00520574 0.00580831 0.0064915 0.0072747 0.00818418 0.00925639 0.0105435 0.0121231
2.94960643587 0.00310329 0.00363113 0.00344310423464 0.0034686 0.00387217 0.00432135 0.00482551 0.00539682 0.00605143 0.00681123 0.00770657 0.00878095 0.0100989
2.96705972839 0.00252333 0.00297105 0.0028115703116 0.00282434 0.00315669 0.00352636 0.00394105 0.00441072 0.00494858 0.00557255 0.00630749 0.007189 0.0082699
2.98451302091 0.00200959 0.00238084 0.00224811459939 0.0022526 0.00252073 0.0028188 0.00315295 0.00353118 0.00396409 0.00446604 0.00505696 0.00576539 0.0066337
3.00196631343 0.00156002 0.00185956 0.00175172112926 0.00175132 0.00196225 0.00219657 0.00245909 0.00275605 0.00309574 0.00348938 0.00395254 0.00450754 0.00518747
3.01941960595 0.0011725 0.00140614 0.00132116630942 0.00131837 0.00147908 0.00165749 0.00185722 0.00208302 0.00234113 0.00264006 0.00299158 0.00341258 0.0039281
3.03687289847 0.000844847 0.00101931 0.000955018925048 0.000951529 0.00106898 0.00119925 0.00134499 0.00150963 0.0016977 0.00191537 0.00217118 0.00247738 0.00285212
3.05432619099 0.000574771 0.000697624 0.00065162906505 0.000648486 0.00072957 0.000819433 0.000919881 0.00103326 0.00116269 0.00131238 0.00148818 0.00169848 0.00195571
3.07177948351 0.000359898 0.000439445 0.000409103207296 0.000406816 0.000458373 0.000515459 0.000579212 0.000651112 0.00073312 0.000827891 0.000939117 0.00107208 0.00123462
3.08923277603 0.000197738 0.0002429 0.000225301450315 0.000223967 0.000252759 0.000284605 0.000320134 0.000360165 0.000405782 0.000458454 0.000520222 0.000594007 0.000684146
3.10668606855 8.56513e-05 0.000105858 9.77904520725e-05 9.7228e-05 0.00010992 0.000123941 0.000139567 0.000157152 0.000177171 0.000200264 0.00022732 0.000259613 0.000299034
3.12413936107 2.0798e-05 2.58686e-05 2.37852955189e-05 2.36689e-05 2.68116e-05 3.02786e-05 3.41368e-05 3.84734e-05 4.3404e-05 4.90851e-05 5.57342e-05 6.36626e-05 7.33325e-05
3.14159265359 0.0 0.0 0.0 0.0 0.0 0.0 0.0 0.0 0.0 0.0 0.0 0.0 0.0
