alpha phi_iso phi_ray phi_vec g0=0.1 g0=0.2 g0=0.3 g0=0.4 g0=0.5 g0=0.6 g0=0.7 g0=0.8 g0=0.9 g0=1.0
0.0 1.0 1.0 1.0 1.0 1.0 1.0 1.0 1.0 1.0 1.0 1.0 1.0 1.0
0.0174532925199 0.999718 0.9996 0.999578346544 0.999731 0.999745 0.999762 0.999781 0.999803 0.999829 0.999861 0.999901 0.999953 1.00002
0.0349065850399 0.998921 0.998456 0.998365218187 0.99897 0.999025 0.999087 0.99916 0.999246 0.999347 0.999472 0.999627 0.999828 1.0001
0.0523598775598 0.997676 0.99665 0.996437086673 0.997781 0.9979 0.998036 0.998193 0.998379 0.9986 0.99887 0.999209 0.999646 1.00024
0.0698131700798 0.996037 0.994245 0.993854887027 0.996216 0.99642 0.996653 0.996923 0.997241 0.997622 0.998087 0.998669 0.999423 1.00044
0.0872664625997 0.994038 0.991284 0.990660373931 0.994308 0.994615 0.994968 0.995376 0.995858 0.996435 0.99714 0.998024 0.99917 1.00072
0.10471975512 0.991703 0.987799 0.986882764794 0.99208 0.992509 0.993001 0.993572 0.994246 0.995054 0.996043 0.997284 0.998892 1.00107
0.12217304764 0.989049 0.983812 0.982545459309 0.989548 0.990115 0.990767 0.991525 0.992419 0.993492 0.994806 0.996457 0.998597 1.00149
0.13962634016 0.986091 0.979342 0.97766969918 0.986726 0.987448 0.988278 0.989245 0.990386 0.991757 0.993437 0.995548 0.998287 1.00199
0.157079632679 0.982842 0.97441 0.972275949073 0.983626 0.984519 0.985547 0.986744 0.988159 0.989859 0.991943 0.994564 0.997966 1.00257
0.174532925199 0.979314 0.969036 0.966384331436 0.980261 0.981341 0.982584 0.984033 0.985746 0.987805 0.990332 0.993511 0.997638 1.00322
0.191986217719 0.97552 0.963236 0.960014686891 0.976643 0.977923 0.979399 0.98112 0.983156 0.985604 0.988609 0.992391 0.997304 1.00396
0.209439510239 0.971469 0.957029 0.953186598387 0.97278 0.974276 0.976001 0.978014 0.980395 0.983261 0.986779 0.99121 0.996966 1.00476
0.226892802759 0.967173 0.950433 0.945919407309 0.968685 0.97041 0.9724 0.974722 0.977472 0.980782 0.984848 0.989969 0.996626 1.00564
0.244346095279 0.962642 0.943465 0.938232229581 0.964365 0.966332 0.968603 0.971254 0.974393 0.978174 0.98282 0.988673 0.996283 1.0066
0.261799387799 0.957885 0.936141 0.930143991897 0.95983 0.962053 0.964618 0.967614 0.971165 0.975441 0.980698 0.987322 0.995938 1.00762
0.279252680319 0.952911 0.928478 0.921673455886 0.955089 0.957578 0.960453 0.963812 0.967792 0.972589 0.978486 0.98592 0.995591 1.0087
0.296705972839 0.947728 0.920493 0.912839234206 0.950149 0.952917 0.956114 0.959851 0.964281 0.969621 0.976188 0.984467 0.995241 1.00985
0.314159265359 0.942345 0.912202 0.903659802632 0.945018 0.948076 0.951608 0.955739 0.960636 0.966541 0.973804 0.982964 0.994886 1.01105
0.331612557879 0.936769 0.903619 0.894153520178 0.939704 0.943061 0.946942 0.95148 0.956862 0.963353 0.971339 0.981412 0.994525 1.01231
0.349065850399 0.931008 0.894762 0.884338617027 0.934213 0.93788 0.94212 0.947079 0.952963 0.960059 0.968793 0.979811 0.994156 1.01362
0.366519142919 0.925068 0.885645 0.874233194524 0.928552 0.932539 0.937149 0.942543 0.948943 0.956664 0.966169 0.978161 0.993778 1.01497
0.383972435439 0.918958 0.876283 0.863855237257 0.922728 0.927043 0.932033 0.937874 0.944806 0.95317 0.963467 0.976462 0.993386 1.01635
0.401425727959 0.912683 0.866692 0.853222576825 0.916746 0.921398 0.926779 0.933078 0.940554 0.949578 0.960689 0.974713 0.99298 1.01777
0.418879020479 0.906251 0.856887 0.842352903909 0.910613 0.91561 0.92139 0.928158 0.936193 0.945891 0.957835 0.972913 0.992555 1.01922
0.436332312999 0.899666 0.846881 0.831263752176 0.904335 0.909683 0.915872 0.923118 0.931723 0.942111 0.954906 0.971061 0.992108 1.02068
0.453785605519 0.892936 0.83669 0.819972474118 0.897917 0.903624 0.910228 0.917963 0.927149 0.93824 0.951903 0.969156 0.991636 1.02216
0.471238898038 0.886067 0.826328 0.808496237024 0.891365 0.897436 0.904464 0.912695 0.922473 0.93428 0.948826 0.967196 0.991135 1.02364
0.488692190558 0.879063 0.815809 0.79685200688 0.884684 0.891125 0.898582 0.907319 0.917697 0.930231 0.945674 0.96518 0.990601 1.02512
0.506145483078 0.871931 0.805147 0.785056520184 0.877879 0.884695 0.892588 0.901836 0.912823 0.926095 0.942448 0.963106 0.990031 1.0266
0.523598775598 0.864676 0.794354 0.773126291998 0.870954 0.878151 0.886485 0.896251 0.907855 0.921872 0.939148 0.960972 0.989419 1.02806
0.541052068118 0.857304 0.783446 0.761077567636 0.863916 0.871497 0.880276 0.890566 0.902793 0.917565 0.935772 0.958775 0.988762 1.02949
0.558505360638 0.849818 0.772434 0.748926342794 0.856768 0.864736 0.873966 0.884783 0.89764 0.913174 0.932321 0.956514 0.988055 1.0309
0.575958653158 0.842226 0.761332 0.736688307182 0.849515 0.857874 0.867556 0.878907 0.892397 0.908698 0.928794 0.954187 0.987294 1.03227
0.593411945678 0.834531 0.750153 0.724378868687 0.842162 0.850913 0.861052 0.872938 0.887067 0.90414 0.92519 0.95179 0.986474 1.03359
0.610865238198 0.826738 0.738908 0.712013101026 0.834712 0.843858 0.854456 0.86688 0.88165 0.8995 0.921508 0.949322 0.985591 1.03487
0.628318530718 0.818852 0.72761 0.69960575583 0.827171 0.836713 0.84777 0.860735 0.876148 0.894777 0.917748 0.94678 0.984639 1.03608
0.645771823238 0.810877 0.71627 0.687171230433 0.819542 0.829481 0.840999 0.854505 0.870563 0.889973 0.913908 0.94416 0.983614 1.03722
0.663225115758 0.802819 0.704901 0.674723567871 0.811829 0.822165 0.834144 0.848192 0.864896 0.885087 0.909988 0.941462 0.982511 1.03829
0.680678408278 0.794681 0.693513 0.662276424676 0.804036 0.814769 0.827209 0.841799 0.859148 0.88012 0.905986 0.938681 0.981325 1.03927
0.698131700798 0.786467 0.682117 0.649843078927 0.796167 0.807297 0.820197 0.835327 0.85332 0.875072 0.901901 0.935816 0.980052 1.04017
0.715584993318 0.778182 0.670724 0.637436394011 0.788226 0.799751 0.81311 0.828779 0.847413 0.869944 0.897732 0.932862 0.978686 1.04096
0.733038285838 0.769831 0.659344 0.625068830709 0.780216 0.792134 0.80595 0.822156 0.84143 0.864734 0.893478 0.929819 0.977223 1.04165
0.750491578358 0.761416 0.647987 0.612752419009 0.772142 0.784451 0.798721 0.81546 0.835369 0.859443 0.889138 0.926682 0.975658 1.04222
0.767944870878 0.752942 0.636663 0.600498754077 0.764006 0.776703 0.791424 0.808693 0.829234 0.854072 0.884711 0.92345 0.973987 1.04267
0.785398163397 0.744413 0.62538 0.588318988211 0.755812 0.768894 0.784062 0.801857 0.823024 0.84862 0.880195 0.920119 0.972204 1.043
0.802851455917 0.735832 0.614148 0.576223826812 0.747563 0.761027 0.776638 0.794953 0.81674 0.843087 0.875589 0.916688 0.970305 1.04318
0.820304748437 0.727204 0.602975 0.564223500199 0.739263 0.753104 0.769154 0.787984 0.810384 0.837473 0.870893 0.913152 0.968286 1.04323
0.837758040957 0.718532 0.59187 0.552327783742 0.730915 0.745129 0.761611 0.78095 0.803956 0.831778 0.866104 0.90951 0.966142 1.04312
0.855211333477 0.709819 0.58084 0.540545977734 0.722522 0.737104 0.754013 0.773853 0.797457 0.826003 0.861223 0.90576 0.963868 1.04286
0.872664625997 0.70107 0.569892 0.528886899333 0.714088 0.729032 0.746361 0.766696 0.790888 0.820147 0.856247 0.901898 0.961462 1.04243
0.890117918517 0.692287 0.559034 0.517358894645 0.705615 0.720915 0.738658 0.759479 0.78425 0.81421 0.851175 0.897923 0.958917 1.04183
0.907571211037 0.683473 0.548273 0.505969810539 0.697106 0.712756 0.730906 0.752204 0.777544 0.808192 0.846008 0.893831 0.956231 1.04106
0.925024503557 0.674633 0.537614 0.494727014777 0.688564 0.704558 0.723107 0.744873 0.77077 0.802094 0.840743 0.889622 0.953399 1.0401
0.942477796077 0.66577 0.527064 0.48363739199 0.679993 0.696323 0.715262 0.737487 0.76393 0.795915 0.83538 0.885292 0.950419 1.03895
0.959931088597 0.656886 0.516628 0.4727073316 0.671395 0.688054 0.707375 0.730047 0.757024 0.789655 0.829919 0.88084 0.947285 1.03761
0.977384381117 0.647985 0.506312 0.461942735869 0.662774 0.679753 0.699446 0.722556 0.750054 0.783315 0.824357 0.876264 0.943995 1.03607
0.994837673637 0.639069 0.49612 0.451349023928 0.65413 0.671422 0.691478 0.715015 0.74302 0.776895 0.818695 0.871561 0.940545 1.03433
1.01229096616 0.630143 0.486058 0.440931135802 0.645469 0.663065 0.683473 0.707424 0.735923 0.770395 0.812933 0.866732 0.936933 1.03237
1.02974425868 0.621209 0.476128 0.43069352033 0.636791 0.654682 0.675433 0.699786 0.728764 0.763815 0.807068 0.861772 0.933155 1.0302
1.0471975512 0.61227 0.466335 0.420640163352 0.628101 0.646278 0.66736 0.692103 0.721544 0.757157 0.801102 0.856682 0.929209 1.02781
1.06465084372 0.603328 0.456683 0.410774571602 0.6194 0.637853 0.659256 0.684375 0.714264 0.750419 0.795033 0.85146 0.925092 1.02519
1.08210413624 0.594387 0.447173 0.401099796862 0.610691 0.62941 0.651123 0.676604 0.706925 0.743602 0.788862 0.846104 0.920801 1.02235
1.09955742876 0.585449 0.43781 0.391618419863 0.601976 0.620952 0.642962 0.668792 0.699528 0.736708 0.782588 0.840614 0.916334 1.01927
1.11701072128 0.576518 0.428595 0.382332590543 0.593259 0.61248 0.634775 0.66094 0.692075 0.729736 0.77621 0.834989 0.91169 1.01596
1.1344640138 0.567595 0.419531 0.373243999864 0.584541 0.603997 0.626565 0.65305 0.684566 0.722688 0.76973 0.829227 0.906866 1.01241
1.15191730632 0.558683 0.410619 0.364353920072 0.575825 0.595506 0.618333 0.645124 0.677002 0.715564 0.763147 0.823329 0.901861 1.00862
1.16937059884 0.549786 0.401861 0.355663192624 0.567113 0.587007 0.610082 0.637162 0.669386 0.708364 0.756462 0.817294 0.896673 1.00459
1.18682389136 0.540905 0.393257 0.347172252338 0.558408 0.578504 0.601813 0.629168 0.661717 0.701089 0.749674 0.81112 0.891302 1.00031
1.20427718388 0.532043 0.384808 0.338881139474 0.549712 0.569998 0.593528 0.621141 0.653998 0.693742 0.742784 0.804809 0.885746 0.995775
1.2217304764 0.523203 0.376516 0.330789491684 0.541027 0.561492 0.585228 0.613084 0.646229 0.686321 0.735793 0.798361 0.880004 0.990993
1.23918376892 0.514387 0.36838 0.322896580244 0.532356 0.552988 0.576917 0.604999 0.638412 0.678829 0.728701 0.791774 0.874076 0.985959
1.25663706144 0.505596 0.360399 0.315201318106 0.523701 0.544487 0.568595 0.596886 0.630549 0.671267 0.721509 0.78505 0.867961 0.980673
1.27409035396 0.496835 0.352574 0.307702259902 0.515064 0.535992 0.560265 0.588749 0.622641 0.663635 0.714218 0.778189 0.86166 0.975132
1.29154364648 0.488104 0.344905 0.300397634146 0.506447 0.527505 0.551928 0.580589 0.614689 0.655936 0.706829 0.771191 0.855173 0.969336
1.308996939 0.479407 0.337389 0.293285339215 0.497852 0.519028 0.543587 0.572406 0.606696 0.648169 0.699342 0.764058 0.848499 0.963285
1.32645023152 0.470745 0.330026 0.286362975553 0.489281 0.510563 0.535243 0.564204 0.598662 0.640338 0.69176 0.75679 0.841639 0.956979
1.34390352404 0.46212 0.322815 0.279627849698 0.480738 0.502111 0.526898 0.555984 0.590589 0.632443 0.684084 0.749388 0.834595 0.950419
1.36135681656 0.453535 0.315754 0.273076998442 0.472223 0.493676 0.518555 0.547748 0.58248 0.624486 0.676314 0.741854 0.827367 0.943605
1.37881010908 0.444992 0.308841 0.266707192853 0.463738 0.485258 0.510214 0.539497 0.574335 0.616469 0.668453 0.734189 0.819956 0.936538
1.3962634016 0.436492 0.302075 0.260514962431 0.455287 0.476861 0.501879 0.531234 0.566158 0.608394 0.660502 0.726395 0.812364 0.92922
1.41371669412 0.428039 0.295453 0.25449661927 0.446869 0.468485 0.493551 0.522961 0.557948 0.600261 0.652463 0.718473 0.804593 0.921651
1.43116998664 0.419633 0.288972 0.248648254026 0.438489 0.460133 0.485231 0.514679 0.54971 0.592074 0.644338 0.710425 0.796644 0.913834
1.44862327916 0.411277 0.282631 0.242965776181 0.430147 0.451807 0.476923 0.50639 0.541443 0.583834 0.636129 0.702254 0.78852 0.905771
1.46607657168 0.402972 0.276427 0.237444905992 0.421846 0.443509 0.468627 0.498097 0.533152 0.575543 0.627838 0.693961 0.780222 0.897465
1.4835298642 0.394721 0.270356 0.232081214747 0.413587 0.43524 0.460346 0.489801 0.524837 0.567204 0.619468 0.685549 0.771754 0.888918
1.50098315672 0.386525 0.264417 0.226870128799 0.405372 0.427003 0.452082 0.481504 0.5165 0.558818 0.61102 0.67702 0.763118 0.880134
1.51843644924 0.378386 0.258606 0.221806949687 0.397203 0.418799 0.443837 0.473209 0.508145 0.550389 0.602497 0.668378 0.754318 0.871115
1.53588974176 0.370306 0.25292 0.216886866223 0.389082 0.410631 0.435613 0.464918 0.499773 0.541918 0.593902 0.659625 0.745356 0.861866
1.55334303427 0.362287 0.247355 0.212104974616 0.381011 0.4025 0.427411 0.456632 0.491387 0.533408 0.585238 0.650764 0.736236 0.852391
1.57079632679 0.354329 0.241909 0.207456306659 0.372992 0.394407 0.419234 0.448354 0.482988 0.524861 0.576507 0.641798 0.726961 0.842693
1.58824961931 0.346436 0.236578 0.202935821675 0.365025 0.386356 0.411083 0.440086 0.474578 0.51628 0.567712 0.63273 0.717535 0.832778
1.60570291183 0.338607 0.231359 0.198538446777 0.357113 0.378347 0.402961 0.43183 0.466162 0.507667 0.558856 0.623565 0.707962 0.822649
1.62315620435 0.330846 0.226248 0.19425906882 0.349258 0.370384 0.39487 0.423589 0.45774 0.499026 0.549943 0.614305 0.698248 0.812313
1.64060949687 0.323154 0.221242 0.190092574654 0.341461 0.362466 0.386812 0.415365 0.449317 0.49036 0.540975 0.604954 0.688395 0.801774
1.65806278939 0.315531 0.216337 0.186033847109 0.333724 0.354597 0.378789 0.407159 0.440893 0.481671 0.531957 0.595517 0.678409 0.791039
1.67551608191 0.30798 0.211531 0.182077801219 0.326049 0.346778 0.370802 0.398975 0.432472 0.472962 0.52289 0.585997 0.668294 0.780112
1.69296937443 0.300502 0.206819 0.178219368123 0.318437 0.339011 0.362854 0.390814 0.424056 0.464235 0.51378 0.576398 0.658055 0.769001
1.71042266695 0.293098 0.202197 0.174453535329 0.310889 0.331298 0.354947 0.382678 0.415647 0.455496 0.504629 0.566725 0.647698 0.75771
1.72787595947 0.28577 0.197664 0.170775350732 0.303408 0.32364 0.347083 0.374571 0.40725 0.446745 0.495441 0.556982 0.637228 0.746248
1.74532925199 0.278519 0.193214 0.167179942752 0.295994 0.316039 0.339264 0.366495 0.398865 0.437987 0.48622 0.547173 0.62665 0.73462
1.76278254451 0.271346 0.188846 0.163662508252 0.28865 0.308497 0.331492 0.358451 0.390497 0.429225 0.47697 0.537303 0.615969 0.722834
1.78023583703 0.264253 0.184555 0.160218368902 0.281377 0.301015 0.323768 0.350442 0.382148 0.420461 0.467694 0.527377 0.605192 0.710897
1.79768912955 0.25724 0.180338 0.156842934949 0.274175 0.293597 0.316096 0.342471 0.37382 0.4117 0.458397 0.5174 0.594325 0.698817
1.81514242207 0.25031 0.176192 0.153531757553 0.267048 0.286242 0.308476 0.33454 0.365516 0.402945 0.449083 0.507377 0.583373 0.6866
1.83259571459 0.243462 0.172115 0.15028050463 0.259995 0.278952 0.300912 0.326651 0.35724 0.394199 0.439755 0.497311 0.572343 0.674255
1.85004900711 0.236699 0.168102 0.147084997087 0.253019 0.27173 0.293404 0.318806 0.348994 0.385466 0.430419 0.48721 0.561241 0.66179
1.86750229963 0.230021 0.164151 0.143941208826 0.24612 0.264578 0.285955 0.311009 0.340781 0.376749 0.421077 0.477077 0.550074 0.649213
1.88495559215 0.223429 0.16026 0.140845270764 0.2393 0.257495 0.278567 0.303262 0.332605 0.368051 0.411736 0.466919 0.538847 0.636531
1.90240888467 0.216925 0.156426 0.137793478888 0.232561 0.250485 0.271243 0.295566 0.324467 0.359377 0.402398 0.45674 0.527569 0.623755
1.91986217719 0.210509 0.152645 0.134782314388 0.225904 0.243549 0.263983 0.287925 0.316371 0.35073 0.393069 0.446547 0.516245 0.610892
1.93731546971 0.204183 0.148916 0.131808431574 0.219329 0.236688 0.256789 0.280341 0.30832 0.342113 0.383752 0.436343 0.504882 0.59795
1.95476876223 0.197947 0.145237 0.128868690088 0.212838 0.229905 0.249665 0.272815 0.300317 0.33353 0.374453 0.426136 0.493488 0.58494
1.97222205475 0.191801 0.141604 0.125960126721 0.206432 0.223199 0.242611 0.265352 0.292364 0.324985 0.365175 0.41593 0.482069 0.571869
1.98967534727 0.185748 0.138017 0.123079983594 0.200113 0.216574 0.23563 0.257952 0.284465 0.316482 0.355924 0.405732 0.470633 0.558747
2.00712863979 0.179788 0.134472 0.120225712186 0.193881 0.21003 0.228723 0.250619 0.276623 0.308023 0.346704 0.395546 0.459186 0.545584
2.02458193231 0.173921 0.130969 0.117394961254 0.187738 0.203569 0.221893 0.243354 0.268841 0.299614 0.337519 0.385379 0.447736 0.532387
2.04203522483 0.168148 0.127506 0.11458559294 0.181685 0.197193 0.215141 0.236161 0.261122 0.291257 0.328374 0.375237 0.43629 0.519167
2.05948851735 0.16247 0.12408 0.111795682767 0.175722 0.190902 0.208469 0.22904 0.253467 0.282956 0.319274 0.365125 0.424856 0.505933
2.07694180987 0.156888 0.120692 0.109023507565 0.16985 0.184698 0.201879 0.221996 0.245882 0.274715 0.310223 0.355049 0.41344 0.492695
2.09439510239 0.151402 0.117339 0.10626757365 0.164072 0.178582 0.195372 0.21503 0.238368 0.266538 0.301227 0.345015 0.402051 0.479462
2.11184839491 0.146013 0.11402 0.103526588644 0.158387 0.172557 0.188951 0.208144 0.230929 0.258428 0.292289 0.335028 0.390695 0.466243
2.12930168743 0.140722 0.110736 0.100799469528 0.152796 0.166622 0.182617 0.201341 0.223567 0.250389 0.283414 0.325095 0.37938 0.453049
2.14675497995 0.135528 0.107484 0.0980853466615 0.147301 0.16078 0.176372 0.194623 0.216285 0.242425 0.274607 0.315222 0.368114 0.439888
2.16420827247 0.130433 0.104264 0.0953835637921 0.141901 0.155031 0.170218 0.187992 0.209086 0.234539 0.265872 0.305413 0.356903 0.42677
2.18166156499 0.125437 0.101076 0.0926936659699 0.136599 0.149377 0.164155 0.18145 0.201973 0.226735 0.257215 0.295676 0.345756 0.413705
2.19911485751 0.12054 0.0979198 0.0900153914986 0.131395 0.143819 0.158187 0.174999 0.194949 0.219016 0.248639 0.286015 0.334679 0.400703
2.21656815003 0.115743 0.0947947 0.0873486920648 0.126289 0.138358 0.152314 0.168642 0.188016 0.211386 0.240149 0.276437 0.32368 0.387772
2.23402144255 0.111046 0.0917009 0.0846936965039 0.121282 0.132995 0.146537 0.162381 0.181178 0.203849 0.231749 0.266946 0.312766 0.374922
2.25147473507 0.10645 0.0886386 0.0820507309298 0.116375 0.127731 0.14086 0.156218 0.174436 0.196408 0.223445 0.25755 0.301945 0.362164
2.26892802759 0.101954 0.0856079 0.0794202986051 0.111568 0.122568 0.135282 0.150154 0.167794 0.189066 0.21524 0.248253 0.291223 0.349505
2.28638132011 0.0975591 0.0826093 0.0768030839669 0.106862 0.117505 0.129806 0.144192 0.161254 0.181828 0.207139 0.239061 0.280608 0.336956
2.30383461263 0.0932653 0.0796433 0.074199932496 0.102258 0.112545 0.124432 0.138334 0.154819 0.174695 0.199146 0.22998 0.270107 0.324526
2.32128790515 0.089073 0.0767104 0.0716118587697 0.0977563 0.107688 0.119163 0.132581 0.148491 0.167672 0.191264 0.221014 0.259727 0.312223
2.33874119767 0.084982 0.0738115 0.069040026331 0.0933569 0.102934 0.113999 0.126935 0.142273 0.160761 0.1835 0.21217 0.249474 0.300057
2.35619449019 0.0809926 0.0709473 0.0664857476884 0.0890604 0.0982852 0.108942 0.121399 0.136167 0.153966 0.175856 0.203452 0.239356 0.288036
2.37364778271 0.0771048 0.0681189 0.0639504682119 0.0848673 0.0937418 0.103992 0.115974 0.130175 0.14729 0.168336 0.194866 0.22938 0.27617
2.39110107523 0.0733185 0.0653272 0.0614357621065 0.0807778 0.0893045 0.0991518 0.110661 0.1243 0.140736 0.160945 0.186417 0.219551 0.264467
2.40855436775 0.0696339 0.0625735 0.0589433243604 0.0767923 0.084974 0.0944216 0.105462 0.118544 0.134307 0.153686 0.178109 0.209876 0.252935
2.42600766027 0.0660509 0.0598591 0.0564749586663 0.0729112 0.080751 0.0898026 0.100378 0.112909 0.128006 0.146563 0.169948 0.200362 0.241583
2.44346095279 0.0625692 0.0571852 0.0540325653436 0.0691346 0.0766361 0.0852959 0.0954125 0.107398 0.121835 0.139579 0.161938 0.191014 0.230419
2.46091424531 0.0591889 0.0545532 0.0516181373117 0.0654626 0.0726298 0.0809023 0.0905652 0.102011 0.115797 0.132739 0.154085 0.18184 0.219451
2.47836753783 0.0559098 0.0519646 0.0492337399599 0.0618954 0.0687325 0.0766228 0.085838 0.096752 0.109895 0.126046 0.146392 0.172844 0.208686
2.49582083035 0.0527315 0.049421 0.0468815111474 0.0584332 0.0649447 0.0724582 0.081232 0.0916218 0.104132 0.119503 0.138864 0.164033 0.198133
2.51327412287 0.049654 0.0469239 0.0445636491247 0.0550758 0.0612668 0.0684093 0.0767485 0.0866222 0.0985095 0.113113 0.131505 0.155412 0.187799
2.53072741539 0.0466767 0.0444749 0.0422823843513 0.0518234 0.0576991 0.0644768 0.0723887 0.0817552 0.0930301 0.106879 0.124319 0.146986 0.17769
2.54818070791 0.0437995 0.0420756 0.0400399955998 0.0486757 0.0542418 0.0606612 0.0681536 0.0770221 0.087696 0.100805 0.117311 0.138761 0.167814
2.56563400043 0.0410219 0.0397278 0.0378387777472 0.0456329 0.0508952 0.0569632 0.0640443 0.0724246 0.0825093 0.0948929 0.110484 0.130742 0.158177
2.58308729295 0.0383435 0.0374332 0.0356810458011 0.0426946 0.0476595 0.0533833 0.0600617 0.067964 0.0774722 0.089146 0.103841 0.122933 0.148786
2.60054058547 0.035764 0.0351934 0.0335691026906 0.0398608 0.0445346 0.049922 0.0562066 0.0636418 0.0725864 0.0835666 0.0973867 0.11534 0.139647
2.61799387799 0.0332826 0.0330102 0.0315052513449 0.0371311 0.0415207 0.0465795 0.0524798 0.059459 0.0678537 0.0781573 0.0911238 0.107966 0.130766
2.63544717051 0.030899 0.0308853 0.0294917665107 0.0345053 0.0386178 0.0433563 0.048882 0.055417 0.0632759 0.0729204 0.0850556 0.100816 0.122149
2.65290046303 0.0286124 0.0288203 0.0275309028039 0.031983 0.0358258 0.0402526 0.0454138 0.0515165 0.0588544 0.0678579 0.079185 0.0938935 0.113801
2.67035375555 0.0264224 0.026817 0.0256248544489 0.0295637 0.0331444 0.0372684 0.0420756 0.0477586 0.0545906 0.062972 0.0735147 0.0872027 0.105726
2.68780704807 0.0243281 0.0248769 0.0237757673573 0.027247 0.0305735 0.0344039 0.0388678 0.0441441 0.0504858 0.0582644 0.0680472 0.0807468 0.0979307
2.70526034059 0.0223288 0.0230017 0.0219857270486 0.0250325 0.0281128 0.031659 0.0357909 0.0406736 0.0465411 0.0537368 0.0627851 0.0745292 0.0904181
2.72271363311 0.0204239 0.0211928 0.0202567385209 0.0229194 0.025762 0.0290337 0.0328449 0.0373476 0.0427576 0.0493908 0.0577303 0.0685529 0.0831928
2.74016692563 0.0186123 0.0194518 0.0185907141715 0.0209072 0.0235206 0.0265277 0.0300299 0.0341667 0.0391359 0.0452276 0.0528848 0.0628204 0.0762584
2.75762021815 0.0168933 0.0177801 0.0169894818499 0.0189952 0.0213881 0.0241409 0.0273461 0.0311312 0.035677 0.0412484 0.0482505 0.0573343 0.0696186
2.77507351067 0.015266 0.016179 0.0154547566747 0.0171826 0.019364 0.0218729 0.0247933 0.0282412 0.0323812 0.0374542 0.0438286 0.0520968 0.0632763
2.79252680319 0.0137293 0.0146498 0.0139881289555 0.0154686 0.0174477 0.0197232 0.0223712 0.0254969 0.0292491 0.0338458 0.0396207 0.0471098 0.0572343
2.80998009571 0.0122823 0.0131936 0.0125910722448 0.0138524 0.0156384 0.0176913 0.0200797 0.0228982 0.0262808 0.0304238 0.0356276 0.0423749 0.0514949
2.82743338823 0.0109238 0.0118115 0.0112649232078 0.0123329 0.0139353 0.0157766 0.0179183 0.0204449 0.0234764 0.0271886 0.0318502 0.0378933 0.0460602
2.84488668075 0.00965269 0.0105045 0.0100108695441 0.0109092 0.0123376 0.0139785 0.0158864 0.0181366 0.0208358 0.0241403 0.028289 0.0336661 0.0409316
2.86233997327 0.00846783 0.00927332 0.00882994998742 0.0095802 0.0108443 0.012296 0.0139834 0.015973 0.0183589 0.021279 0.0249444 0.029694 0.0361105
2.87979326579 0.00736795 0.00811878 0.00772303820153 0.00834474 0.00945437 0.0107282 0.0122085 0.0139533 0.016045 0.0186045 0.0218163 0.0259774 0.0315976
2.89724655831 0.00635174 0.00704143 0.00669084278002 0.0072016 0.0081667 0.00927423 0.0105608 0.0120768 0.0138937 0.0161162 0.0189046 0.0225161 0.0273932
2.91469985083 0.00541781 0.00604171 0.00573388308978 0.00614949 0.00698006 0.00793285 0.00903926 0.0103426 0.011904 0.0138136 0.0162087 0.0193101 0.0234973
2.93215314335 0.00456473 0.00511992 0.00485249732322 0.00518703 0.00589315 0.00670286 0.00764277 0.00874954 0.0100751 0.0116957 0.0137278 0.0163585 0.0199094
2.94960643587 0.00379099 0.00427619 0.00404683847214 0.00431277 0.00490457 0.0055829 0.00637 0.00729649 0.00840577 0.00976149 0.0114609 0.0136604 0.0166286
2.96705972839 0.00309502 0.0035105 0.00331684211894 0.00352517 0.0040128 0.00457149 0.0052195 0.00598197 0.00689453 0.00800945 0.00940658 0.0112143 0.0136533
2.98451302091 0.00247517 0.00282266 0.00266223851492 0.00282259 0.00321624 0.00366705 0.0041897 0.0048044 0.00553983 0.00643802 0.00756318 0.00901862 0.0109817
3.00196631343 0.0019297 0.00221227 0.00208254050197 0.00220331 0.00251317 0.00286784 0.00327884 0.00376201 0.00433983 0.00504527 0.00592866 0.00707101 0.0086114
3.01941960595 0.00145678 0.00167876 0.0015770314343 0.0016655 0.00190173 0.00217199 0.002485 0.0028528 0.00329246 0.003829 0.00450065 0.00536889 0.00653932
3.03687289847 0.0010545 0.00122136 0.00114475310008 0.00120721 0.00137995 0.00157746 0.00180608 0.00207459 0.0023954 0.00278673 0.00327641 0.0039092 0.00476196
3.05432619099 0.000720823 0.000839047 0.000784493643217 0.000826384 0.000945713 0.00108206 0.0012398 0.00142495 0.00164606 0.00191564 0.00225282 0.00268837 0.00327515
3.07177948351 0.000453597 0.00053059 0.000494763406695 0.000520808 0.00059673 0.000683418 0.000783641 0.000901211 0.00104153 0.00121252 0.0014263 0.00170233 0.00207405
3.08923277603 0.000250524 0.000294477 0.0002737909065 0.000288111 0.000330534 0.000378937 0.000434854 0.000500406 0.000578592 0.000673815 0.0007928 0.000946363 0.00115308
3.10668606855 0.000109121 0.000128894 0.000119446335716 0.000125716 0.000144429 0.000165759 0.000190381 0.000219223 0.000253599 0.000295437 0.000347686 0.000415083 0.000505771
3.12413936107 2.66587e-05 3.16477e-05 2.92174079241e-05 3.07752e-05 3.54117e-05 4.06911e-05 4.67792e-05 5.39038e-05 6.23883e-05 7.27067e-05 8.55835e-05 0.000102184 0.000124508
3.14159265359 0.0 0.0 0.0 0.0 0.0 0.0 0.0 0.0 0.0 0.0 0.0 0.0 0.0
