alpha phi_iso phi_ray phi_vec g0=0.1 g0=0.2 g0=0.3 g0=0.4 g0=0.5 g0=0.6 g0=0.7 g0=0.8 g0=0.9 g0=1.0
0.0 1.0 1.0 1.0 1.0 1.0 1.0 1.0 1.0 1.0 1.0 1.0 1.0 1.0
0.0174532925199 0.999644 0.999494 0.999492074756 0.99966 0.999681 0.999707 0.99974 0.999786 0.999852 0.999955 1.00014 1.00057 1.00265
0.0349065850399 0.998652 0.998055 0.998045644456 0.998718 0.998799 0.998901 0.999035 0.999217 0.999479 0.999889 1.00062 1.00233 1.01059
0.0523598775598 0.997136 0.9958 0.995776664838 0.997283 0.997464 0.997693 0.997992 0.998398 0.998983 0.999901 1.00154 1.00535 1.02381
0.0698131700798 0.995185 0.992821 0.99277725144 0.995445 0.995764 0.996168 0.996695 0.997412 0.998445 1.00006 1.00297 1.00969 1.04228
0.0872664625997 0.992856 0.989182 0.989108273744 0.993257 0.993753 0.994379 0.995196 0.996309 0.997912 1.00042 1.00493 1.01536 1.06596
0.10471975512 0.990182 0.984921 0.984809881476 0.990756 0.991464 0.992359 0.993528 0.995119 0.997413 1.00101 1.00745 1.02238 1.09478
0.12217304764 0.987188 0.980069 0.979912238939 0.987964 0.988921 0.990131 0.991711 0.993863 0.996964 1.00183 1.01054 1.03073 1.12866
0.13962634016 0.983894 0.974652 0.974441641083 0.9849 0.986141 0.987711 0.989762 0.992553 0.996578 1.00289 1.0142 1.04041 1.16753
0.157079632679 0.980316 0.968696 0.968422843439 0.981581 0.983141 0.985115 0.987694 0.991204 0.996266 1.0042 1.01843 1.05139 1.2113
0.174532925199 0.976471 0.962223 0.961879811024 0.978022 0.979936 0.982357 0.985519 0.989825 0.996034 1.00577 1.02323 1.06367 1.25986
0.191986217719 0.972374 0.955257 0.954835843163 0.974237 0.976537 0.979447 0.983248 0.988424 0.995889 1.00759 1.02859 1.07721 1.3131
0.209439510239 0.968037 0.947821 0.947313739906 0.970239 0.972958 0.976397 0.980891 0.98701 0.995836 1.00967 1.0345 1.09198 1.37091
0.226892802759 0.963474 0.939937 0.939335677218 0.96604 0.969208 0.973217 0.978455 0.985589 0.995878 1.01201 1.04095 1.10797 1.43317
0.244346095279 0.958695 0.931625 0.930923539818 0.961651 0.965299 0.969916 0.975948 0.984165 0.996015 1.0146 1.04793 1.12514 1.49975
0.261799387799 0.953712 0.922908 0.922098546734 0.95708 0.961238 0.966501 0.973376 0.982742 0.996251 1.01743 1.05543 1.14345 1.57051
0.279252680319 0.948535 0.913805 0.91288183378 0.952339 0.957035 0.962978 0.970744 0.981324 0.996583 1.02051 1.06344 1.16287 1.64532
0.296705972839 0.943173 0.904338 0.903294037499 0.947435 0.952696 0.959355 0.968057 0.979912 0.997011 1.02383 1.07193 1.18336 1.72402
0.314159265359 0.937635 0.894526 0.893355628012 0.942375 0.948228 0.955637 0.965318 0.978508 0.997533 1.02737 1.08089 1.20488 1.80647
0.331612557879 0.931929 0.88439 0.883086742589 0.937168 0.943638 0.951828 0.962531 0.977112 0.998146 1.03113 1.09031 1.22739 1.89252
0.349065850399 0.926062 0.873948 0.872507393687 0.931821 0.938931 0.947933 0.959698 0.975725 0.998845 1.03511 1.10016 1.25084 1.982
0.366519142919 0.920043 0.86322 0.861637344122 0.926339 0.934114 0.943957 0.95682 0.974346 0.999628 1.03928 1.11041 1.2752 2.07477
0.383972435439 0.913878 0.852226 0.850496107078 0.920729 0.92919 0.939901 0.9539 0.972974 1.00049 1.04364 1.12106 1.30041 2.17065
0.401425727959 0.907573 0.840984 0.839103070922 0.914997 0.924164 0.935771 0.95094 0.971607 1.00142 1.04819 1.13208 1.32643 2.26948
0.418879020479 0.901136 0.829513 0.827477332775 0.909147 0.919041 0.931567 0.947938 0.970245 1.00243 1.0529 1.14345 1.35322 2.37108
0.436332312999 0.894573 0.817831 0.815637864945 0.903186 0.913824 0.927293 0.944897 0.968884 1.00349 1.05777 1.15514 1.38072 2.4753
0.453785605519 0.887888 0.805958 0.803603265284 0.897118 0.908517 0.922951 0.941816 0.967521 1.00461 1.06277 1.16713 1.40888 2.58196
0.471238898038 0.881088 0.79391 0.791392131644 0.890947 0.903124 0.918543 0.938695 0.966155 1.00577 1.06791 1.1794 1.43766 2.69087
0.488692190558 0.874178 0.781705 0.779022562607 0.884678 0.897647 0.91407 0.935534 0.964782 1.00698 1.07317 1.19192 1.46701 2.80188
0.506145483078 0.867163 0.769362 0.766512531936 0.878316 0.89209 0.909533 0.932332 0.963399 1.00822 1.07853 1.20466 1.49687 2.9148
0.523598775598 0.860048 0.756897 0.75387976376 0.871863 0.886456 0.904935 0.929089 0.962002 1.00949 1.08397 1.21761 1.5272 3.02945
0.541052068118 0.852838 0.744328 0.741141649358 0.865324 0.880746 0.900275 0.925802 0.960587 1.01077 1.0895 1.23073 1.55794 3.14566
0.558505360638 0.845538 0.73167 0.728315247164 0.858703 0.874963 0.895555 0.922472 0.95915 1.01207 1.09508 1.24401 1.58904 3.26325
0.575958653158 0.838151 0.718941 0.71541732437 0.852002 0.86911 0.890776 0.919096 0.957688 1.01337 1.10071 1.25741 1.62045 3.38204
0.593411945678 0.830682 0.706157 0.702464356924 0.845225 0.863189 0.885938 0.915674 0.956196 1.01466 1.10637 1.27092 1.65211 3.50186
0.610865238198 0.823136 0.693332 0.689472363113 0.838376 0.857201 0.881041 0.912203 0.954669 1.01594 1.11205 1.28449 1.68399 3.62253
0.628318530718 0.815516 0.680483 0.676457069978 0.831457 0.851148 0.876086 0.908683 0.953104 1.0172 1.11774 1.29812 1.71602 3.74387
0.645771823238 0.807827 0.667625 0.66343383011 0.824472 0.845033 0.871072 0.90511 0.951496 1.01842 1.12341 1.31177 1.74815 3.86571
0.663225115758 0.800071 0.654771 0.650417621644 0.817423 0.838856 0.866001 0.901484 0.949839 1.01961 1.12906 1.32542 1.78034 3.98787
0.680678408278 0.792253 0.641936 0.637422881841 0.810312 0.83262 0.860872 0.897803 0.948131 1.02075 1.13466 1.33904 1.81254 4.11018
0.698131700798 0.784376 0.629134 0.624463756717 0.803143 0.826325 0.855685 0.894064 0.946366 1.02183 1.14021 1.35261 1.84468 4.23247
0.715584993318 0.776444 0.616379 0.611553934625 0.795918 0.819974 0.85044 0.890265 0.944539 1.02285 1.14569 1.3661 1.87673 4.35457
0.733038285838 0.768461 0.603682 0.598706563041 0.78864 0.813567 0.845136 0.886405 0.942646 1.0238 1.15109 1.37949 1.90863 4.47631
0.750491578358 0.760428 0.591057 0.585934498197 0.78131 0.807105 0.839774 0.882481 0.940682 1.02466 1.15639 1.39275 1.94034 4.59753
0.767944870878 0.752351 0.578515 0.573249889027 0.773931 0.800591 0.834354 0.878492 0.938642 1.02544 1.16158 1.40586 1.97181 4.71806
0.785398163397 0.744231 0.566068 0.560664676433 0.766506 0.794024 0.828875 0.874434 0.936523 1.02611 1.16665 1.4188 2.00298 4.83775
0.802851455917 0.736071 0.553727 0.548190052412 0.759037 0.787406 0.823337 0.870307 0.934318 1.02668 1.17157 1.43154 2.03382 4.95642
0.820304748437 0.727876 0.541503 0.535836876113 0.751525 0.780739 0.817739 0.866108 0.932025 1.02714 1.17635 1.44405 2.06428 5.07394
0.837758040957 0.719647 0.529406 0.523615424202 0.743972 0.774022 0.812081 0.861834 0.929639 1.02748 1.18095 1.45633 2.09431 5.19014
0.855211333477 0.711388 0.517444 0.511535557284 0.736382 0.767258 0.806363 0.857485 0.927154 1.02768 1.18538 1.46833 2.12386 5.30487
0.872664625997 0.703101 0.505628 0.499606470272 0.728755 0.760447 0.800585 0.853057 0.924568 1.02775 1.18962 1.48005 2.1529 5.41799
0.890117918517 0.694789 0.493965 0.487836900411 0.721094 0.75359 0.794746 0.84855 0.921875 1.02768 1.19365 1.49145 2.18139 5.52935
0.907571211037 0.686455 0.482465 0.476235127283 0.7134 0.746687 0.788846 0.843961 0.919072 1.02746 1.19747 1.50253 2.20927 5.63881
0.925024503557 0.6781 0.471133 0.464808764773 0.705675 0.739741 0.782885 0.839288 0.916155 1.02707 1.20106 1.51325 2.23652 5.74624
0.942477796077 0.669729 0.459978 0.453565052313 0.697922 0.732751 0.776862 0.834529 0.913119 1.02652 1.20442 1.5236 2.26309 5.8515
0.959931088597 0.661343 0.449006 0.442510522037 0.690141 0.725718 0.770778 0.829683 0.909962 1.0258 1.20752 1.53356 2.28894 5.95446
0.977384381117 0.652944 0.438222 0.431651373227 0.682335 0.718644 0.764631 0.824749 0.90668 1.0249 1.21036 1.54311 2.31404 6.055
0.994837673637 0.644536 0.427633 0.420993056261 0.674506 0.71153 0.758422 0.819724 0.903268 1.02382 1.21293 1.55224 2.33834 6.15299
1.01229096616 0.63612 0.417243 0.410540688669 0.666654 0.704375 0.75215 0.814607 0.899724 1.02255 1.21522 1.56092 2.36183 6.24832
1.02974425868 0.627698 0.407056 0.400298722286 0.658782 0.697181 0.745816 0.809396 0.896045 1.02108 1.21721 1.56913 2.38446 6.34087
1.0471975512 0.619274 0.397077 0.390271192887 0.650891 0.68995 0.73942 0.804091 0.892228 1.01941 1.21891 1.57687 2.40619 6.43054
1.06465084372 0.610848 0.38731 0.38046151216 0.642983 0.682681 0.73296 0.79869 0.888269 1.01753 1.2203 1.58412 2.42701 6.51721
1.08210413624 0.602424 0.377756 0.370872717337 0.635059 0.675376 0.726438 0.793192 0.884167 1.01544 1.22137 1.59085 2.44687 6.60078
1.09955742876 0.594003 0.368418 0.361507179957 0.627122 0.668035 0.719854 0.787596 0.879918 1.01314 1.22211 1.59707 2.46576 6.68116
1.11701072128 0.585588 0.359299 0.35236693871 0.619172 0.66066 0.713207 0.781901 0.87552 1.01061 1.22252 1.60274 2.48364 6.75826
1.1344640138 0.57718 0.3504 0.343453408198 0.611211 0.653252 0.706498 0.776107 0.870971 1.00786 1.22259 1.60787 2.50049 6.83199
1.15191730632 0.568782 0.341722 0.334767586964 0.603241 0.645811 0.699727 0.770211 0.866269 1.00488 1.22231 1.61244 2.51628 6.90226
1.16937059884 0.560395 0.333265 0.32631005749 0.595263 0.638338 0.692894 0.764215 0.861413 1.00167 1.22168 1.61643 2.531 6.969
1.18682389136 0.552021 0.32503 0.318080861383 0.587279 0.630835 0.686 0.758117 0.856399 0.998218 1.22069 1.61984 2.54461 7.03213
1.20427718388 0.543663 0.317017 0.310079624189 0.57929 0.623303 0.679045 0.751917 0.851228 0.994531 1.21933 1.62266 2.55711 7.09158
1.2217304764 0.535322 0.309224 0.302305555395 0.571298 0.615741 0.67203 0.745615 0.845898 0.990603 1.2176 1.62488 2.56847 7.14729
1.23918376892 0.527 0.30165 0.294757406824 0.563304 0.608153 0.664955 0.73921 0.840407 0.986431 1.21549 1.62649 2.57867 7.19919
1.25663706144 0.518698 0.294295 0.287433597449 0.55531 0.600538 0.65782 0.732703 0.834756 0.982013 1.21301 1.62747 2.5877 7.24724
1.27409035396 0.51042 0.287156 0.280332046975 0.547317 0.592898 0.650627 0.726094 0.828942 0.977347 1.21014 1.62784 2.59554 7.29138
1.29154364648 0.502165 0.280231 0.273450383863 0.539327 0.585234 0.643376 0.719383 0.822966 0.972431 1.20689 1.62757 2.60219 7.33157
1.308996939 0.493937 0.273518 0.266785862121 0.531341 0.577547 0.636068 0.71257 0.816827 0.967266 1.20325 1.62666 2.60762 7.36776
1.32645023152 0.485736 0.267012 0.26033540291 0.52336 0.569839 0.628704 0.705656 0.810526 0.961848 1.19922 1.62512 2.61184 7.39992
1.34390352404 0.477564 0.260712 0.254095511331 0.515387 0.56211 0.621285 0.698641 0.804062 0.956179 1.1948 1.62293 2.61482 7.42802
1.36135681656 0.469424 0.254614 0.248062484458 0.507422 0.554362 0.613811 0.691526 0.797436 0.950257 1.18998 1.62009 2.61657 7.45203
1.37881010908 0.461316 0.248714 0.242232244907 0.499467 0.546597 0.606285 0.684313 0.790648 0.944083 1.18477 1.61661 2.61708 7.47193
1.3962634016 0.453242 0.243007 0.236600507268 0.491524 0.538815 0.598707 0.677001 0.783699 0.937656 1.17916 1.61247 2.61635 7.48771
1.41371669412 0.445204 0.237489 0.231162736494 0.483594 0.531018 0.591079 0.669592 0.77659 0.930978 1.17316 1.60768 2.61437 7.49934
1.43116998664 0.437203 0.232156 0.225914023085 0.475678 0.523207 0.583401 0.662088 0.769321 0.92405 1.16676 1.60224 2.61114 7.50683
1.44862327916 0.42924 0.227003 0.220849374328 0.467779 0.515385 0.575676 0.65449 0.761895 0.916872 1.15997 1.59615 2.60666 7.51018
1.46607657168 0.421318 0.222025 0.215963547876 0.459897 0.507551 0.567904 0.646798 0.754313 0.909447 1.15279 1.58941 2.60093 7.50938
1.4835298642 0.413438 0.217216 0.211251093352 0.452033 0.499709 0.560088 0.639016 0.746576 0.901775 1.14522 1.58202 2.59396 7.50443
1.50098315672 0.405601 0.212572 0.206706393954 0.44419 0.491859 0.552228 0.631144 0.738686 0.893859 1.13727 1.57399 2.58575 7.49537
1.51843644924 0.397808 0.208087 0.202323708064 0.436369 0.484003 0.544328 0.623184 0.730646 0.885702 1.12893 1.56531 2.57631 7.48219
1.53588974176 0.390061 0.203754 0.198097169245 0.428572 0.476142 0.536387 0.615139 0.722458 0.877307 1.1202 1.55601 2.56565 7.46492
1.55334303427 0.382361 0.199569 0.194020744636 0.420799 0.468279 0.528409 0.60701 0.714123 0.868675 1.11111 1.54607 2.55376 7.44358
1.57079632679 0.374709 0.195526 0.190088318165 0.413052 0.460415 0.520395 0.5988 0.705646 0.859811 1.10163 1.53551 2.54067 7.41821
1.58824961931 0.367108 0.191618 0.186293773759 0.405334 0.452551 0.512347 0.590512 0.697028 0.850717 1.09179 1.52432 2.52638 7.38884
1.60570291183 0.359558 0.187839 0.182630828924 0.397644 0.44469 0.504268 0.582146 0.688272 0.841399 1.08159 1.51253 2.51091 7.3555
1.62315620435 0.35206 0.184185 0.179093284374 0.389986 0.436832 0.496158 0.573707 0.679383 0.831859 1.07103 1.50014 2.49427 7.31824
1.64060949687 0.344616 0.180647 0.175674732795 0.38236 0.428981 0.488022 0.565197 0.670363 0.822103 1.06012 1.48715 2.47647 7.27711
1.65806278939 0.337226 0.177221 0.172368974904 0.374767 0.421138 0.47986 0.556618 0.661216 0.812135 1.04886 1.47358 2.45754 7.23216
1.67551608191 0.329893 0.173901 0.169169686599 0.367211 0.413304 0.471675 0.547974 0.651945 0.801959 1.03727 1.45944 2.43749 7.18343
1.69296937443 0.322618 0.17068 0.166070626989 0.35969 0.405482 0.463469 0.539267 0.642554 0.791581 1.02534 1.44473 2.41634 7.131
1.71042266695 0.3154 0.167552 0.163065513578 0.352209 0.397673 0.455246 0.530501 0.633048 0.781007 1.01309 1.42947 2.3941 7.07491
1.72787595947 0.308243 0.164511 0.1601482719 0.344767 0.389879 0.447007 0.521679 0.623431 0.770242 1.00052 1.41367 2.37081 7.01525
1.74532925199 0.301146 0.161553 0.157312785882 0.337366 0.382103 0.438754 0.512803 0.613707 0.759292 0.987647 1.39734 2.34648 6.95208
1.76278254451 0.294111 0.158669 0.154553022665 0.330009 0.374346 0.430492 0.503879 0.60388 0.748162 0.974473 1.3805 2.32113 6.88547
1.78023583703 0.287139 0.155856 0.151863157417 0.322695 0.366611 0.422221 0.494909 0.593956 0.73686 0.961009 1.36316 2.2948 6.81549
1.79768912955 0.280232 0.153108 0.149237406913 0.315428 0.358899 0.413946 0.485896 0.583938 0.725391 0.947264 1.34532 2.2675 6.74224
1.81514242207 0.273389 0.150419 0.146670154353 0.308208 0.351212 0.405668 0.476845 0.573832 0.713764 0.933248 1.32702 2.23926 6.6658
1.83259571459 0.266613 0.147783 0.144155866148 0.301037 0.343554 0.397391 0.467759 0.563644 0.701983 0.91897 1.30826 2.21011 6.58624
1.85004900711 0.259904 0.145196 0.141689258342 0.293917 0.335924 0.389117 0.458642 0.553377 0.690058 0.90444 1.28906 2.18008 6.50367
1.86750229963 0.253263 0.142652 0.139265130196 0.286848 0.328327 0.38085 0.449498 0.543038 0.677994 0.88967 1.26943 2.1492 6.41817
1.88495559215 0.246692 0.140148 0.136878530602 0.279833 0.320763 0.372591 0.440331 0.532633 0.6658 0.87467 1.2494 2.1175 6.32984
1.90240888467 0.240191 0.137677 0.134524633272 0.272873 0.313236 0.364345 0.431145 0.522165 0.653483 0.859452 1.22897 2.085 6.23879
1.91986217719 0.233761 0.135237 0.132198861553 0.265969 0.305747 0.356115 0.421945 0.511642 0.641051 0.844025 1.20817 2.05175 6.1451
1.93731546971 0.227403 0.132822 0.129896888429 0.259123 0.298299 0.347902 0.412733 0.501069 0.628513 0.828403 1.18701 2.01777 6.04889
1.95476876223 0.221118 0.130428 0.127614428489 0.252337 0.290893 0.339711 0.403516 0.490452 0.615876 0.812596 1.16552 1.9831 5.95026
1.97222205475 0.214907 0.128052 0.125347653985 0.245612 0.283532 0.331545 0.394296 0.479797 0.603148 0.796617 1.1437 1.94777 5.84933
1.98967534727 0.208771 0.125689 0.123092820384 0.238949 0.276218 0.323406 0.385079 0.469109 0.590338 0.780478 1.12159 1.91181 5.74619
2.00712863979 0.202711 0.123338 0.120846391182 0.23235 0.268954 0.315299 0.375869 0.458396 0.577456 0.764192 1.0992 1.87526 5.64097
2.02458193231 0.196727 0.120994 0.118605245934 0.225817 0.261741 0.307225 0.36667 0.447663 0.564508 0.747771 1.07654 1.83817 5.53378
2.04203522483 0.190821 0.118655 0.116366264194 0.21935 0.254582 0.299189 0.357486 0.436916 0.551505 0.731227 1.05365 1.80055 5.42474
2.05948851735 0.184993 0.116317 0.114126824789 0.212952 0.247479 0.291193 0.348324 0.426162 0.538455 0.714575 1.03053 1.76246 5.31396
2.07694180987 0.179244 0.113979 0.111884431363 0.206624 0.240434 0.283242 0.339186 0.415407 0.525367 0.697826 1.00721 1.72392 5.20157
2.09439510239 0.173575 0.111639 0.109636795589 0.200367 0.23345 0.275337 0.330078 0.404659 0.512251 0.680995 0.983715 1.68498 5.08768
2.11184839491 0.167987 0.109293 0.107381961989 0.194182 0.22653 0.267483 0.321004 0.393922 0.499114 0.664094 0.96006 1.64567 4.97243
2.12930168743 0.16248 0.106942 0.105118266324 0.188072 0.219674 0.259683 0.311969 0.383204 0.485968 0.647137 0.936266 1.60604 4.85593
2.14675497995 0.157055 0.104583 0.102844252388 0.182037 0.212885 0.25194 0.302978 0.372511 0.47282 0.630138 0.912356 1.56612 4.7383
2.16420827247 0.151713 0.102215 0.100558672002 0.176079 0.206166 0.244257 0.294035 0.361851 0.459681 0.61311 0.888351 1.52595 4.61969
2.18166156499 0.146455 0.0998375 0.0982606098357 0.1702 0.19952 0.236638 0.285145 0.351229 0.446559 0.596067 0.864272 1.48557 4.5002
2.19911485751 0.141281 0.0974494 0.0959494418002 0.1644 0.192947 0.229086 0.276312 0.340652 0.433464 0.579023 0.840141 1.44502 4.37997
2.21656815003 0.136192 0.0950504 0.0936246270184 0.158681 0.18645 0.221605 0.267543 0.330127 0.420406 0.561991 0.815979 1.40434 4.25913
2.23402144255 0.131188 0.0926404 0.0912860822783 0.153045 0.180032 0.214197 0.25884 0.31966 0.407394 0.544986 0.791808 1.36356 4.13781
2.25147473507 0.126271 0.0902193 0.08893380758 0.147493 0.173695 0.206865 0.25021 0.309259 0.394437 0.52802 0.767651 1.32274 4.01613
2.26892802759 0.121441 0.0877875 0.0865680941649 0.142026 0.167441 0.199615 0.241656 0.298929 0.381546 0.511109 0.743527 1.28191 3.89422
2.28638132011 0.116698 0.0853454 0.0841894829102 0.136645 0.161272 0.192447 0.233184 0.288678 0.368728 0.494266 0.719461 1.24111 3.77221
2.30383461263 0.112044 0.0828937 0.0817987643287 0.131352 0.15519 0.185367 0.224797 0.278512 0.355994 0.477504 0.695472 1.20038 3.65023
2.32128790515 0.107478 0.0804335 0.0793968953569 0.126148 0.149198 0.178376 0.216501 0.268438 0.343353 0.460838 0.671583 1.15976 3.52841
2.33874119767 0.103002 0.0779658 0.0769850409608 0.121034 0.143297 0.171478 0.208301 0.258461 0.330815 0.44428 0.647815 1.11928 3.40688
2.35619449019 0.0986152 0.0754919 0.0745646573483 0.116012 0.13749 0.164677 0.2002 0.24859 0.318389 0.427846 0.62419 1.079 3.28576
2.37364778271 0.0943191 0.0730135 0.0721372839388 0.111083 0.131779 0.157975 0.192204 0.23883 0.306083 0.411548 0.600729 1.03894 3.16518
2.39110107523 0.0901139 0.0705323 0.0697047513935 0.106248 0.126165 0.151376 0.184316 0.229187 0.293907 0.395399 0.577453 0.999156 3.04527
2.40855436775 0.0860001 0.0680501 0.0672690151913 0.101508 0.120651 0.144883 0.176542 0.219668 0.281871 0.379414 0.554383 0.959674 2.92614
2.42600766027 0.0819783 0.065569 0.0648321972348 0.0968638 0.11524 0.138498 0.168886 0.210279 0.269983 0.363606 0.531541 0.920536 2.80794
2.44346095279 0.0780488 0.0630913 0.0623966690622 0.0923174 0.109931 0.132225 0.161352 0.201027 0.258252 0.347986 0.508946 0.881781 2.69077
2.46091424531 0.0742123 0.0606193 0.0599647606059 0.0878697 0.104729 0.126067 0.153945 0.191918 0.246686 0.332569 0.486619 0.843447 2.57476
2.47836753783 0.070469 0.0581555 0.0575391762516 0.0835217 0.0996338 0.120026 0.146668 0.182957 0.235296 0.317368 0.464581 0.80557 2.46003
2.49582083035 0.0668195 0.0557027 0.0551225787791 0.0792744 0.0946483 0.114106 0.139526 0.174151 0.224088 0.302394 0.442851 0.768187 2.34669
2.51327412287 0.0632642 0.0532635 0.0527178389978 0.075129 0.0897742 0.108309 0.132524 0.165505 0.213073 0.287661 0.421448 0.731336 2.23488
2.53072741539 0.0598033 0.0508408 0.0503278693231 0.0710864 0.0850131 0.102638 0.125664 0.157026 0.202257 0.273181 0.400393 0.695051 2.12469
2.54818070791 0.0564375 0.0484375 0.0479557485941 0.0671476 0.0803669 0.0970965 0.118952 0.148719 0.191649 0.258965 0.379704 0.659367 2.01625
2.56563400043 0.0531669 0.0460568 0.045604597256 0.0633136 0.0758373 0.0916861 0.11239 0.140589 0.181257 0.245025 0.3594 0.624319 1.90966
2.58308729295 0.0499919 0.0437017 0.0432775773597 0.0595854 0.0714259 0.0864099 0.105984 0.132643 0.17109 0.231374 0.339499 0.589941 1.80504
2.60054058547 0.0469129 0.0413755 0.0409780173799 0.0559638 0.0671344 0.0812702 0.0997359 0.124885 0.161154 0.218022 0.32002 0.556267 1.70249
2.61799387799 0.0439303 0.0390813 0.0387091625795 0.0524498 0.0629643 0.0762697 0.0936502 0.117321 0.151457 0.204981 0.300979 0.523328 1.60212
2.63544717051 0.0410441 0.0368224 0.0364743414332 0.0490442 0.0589173 0.0714108 0.0877303 0.109956 0.142007 0.192261 0.282394 0.491156 1.50402
2.65290046303 0.0382549 0.0346021 0.0342769656276 0.0457478 0.0549948 0.0666957 0.0819796 0.102794 0.13281 0.179873 0.264281 0.459782 1.4083
2.67035375555 0.0355628 0.0324237 0.0321203636375 0.0425615 0.0511983 0.0621268 0.0764014 0.0958411 0.123874 0.167827 0.246657 0.429236 1.31506
2.68780704807 0.032968 0.0302905 0.0300079887554 0.0394859 0.0475291 0.0577062 0.0709992 0.0891015 0.115206 0.156134 0.229537 0.399548 1.22439
2.70526034059 0.0304708 0.0282058 0.0279430862442 0.0365218 0.0439886 0.0534362 0.0657759 0.0825798 0.106811 0.144802 0.212938 0.370746 1.13638
2.72271363311 0.0280714 0.0261729 0.0259290677903 0.0336699 0.0405781 0.0493186 0.0607346 0.0762802 0.0986969 0.133842 0.196873 0.342856 1.05112
2.74016692563 0.02577 0.024195 0.0239692202628 0.0309309 0.0372989 0.0453556 0.0558783 0.0702071 0.0908688 0.123262 0.181356 0.315906 0.968692
2.75762021815 0.0235668 0.0222753 0.0220667889243 0.0283053 0.034152 0.041549 0.0512097 0.0643645 0.0833329 0.113071 0.166403 0.289922 0.889184
2.77507351067 0.0214619 0.0204169 0.020224935826 0.0257938 0.0311387 0.0379006 0.0467316 0.0587563 0.0760949 0.103277 0.152025 0.264927 0.812674
2.79252680319 0.0194554 0.018623 0.0184467814128 0.0233969 0.02826 0.0344121 0.0424465 0.0533863 0.0691601 0.0938888 0.138236 0.240944 0.739237
2.80998009571 0.0175475 0.0168965 0.0167354045239 0.0211152 0.0255168 0.0310851 0.0383568 0.0482578 0.0625336 0.0849134 0.125048 0.217998 0.668946
2.82743338823 0.0157382 0.0152404 0.0150936759687 0.018949 0.0229103 0.0279212 0.0344649 0.0433744 0.0562204 0.0763582 0.112472 0.196108 0.60187
2.84488668075 0.0140276 0.0136574 0.0135245081627 0.016899 0.0204411 0.0249219 0.0307729 0.0387393 0.0502249 0.0682301 0.100519 0.175296 0.538074
2.86233997327 0.0124158 0.0121502 0.0120305638856 0.0149653 0.0181103 0.0220884 0.027283 0.0343553 0.0445517 0.0605356 0.0891988 0.15558 0.47762
2.87979326579 0.0109029 0.0107215 0.0106144643113 0.0131484 0.0159184 0.019422 0.0239969 0.0302252 0.0392048 0.0532806 0.078522 0.136977 0.420567
2.89724655831 0.00948868 0.00937365 0.00927870579583 0.0114486 0.0138662 0.0169239 0.0209164 0.0263518 0.0341878 0.046471 0.0684972 0.119506 0.366969
2.91469985083 0.00817329 0.00810903 0.00802557666553 0.00986618 0.0119543 0.0145951 0.0180433 0.0227373 0.0295045 0.0401119 0.0591328 0.103182 0.316875
2.93215314335 0.00695663 0.00692981 0.00685719882307 0.00840132 0.0101832 0.0124367 0.0153788 0.019384 0.0251579 0.0342082 0.0504365 0.0880177 0.270334
2.94960643587 0.00583865 0.005838 0.00577569417109 0.00705421 0.00855337 0.0104493 0.0129245 0.0162939 0.021151 0.0287641 0.0424153 0.0740278 0.227388
2.96705972839 0.00481924 0.00483549 0.00478285176476 0.00582496 0.00706526 0.00863371 0.0106813 0.0134686 0.0174864 0.0237838 0.0350754 0.0612237 0.188074
2.98451302091 0.00389828 0.00392395 0.0038802942355 0.00471365 0.00571914 0.0069906 0.00865042 0.0109097 0.0141663 0.0192706 0.0284226 0.0496157 0.152427
3.00196631343 0.0030756 0.00310492 0.00306960260883 0.00372029 0.00451525 0.00552043 0.00683258 0.00861854 0.0111928 0.0152275 0.0224616 0.0392131 0.120476
3.01941960595 0.00235102 0.00237972 0.00235198345681 0.00284484 0.00345372 0.00422357 0.00522847 0.00659617 0.00856752 0.0116571 0.0171965 0.0300235 0.0922482
3.03687289847 0.00172431 0.00174949 0.00172860174563 0.00208719 0.0025346 0.00310026 0.00383858 0.00484341 0.00629168 0.00856137 0.0126307 0.0220534 0.0677631
3.05432619099 0.00119519 0.00121519 0.00120028959394 0.00144718 0.00175785 0.00215061 0.00266322 0.00336083 0.00436624 0.00594186 0.00876669 0.0153076 0.0470373
3.07177948351 0.00076334 0.000777528 0.000767712696712 0.000924572 0.00112333 0.00137458 0.00170249 0.0021487 0.00279178 0.00379952 0.00560619 0.00978945 0.0300819
3.08923277603 0.000428393 0.000437033 0.000431328719208 0.000519034 0.000630761 0.000771986 0.000956282 0.00120706 0.00156845 0.00213475 0.00314998 0.00550064 0.0169032
3.10668606855 0.0001899 0.000193981 0.000191387297034 0.00023015 0.000279757 0.000342455 0.000424268 0.000535587 0.000695996 0.000947345 0.00139793 0.00244118 0.00750171
3.12413936107 4.73289e-05 4.83968e-05 4.77220064562e-05 5.73782e-05 6.97623e-05 8.54128e-05 0.000105833 0.000133614 0.000173645 0.000236366 0.000348797 0.000609107 0.00187177
3.14159265359 0.0 0.0 0.0 0.0 0.0 0.0 0.0 0.0 0.0 0.0 0.0 0.0 0.0
