alpha phi_iso phi_ray phi_vec g0=0.1 g0=0.2 g0=0.3 g0=0.4 g0=0.5 g0=0.6 g0=0.7 g0=0.8 g0=0.9 g0=1.0
0.0 1.0 1.0 1.0 1.0 1.0 1.0 1.0 1.0 1.0 1.0 1.0 1.0 1.0
0.0174532925199 0.99978 0.999711 0.999682086993 0.999788 0.999795 0.999803 0.999812 0.999822 0.999832 0.999842 0.999854 0.999867 0.999882
0.0349065850399 0.999145 0.998875 0.998757357762 0.999172 0.999201 0.999232 0.999265 0.999301 0.999339 0.999381 0.999426 0.999475 0.99953
0.0523598775598 0.998126 0.997535 0.997268179156 0.998184 0.998246 0.998312 0.998383 0.998459 0.998541 0.99863 0.998726 0.998833 0.99895
0.0698131700798 0.996751 0.995726 0.995248563031 0.996849 0.996953 0.997065 0.997184 0.997312 0.997451 0.997601 0.997765 0.997945 0.998145
0.0872664625997 0.995037 0.993473 0.992722613937 0.995182 0.995337 0.995503 0.99568 0.995871 0.996078 0.996303 0.996548 0.996818 0.997117
0.10471975512 0.992997 0.990792 0.989708113176 0.993196 0.993409 0.993637 0.993882 0.994145 0.994431 0.994741 0.995081 0.995455 0.99587
0.12217304764 0.99064 0.987699 0.986220049763 0.9909 0.991179 0.991476 0.991796 0.992141 0.992515 0.992923 0.993369 0.99386 0.994406
0.13962634016 0.987976 0.984204 0.982272489763 0.988303 0.988653 0.989027 0.98943 0.989865 0.990337 0.990852 0.991416 0.992038 0.99273
0.157079632679 0.985012 0.980322 0.977879296219 0.985412 0.98584 0.986298 0.986791 0.987324 0.987903 0.988534 0.989227 0.989992 0.990843
0.174532925199 0.981758 0.976063 0.973054310311 0.982236 0.982747 0.983295 0.983885 0.984524 0.985218 0.985975 0.986807 0.987726 0.988749
0.191986217719 0.978221 0.971441 0.967811384153 0.978782 0.979382 0.980026 0.98072 0.981471 0.982287 0.983179 0.98416 0.985243 0.986451
0.209439510239 0.974409 0.966466 0.962164368294 0.975057 0.975751 0.976496 0.9773 0.97817 0.979117 0.980152 0.981289 0.982548 0.983951
0.226892802759 0.970329 0.96115 0.95612711641 0.971069 0.971861 0.972713 0.973632 0.974628 0.975711 0.976897 0.978201 0.979645 0.981254
0.244346095279 0.965989 0.955505 0.949713480611 0.966824 0.96772 0.968683 0.969723 0.97085 0.972077 0.97342 0.974898 0.976536 0.978363
0.261799387799 0.961396 0.949543 0.942937322382 0.962331 0.963334 0.964413 0.965578 0.966842 0.968218 0.969726 0.971386 0.973226 0.975279
0.279252680319 0.956557 0.943275 0.935812515697 0.957595 0.958709 0.959908 0.961203 0.962609 0.964141 0.965819 0.967668 0.969718 0.972008
0.296705972839 0.951478 0.936711 0.92835294078 0.952623 0.953851 0.955174 0.956604 0.958157 0.95985 0.961705 0.963749 0.966017 0.96855
0.314159265359 0.946167 0.929864 0.920572491908 0.947421 0.948768 0.950218 0.951787 0.953491 0.955349 0.957386 0.959633 0.962125 0.964911
0.331612557879 0.94063 0.922743 0.912485071167 0.941997 0.943464 0.945046 0.946757 0.948616 0.950644 0.952869 0.955323 0.958046 0.961091
0.349065850399 0.934874 0.915361 0.904104574397 0.936356 0.937947 0.939663 0.94152 0.943538 0.945741 0.948158 0.950824 0.953785 0.957096
0.366519142919 0.928906 0.907729 0.895444891191 0.930504 0.932223 0.934076 0.936082 0.938262 0.940643 0.943256 0.94614 0.949344 0.952928
0.383972435439 0.922731 0.899856 0.886519887716 0.924449 0.926296 0.928289 0.930447 0.932793 0.935356 0.938169 0.941275 0.944727 0.948589
0.401425727959 0.916356 0.891755 0.877343400468 0.918196 0.920174 0.922309 0.924621 0.927136 0.929884 0.932901 0.936233 0.939937 0.944083
0.418879020479 0.909788 0.883435 0.867929215968 0.911751 0.913862 0.916141 0.91861 0.921296 0.924232 0.927456 0.931019 0.934979 0.939413
0.436332312999 0.903032 0.874908 0.858291062956 0.90512 0.907366 0.909791 0.912419 0.915278 0.918404 0.921839 0.925635 0.929855 0.934582
0.453785605519 0.896095 0.866183 0.848442595212 0.898309 0.900691 0.903264 0.906052 0.909088 0.912407 0.916054 0.920086 0.92457 0.929594
0.471238898038 0.888983 0.857272 0.838397379059 0.891324 0.893844 0.896566 0.899517 0.902729 0.906243 0.910106 0.914376 0.919126 0.92445
0.488692190558 0.881702 0.848186 0.82816887619 0.884171 0.88683 0.889702 0.892816 0.896208 0.899918 0.903998 0.908508 0.913528 0.919154
0.506145483078 0.874258 0.838933 0.817770432733 0.876856 0.879654 0.882678 0.885957 0.889529 0.893437 0.897735 0.902488 0.907779 0.91371
0.523598775598 0.866657 0.829525 0.807215255825 0.869385 0.872323 0.875498 0.878943 0.882696 0.886803 0.891321 0.896318 0.901881 0.908119
0.541052068118 0.858905 0.819972 0.796516410492 0.861763 0.864841 0.868169 0.87178 0.875715 0.880022 0.88476 0.890003 0.89584 0.902386
0.558505360638 0.851007 0.810283 0.785686794659 0.853995 0.857215 0.860696 0.864474 0.868591 0.873098 0.878057 0.883545 0.889657 0.896513
0.575958653158 0.84297 0.800468 0.774739134466 0.846089 0.849449 0.853083 0.857028 0.861327 0.866035 0.871216 0.87695 0.883337 0.890503
0.593411945678 0.834799 0.790538 0.76368595772 0.838048 0.84155 0.845337 0.849448 0.85393 0.858838 0.864241 0.870221 0.876884 0.884359
0.610865238198 0.8265 0.780501 0.752539595455 0.829879 0.833522 0.837461 0.841739 0.846403 0.851512 0.857135 0.863362 0.870299 0.878085
0.628318530718 0.818079 0.770368 0.741312156949 0.821588 0.82537 0.829462 0.833906 0.838752 0.84406 0.849904 0.856376 0.863588 0.871682
0.645771823238 0.809541 0.760147 0.730015520347 0.813179 0.817101 0.821344 0.825953 0.83098 0.836487 0.842552 0.849268 0.856753 0.865155
0.663225115758 0.800892 0.749847 0.718661323299 0.804658 0.808719 0.813113 0.817886 0.823093 0.828798 0.835081 0.84204 0.849798 0.858506
0.680678408278 0.792136 0.739478 0.707260950461 0.79603 0.800229 0.804773 0.80971 0.815095 0.820997 0.827497 0.834698 0.842725 0.851739
0.698131700798 0.783281 0.729048 0.695825516318 0.787301 0.791637 0.796329 0.801428 0.806991 0.813087 0.819803 0.827244 0.83554 0.844855
0.715584993318 0.774331 0.718565 0.684365865185 0.778476 0.782947 0.787787 0.793046 0.798784 0.805074 0.812004 0.819682 0.828244 0.837859
0.733038285838 0.765291 0.708039 0.672892552464 0.76956 0.774165 0.779151 0.784569 0.790481 0.796962 0.804103 0.812016 0.820841 0.830753
0.750491578358 0.756167 0.697477 0.661415838401 0.760558 0.765296 0.770425 0.776 0.782084 0.788754 0.796105 0.80425 0.813335 0.82354
0.767944870878 0.746963 0.686888 0.649945681838 0.751475 0.756344 0.761616 0.767345 0.773599 0.780456 0.788012 0.796388 0.805729 0.816223
0.785398163397 0.737686 0.676278 0.638491729279 0.742317 0.747315 0.752726 0.758609 0.76503 0.77207 0.77983 0.788432 0.798026 0.808806
0.802851455917 0.72834 0.665656 0.627063308647 0.733088 0.738213 0.743762 0.749795 0.75638 0.763602 0.771562 0.780386 0.79023 0.80129
0.820304748437 0.718931 0.65503 0.615669423032 0.723794 0.729043 0.734728 0.740909 0.747656 0.755056 0.763213 0.772255 0.782344 0.79368
0.837758040957 0.709463 0.644406 0.604318742891 0.714439 0.71981 0.725628 0.731954 0.73886 0.746434 0.754784 0.764042 0.774371 0.785979
0.855211333477 0.699941 0.63379 0.593019606038 0.705028 0.710519 0.716467 0.722935 0.729997 0.737742 0.746282 0.75575 0.766315 0.778188
0.872664625997 0.69037 0.623191 0.58178000672 0.695566 0.701174 0.70725 0.713857 0.721071 0.728984 0.737709 0.747383 0.758179 0.770312
0.890117918517 0.680755 0.612615 0.570607597174 0.686057 0.69178 0.697981 0.704723 0.712086 0.720163 0.729069 0.738945 0.749965 0.762352
0.907571211037 0.671101 0.602067 0.559509679823 0.676506 0.682342 0.688664 0.695539 0.703047 0.711284 0.720366 0.730438 0.741679 0.754314
0.925024503557 0.661413 0.591554 0.548493211955 0.666919 0.672863 0.679303 0.686308 0.693957 0.70235 0.711604 0.721868 0.733322 0.746198
0.942477796077 0.651695 0.581082 0.53756479636 0.657298 0.663349 0.669904 0.677034 0.684821 0.693365 0.702787 0.713236 0.724898 0.738009
0.959931088597 0.641951 0.570656 0.526730682885 0.64765 0.653803 0.66047 0.667722 0.675643 0.684333 0.693917 0.704546 0.716411 0.729749
0.977384381117 0.632187 0.560282 0.515996773123 0.637978 0.644231 0.651006 0.658376 0.666426 0.675258 0.684999 0.695803 0.707863 0.721421
0.994837673637 0.622406 0.549965 0.505368615729 0.628286 0.634635 0.641516 0.649 0.657174 0.666144 0.676037 0.687009 0.699258 0.713029
1.01229096616 0.612614 0.53971 0.494851404853 0.61858 0.625022 0.632003 0.639597 0.647892 0.656994 0.667033 0.678169 0.690599 0.704575
1.02974425868 0.602814 0.529521 0.484449994201 0.608863 0.615394 0.622472 0.630172 0.638583 0.647812 0.657992 0.669284 0.681889 0.696062
1.0471975512 0.593011 0.519404 0.474168881416 0.599139 0.605756 0.612928 0.620729 0.629251 0.638602 0.648917 0.660359 0.673132 0.687494
1.06465084372 0.583209 0.509361 0.464012229938 0.589413 0.596112 0.603373 0.611271 0.619899 0.629368 0.639812 0.651397 0.664331 0.678873
1.08210413624 0.573412 0.499398 0.453983856517 0.579688 0.586466 0.593812 0.601803 0.610532 0.620113 0.63068 0.642402 0.655488 0.670203
1.09955742876 0.563624 0.489518 0.444087248387 0.569969 0.576822 0.584248 0.592328 0.601154 0.61084 0.621524 0.633376 0.646608 0.661486
1.11701072128 0.553849 0.479725 0.434325558583 0.56026 0.567183 0.574686 0.582849 0.591767 0.601553 0.612349 0.624324 0.637693 0.652726
1.1344640138 0.544092 0.470022 0.424701616871 0.550564 0.557554 0.56513 0.573372 0.582375 0.592257 0.603156 0.615248 0.628747 0.643926
1.15191730632 0.534355 0.460413 0.415217932872 0.540885 0.547938 0.555582 0.563898 0.572983 0.582953 0.593951 0.606151 0.619772 0.635088
1.16937059884 0.524643 0.450899 0.405876706995 0.531228 0.538339 0.546047 0.554432 0.563593 0.573646 0.584736 0.597038 0.610772 0.626216
1.18682389136 0.514959 0.441485 0.396679828875 0.521595 0.528761 0.536528 0.544978 0.554208 0.564339 0.575514 0.587911 0.601751 0.617312
1.20427718388 0.505308 0.432172 0.387628892988 0.51199 0.519207 0.527028 0.535538 0.544834 0.555036 0.566289 0.578773 0.59271 0.608381
1.2217304764 0.495692 0.422963 0.3787252049 0.502417 0.50968 0.517552 0.526116 0.535471 0.545739 0.557064 0.569628 0.583653 0.599424
1.23918376892 0.486115 0.41386 0.36996978595 0.492879 0.500185 0.508102 0.516716 0.526125 0.536452 0.547842 0.560478 0.574584 0.590445
1.25663706144 0.476581 0.404864 0.361363384184 0.48338 0.490724 0.498682 0.50734 0.516798 0.527178 0.538627 0.551327 0.565505 0.581447
1.27409035396 0.467093 0.395979 0.352906485284 0.473924 0.481301 0.489296 0.497993 0.507494 0.517921 0.529421 0.542179 0.55642 0.572433
1.29154364648 0.457654 0.387205 0.344599317256 0.464512 0.471919 0.479945 0.488677 0.498216 0.508683 0.520228 0.533035 0.547332 0.563405
1.308996939 0.448268 0.378543 0.336441866044 0.455149 0.462581 0.470634 0.479395 0.488966 0.499468 0.511051 0.5239 0.538242 0.554368
1.32645023152 0.438937 0.369996 0.328433878657 0.445837 0.45329 0.461366 0.470151 0.479748 0.490278 0.501893 0.514776 0.529156 0.545324
1.34390352404 0.429664 0.361563 0.320574880343 0.436581 0.44405 0.452144 0.460948 0.470565 0.481118 0.492757 0.505666 0.520076 0.536275
1.36135681656 0.420454 0.353246 0.312864180839 0.427381 0.434863 0.44297 0.451788 0.46142 0.471989 0.483645 0.496573 0.511004 0.527226
1.37881010908 0.411307 0.345046 0.305300885302 0.418243 0.425732 0.433848 0.442675 0.452316 0.462895 0.474562 0.487501 0.501943 0.518178
1.3962634016 0.402228 0.336963 0.297883906801 0.409168 0.416661 0.42478 0.433611 0.443256 0.453839 0.465509 0.478452 0.492898 0.509136
1.41371669412 0.39322 0.328998 0.290611975691 0.400159 0.407651 0.415769 0.424599 0.434242 0.444823 0.45649 0.469429 0.48387 0.500102
1.43116998664 0.384284 0.32115 0.2834836521 0.391218 0.398706 0.406819 0.415642 0.425278 0.43585 0.447507 0.460435 0.474862 0.491078
1.44862327916 0.375423 0.313421 0.276497333744 0.38235 0.389828 0.397931 0.406743 0.416366 0.426923 0.438564 0.451473 0.465878 0.482069
1.46607657168 0.36664 0.30581 0.269651273102 0.373555 0.38102 0.389108 0.397904 0.407509 0.418045 0.429663 0.442545 0.45692 0.473076
1.4835298642 0.357938 0.298317 0.262943583662 0.364837 0.372285 0.380353 0.389128 0.398709 0.409219 0.420807 0.433655 0.447992 0.464104
1.50098315672 0.349318 0.290942 0.256372253979 0.356198 0.363624 0.371669 0.380417 0.389969 0.400447 0.411998 0.424805 0.439095 0.455154
1.51843644924 0.340784 0.283684 0.249935155482 0.34764 0.35504 0.363057 0.371774 0.381292 0.391731 0.403239 0.415998 0.430233 0.446229
1.53588974176 0.332337 0.276544 0.24363005809 0.339165 0.346536 0.354521 0.363202 0.372679 0.383075 0.394534 0.407237 0.421409 0.437334
1.55334303427 0.323979 0.26952 0.23745463646 0.330777 0.338114 0.346061 0.354702 0.364135 0.37448 0.385883 0.398524 0.412626 0.428469
1.57079632679 0.315712 0.262612 0.231406487163 0.322476 0.329775 0.337682 0.346277 0.355659 0.365949 0.37729 0.389862 0.403885 0.419639
1.58824961931 0.307539 0.25582 0.225483134937 0.314264 0.321523 0.329383 0.337928 0.347256 0.357485 0.368758 0.381253 0.39519 0.410846
1.60570291183 0.299461 0.249142 0.219682042048 0.306145 0.313358 0.321169 0.32966 0.338927 0.349089 0.360288 0.3727 0.386543 0.402093
1.62315620435 0.29148 0.242579 0.214000623914 0.298119 0.305283 0.31304 0.321472 0.330675 0.340765 0.351884 0.364206 0.377948 0.393383
1.64060949687 0.283599 0.236128 0.208436253787 0.290189 0.2973 0.305 0.313368 0.322501 0.332514 0.343547 0.355773 0.369406 0.384719
1.65806278939 0.275817 0.229789 0.202986279932 0.282356 0.289411 0.297049 0.30535 0.314408 0.324338 0.335279 0.347403 0.360921 0.376103
1.67551608191 0.268139 0.223562 0.197648027191 0.274622 0.281617 0.289189 0.297418 0.306398 0.31624 0.327084 0.339099 0.352495 0.367537
1.69296937443 0.260563 0.217444 0.192418812594 0.266988 0.27392 0.281423 0.289576 0.298472 0.308222 0.318963 0.330863 0.34413 0.359026
1.71042266695 0.253093 0.211435 0.187295953172 0.259457 0.266321 0.273752 0.281825 0.290633 0.300286 0.310919 0.322698 0.335828 0.350571
1.72787595947 0.24573 0.205534 0.182276772205 0.252029 0.258823 0.266177 0.274166 0.282882 0.292433 0.302953 0.314605 0.327594 0.342175
1.74532925199 0.238474 0.199739 0.177358611711 0.244706 0.251427 0.2587 0.266602 0.275221 0.284666 0.295067 0.306588 0.319427 0.33384
1.76278254451 0.231327 0.19405 0.172538838696 0.237489 0.244133 0.251323 0.259134 0.267652 0.276986 0.287264 0.298647 0.311332 0.32557
1.78023583703 0.224291 0.188465 0.167814854521 0.230379 0.236944 0.244047 0.251763 0.260177 0.269395 0.279546 0.290786 0.30331 0.317367
1.79768912955 0.217366 0.182984 0.16318409803 0.223378 0.22986 0.236874 0.244491 0.252797 0.261896 0.271914 0.283006 0.295364 0.309233
1.81514242207 0.210553 0.177603 0.158644059601 0.216486 0.222883 0.229804 0.237319 0.245513 0.254489 0.26437 0.275309 0.287496 0.30117
1.83259571459 0.203853 0.172324 0.154192281147 0.209705 0.216014 0.222839 0.230249 0.238328 0.247176 0.256916 0.267698 0.279708 0.293182
1.85004900711 0.197267 0.167143 0.149826368612 0.203036 0.209254 0.21598 0.223282 0.231242 0.23996 0.249554 0.260174 0.272002 0.285271
1.86750229963 0.190796 0.162061 0.145543993529 0.196479 0.202604 0.209228 0.216419 0.224257 0.23284 0.242286 0.252739 0.26438 0.277438
1.88495559215 0.18444 0.157075 0.14134290083 0.190035 0.196065 0.202585 0.209662 0.217375 0.22582 0.235112 0.245395 0.256845 0.269687
1.90240888467 0.178201 0.152185 0.137220908846 0.183705 0.189637 0.19605 0.203011 0.210596 0.218899 0.228035 0.238144 0.249398 0.262019
1.91986217719 0.172078 0.147389 0.133175924924 0.17749 0.183321 0.189626 0.196467 0.203921 0.212081 0.221057 0.230987 0.242042 0.254437
1.93731546971 0.166073 0.142687 0.129205936058 0.17139 0.177119 0.183312 0.190032 0.197352 0.205365 0.214178 0.223926 0.234778 0.246943
1.95476876223 0.160184 0.138076 0.125309022942 0.165406 0.171031 0.17711 0.183706 0.190891 0.198753 0.2074 0.216964 0.227608 0.239538
1.97222205475 0.154414 0.133556 0.121483359969 0.159538 0.165056 0.17102 0.17749 0.184536 0.192246 0.200725 0.2101 0.220533 0.232226
1.98967534727 0.148762 0.129126 0.117727215235 0.153786 0.159197 0.165043 0.171385 0.178291 0.185846 0.194153 0.203338 0.213557 0.225008
2.00712863979 0.143228 0.124784 0.114038956785 0.148151 0.153453 0.15918 0.165391 0.172155 0.179553 0.187686 0.196677 0.20668 0.217887
2.02458193231 0.137813 0.12053 0.110417051045 0.142634 0.147824 0.153431 0.15951 0.166129 0.173368 0.181325 0.190121 0.199904 0.210863
2.04203522483 0.132516 0.116362 0.106860067518 0.137233 0.142311 0.147796 0.153742 0.160215 0.167293 0.175072 0.183669 0.19323 0.203939
2.05948851735 0.127338 0.112279 0.103366677211 0.13195 0.136914 0.142275 0.148086 0.154412 0.161327 0.168926 0.177323 0.18666 0.197117
2.07694180987 0.122278 0.108281 0.0999356542049 0.126784 0.131634 0.13687 0.142545 0.148721 0.155473 0.16289 0.171085 0.180196 0.190398
2.09439510239 0.117337 0.104366 0.0965658787749 0.121736 0.126469 0.13158 0.137118 0.143144 0.14973 0.156964 0.164956 0.173839 0.183784
2.11184839491 0.112513 0.100534 0.093256329581 0.116805 0.121422 0.126405 0.131805 0.137679 0.144099 0.151149 0.158936 0.167591 0.177277
2.12930168743 0.107808 0.0967836 0.0900060899165 0.111991 0.11649 0.121346 0.126607 0.132329 0.138581 0.145446 0.153028 0.161452 0.170879
2.14675497995 0.10322 0.0931138 0.0868143430219 0.107293 0.111675 0.116403 0.121524 0.127093 0.133176 0.139856 0.14723 0.155423 0.16459
2.16420827247 0.0987486 0.089524 0.0836803689623 0.102713 0.106976 0.111575 0.116555 0.121971 0.127886 0.134379 0.141546 0.149507 0.158412
2.18166156499 0.0943942 0.0860134 0.0806035493119 0.0982486 0.102392 0.106862 0.111702 0.116964 0.122709 0.129015 0.135974 0.143703 0.152347
2.19911485751 0.090156 0.0825813 0.0775833593459 0.0939001 0.0979246 0.102265 0.106964 0.112071 0.117647 0.123766 0.130517 0.138014 0.146396
2.21656815003 0.0860333 0.0792269 0.0746193617934 0.089667 0.0935721 0.0977831 0.102341 0.107294 0.1127 0.118632 0.125175 0.132439 0.14056
2.23402144255 0.0820255 0.0759497 0.0717112130846 0.0855487 0.0893345 0.093416 0.0978325 0.102631 0.107868 0.113613 0.119949 0.126981 0.134841
2.25147473507 0.0781319 0.072749 0.0688586539805 0.0815448 0.0852112 0.0891633 0.093439 0.0980837 0.103152 0.108709 0.114838 0.121639 0.129238
2.26892802759 0.0743517 0.0696242 0.066061508011 0.0776545 0.0812019 0.0850248 0.08916 0.093651 0.0985505 0.103922 0.109844 0.116414 0.123755
2.28638132011 0.0706843 0.0665748 0.0633196705435 0.0738771 0.0773058 0.081 0.0849951 0.0893331 0.0940646 0.0992509 0.104967 0.111308 0.11839
2.30383461263 0.0671285 0.0636001 0.0606331165912 0.0702119 0.0735223 0.0770884 0.0809441 0.0851298 0.089694 0.0946959 0.100208 0.10632 0.113146
2.32128790515 0.0636837 0.0606998 0.0580018883193 0.0666581 0.0698509 0.0732895 0.0770065 0.0810406 0.0854387 0.0902574 0.0955663 0.101452 0.108023
2.33874119767 0.0603486 0.0578734 0.0554260872373 0.0632148 0.0662906 0.0696025 0.0731817 0.0770654 0.0812985 0.0859353 0.0910426 0.0967032 0.103022
2.35619449019 0.0571225 0.0551203 0.0529058788832 0.059881 0.0628407 0.0660268 0.0694693 0.0732038 0.0772732 0.0817296 0.0866369 0.0920747 0.0981427
2.37364778271 0.0540041 0.0524403 0.0504414803308 0.0566559 0.0595004 0.0625618 0.0658687 0.0694552 0.0733624 0.0776401 0.0823495 0.0875665 0.0933868
2.39110107523 0.0509923 0.0498328 0.0480331523809 0.0535383 0.0562687 0.0592065 0.0623791 0.0658192 0.0695659 0.0736668 0.0781803 0.0831791 0.0887543
2.40855436775 0.0480859 0.0472975 0.0456812026846 0.0505272 0.0531446 0.0559602 0.059 0.0622952 0.0658832 0.0698093 0.0741293 0.0789125 0.0842458
2.42600766027 0.0452839 0.0448341 0.0433859732501 0.0476216 0.0501273 0.052822 0.0557306 0.0588827 0.0623139 0.0660674 0.0701965 0.0747668 0.0798615
2.44346095279 0.0425847 0.0424422 0.0411478357576 0.0448201 0.0472155 0.0497909 0.05257 0.0555808 0.0588574 0.0624408 0.0663815 0.0707422 0.0756018
2.46091424531 0.0399873 0.0401215 0.0389671853124 0.0421217 0.0444083 0.046866 0.0495173 0.0523889 0.0555131 0.0589289 0.0626842 0.0668385 0.0714667
2.47836753783 0.0374901 0.0378716 0.0368444373217 0.039525 0.0417043 0.0440461 0.0465716 0.0493063 0.0522805 0.0555314 0.0591043 0.0630557 0.0674564
2.49582083035 0.0350917 0.0356923 0.0347800134395 0.0370287 0.0391024 0.0413302 0.043732 0.0463319 0.0491587 0.0522476 0.0556413 0.0593934 0.0635709
2.51327412287 0.0327908 0.0335832 0.0327743478131 0.0346314 0.0366015 0.0387171 0.0409974 0.0434649 0.0461471 0.0490769 0.0522949 0.0558515 0.0598101
2.53072741539 0.0305859 0.031544 0.0308278683431 0.0323318 0.0342 0.0362056 0.0383667 0.0407044 0.0432447 0.0460186 0.0490644 0.0524295 0.0561738
2.54818070791 0.0284753 0.0295743 0.0289409966836 0.0301284 0.0318967 0.0337945 0.0358387 0.0380493 0.0404507 0.043072 0.0459492 0.0491271 0.0526619
2.56563400043 0.0264576 0.0276739 0.0271141435566 0.0280198 0.0296903 0.0314825 0.0334123 0.0354986 0.0377641 0.0402362 0.0429488 0.0459438 0.0492739
2.58308729295 0.0245311 0.0258424 0.0253476962592 0.0260043 0.0275792 0.0292682 0.0310863 0.0330511 0.0351839 0.0375104 0.0400624 0.042879 0.0460096
2.60054058547 0.0226942 0.0240795 0.0236420171013 0.0240806 0.025562 0.0271503 0.0288594 0.0307057 0.0327091 0.0348937 0.0372891 0.039932 0.0428684
2.61799387799 0.0209453 0.0223848 0.021997438721 0.0222469 0.0236372 0.0251273 0.0267301 0.028461 0.0303385 0.0323851 0.0346282 0.0371021 0.0398498
2.63544717051 0.0192826 0.020758 0.0204142531528 0.0205016 0.0218033 0.0231978 0.0246973 0.026316 0.028071 0.0299834 0.0320787 0.0343886 0.0369531
2.65290046303 0.0177044 0.0191986 0.0188927102656 0.0188431 0.0200586 0.0213603 0.0227594 0.0242691 0.0259054 0.0276876 0.0296395 0.0317905 0.0341776
2.67035375555 0.0162089 0.0177062 0.0174330115163 0.0172697 0.0184015 0.0196132 0.020915 0.0223191 0.0238403 0.0254965 0.0273096 0.0293068 0.0315224
2.68780704807 0.0147943 0.0162803 0.0160352990179 0.0157796 0.0168304 0.0179549 0.0191625 0.0204644 0.0218744 0.0234088 0.0250879 0.0269366 0.0289866
2.70526034059 0.0134589 0.0149206 0.0146996602245 0.0143711 0.0153436 0.0163838 0.0175004 0.0187037 0.0200063 0.0214233 0.0229731 0.0246788 0.0265693
2.72271363311 0.0122007 0.0136263 0.0134261154381 0.0130423 0.0139393 0.0148982 0.0159271 0.0170354 0.0182346 0.0195385 0.020964 0.0225322 0.0242694
2.74016692563 0.0110178 0.0123971 0.0122146115614 0.0117915 0.0126157 0.0134964 0.014441 0.015458 0.0165578 0.0177531 0.0190593 0.0204954 0.0220857
2.75762021815 0.00990841 0.0112323 0.01106502366 0.0106169 0.0113711 0.0121767 0.0130403 0.0139697 0.0149743 0.0160656 0.0172574 0.0185673 0.020017
2.77507351067 0.00887057 0.0101312 0.00997714715352 0.00951641 0.0102037 0.0109374 0.0117235 0.012569 0.0134826 0.0144744 0.0155571 0.0167464 0.018062
2.79252680319 0.00790233 0.00909323 0.00895069625441 0.00848829 0.00911151 0.00977651 0.0104886 0.0112542 0.0120809 0.0129779 0.0139567 0.0150312 0.0162192
2.80998009571 0.00700173 0.00811759 0.00798529147411 0.00753059 0.00809278 0.00869233 0.00933401 0.0100235 0.0107676 0.0115746 0.0124546 0.0134202 0.0144872
2.82743338823 0.00616677 0.00720349 0.00708046743162 0.00664135 0.00714555 0.00768295 0.00825779 0.00887511 0.00954095 0.0102626 0.0110492 0.0119117 0.0128643
2.84488668075 0.00539545 0.00635013 0.00623566504505 0.0058186 0.00626789 0.00674649 0.00725812 0.00780724 0.00839916 0.00904035 0.00973874 0.0105042 0.011349
2.86233997327 0.00468576 0.00555657 0.00545022059989 0.00506034 0.00545783 0.00588099 0.00633308 0.00681799 0.00734037 0.00790589 0.00852147 0.00919571 0.00993944
2.87979326579 0.00403564 0.00482188 0.00472337980411 0.00436458 0.0047134 0.00508452 0.00548075 0.00590546 0.00636271 0.00685738 0.0073955 0.00798453 0.00863383
2.89724655831 0.00344306 0.00414504 0.00405427592464 0.00372927 0.0040326 0.00435508 0.00469916 0.00506772 0.00546424 0.00589292 0.00635895 0.00686871 0.00743026
2.91469985083 0.00290593 0.00352496 0.0034419422808 0.00315238 0.00341337 0.00369066 0.0039863 0.00430275 0.00464297 0.00501052 0.0054098 0.00584625 0.00632671
2.93215314335 0.00242218 0.00296049 0.00288530443591 0.00263182 0.00285368 0.00308921 0.00334015 0.00360855 0.00389688 0.00420816 0.00454604 0.00491511 0.0053211
2.94960643587 0.0019897 0.00245043 0.00238317395057 0.00216553 0.00235145 0.00254868 0.00275864 0.00298304 0.00322391 0.00348374 0.00376556 0.00407315 0.00441125
2.96705972839 0.00160639 0.00199346 0.00193425462936 0.00175139 0.00190459 0.00206696 0.00223968 0.00242411 0.00262192 0.00283512 0.00306617 0.00331815 0.0035949
2.98451302091 0.00127013 0.00158823 0.00153713471248 0.00138729 0.00151097 0.00164194 0.00178112 0.00192962 0.00208875 0.00226011 0.00244566 0.00264783 0.00286969
3.00196631343 0.000978771 0.00123331 0.00119028687567 0.00107109 0.00116845 0.00127146 0.00138082 0.00149739 0.00162218 0.00175645 0.00190169 0.00205981 0.00223316
3.01941960595 0.000730158 0.00092714 0.000892065106946 0.000800625 0.000874865 0.000953329 0.00103655 0.00112517 0.00121994 0.00132181 0.00143189 0.00155162 0.00168275
3.03687289847 0.000522118 0.000668126 0.000640700021482 0.000573715 0.000628015 0.000685342 0.00074608 0.000810684 0.000879704 0.000953804 0.0010338 0.00112071 0.00121581
3.05432619099 0.000352451 0.000454549 0.000434297299961 0.000388149 0.000425672 0.00046524 0.000507113 0.000551598 0.000599068 0.000649974 0.000704868 0.000764439 0.00082955
3.07177948351 0.000218934 0.000284596 0.000270828318482 0.000241686 0.000265571 0.000290724 0.000317307 0.000345514 0.000375573 0.000407768 0.000442442 0.000480024 0.000521052
3.08923277603 0.000119302 0.000156337 0.000148117655108 0.000132041 0.000145395 0.000159438 0.000174258 0.00018996 0.00020667 0.000224542 0.000243763 0.000264569 0.000287253
3.10668606855 5.1236e-05 6.76993e-05 6.38259113739e-05 5.6869e-05 6.27637e-05 6.89523e-05 7.54724e-05 8.23693e-05 8.96973e-05 9.75222e-05 0.000105925 0.000115006 0.000124893
3.12413936107 1.23294e-05 1.64329e-05 1.54059852142e-05 1.37292e-05 1.51913e-05 1.67231e-05 1.83338e-05 2.00343e-05 2.18377e-05 2.37597e-05 2.58199e-05 2.80425e-05 3.0458e-05
3.14159265359 0.0 0.0 0.0 0.0 0.0 0.0 0.0 0.0 0.0 0.0 0.0 0.0 0.0
