alpha phi_iso phi_ray phi_vec g0=0.1 g0=0.2 g0=0.3 g0=0.4 g0=0.5 g0=0.6 g0=0.7 g0=0.8 g0=0.9 g0=1.0
0.0 1.0 1.0 1.0 1.0 1.0 1.0 1.0 1.0 1.0 1.0 1.0 1.0 1.0
0.0174532925199 0.999661 0.999516 0.99951000402 0.999677 0.999696 0.99972 0.99975 0.999789 0.999842 0.999919 1.00004 1.00026 1.00081
0.0349065850399 0.998713 0.998137 0.998111602278 0.998775 0.998851 0.998944 0.999062 0.999216 0.999427 0.999732 1.00021 1.0011 1.00323
0.0523598775598 0.997258 0.995974 0.995911732561 0.997397 0.997564 0.997771 0.998032 0.998373 0.99884 0.999516 1.00059 1.00255 1.00729
0.0698131700798 0.995376 0.993113 0.992995226296 0.995619 0.995912 0.996274 0.996731 0.99733 0.998147 0.999333 1.00121 1.00465 1.01297
0.0872664625997 0.99312 0.989613 0.989418720387 0.993493 0.993945 0.994501 0.995206 0.996128 0.997389 0.999218 1.00212 1.00742 1.02027
0.10471975512 0.99052 0.985511 0.985219952116 0.991051 0.991692 0.992483 0.993485 0.994797 0.99659 0.999194 1.00332 1.01088 1.02918
0.12217304764 0.987601 0.980837 0.980427735662 0.988313 0.989175 0.990239 0.991587 0.993352 0.995767 0.999273 1.00483 1.01501 1.03966
0.13962634016 0.984379 0.975615 0.975067399621 0.985299 0.986411 0.987785 0.989527 0.991809 0.994931 0.999465 1.00666 1.01982 1.05171
0.157079632679 0.980872 0.969869 0.969162909334 0.982023 0.983416 0.985137 0.98732 0.99018 0.994093 0.999776 1.00879 1.0253 1.0653
0.174532925199 0.977096 0.963623 0.962737564009 0.978502 0.980204 0.982308 0.984976 0.988474 0.99326 1.00021 1.01124 1.03144 1.08039
0.191986217719 0.973063 0.956899 0.955814058686 0.974748 0.976787 0.979309 0.982507 0.9867 0.99244 1.00078 1.01401 1.03823 1.09695
0.209439510239 0.968788 0.949718 0.948414623661 0.970773 0.973177 0.97615 0.979922 0.984867 0.991638 1.00148 1.01709 1.04567 1.11496
0.226892802759 0.964282 0.942102 0.940561024484 0.96659 0.969385 0.972842 0.977229 0.982982 0.990858 1.0023 1.02047 1.05373 1.13437
0.244346095279 0.959557 0.93407 0.932274592942 0.962208 0.96542 0.969393 0.974435 0.981049 0.990104 1.00327 1.02415 1.06241 1.15515
0.261799387799 0.954623 0.925644 0.923576304519 0.957637 0.961291 0.965811 0.971548 0.979074 0.989379 1.00436 1.02813 1.07168 1.17724
0.279252680319 0.949489 0.916844 0.914486824871 0.952888 0.957007 0.962103 0.968573 0.97706 0.988684 1.00558 1.0324 1.08152 1.20062
0.296705972839 0.944167 0.907688 0.905026556295 0.947968 0.952575 0.958277 0.965516 0.975012 0.98802 1.00693 1.03695 1.09193 1.22523
0.314159265359 0.938663 0.898197 0.895215622243 0.942884 0.948002 0.954336 0.962379 0.972931 0.987386 1.0084 1.04176 1.10287 1.25103
0.331612557879 0.932986 0.888388 0.885073991252 0.937646 0.943295 0.950288 0.959168 0.97082 0.986781 1.00999 1.04683 1.11432 1.27796
0.349065850399 0.927144 0.878282 0.874621353012 0.932258 0.93846 0.946137 0.955886 0.968679 0.986206 1.01169 1.05215 1.12626 1.30598
0.366519142919 0.921144 0.867897 0.863877257789 0.926729 0.933502 0.941887 0.952536 0.96651 0.985657 1.0135 1.0577 1.13868 1.33503
0.383972435439 0.914993 0.85725 0.852861038968 0.921064 0.928427 0.937542 0.94912 0.964314 0.985133 1.01541 1.06347 1.15153 1.36506
0.401425727959 0.908699 0.846361 0.841591859529 0.91527 0.923239 0.933106 0.94564 0.96209 0.98463 1.01741 1.06945 1.16481 1.39602
0.418879020479 0.902267 0.835246 0.830088634587 0.909351 0.917943 0.928583 0.942099 0.959838 0.984146 1.0195 1.07563 1.17847 1.42785
0.436332312999 0.895703 0.823925 0.818370139834 0.903313 0.912544 0.923975 0.938497 0.957557 0.983678 1.02167 1.08198 1.1925 1.4605
0.453785605519 0.889013 0.812413 0.806454872114 0.897161 0.907045 0.919285 0.934835 0.955247 0.98322 1.0239 1.08851 1.20687 1.49391
0.471238898038 0.882204 0.800729 0.794361157865 0.890901 0.901451 0.914516 0.931116 0.952907 0.98277 1.02621 1.09518 1.22155 1.52802
0.488692190558 0.87528 0.788889 0.78210704468 0.884535 0.895764 0.90967 0.927339 0.950534 0.982323 1.02856 1.10198 1.23652 1.56277
0.506145483078 0.868247 0.776911 0.769710347776 0.87807 0.889988 0.904749 0.923505 0.948127 0.981874 1.03096 1.10891 1.25174 1.59811
0.523598775598 0.861109 0.76481 0.757188572544 0.871509 0.884127 0.899755 0.919614 0.945685 0.981418 1.0334 1.11594 1.26718 1.63398
0.541052068118 0.853873 0.752603 0.744559022982 0.864856 0.878182 0.894689 0.915666 0.943205 0.980951 1.03586 1.12305 1.28283 1.67031
0.558505360638 0.846541 0.740306 0.731838615804 0.858115 0.872158 0.889554 0.911661 0.940685 0.980467 1.03834 1.13024 1.29864 1.70705
0.575958653158 0.839119 0.727934 0.719043988874 0.851289 0.866057 0.884351 0.907599 0.938122 0.979961 1.04082 1.13748 1.31459 1.74414
0.593411945678 0.831612 0.715503 0.706191470228 0.844383 0.859881 0.87908 0.903479 0.935515 0.979427 1.04331 1.14476 1.33066 1.78152
0.610865238198 0.824023 0.703027 0.693297000614 0.8374 0.853633 0.873743 0.899301 0.93286 0.97886 1.04578 1.15205 1.34681 1.81913
0.628318530718 0.816357 0.690522 0.680376195459 0.830342 0.847315 0.868342 0.895065 0.930154 0.978254 1.04823 1.15936 1.36301 1.85692
0.645771823238 0.808617 0.678001 0.66744425192 0.823214 0.840929 0.862876 0.89077 0.927396 0.977604 1.05065 1.16665 1.37923 1.89481
0.663225115758 0.800809 0.665478 0.654516010847 0.816018 0.834478 0.857347 0.886414 0.924582 0.976903 1.05302 1.17391 1.39545 1.93276
0.680678408278 0.792934 0.652968 0.641605879332 0.808758 0.827963 0.851756 0.881997 0.921709 0.976147 1.05535 1.18113 1.41164 1.97071
0.698131700798 0.784998 0.640482 0.628727877177 0.801435 0.821385 0.846103 0.877519 0.918774 0.975329 1.05761 1.18829 1.42777 2.00859
0.715584993318 0.777004 0.628034 0.61589555944 0.794054 0.814748 0.840388 0.872978 0.915774 0.974443 1.0598 1.19536 1.4438 2.04636
0.733038285838 0.768955 0.615636 0.603122031926 0.786616 0.808053 0.834613 0.868373 0.912706 0.973483 1.06191 1.20235 1.45972 2.08395
0.750491578358 0.760855 0.603299 0.590419982169 0.779125 0.801301 0.828778 0.863703 0.909568 0.972445 1.06392 1.20922 1.47549 2.1213
0.767944870878 0.752706 0.591036 0.577801586484 0.771582 0.794494 0.822882 0.858967 0.906355 0.971321 1.06584 1.21596 1.49109 2.15838
0.785398163397 0.744514 0.578858 0.565278571932 0.763991 0.787634 0.816928 0.854165 0.903066 0.970107 1.06765 1.22257 1.50649 2.19511
0.802851455917 0.736279 0.566774 0.552862169847 0.756354 0.780721 0.810914 0.849294 0.899696 0.968797 1.06933 1.22901 1.52166 2.23144
0.820304748437 0.728006 0.554795 0.540563100344 0.748673 0.773759 0.804842 0.844354 0.896244 0.967384 1.07089 1.23529 1.53658 2.26733
0.837758040957 0.719698 0.54293 0.5283916033 0.74095 0.766747 0.798712 0.839344 0.892706 0.965865 1.07231 1.24137 1.55122 2.30272
0.855211333477 0.711358 0.531189 0.516357391883 0.733188 0.759687 0.792523 0.834263 0.88908 0.964233 1.07358 1.24726 1.56555 2.33756
0.872664625997 0.702988 0.51958 0.504469683532 0.725389 0.752581 0.786276 0.829109 0.885361 0.962483 1.07469 1.25292 1.57956 2.3718
0.890117918517 0.694591 0.508112 0.492737168976 0.717555 0.745431 0.779973 0.823882 0.881549 0.960611 1.07564 1.25836 1.59321 2.40539
0.907571211037 0.686171 0.496792 0.481167996741 0.709688 0.738236 0.773612 0.818581 0.877639 0.95861 1.07642 1.26354 1.60649 2.43828
0.925024503557 0.677729 0.485628 0.469769819625 0.701791 0.730999 0.767193 0.813204 0.87363 0.956476 1.07702 1.26848 1.61937 2.47043
0.942477796077 0.669269 0.474626 0.458549763716 0.693864 0.723721 0.760719 0.807751 0.869519 0.954205 1.07742 1.27313 1.63182 2.5018
0.959931088597 0.660793 0.463792 0.447514397408 0.685911 0.716403 0.754188 0.80222 0.865303 0.951791 1.07763 1.27751 1.64383 2.53233
0.977384381117 0.652304 0.453133 0.436669777875 0.677933 0.709047 0.747601 0.796612 0.86098 0.949231 1.07764 1.28159 1.65538 2.56199
0.994837673637 0.643803 0.442653 0.426021451073 0.669933 0.701652 0.740958 0.790925 0.856548 0.94652 1.07743 1.28536 1.66644 2.59074
1.01229096616 0.635295 0.432357 0.415574436245 0.661911 0.694222 0.73426 0.785158 0.852004 0.943654 1.077 1.28881 1.677 2.61853
1.02974425868 0.626781 0.422251 0.405333210434 0.65387 0.686756 0.727507 0.779311 0.847348 0.940628 1.07635 1.29193 1.68703 2.64532
1.0471975512 0.618262 0.412336 0.395301754954 0.645812 0.679257 0.7207 0.773384 0.842576 0.937441 1.07547 1.29471 1.69652 2.67109
1.06465084372 0.609743 0.402618 0.3854835399 0.637739 0.671724 0.713838 0.767375 0.837686 0.934087 1.07435 1.29714 1.70545 2.69579
1.08210413624 0.601225 0.393099 0.375881524146 0.629652 0.664161 0.706923 0.761284 0.832678 0.930563 1.07299 1.2992 1.7138 2.71939
1.09955742876 0.59271 0.383781 0.366498186333 0.621553 0.656566 0.699955 0.755111 0.82755 0.926866 1.07137 1.3009 1.72156 2.74186
1.11701072128 0.5842 0.374666 0.357335478389 0.613443 0.648943 0.692934 0.748856 0.822299 0.922994 1.06951 1.30222 1.72872 2.76316
1.1344640138 0.575698 0.365757 0.348394902988 0.605326 0.641292 0.685861 0.742517 0.816926 0.918943 1.06738 1.30315 1.73525 2.78328
1.15191730632 0.567205 0.357053 0.339677498062 0.597201 0.633614 0.678736 0.736096 0.811429 0.914712 1.06499 1.30368 1.74114 2.80217
1.16937059884 0.558724 0.348557 0.331183805811 0.589072 0.625911 0.671561 0.729592 0.805806 0.910297 1.06233 1.30381 1.74639 2.81982
1.18682389136 0.550257 0.340267 0.322913950169 0.580939 0.618184 0.664336 0.723006 0.800057 0.905697 1.0594 1.30354 1.75097 2.83619
1.20427718388 0.541806 0.332185 0.314867605813 0.572804 0.610434 0.657062 0.716336 0.794181 0.900909 1.0562 1.30285 1.75488 2.85127
1.2217304764 0.533373 0.324309 0.307044029152 0.56467 0.602662 0.649739 0.709584 0.788178 0.895932 1.05271 1.30173 1.75812 2.86504
1.23918376892 0.524959 0.316639 0.299442027341 0.556537 0.59487 0.642369 0.702749 0.782047 0.890766 1.04895 1.30019 1.76066 2.87747
1.25663706144 0.516567 0.309173 0.29206005123 0.548407 0.587058 0.634952 0.695833 0.775788 0.885407 1.0449 1.29823 1.7625 2.88855
1.27409035396 0.508198 0.301911 0.284896148892 0.540283 0.579229 0.627489 0.688836 0.769401 0.879856 1.04057 1.29582 1.76363 2.89826
1.29154364648 0.499855 0.294849 0.277948012093 0.532164 0.571384 0.619981 0.681757 0.762886 0.874113 1.03594 1.29298 1.76405 2.90659
1.308996939 0.491538 0.287986 0.271212945313 0.524054 0.563524 0.61243 0.674599 0.756243 0.868175 1.03103 1.2897 1.76375 2.91352
1.32645023152 0.483251 0.281319 0.264687943202 0.515953 0.55565 0.604837 0.667361 0.749472 0.862043 1.02583 1.28597 1.76272 2.91904
1.34390352404 0.474994 0.274845 0.258369675089 0.507864 0.547763 0.597202 0.660045 0.742574 0.855718 1.02034 1.2818 1.76097 2.92315
1.36135681656 0.466769 0.268562 0.252254500473 0.499788 0.539866 0.589527 0.652651 0.735549 0.849199 1.01455 1.27718 1.75848 2.92583
1.37881010908 0.458579 0.262464 0.246338484514 0.491726 0.53196 0.581813 0.645181 0.728399 0.842486 1.00847 1.27211 1.75526 2.92709
1.3962634016 0.450424 0.25655 0.240617413525 0.48368 0.524046 0.574061 0.637637 0.721124 0.835581 1.00211 1.26659 1.7513 2.9269
1.41371669412 0.442306 0.250815 0.235086825955 0.475651 0.516125 0.566274 0.630018 0.713726 0.828485 0.995447 1.26063 1.7466 2.92528
1.43116998664 0.434227 0.245255 0.229742058866 0.467642 0.5082 0.558452 0.622326 0.706206 0.821198 0.988498 1.25421 1.74117 2.92222
1.44862327916 0.426189 0.239866 0.22457817047 0.459653 0.500271 0.550597 0.614564 0.698565 0.813722 0.981261 1.24735 1.735 2.91772
1.46607657168 0.418192 0.234642 0.219590048574 0.451687 0.492341 0.54271 0.606733 0.690805 0.806059 0.973738 1.24005 1.7281 2.91179
1.4835298642 0.41024 0.22958 0.214772410577 0.443744 0.48441 0.534794 0.598833 0.682927 0.79821 0.965929 1.23231 1.72047 2.90443
1.50098315672 0.402332 0.224674 0.210119787983 0.435827 0.476481 0.526849 0.590868 0.674934 0.790178 0.957839 1.22412 1.71211 2.89563
1.51843644924 0.394471 0.219919 0.205626572871 0.427937 0.468555 0.518878 0.582839 0.666828 0.781964 0.949469 1.2155 1.70302 2.88542
1.53588974176 0.386658 0.215311 0.201287048878 0.420075 0.460634 0.510882 0.574748 0.65861 0.773573 0.940822 1.20645 1.69322 2.8738
1.55334303427 0.378894 0.210844 0.197095375711 0.412244 0.452719 0.502864 0.566597 0.650284 0.765005 0.931902 1.19696 1.68271 2.86078
1.57079632679 0.371181 0.206512 0.193045604637 0.404443 0.444812 0.494824 0.558388 0.641852 0.756265 0.922713 1.18706 1.67149 2.84637
1.58824961931 0.36352 0.202311 0.189131755938 0.396676 0.436915 0.486766 0.550123 0.633316 0.747355 0.913258 1.17674 1.65957 2.83058
1.60570291183 0.355912 0.198235 0.185347741456 0.388943 0.42903 0.478691 0.541806 0.624679 0.738279 0.903542 1.166 1.64697 2.81344
1.62315620435 0.34836 0.194278 0.181687488527 0.381247 0.421158 0.4706 0.533437 0.615944 0.729041 0.89357 1.15486 1.63368 2.79495
1.64060949687 0.340863 0.190435 0.1781448935 0.373588 0.413301 0.462498 0.525021 0.607115 0.719645 0.883346 1.14332 1.61973 2.77514
1.65806278939 0.333425 0.186701 0.174713806253 0.365968 0.405461 0.454384 0.516559 0.598194 0.710093 0.872876 1.13139 1.60512 2.75402
1.67551608191 0.326044 0.183069 0.171388138627 0.35839 0.39764 0.446263 0.508054 0.589185 0.700392 0.862166 1.11908 1.58986 2.73161
1.69296937443 0.318724 0.179535 0.168161833449 0.350853 0.38984 0.438135 0.499509 0.580091 0.690545 0.85122 1.10638 1.57396 2.70794
1.71042266695 0.311465 0.176092 0.165028849036 0.34336 0.382062 0.430004 0.490928 0.570917 0.680557 0.840046 1.09332 1.55745 2.68303
1.72787595947 0.304269 0.172736 0.161983221162 0.335912 0.374309 0.421871 0.482312 0.561665 0.670432 0.82865 1.07991 1.54032 2.6569
1.74532925199 0.297136 0.169462 0.159019063059 0.328511 0.366582 0.413739 0.473664 0.55234 0.660176 0.817039 1.06614 1.5226 2.62959
1.76278254451 0.290068 0.166263 0.156130580908 0.321158 0.358883 0.405611 0.464989 0.542945 0.649794 0.805218 1.05203 1.5043 2.60111
1.78023583703 0.283065 0.163134 0.15331208933 0.313855 0.351215 0.397488 0.456289 0.533486 0.639292 0.793197 1.0376 1.48544 2.5715
1.79768912955 0.27613 0.160072 0.150558026879 0.306604 0.343578 0.389375 0.447568 0.523965 0.628674 0.780981 1.02284 1.46602 2.54079
1.81514242207 0.269262 0.15707 0.147862940549 0.299405 0.335976 0.381272 0.438828 0.514387 0.617947 0.76858 1.00778 1.44608 2.50901
1.83259571459 0.262464 0.154124 0.145221563231 0.29226 0.32841 0.373183 0.430073 0.504758 0.607116 0.756 0.992419 1.42562 2.47618
1.85004900711 0.255736 0.151229 0.142628736258 0.285171 0.320882 0.36511 0.421307 0.49508 0.596187 0.74325 0.976774 1.40467 2.44235
1.86750229963 0.24908 0.148381 0.140079502351 0.278139 0.313394 0.357056 0.412533 0.485359 0.585167 0.730339 0.960856 1.38324 2.40754
1.88495559215 0.242495 0.145575 0.137569074639 0.271166 0.305948 0.349024 0.403755 0.4756 0.574062 0.717274 0.944677 1.36135 2.37179
1.90240888467 0.235984 0.142806 0.135092852147 0.264252 0.298546 0.341016 0.394976 0.465807 0.562878 0.704065 0.928249 1.33902 2.33515
1.91986217719 0.229547 0.140072 0.132646450782 0.257401 0.291191 0.333035 0.3862 0.455986 0.551622 0.69072 0.911586 1.31627 2.29763
1.93731546971 0.223185 0.137368 0.130225656859 0.250612 0.283883 0.325085 0.37743 0.446141 0.540301 0.67725 0.8947 1.29312 2.25929
1.95476876223 0.2169 0.134691 0.127826489062 0.243888 0.276626 0.317167 0.368671 0.436277 0.528921 0.663662 0.877605 1.2696 2.22017
1.97222205475 0.210691 0.132037 0.12544519845 0.23723 0.269422 0.309285 0.359927 0.426399 0.517489 0.649967 0.860314 1.24571 2.18029
1.98967534727 0.204561 0.129402 0.123078237471 0.230639 0.262271 0.301441 0.351201 0.416513 0.506012 0.636175 0.842841 1.2215 2.13971
2.00712863979 0.198509 0.126784 0.120722337419 0.224117 0.255178 0.293638 0.342496 0.406624 0.494497 0.622294 0.825201 1.19696 2.09845
2.02458193231 0.192537 0.12418 0.118374415487 0.217665 0.248142 0.28588 0.333818 0.396737 0.482952 0.608335 0.807408 1.17214 2.05657
2.04203522483 0.186645 0.121587 0.116031652222 0.211284 0.241168 0.278168 0.32517 0.386857 0.471384 0.594308 0.789475 1.14705 2.01411
2.05948851735 0.180835 0.119003 0.113691476037 0.204976 0.234256 0.270507 0.316555 0.37699 0.459799 0.580224 0.771418 1.12171 1.97111
2.07694180987 0.175107 0.116425 0.111351563208 0.198743 0.227408 0.262898 0.307979 0.367142 0.448206 0.566091 0.753251 1.09615 1.92761
2.09439510239 0.169462 0.113853 0.109009837874 0.192585 0.220628 0.255346 0.299444 0.357317 0.436612 0.551922 0.73499 1.07038 1.88365
2.11184839491 0.163901 0.111283 0.10666448753 0.186504 0.213916 0.247852 0.290955 0.347521 0.425024 0.537725 0.71665 1.04445 1.83929
2.12930168743 0.158424 0.108715 0.104313916552 0.180502 0.207275 0.240419 0.282516 0.33776 0.413449 0.523512 0.698245 1.01836 1.79456
2.14675497995 0.153032 0.106147 0.101956823655 0.174579 0.200707 0.233051 0.274132 0.32804 0.401897 0.509294 0.67979 0.992141 1.74951
2.16420827247 0.147726 0.103579 0.0995921244339 0.168737 0.194213 0.225751 0.265805 0.318365 0.390373 0.49508 0.661303 0.965819 1.70419
2.18166156499 0.142507 0.101009 0.0972189978397 0.162977 0.187797 0.218521 0.25754 0.308741 0.378887 0.480881 0.642797 0.939418 1.65864
2.19911485751 0.137375 0.0984366 0.0948368706871 0.1573 0.18146 0.211364 0.249342 0.299175 0.367444 0.466709 0.624288 0.912961 1.6129
2.21656815003 0.13233 0.095862 0.0924454176546 0.151708 0.175203 0.204284 0.241214 0.289671 0.356054 0.452573 0.605791 0.886472 1.56703
2.23402144255 0.127375 0.0932849 0.0900445148103 0.146202 0.169029 0.197282 0.23316 0.280235 0.344723 0.438485 0.587324 0.859977 1.52106
2.25147473507 0.122508 0.0907053 0.0876343325606 0.140784 0.16294 0.190363 0.225185 0.270873 0.333459 0.424455 0.568899 0.8335 1.47505
2.26892802759 0.117731 0.0881236 0.0852152427014 0.135453 0.156938 0.183528 0.217292 0.26159 0.322271 0.410494 0.550535 0.807064 1.42904
2.28638132011 0.113045 0.0855401 0.082787818418 0.130213 0.151025 0.176781 0.209485 0.252392 0.311165 0.396613 0.532245 0.780695 1.38308
2.30383461263 0.108449 0.0829558 0.0803528807596 0.125063 0.145202 0.170124 0.201769 0.243284 0.300149 0.382821 0.514045 0.754417 1.3372
2.32128790515 0.103944 0.0803714 0.077911452165 0.120004 0.139471 0.163561 0.194147 0.234272 0.289231 0.369131 0.495952 0.728254 1.29147
2.33874119767 0.0995318 0.077788 0.0754647564621 0.115039 0.133835 0.157093 0.186623 0.225361 0.278419 0.355552 0.477979 0.70223 1.24592
2.35619449019 0.0952116 0.075207 0.0730142188685 0.110167 0.128295 0.150725 0.179201 0.216556 0.267718 0.342094 0.460142 0.676369 1.2006
2.37364778271 0.0909843 0.0726298 0.0705614659911 0.105391 0.122852 0.144457 0.171885 0.207863 0.257138 0.328769 0.442457 0.650694 1.15555
2.39110107523 0.0868502 0.070058 0.0681082483689 0.100711 0.117509 0.138294 0.164678 0.199287 0.246686 0.315586 0.424939 0.625231 1.11082
2.40855436775 0.0828098 0.0674934 0.0656565644047 0.0961282 0.112268 0.132237 0.157585 0.190834 0.236368 0.302555 0.407601 0.600001 1.06645
2.42600766027 0.0788636 0.0649379 0.0632085054503 0.0916434 0.10713 0.126289 0.15061 0.182508 0.226191 0.289688 0.39046 0.575029 1.02248
2.44346095279 0.0750119 0.0623937 0.0607663642469 0.0872577 0.102096 0.120454 0.143754 0.174315 0.216164 0.276993 0.373529 0.550337 0.97897
2.46091424531 0.0712551 0.059863 0.0583325264846 0.0829722 0.0971694 0.114732 0.137024 0.166259 0.206293 0.264481 0.356824 0.525948 0.935949
2.47836753783 0.0675936 0.057348 0.0559095172773 0.0787876 0.0923504 0.109127 0.130421 0.158346 0.196584 0.252161 0.340357 0.501884 0.893463
2.49582083035 0.0640276 0.0548513 0.0535000321449 0.0747049 0.0876408 0.103642 0.123949 0.15058 0.187045 0.240042 0.324144 0.478168 0.851553
2.51327412287 0.0605575 0.0523754 0.051106782099 0.0707249 0.0830424 0.0982775 0.117612 0.142966 0.177682 0.228135 0.308197 0.454821 0.81026
2.53072741539 0.0571836 0.0499228 0.0487326640491 0.0668484 0.0785566 0.0930371 0.111413 0.135509 0.168501 0.216448 0.292531 0.431864 0.769624
2.54818070791 0.053906 0.0474965 0.0463805903964 0.0630763 0.0741847 0.0879226 0.105356 0.128214 0.15951 0.204991 0.277158 0.409319 0.729686
2.56563400043 0.0507252 0.0450991 0.0440535664907 0.0594093 0.0699282 0.0829364 0.0994424 0.121085 0.150714 0.193772 0.262092 0.387205 0.690484
2.58308729295 0.0476412 0.0427335 0.041754659648 0.0558482 0.0657884 0.0780804 0.0936768 0.114125 0.14212 0.1828 0.247346 0.365543 0.652055
2.60054058547 0.0446543 0.0404026 0.0394870146418 0.0523936 0.0617667 0.0733568 0.0880618 0.107341 0.133733 0.172083 0.23293 0.344353 0.614438
2.61799387799 0.0417646 0.0381095 0.0372537452625 0.0490462 0.0578643 0.0687675 0.0826002 0.100735 0.125559 0.16163 0.218859 0.323653 0.577667
2.63544717051 0.0389724 0.035857 0.0350580272666 0.0458066 0.0540825 0.0643145 0.077295 0.0943115 0.117604 0.151448 0.205143 0.303463 0.54178
2.65290046303 0.0362777 0.0336482 0.0329030519019 0.0426755 0.0504223 0.0599996 0.0721489 0.0880748 0.109874 0.141546 0.191794 0.2838 0.506809
2.67035375555 0.0336806 0.031486 0.0307920104165 0.0396533 0.0468848 0.0558246 0.0671644 0.0820284 0.102373 0.131931 0.178823 0.264682 0.472787
2.68780704807 0.0311812 0.0293735 0.0287280320922 0.0367405 0.0434712 0.0517911 0.062344 0.0761759 0.0951068 0.12261 0.166241 0.246126 0.439748
2.70526034059 0.0287795 0.0273136 0.0267142926855 0.0339378 0.0401824 0.0479009 0.0576904 0.0705209 0.0880804 0.11359 0.154057 0.228148 0.407722
2.72271363311 0.0264757 0.0253093 0.0247538750038 0.0312454 0.0370192 0.0441554 0.0532057 0.0650666 0.0812984 0.104878 0.142283 0.210764 0.37674
2.74016692563 0.0242695 0.0233634 0.0228498463631 0.0286638 0.0339827 0.0405561 0.0488921 0.0598163 0.0747654 0.0964809 0.130926 0.193989 0.346829
2.75762021815 0.0221612 0.0214789 0.0210051656389 0.0261934 0.0310736 0.0371044 0.0447518 0.0547729 0.0684855 0.088404 0.119998 0.177838 0.318017
2.77507351067 0.0201504 0.0196585 0.0192227762153 0.0238343 0.0282926 0.0338015 0.0407866 0.0499394 0.062463 0.0806535 0.109505 0.162324 0.290331
2.79252680319 0.0182373 0.017905 0.0175055130357 0.021587 0.0256404 0.0306487 0.0369986 0.0453184 0.0567017 0.073235 0.0994574 0.147461 0.263795
2.80998009571 0.0164216 0.0162209 0.0158560871118 0.0194516 0.0231177 0.0276471 0.0333893 0.0409125 0.0512052 0.0661537 0.0898616 0.133261 0.238434
2.82743338823 0.0147033 0.0146089 0.0142771319976 0.0174282 0.020725 0.0247976 0.0299605 0.036724 0.0459769 0.0594146 0.0807254 0.119735 0.214268
2.84488668075 0.013082 0.0130714 0.0127711728068 0.015517 0.0184627 0.0221012 0.0267134 0.0327552 0.04102 0.0530222 0.0720555 0.106895 0.191321
2.86233997327 0.0115577 0.0116106 0.0113405952297 0.013718 0.0163312 0.0195587 0.0236496 0.0290079 0.0363374 0.0469808 0.0638584 0.0947508 0.16961
2.87979326579 0.01013 0.0102289 0.00998763004142 0.0120313 0.0143309 0.0171708 0.02077 0.0254841 0.0319318 0.0412942 0.0561397 0.0833117 0.149154
2.89724655831 0.00879874 0.00892829 0.00871438408528 0.0104568 0.012462 0.0149381 0.0180759 0.0221853 0.0278056 0.0359659 0.0489049 0.0725864 0.129968
2.91469985083 0.00756346 0.00771069 0.00752279379813 0.00899436 0.0107246 0.012861 0.015568 0.0191129 0.0239608 0.0309993 0.0421587 0.0625824 0.112069
2.93215314335 0.00642385 0.0065779 0.00641465619338 0.00764383 0.00911884 0.0109399 0.0132471 0.0162682 0.0203994 0.0263969 0.0359054 0.0533068 0.0954693
2.94960643587 0.00537948 0.00553154 0.005391535912 0.00640498 0.00764469 0.00917505 0.0111138 0.0136521 0.0171229 0.0221612 0.0301486 0.0447655 0.0801803
2.96705972839 0.00442989 0.00457306 0.00445487366299 0.0052775 0.00630202 0.00756658 0.00916838 0.0112654 0.0141324 0.0182941 0.0248913 0.0369636 0.0662121
2.98451302091 0.00357457 0.00370374 0.00360586229146 0.00426102 0.00509063 0.00611446 0.00741119 0.00910861 0.0114292 0.0147972 0.0201361 0.0299052 0.0535729
3.00196631343 0.00281295 0.00292467 0.00284553972755 0.00335509 0.00401019 0.00481854 0.00584222 0.00718207 0.00901358 0.0116717 0.0158848 0.0235936 0.0422691
3.01941960595 0.0021444 0.00223674 0.00217469603751 0.00255917 0.00306027 0.00367851 0.00446132 0.00548579 0.00688604 0.00891804 0.0121386 0.0180309 0.0323052
3.03687289847 0.00156823 0.00164062 0.00159390440663 0.00187263 0.00224033 0.00269391 0.00326814 0.00401955 0.00504646 0.00653654 0.00889798 0.0132183 0.0236838
3.05432619099 0.00108365 0.00113678 0.00110349015632 0.00129474 0.00154969 0.00186411 0.00226211 0.00278284 0.00349441 0.0045268 0.00616278 0.00915563 0.0164052
3.07177948351 0.000689799 0.000725444 0.000703577218518 0.000824662 0.0009875 0.00118829 0.00144242 0.00177484 0.00222904 0.00288794 0.00393198 0.0058418 0.0104677
3.08923277603 0.000385714 0.00040658 0.000393933220813 0.000461408 0.000552781 0.000665427 0.000807963 0.000994387 0.00124906 0.00161847 0.00220374 0.00327427 0.00586712
3.10668606855 0.000170289 0.00017988 0.000174093418361 0.00020384 0.000244329 0.000294231 0.000357361 0.000439913 0.000552668 0.000716198 0.000975253 0.00144905 0.00259654
3.12413936107 4.22418e-05 4.47081e-05 4.3221270442e-05 5.06009e-05 6.06852e-05 7.31103e-05 8.88247e-05 0.000109369 0.000137423 0.000178104 0.00024254 0.000360376 0.00064574
3.14159265359 0.0 0.0 0.0 0.0 0.0 0.0 0.0 0.0 0.0 0.0 0.0 0.0 0.0
