alpha phi_iso phi_ray phi_vec g0=0.1 g0=0.2 g0=0.3 g0=0.4 g0=0.5 g0=0.6 g0=0.7 g0=0.8 g0=0.9 g0=1.0
0.0 1.0 1.0 1.0 1.0 1.0 1.0 1.0 1.0 1.0 1.0 1.0 1.0 1.0
0.0174532925199 0.999649 0.9995 0.999497093853 0.999665 0.999685 0.99971 0.999743 0.999787 0.999849 0.999944 1.00011 1.00046 1.00172
0.0349065850399 0.998669 0.998078 0.998064060861 0.998734 0.998814 0.998914 0.999043 0.999216 0.999462 0.999838 1.00049 1.00187 1.00689
0.0523598775598 0.99717 0.995848 0.995814372165 0.997315 0.997493 0.997715 0.998003 0.998389 0.998938 0.999776 1.00122 1.00431 1.01552
0.0698131700798 0.995239 0.992902 0.992837971966 0.995494 0.995806 0.996198 0.996704 0.997385 0.998351 0.999828 1.00237 1.00781 1.02757
0.0872664625997 0.99293 0.989301 0.989194604432 0.993324 0.993807 0.994413 0.995197 0.996251 0.997747 1.00004 1.00398 1.01241 1.04303
0.10471975512 0.990277 0.985084 0.984923680748 0.990839 0.991528 0.992393 0.993512 0.995018 0.997154 1.00042 1.00606 1.0181 1.06185
0.12217304764 0.987304 0.980282 0.980055058741 0.988062 0.988992 0.990159 0.99167 0.993703 0.996588 1.001 1.00862 1.02488 1.08399
0.13962634016 0.984031 0.974919 0.974614689337 0.985012 0.986216 0.987729 0.989687 0.992322 0.996062 1.00179 1.01166 1.03275 1.10941
0.157079632679 0.980473 0.969022 0.968627154622 0.981705 0.983217 0.985116 0.987576 0.990887 0.995586 1.00278 1.01519 1.04169 1.13803
0.174532925199 0.976647 0.962612 0.962116238194 0.978156 0.980008 0.982336 0.985349 0.989407 0.995167 1.00399 1.0192 1.05169 1.1698
0.191986217719 0.972568 0.955713 0.955105096263 0.97438 0.976604 0.979399 0.983019 0.987893 0.994812 1.00541 1.02368 1.06272 1.20464
0.209439510239 0.968248 0.948348 0.947616314692 0.970388 0.973015 0.976316 0.980592 0.986351 0.994526 1.00705 1.02864 1.07478 1.24249
0.226892802759 0.963701 0.940538 0.939672051579 0.966193 0.969252 0.973097 0.978079 0.984787 0.994312 1.0089 1.03406 1.08782 1.28325
0.244346095279 0.958937 0.932305 0.931293923191 0.961805 0.965325 0.969752 0.975485 0.983208 0.994174 1.01097 1.03994 1.10184 1.32686
0.261799387799 0.953968 0.923669 0.922503203585 0.957234 0.961244 0.966286 0.972819 0.981617 0.994111 1.01325 1.04626 1.11679 1.37321
0.279252680319 0.948803 0.91465 0.913320824606 0.95249 0.957016 0.962709 0.970084 0.980018 0.994125 1.01574 1.05301 1.13266 1.42222
0.296705972839 0.943452 0.90527 0.90376740441 0.94758 0.95265 0.959025 0.967285 0.978412 0.994215 1.01842 1.06018 1.14941 1.4738
0.314159265359 0.937924 0.895548 0.893863304491 0.942514 0.948151 0.95524 0.964427 0.976803 0.994379 1.0213 1.06775 1.167 1.52783
0.331612557879 0.932226 0.885503 0.883628601172 0.937297 0.943526 0.95136 0.961512 0.97519 0.994615 1.02437 1.07571 1.18541 1.58424
0.349065850399 0.926366 0.875155 0.873083285222 0.931938 0.938781 0.947389 0.958545 0.973574 0.99492 1.02762 1.08403 1.20459 1.6429
0.366519142919 0.920352 0.864522 0.862246976681 0.926442 0.933922 0.943332 0.955526 0.971955 0.995291 1.03104 1.09272 1.22452 1.70372
0.383972435439 0.914191 0.853625 0.851139238557 0.920816 0.928954 0.939191 0.952458 0.970333 0.995724 1.03463 1.10173 1.24515 1.76658
0.401425727959 0.90789 0.842482 0.839779320163 0.915065 0.923881 0.93497 0.949342 0.968707 0.996214 1.03836 1.11106 1.26645 1.83138
0.418879020479 0.901454 0.831111 0.828186299707 0.909196 0.918707 0.930672 0.946179 0.967075 0.996757 1.04224 1.12069 1.28837 1.898
0.436332312999 0.894891 0.81953 0.816379084294 0.903212 0.913437 0.926299 0.942971 0.965436 0.997347 1.04624 1.13059 1.31087 1.96633
0.453785605519 0.888205 0.807757 0.804376324371 0.89712 0.908074 0.921854 0.939717 0.963787 0.997979 1.05037 1.14075 1.33393 2.03627
0.471238898038 0.881402 0.795811 0.792196442242 0.890923 0.902622 0.91734 0.936417 0.962126 0.998646 1.05461 1.15115 1.35748 2.10768
0.488692190558 0.874489 0.783709 0.779857603557 0.884627 0.897084 0.912757 0.933073 0.960451 0.999343 1.05894 1.16175 1.3815 2.18046
0.506145483078 0.867469 0.771468 0.767377717308 0.878235 0.891463 0.908107 0.929683 0.958758 1.00006 1.06336 1.17255 1.40593 2.25448
0.523598775598 0.860348 0.759105 0.754774435828 0.871751 0.885763 0.903392 0.926246 0.957045 1.0008 1.06784 1.18351 1.43074 2.32964
0.541052068118 0.853131 0.746638 0.742065126275 0.865179 0.879985 0.898614 0.922763 0.955308 1.00154 1.07239 1.19463 1.45589 2.4058
0.558505360638 0.845822 0.734081 0.729266842116 0.858523 0.874132 0.893772 0.919232 0.953545 1.00229 1.07699 1.20587 1.48132 2.48286
0.575958653158 0.838426 0.721453 0.716396294607 0.851787 0.868207 0.888868 0.915652 0.95175 1.00303 1.08162 1.21721 1.50701 2.5607
0.593411945678 0.830947 0.708767 0.703469909829 0.844974 0.862212 0.883903 0.912023 0.949922 1.00376 1.08627 1.22863 1.53289 2.6392
0.610865238198 0.823389 0.696041 0.690503743136 0.838086 0.856148 0.878877 0.908342 0.948055 1.00447 1.09093 1.2401 1.55894 2.71823
0.628318530718 0.815756 0.683288 0.677513450636 0.831128 0.850019 0.873791 0.904609 0.946146 1.00516 1.09559 1.25162 1.58511 2.79769
0.645771823238 0.808053 0.670525 0.664514346228 0.824102 0.843825 0.868645 0.900822 0.944191 1.00581 1.10023 1.26314 1.61135 2.87745
0.663225115758 0.800283 0.657764 0.651521373083 0.817011 0.837569 0.863439 0.89698 0.942185 1.00641 1.10484 1.27465 1.63763 2.9574
0.680678408278 0.79245 0.645021 0.638548989575 0.809858 0.831252 0.858175 0.89308 0.940126 1.00697 1.1094 1.28613 1.66389 3.03742
0.698131700798 0.784557 0.632308 0.625611283349 0.802645 0.824876 0.852852 0.889122 0.938008 1.00746 1.11391 1.29756 1.6901 3.11741
0.715584993318 0.776608 0.619639 0.612721885771 0.795376 0.818442 0.847469 0.885103 0.935828 1.0079 1.11834 1.3089 1.71622 3.19724
0.733038285838 0.768607 0.607027 0.599894000445 0.788052 0.811952 0.842028 0.881022 0.933581 1.00826 1.1227 1.32015 1.7422 3.2768
0.750491578358 0.760556 0.594483 0.587140346177 0.780677 0.805406 0.836528 0.876877 0.931264 1.00853 1.12696 1.33128 1.76801 3.35599
0.767944870878 0.752459 0.58202 0.574473214009 0.773252 0.798808 0.830969 0.872667 0.928871 1.00873 1.13111 1.34226 1.7936 3.43469
0.785398163397 0.744319 0.569649 0.561904353154 0.76578 0.792156 0.825351 0.868389 0.926399 1.00882 1.13514 1.35308 1.81893 3.5128
0.802851455917 0.73614 0.557381 0.549445028023 0.758262 0.785454 0.819674 0.864042 0.923845 1.00881 1.13903 1.36371 1.84397 3.59021
0.820304748437 0.727923 0.545226 0.537106103786 0.750703 0.778701 0.813937 0.859623 0.921203 1.0087 1.14279 1.37414 1.86868 3.66682
0.837758040957 0.719673 0.533195 0.524897789708 0.743102 0.7719 0.808142 0.855132 0.91847 1.00846 1.14638 1.38435 1.89301 3.74252
0.855211333477 0.711391 0.521296 0.51282989581 0.735463 0.765051 0.802287 0.850566 0.915642 1.0081 1.14981 1.39431 1.91693 3.81721
0.872664625997 0.703082 0.509539 0.500911661762 0.727788 0.758155 0.796372 0.845924 0.912716 1.00762 1.15306 1.404 1.9404 3.8908
0.890117918517 0.694747 0.497931 0.48915181392 0.720078 0.751213 0.790398 0.841204 0.909686 1.00699 1.15611 1.41341 1.9634 3.96319
0.907571211037 0.686389 0.486482 0.477558565324 0.712335 0.744227 0.784363 0.836404 0.906551 1.00622 1.15897 1.42252 1.98588 4.03428
0.925024503557 0.678011 0.475199 0.466139587183 0.704562 0.737197 0.778269 0.831523 0.903306 1.0053 1.16161 1.43131 2.0078 4.10398
0.942477796077 0.669615 0.464087 0.45490203739 0.69676 0.730124 0.772115 0.82656 0.899947 1.00422 1.16403 1.43976 2.02915 4.17221
0.959931088597 0.661205 0.453155 0.443852503487 0.688931 0.72301 0.7659 0.821512 0.896472 1.00298 1.16621 1.44785 2.04988 4.23888
0.977384381117 0.652781 0.442407 0.43299708822 0.681076 0.715855 0.759625 0.816378 0.892877 1.00157 1.16815 1.45558 2.06996 4.3039
0.994837673637 0.644348 0.431849 0.422341352502 0.673198 0.70866 0.75329 0.811158 0.889159 0.999988 1.16984 1.46291 2.08936 4.36719
1.01229096616 0.635907 0.421487 0.411890315414 0.665299 0.701427 0.746895 0.805849 0.885316 0.998226 1.17127 1.46985 2.10806 4.42868
1.02974425868 0.62746 0.411324 0.401648454202 0.657379 0.694155 0.740439 0.800451 0.881343 0.996279 1.17243 1.47636 2.12603 4.48828
1.0471975512 0.61901 0.401364 0.391619789835 0.649442 0.686847 0.733923 0.794962 0.877239 0.994143 1.17331 1.48244 2.14324 4.54593
1.06465084372 0.610559 0.391611 0.381807801447 0.641487 0.679503 0.727347 0.789382 0.873002 0.991812 1.1739 1.48808 2.15965 4.60154
1.08210413624 0.602109 0.382068 0.372215397826 0.633518 0.672124 0.720711 0.78371 0.868628 0.989283 1.1742 1.49326 2.17526 4.65507
1.09955742876 0.593662 0.372737 0.362845088509 0.625535 0.664711 0.714015 0.777944 0.864115 0.986552 1.1742 1.49796 2.19003 4.70643
1.11701072128 0.585221 0.36362 0.353698784171 0.61754 0.657265 0.70726 0.772084 0.859462 0.983613 1.17389 1.50219 2.20394 4.75557
1.1344640138 0.576788 0.354719 0.344778024755 0.609535 0.649787 0.700445 0.766129 0.854666 0.980463 1.17326 1.50591 2.21697 4.80244
1.15191730632 0.568364 0.346035 0.336083779858 0.601522 0.642279 0.693572 0.760079 0.849726 0.9771 1.17231 1.50913 2.2291 4.84697
1.16937059884 0.559951 0.337569 0.327616591312 0.593502 0.63474 0.68664 0.753934 0.84464 0.973519 1.17104 1.51184 2.24032 4.88911
1.18682389136 0.551552 0.329319 0.319376544668 0.585476 0.627173 0.67965 0.747692 0.839407 0.969718 1.16943 1.51402 2.25059 4.92881
1.20427718388 0.543168 0.321288 0.311363269201 0.577446 0.619579 0.672603 0.741354 0.834025 0.965695 1.16749 1.51567 2.25991 4.96603
1.2217304764 0.534802 0.313473 0.303575994936 0.569414 0.611957 0.665499 0.73492 0.828493 0.961446 1.16521 1.51678 2.26826 5.00073
1.23918376892 0.526455 0.305873 0.296013495623 0.561381 0.604311 0.658338 0.728389 0.822811 0.956969 1.16258 1.51733 2.27563 5.03286
1.25663706144 0.518129 0.298488 0.288674145762 0.553349 0.59664 0.651122 0.721762 0.816978 0.952263 1.1596 1.51733 2.282 5.06239
1.27409035396 0.509825 0.291316 0.281555977646 0.54532 0.588947 0.643851 0.715039 0.810993 0.947327 1.15627 1.51678 2.28737 5.08928
1.29154364648 0.501546 0.284354 0.274656595806 0.537293 0.581231 0.636526 0.70822 0.804856 0.942158 1.15258 1.51565 2.29171 5.1135
1.308996939 0.493294 0.277599 0.26797326256 0.529273 0.573495 0.629148 0.701306 0.798567 0.936757 1.14854 1.51395 2.29502 5.13504
1.32645023152 0.485069 0.27105 0.26150289802 0.521259 0.56574 0.621718 0.694297 0.792126 0.931122 1.14414 1.51168 2.2973 5.15386
1.34390352404 0.476874 0.264702 0.255242108601 0.513253 0.557966 0.614237 0.687194 0.785533 0.925252 1.13938 1.50883 2.29854 5.16994
1.36135681656 0.468711 0.258553 0.249187158512 0.505257 0.550176 0.606705 0.679998 0.778788 0.919148 1.13426 1.5054 2.29872 5.18327
1.37881010908 0.46058 0.252598 0.243334055301 0.497273 0.542371 0.599125 0.67271 0.771892 0.91281 1.12877 1.50139 2.29785 5.19383
1.3962634016 0.452484 0.246834 0.237678492827 0.489301 0.534552 0.591498 0.66533 0.764847 0.906238 1.12293 1.49679 2.29593 5.20161
1.41371669412 0.444424 0.241257 0.232215908289 0.481343 0.52672 0.583824 0.657861 0.757652 0.899433 1.11672 1.49161 2.29295 5.20661
1.43116998664 0.436401 0.235861 0.226941539264 0.473402 0.518877 0.576105 0.650302 0.750309 0.892396 1.11015 1.48585 2.2889 5.20882
1.44862327916 0.428418 0.230642 0.221850395188 0.465477 0.511025 0.568343 0.642656 0.742819 0.885128 1.10322 1.4795 2.2838 5.20824
1.46607657168 0.420476 0.225596 0.216937228843 0.457572 0.503164 0.560539 0.634925 0.735185 0.877631 1.09593 1.47258 2.27764 5.20488
1.4835298642 0.412575 0.220718 0.21219665042 0.449686 0.495297 0.552694 0.627109 0.727407 0.869906 1.08829 1.46507 2.27043 5.19873
1.50098315672 0.404718 0.216001 0.207623070488 0.441823 0.487425 0.544811 0.61921 0.719488 0.861956 1.08029 1.45699 2.26217 5.1898
1.51843644924 0.396907 0.211441 0.203210842582 0.433983 0.47955 0.53689 0.611231 0.711429 0.853784 1.07194 1.44834 2.25286 5.17812
1.53588974176 0.389141 0.207032 0.198954035063 0.426167 0.471672 0.528935 0.603174 0.703233 0.84539 1.06325 1.43912 2.24252 5.16368
1.55334303427 0.381424 0.202769 0.194846744806 0.418378 0.463795 0.520946 0.595039 0.694902 0.83678 1.05421 1.42933 2.23114 5.14652
1.57079632679 0.373755 0.198645 0.190882897584 0.410617 0.455919 0.512925 0.586831 0.68644 0.827955 1.04483 1.41899 2.21875 5.12665
1.58824961931 0.366137 0.194656 0.187056362133 0.402885 0.448047 0.504875 0.57855 0.677847 0.81892 1.03511 1.4081 2.20534 5.10409
1.60570291183 0.358571 0.190795 0.183360978675 0.395184 0.440179 0.496798 0.5702 0.669129 0.809677 1.02506 1.39666 2.19093 5.07887
1.62315620435 0.351058 0.187056 0.179790501875 0.387515 0.432318 0.488695 0.561783 0.660287 0.800232 1.01469 1.38469 2.17554 5.05103
1.64060949687 0.3436 0.183433 0.176338657884 0.37988 0.424466 0.480569 0.553301 0.651326 0.790587 1.004 1.37219 2.15917 5.02058
1.65806278939 0.336196 0.179922 0.172999258402 0.37228 0.416624 0.472422 0.544758 0.642248 0.780748 0.992992 1.35917 2.14184 4.98758
1.67551608191 0.32885 0.176514 0.169766029581 0.364718 0.408795 0.464257 0.536156 0.633057 0.77072 0.981679 1.34564 2.12356 4.95205
1.69296937443 0.321562 0.173206 0.166632726086 0.357193 0.400979 0.456075 0.527498 0.623757 0.760507 0.970065 1.3316 2.10436 4.91403
1.71042266695 0.314333 0.16999 0.163593245173 0.349708 0.39318 0.447879 0.518788 0.614352 0.750114 0.958157 1.31708 2.08424 4.87357
1.72787595947 0.307165 0.166862 0.160641455579 0.342265 0.385399 0.439671 0.510027 0.604845 0.739546 0.945963 1.30208 2.06323 4.83072
1.74532925199 0.300058 0.163815 0.157771311593 0.334865 0.377637 0.431455 0.501221 0.595242 0.728811 0.93349 1.28661 2.04135 4.78552
1.76278254451 0.293013 0.160843 0.154976881574 0.327509 0.369898 0.423232 0.492371 0.585546 0.717912 0.920747 1.27068 2.01862 4.73803
1.78023583703 0.286033 0.157942 0.152252347953 0.320199 0.362182 0.415006 0.483481 0.575762 0.706857 0.907742 1.25431 1.99505 4.68829
1.79768912955 0.279117 0.155106 0.149592007229 0.312936 0.354492 0.406778 0.474556 0.565895 0.695651 0.894483 1.23751 1.97067 4.63636
1.81514242207 0.272268 0.152329 0.146990241453 0.305722 0.346831 0.398552 0.465597 0.555949 0.684301 0.88098 1.22029 1.94551 4.5823
1.83259571459 0.265485 0.149607 0.144441632302 0.298559 0.339199 0.39033 0.45661 0.545929 0.672813 0.867242 1.20267 1.91958 4.52616
1.85004900711 0.25877 0.146934 0.141940904036 0.291448 0.331599 0.382116 0.447598 0.535841 0.661195 0.853279 1.18465 1.89291 4.46802
1.86750229963 0.252125 0.144305 0.139482952023 0.284389 0.324034 0.373911 0.438564 0.525689 0.649453 0.839099 1.16627 1.86553 4.40793
1.88495559215 0.245549 0.141716 0.137062871253 0.277386 0.316505 0.365719 0.429512 0.515478 0.637594 0.824714 1.14752 1.83746 4.34595
1.90240888467 0.239045 0.139162 0.134675842268 0.27044 0.309014 0.357543 0.420447 0.505214 0.625627 0.810134 1.12843 1.80873 4.28217
1.91986217719 0.232613 0.136639 0.132317416337 0.263551 0.301563 0.349386 0.411373 0.494903 0.613557 0.795369 1.10902 1.77937 4.21663
1.93731546971 0.226253 0.134143 0.129983201765 0.256721 0.294156 0.341251 0.402293 0.484549 0.601393 0.78043 1.08929 1.7494 4.14943
1.95476876223 0.219968 0.131669 0.12766912055 0.249953 0.286793 0.33314 0.393212 0.474159 0.589143 0.765328 1.06926 1.71886 4.08062
1.97222205475 0.213757 0.129215 0.125371265794 0.243247 0.279478 0.325057 0.384133 0.463738 0.576814 0.750074 1.04896 1.68776 4.01029
1.98967534727 0.207622 0.126776 0.12308593022 0.236604 0.272211 0.317004 0.375062 0.453293 0.564415 0.73468 1.0284 1.65615 3.9385
2.00712863979 0.201564 0.124349 0.120809777283 0.230027 0.264996 0.308986 0.366001 0.442827 0.551953 0.719158 1.0076 1.62406 3.86534
2.02458193231 0.195583 0.121932 0.118539555985 0.223517 0.257834 0.301005 0.356957 0.432349 0.539437 0.703518 0.986566 1.5915 3.79088
2.04203522483 0.18968 0.119521 0.116272329026 0.217074 0.250729 0.293063 0.347932 0.421864 0.526875 0.687774 0.96533 1.55852 3.71521
2.05948851735 0.183857 0.117114 0.114005444276 0.210702 0.243681 0.285166 0.338932 0.411377 0.514276 0.671936 0.943904 1.52515 3.63839
2.07694180987 0.178113 0.114709 0.111736420714 0.2044 0.236693 0.277314 0.32996 0.400895 0.501648 0.656018 0.922309 1.49142 3.56053
2.09439510239 0.17245 0.112303 0.109463091009 0.198171 0.229768 0.269513 0.321022 0.390424 0.489 0.640031 0.900562 1.45736 3.48169
2.11184839491 0.166869 0.109894 0.107183544489 0.192016 0.222907 0.261764 0.312121 0.379971 0.476339 0.623989 0.878682 1.423 3.40196
2.12930168743 0.16137 0.107481 0.104896070103 0.185936 0.216113 0.254071 0.303263 0.369541 0.463676 0.607903 0.85669 1.38838 3.32143
2.14675497995 0.155953 0.105063 0.102599299011 0.179933 0.209388 0.246437 0.294451 0.359141 0.451019 0.591786 0.834603 1.35354 3.24018
2.16420827247 0.150621 0.102639 0.100292033479 0.174007 0.202734 0.238866 0.285691 0.348777 0.438377 0.575651 0.812442 1.31849 3.1583
2.18166156499 0.145373 0.100206 0.0979733894634 0.168162 0.196154 0.231361 0.276986 0.338455 0.425757 0.559511 0.790225 1.28329 3.07586
2.19911485751 0.14021 0.0977659 0.095642711062 0.162396 0.189648 0.223924 0.268341 0.328182 0.413171 0.543377 0.767973 1.24795 2.99297
2.21656815003 0.135133 0.0953169 0.0932995705122 0.156714 0.183221 0.216559 0.259761 0.317964 0.400625 0.527264 0.745705 1.21253 2.9097
2.23402144255 0.130142 0.0928593 0.0909438252265 0.151114 0.176873 0.20927 0.251251 0.307807 0.38813 0.511184 0.72344 1.17704 2.82614
2.25147473507 0.125238 0.0903929 0.0885755607575 0.145599 0.170607 0.202059 0.242814 0.297719 0.375693 0.49515 0.701198 1.14153 2.74238
2.26892802759 0.120422 0.0879182 0.0861950907976 0.140171 0.164426 0.194929 0.234455 0.287704 0.363325 0.479175 0.678999 1.10603 2.65851
2.28638132011 0.115694 0.0854356 0.0838029856969 0.134829 0.15833 0.187884 0.22618 0.277769 0.351033 0.463271 0.656863 1.07057 2.57461
2.30383461263 0.111056 0.0829459 0.0813999869105 0.129576 0.152322 0.180927 0.217991 0.267921 0.338827 0.447452 0.634809 1.03519 2.49078
2.32128790515 0.106506 0.0804499 0.0789870925508 0.124413 0.146405 0.174061 0.209894 0.258166 0.326716 0.431729 0.612856 0.999922 2.40709
2.33874119767 0.102047 0.0779488 0.0765655003531 0.119341 0.14058 0.167289 0.201894 0.24851 0.314708 0.416117 0.591025 0.964799 2.32364
2.35619449019 0.0976781 0.075444 0.0741366647099 0.114362 0.13485 0.160613 0.193994 0.238959 0.302812 0.400626 0.569334 0.929854 2.2405
2.37364778271 0.0934004 0.0729369 0.0717021255663 0.109475 0.129216 0.154038 0.186198 0.229519 0.291036 0.385271 0.547803 0.895123 2.15778
2.39110107523 0.0892143 0.0704293 0.0692637365599 0.104684 0.12368 0.147566 0.178512 0.220197 0.27939 0.370063 0.526451 0.860638 2.07554
2.40855436775 0.0851203 0.067923 0.0668234083634 0.0999877 0.118244 0.141199 0.170939 0.210998 0.267881 0.355015 0.505297 0.826433 1.99388
2.42600766027 0.0811188 0.06542 0.0643833083068 0.0953886 0.11291 0.134942 0.163484 0.201929 0.256519 0.340139 0.484359 0.79254 1.91289
2.44346095279 0.0772104 0.0629226 0.0619457177905 0.0908874 0.107681 0.128796 0.15615 0.192995 0.245311 0.325448 0.463657 0.758991 1.83263
2.46091424531 0.0733954 0.0604331 0.0595130893195 0.0864852 0.102557 0.122765 0.148943 0.184202 0.234266 0.310952 0.443209 0.72582 1.7532
2.47836753783 0.0696742 0.0579539 0.0570880179866 0.0821832 0.0975415 0.116851 0.141865 0.175556 0.223392 0.296665 0.423032 0.693057 1.67468
2.49582083035 0.0660474 0.0554877 0.0546731559193 0.0779821 0.0926351 0.111057 0.134921 0.167062 0.212697 0.282597 0.403145 0.660735 1.59714
2.51327412287 0.0625151 0.0530371 0.0522713833854 0.0738832 0.0878399 0.105386 0.128115 0.158726 0.202189 0.26876 0.383566 0.628883 1.52067
2.53072741539 0.0590779 0.050605 0.0498855521352 0.0698873 0.0831577 0.0998406 0.121451 0.150554 0.191875 0.255165 0.364312 0.597533 1.44535
2.54818070791 0.055736 0.0481942 0.0475187705763 0.0659954 0.0785901 0.094423 0.114931 0.142551 0.181764 0.241824 0.3454 0.566714 1.37124
2.56563400043 0.0524899 0.0458078 0.0451740615639 0.0622084 0.0741387 0.089136 0.108561 0.134722 0.171863 0.228748 0.326846 0.536456 1.29842
2.58308729295 0.0493397 0.0434487 0.0428545905407 0.0585271 0.0698051 0.0839819 0.102344 0.127072 0.162178 0.215946 0.308668 0.506787 1.22698
2.60054058547 0.0462859 0.0411201 0.0405636370195 0.0549526 0.0655909 0.0789633 0.096283 0.119606 0.152718 0.20343 0.290881 0.477735 1.15697
2.61799387799 0.0433286 0.0388251 0.0383043949606 0.0514854 0.0614976 0.0740824 0.0903816 0.11233 0.143489 0.19121 0.273501 0.449328 1.08848
2.63544717051 0.0404681 0.036567 0.036080229429 0.0481265 0.0575265 0.0693415 0.0846431 0.105248 0.134498 0.179295 0.256543 0.421593 1.02156
2.65290046303 0.0377048 0.0343489 0.0338943914201 0.0448767 0.0536792 0.0647428 0.0790709 0.098364 0.125752 0.167696 0.240023 0.394556 0.956295
2.67035375555 0.0350387 0.0321741 0.0317502174816 0.0417365 0.0499569 0.0602884 0.073668 0.0916834 0.117257 0.156421 0.223954 0.368243 0.892737
2.68780704807 0.0324701 0.0300457 0.0296510726787 0.0387068 0.046361 0.0559805 0.0684375 0.0852103 0.109019 0.14548 0.208351 0.342678 0.830954
2.70526034059 0.0299991 0.027967 0.0276002080067 0.0357882 0.0428926 0.0518209 0.0633824 0.078949 0.101045 0.134882 0.193228 0.317884 0.771006
2.72271363311 0.027626 0.0259412 0.0256009029782 0.0329813 0.0395531 0.0478116 0.0585055 0.0729034 0.0933403 0.124636 0.178597 0.293886 0.712953
2.74016692563 0.0253509 0.0239714 0.023656380071 0.0302867 0.0363434 0.0439544 0.0538095 0.0670776 0.0859102 0.114748 0.164472 0.270705 0.656853
2.75762021815 0.0231738 0.0220606 0.0217698332453 0.0277049 0.0332648 0.0402511 0.0492969 0.0614752 0.0787604 0.105228 0.150865 0.248363 0.602759
2.77507351067 0.0210949 0.0202121 0.0199443994264 0.0252364 0.0303181 0.0367032 0.0449704 0.0560998 0.071896 0.0960833 0.137786 0.226881 0.550725
2.79252680319 0.0191142 0.0184287 0.0181830729519 0.0228818 0.0275044 0.0333125 0.0408321 0.0509549 0.0653219 0.0873203 0.125248 0.206277 0.5008
2.80998009571 0.0172318 0.0167133 0.0164888196421 0.0206414 0.0248246 0.0300802 0.0368844 0.0460437 0.0590429 0.0789463 0.113262 0.186571 0.453034
2.82743338823 0.0154477 0.0150688 0.0148645197646 0.0185157 0.0222794 0.0270079 0.0331294 0.0413693 0.0530633 0.0709678 0.101836 0.167781 0.407472
2.84488668075 0.013762 0.0134979 0.0133128824821 0.0165049 0.0198697 0.0240969 0.029569 0.0369346 0.0473873 0.063391 0.0909817 0.149923 0.364156
2.86233997327 0.0121745 0.0120031 0.0118365314048 0.0146094 0.0175962 0.0213482 0.026205 0.0327422 0.0420189 0.0562216 0.0807068 0.133013 0.323128
2.87979326579 0.0106853 0.0105869 0.010438033108 0.0128294 0.0154594 0.018763 0.0230392 0.0287946 0.0369616 0.049465 0.07102 0.117066 0.284425
2.89724655831 0.00929419 0.00925177 0.00911966899165 0.0111652 0.01346 0.0163423 0.0200731 0.0250941 0.0322188 0.0431261 0.0619292 0.102095 0.248083
2.91469985083 0.00800118 0.00799982 0.00788372045605 0.00961685 0.0115983 0.014087 0.0173081 0.0216429 0.0277937 0.0372096 0.0534414 0.0881142 0.214134
2.93215314335 0.00680608 0.00683315 0.00673221224379 0.0081845 0.00987489 0.0119979 0.0147454 0.0184428 0.0236889 0.0317197 0.0455631 0.0751338 0.182608
2.94960643587 0.00570872 0.00575368 0.00566705502751 0.0068682 0.00828999 0.0100755 0.0123862 0.0154955 0.019907 0.02666 0.0383004 0.0631646 0.153532
2.96705972839 0.00470892 0.00476314 0.00468995985734 0.00566795 0.00684386 0.00832049 0.0102313 0.0128024 0.0164502 0.0220338 0.0316583 0.0522159 0.12693
2.98451302091 0.00380642 0.00386313 0.00380249519587 0.0045837 0.00553667 0.00673327 0.00828159 0.0103649 0.0133203 0.0178441 0.0256414 0.0422959 0.102824
3.00196631343 0.00300096 0.00305504 0.0030059728482 0.00361532 0.00436849 0.00531412 0.00653764 0.00818378 0.010519 0.0140931 0.0202535 0.0334113 0.0812303
3.01941960595 0.00229221 0.00234007 0.00230156203191 0.00276263 0.00333928 0.00406323 0.00499985 0.00625991 0.00804732 0.0107829 0.0154978 0.025568 0.062165
3.03687289847 0.0016798 0.00171924 0.00169023234207 0.00202536 0.00244892 0.00298062 0.00366845 0.00459376 0.00590622 0.00791485 0.0113766 0.0187702 0.0456392
3.05432619099 0.00116332 0.00119335 0.00117266819872 0.00140319 0.00169717 0.00206617 0.00254349 0.00318555 0.0040962 0.0054898 0.00789151 0.0130208 0.0316611
3.07177948351 0.000742287 0.000762983 0.000749382916904 0.000895694 0.00108368 0.00131962 0.00162478 0.00203524 0.00261735 0.00350814 0.00504323 0.00832159 0.0202351
3.08923277603 0.000416147 0.000428506 0.000420633154134 0.000502348 0.000607965 0.000740506 0.000911919 0.00114245 0.00146938 0.00196962 0.00283164 0.00467252 0.0113621
3.10668606855 0.000184259 0.00019002 0.000186418910412 0.000222516 0.000269382 0.000328188 0.000404231 0.000506491 0.000651493 0.000873352 0.00125564 0.002072 0.00503847
3.12413936107 4.58612e-05 4.7357e-05 4.64264932156e-05 5.54069e-05 6.70987e-05 8.17666e-05 0.000100731 0.000126231 0.000162385 0.000217698 0.000313 0.000516504 0.00125597
3.14159265359 0.0 0.0 0.0 0.0 0.0 0.0 0.0 0.0 0.0 0.0 0.0 0.0 0.0
