alpha phi_iso phi_ray phi_vec g0=0.1 g0=0.2 g0=0.3 g0=0.4 g0=0.5 g0=0.6 g0=0.7 g0=0.8 g0=0.9 g0=1.0
0.0 1.0 1.0 1.0 1.0 1.0 1.0 1.0 1.0 1.0 1.0 1.0 1.0 1.0
0.0174532925199 0.999635 0.999483 0.999482573465 0.999652 0.999673 0.9997 0.999735 0.999785 0.99986 0.999982 1.00022 1.00091 1.01837
0.0349065850399 0.998619 0.998012 0.998010770704 0.998686 0.99877 0.998877 0.99902 0.99922 0.999516 1.00001 1.00096 1.0037 1.0734
0.0523598775598 0.99707 0.995709 0.995705438915 0.997221 0.99741 0.997651 0.997972 0.998419 0.999085 1.00018 1.00234 1.00847 1.16491
0.0698131700798 0.995082 0.99267 0.992662886454 0.99535 0.995683 0.996111 0.99668 0.997472 0.998653 1.0006 1.00441 1.01529 1.29259
0.0872664625997 0.992713 0.988957 0.988945911644 0.99313 0.993649 0.994316 0.995202 0.996435 0.998274 1.0013 1.00725 1.02418 1.45604
0.10471975512 0.989999 0.984614 0.984596204131 0.990597 0.991343 0.992299 0.99357 0.99534 0.997977 1.00233 1.01085 1.03514 1.65481
0.12217304764 0.986966 0.97967 0.979644899219 0.987776 0.988787 0.990084 0.991806 0.994206 0.997782 1.00368 1.01524 1.04817 1.88834
0.13962634016 0.983633 0.974152 0.9741181189 0.984687 0.986002 0.987688 0.989928 0.99305 0.997701 1.00537 1.02041 1.06324 2.15604
0.157079632679 0.980017 0.968085 0.968041721307 0.981346 0.983002 0.985126 0.987949 0.991882 0.997742 1.0074 1.02635 1.08033 2.45724
0.174532925199 0.976136 0.961494 0.961439453707 0.977768 0.979804 0.982413 0.985881 0.990714 0.997914 1.00979 1.03306 1.09939 2.79123
0.191986217719 0.972005 0.954403 0.954335063366 0.973969 0.976419 0.979561 0.983736 0.989554 0.998222 1.01252 1.04054 1.12039 3.15723
0.209439510239 0.967635 0.946833 0.946751769831 0.96996 0.972861 0.97658 0.981522 0.988409 0.99867 1.01559 1.04876 1.14328 3.55444
0.226892802759 0.963042 0.938809 0.938712001077 0.965755 0.96914 0.97348 0.979247 0.987284 0.999259 1.01901 1.05772 1.16803 3.982
0.244346095279 0.958235 0.930351 0.930237657359 0.961363 0.965266 0.97027 0.976919 0.986185 0.999992 1.02276 1.0674 1.19458 4.43902
0.261799387799 0.953227 0.921481 0.921350375075 0.956796 0.961247 0.966957 0.974543 0.985115 1.00087 1.02684 1.07777 1.22288 4.92456
0.279252680319 0.948026 0.91222 0.912070999047 0.952061 0.957093 0.963547 0.972124 0.984075 1.00188 1.03125 1.08883 1.25287 5.43768
0.296705972839 0.942643 0.90259 0.902420901816 0.947167 0.952811 0.960048 0.969666 0.983068 1.00304 1.03597 1.10054 1.2845 5.97736
0.314159265359 0.937087 0.892609 0.892420136626 0.942123 0.948407 0.956464 0.967172 0.982094 1.00433 1.04099 1.11288 1.3177 6.5426
0.331612557879 0.931365 0.8823 0.882089548301 0.936936 0.943887 0.9528 0.964645 0.981152 1.00575 1.0463 1.12583 1.35241 7.13235
0.349065850399 0.925485 0.871682 0.871448662369 0.931613 0.939257 0.94906 0.962087 0.980241 1.00729 1.0519 1.13936 1.38856 7.74555
0.366519142919 0.919455 0.860774 0.860517532079 0.926159 0.934522 0.945247 0.9595 0.979362 1.00896 1.05776 1.15345 1.42609 8.3811
0.383972435439 0.913282 0.849596 0.849315946817 0.920581 0.929687 0.941365 0.956884 0.97851 1.01073 1.06387 1.16807 1.46493 9.03791
0.401425727959 0.906972 0.838168 0.837863432113 0.914885 0.924757 0.937416 0.95424 0.977685 1.01262 1.07023 1.18318 1.50501 9.71485
0.418879020479 0.900532 0.826509 0.826178721922 0.909076 0.919734 0.933403 0.951568 0.976883 1.0146 1.0768 1.19877 1.54626 10.4108
0.436332312999 0.893968 0.814637 0.814281341773 0.903158 0.914624 0.929328 0.948869 0.9761 1.01668 1.08359 1.21479 1.5886 11.1246
0.453785605519 0.887285 0.802571 0.802189761762 0.897138 0.909429 0.925193 0.946141 0.975334 1.01883 1.09057 1.23122 1.63197 11.855
0.471238898038 0.880489 0.790331 0.789922451984 0.891018 0.904153 0.920998 0.943384 0.974581 1.02107 1.09772 1.24803 1.67629 12.601
0.488692190558 0.873586 0.777933 0.777497882535 0.884803 0.898798 0.916746 0.940597 0.973836 1.02336 1.10504 1.26519 1.72147 13.3614
0.506145483078 0.866579 0.765396 0.764933995794 0.878498 0.893367 0.912437 0.937778 0.973095 1.02572 1.1125 1.28266 1.76746 14.1349
0.523598775598 0.859476 0.752738 0.75224847028 0.872106 0.887863 0.908072 0.934927 0.972353 1.02812 1.12008 1.30041 1.81417 14.9204
0.541052068118 0.852279 0.739976 0.739458984514 0.865631 0.882288 0.903651 0.932041 0.971606 1.03056 1.12778 1.3184 1.86153 15.7168
0.558505360638 0.844993 0.727127 0.72658242544 0.859076 0.876644 0.899176 0.929119 0.970848 1.03303 1.13556 1.33662 1.90946 16.5227
0.575958653158 0.837624 0.714208 0.713635680003 0.852444 0.870934 0.894646 0.926158 0.970074 1.03551 1.14342 1.35502 1.95788 17.3371
0.593411945678 0.830175 0.701235 0.700635371289 0.84574 0.865158 0.890061 0.923157 0.96928 1.03801 1.15134 1.37357 2.00673 18.1587
0.610865238198 0.822649 0.688225 0.687597330807 0.838964 0.859318 0.885422 0.920113 0.968459 1.0405 1.15929 1.39223 2.05591 18.9864
0.628318530718 0.815052 0.675192 0.674537653928 0.832122 0.853417 0.880729 0.917024 0.967606 1.04298 1.16727 1.41098 2.10536 19.8191
0.645771823238 0.807387 0.662153 0.661471644445 0.825215 0.847456 0.87598 0.913887 0.966715 1.04543 1.17524 1.42978 2.155 20.6555
0.663225115758 0.799658 0.649122 0.648414078435 0.818246 0.841436 0.871177 0.9107 0.965782 1.04786 1.18321 1.4486 2.20476 21.4944
0.680678408278 0.791868 0.636114 0.635379731973 0.811218 0.835358 0.866318 0.907461 0.9648 1.05024 1.19113 1.46741 2.25456 22.3348
0.698131700798 0.784021 0.623142 0.62238258956 0.804133 0.829224 0.861403 0.904166 0.963764 1.05257 1.19901 1.48617 2.30432 23.1755
0.715584993318 0.77612 0.610222 0.609436635698 0.796993 0.823034 0.856431 0.900814 0.962668 1.05483 1.20682 1.50485 2.35398 24.0154
0.733038285838 0.768169 0.597364 0.596554799454 0.789802 0.81679 0.851403 0.897401 0.961506 1.05703 1.21455 1.52343 2.40347 24.8534
0.750491578358 0.760171 0.584584 0.583750009895 0.78256 0.810493 0.846317 0.893925 0.960274 1.05914 1.22217 1.54186 2.4527 25.6883
0.767944870878 0.752128 0.571892 0.571034668369 0.775271 0.804143 0.841173 0.890383 0.958964 1.06116 1.22968 1.56012 2.50161 26.5191
0.785398163397 0.744044 0.5593 0.558420384653 0.767936 0.797743 0.83597 0.886772 0.957572 1.06307 1.23704 1.57818 2.55013 27.3448
0.802851455917 0.735923 0.54682 0.54591876852 0.760557 0.791291 0.830708 0.88309 0.956092 1.06487 1.24426 1.596 2.59819 28.1641
0.820304748437 0.727766 0.534463 0.533540638168 0.753137 0.78479 0.825385 0.879334 0.95452 1.06655 1.2513 1.61357 2.64573 28.9763
0.837758040957 0.719577 0.522239 0.521296020222 0.745677 0.77824 0.820002 0.875501 0.952848 1.0681 1.25816 1.63084 2.69267 29.7801
0.855211333477 0.711358 0.510157 0.509194941305 0.73818 0.771642 0.814557 0.871589 0.951073 1.06951 1.26482 1.64779 2.73895 30.5746
0.872664625997 0.703113 0.498228 0.497246636464 0.730646 0.764996 0.80905 0.867596 0.949189 1.07077 1.27126 1.6644 2.78452 31.3589
0.890117918517 0.694843 0.486459 0.485460076888 0.723078 0.758303 0.80348 0.863518 0.947191 1.07187 1.27747 1.68063 2.8293 32.132
0.907571211037 0.686552 0.474859 0.473843442193 0.715477 0.751565 0.797847 0.859354 0.945074 1.0728 1.28344 1.69646 2.87324 32.893
0.925024503557 0.678241 0.463435 0.462404120414 0.707846 0.744781 0.79215 0.855101 0.942833 1.07356 1.28914 1.71186 2.91627 33.6409
0.942477796077 0.669914 0.452195 0.451149763451 0.700186 0.737952 0.786388 0.850757 0.940465 1.07414 1.29457 1.72681 2.95834 34.3748
0.959931088597 0.661573 0.441145 0.440086440047 0.692498 0.731079 0.78056 0.846319 0.937963 1.07452 1.29971 1.74128 2.99939 35.094
0.977384381117 0.65322 0.430292 0.429220746667 0.684784 0.724163 0.774667 0.841785 0.935324 1.0747 1.30455 1.75525 3.03938 35.7976
0.994837673637 0.644857 0.419641 0.418558224338 0.677046 0.717204 0.768708 0.837154 0.932544 1.07468 1.30908 1.7687 3.07823 36.4847
1.01229096616 0.636487 0.409197 0.408103622513 0.669285 0.710204 0.762682 0.832423 0.929619 1.07445 1.31328 1.7816 3.11592 37.1546
1.02974425868 0.628113 0.398964 0.397861690647 0.661504 0.703162 0.756589 0.827591 0.926544 1.07399 1.31714 1.79393 3.15237 37.8065
1.0471975512 0.619735 0.388947 0.387836386616 0.653702 0.696079 0.750429 0.822656 0.923317 1.07331 1.32066 1.80567 3.18756 38.4397
1.06465084372 0.611357 0.379148 0.378031140581 0.645883 0.688957 0.7442 0.817616 0.919933 1.07239 1.32381 1.8168 3.22142 39.0535
1.08210413624 0.60298 0.369572 0.368448854986 0.638047 0.681796 0.737904 0.81247 0.916389 1.07124 1.32659 1.82731 3.25393 39.6472
1.09955742876 0.594606 0.36022 0.359092168416 0.630195 0.674596 0.73154 0.807216 0.912682 1.06984 1.32899 1.83716 3.28503 40.2202
1.11701072128 0.586238 0.351094 0.349962664021 0.622331 0.667358 0.725107 0.801853 0.90881 1.06818 1.331 1.84636 3.31468 40.7719
1.1344640138 0.577878 0.342196 0.34106245267 0.614453 0.660084 0.718607 0.79638 0.904769 1.06628 1.33262 1.85487 3.34286 41.3017
1.15191730632 0.569527 0.333527 0.332391798222 0.606565 0.652774 0.712038 0.790796 0.900557 1.06411 1.33382 1.86269 3.36951 41.8089
1.16937059884 0.561187 0.325087 0.32395175611 0.598668 0.645429 0.7054 0.785099 0.896172 1.06168 1.33461 1.86979 3.39462 42.2932
1.18682389136 0.552861 0.316877 0.315742062476 0.590763 0.638049 0.698695 0.77929 0.891611 1.05898 1.33498 1.87618 3.41814 42.7539
1.20427718388 0.544549 0.308896 0.307762453462 0.582852 0.630637 0.691922 0.773367 0.886873 1.05601 1.33492 1.88182 3.44005 43.1907
1.2217304764 0.536255 0.301142 0.300012137491 0.574935 0.623191 0.685081 0.76733 0.881955 1.05276 1.33442 1.88672 3.46032 43.6031
1.23918376892 0.527979 0.293616 0.292489795272 0.567015 0.615715 0.678174 0.761178 0.876857 1.04923 1.33348 1.89086 3.47892 43.9906
1.25663706144 0.519723 0.286315 0.285193843653 0.559092 0.608208 0.671199 0.754912 0.871578 1.04542 1.3321 1.89423 3.49583 44.353
1.27409035396 0.51149 0.279238 0.278122171767 0.551169 0.600671 0.664159 0.74853 0.866115 1.04132 1.33026 1.89682 3.51103 44.6899
1.29154364648 0.503281 0.272381 0.271272404886 0.543246 0.593107 0.657053 0.742034 0.860469 1.03694 1.32797 1.89862 3.5245 45.001
1.308996939 0.495097 0.265742 0.264641640567 0.535326 0.585514 0.649882 0.735424 0.854638 1.03228 1.32522 1.89963 3.53622 45.2859
1.32645023152 0.48694 0.259319 0.258226712508 0.527408 0.577896 0.642648 0.728699 0.848623 1.02732 1.322 1.89984 3.54617 45.5445
1.34390352404 0.478811 0.253107 0.252024454407 0.519496 0.570253 0.63535 0.721859 0.842424 1.02207 1.31833 1.89924 3.55435 45.7765
1.36135681656 0.470714 0.247103 0.246030908386 0.51159 0.562586 0.62799 0.714907 0.836039 1.01653 1.31418 1.89783 3.56074 45.9818
1.37881010908 0.462648 0.241302 0.240241852709 0.503692 0.554897 0.620568 0.707842 0.829471 1.01071 1.30958 1.89561 3.56533 46.1602
1.3962634016 0.454615 0.235701 0.23465306564 0.495802 0.547187 0.613087 0.700665 0.822718 1.00459 1.3045 1.89258 3.56812 46.3115
1.41371669412 0.446617 0.230295 0.229259797726 0.487924 0.539456 0.605547 0.693378 0.815783 0.998175 1.29895 1.88873 3.56911 46.4357
1.43116998664 0.438656 0.225079 0.224057299514 0.480057 0.531707 0.597949 0.685981 0.808665 0.991474 1.29294 1.88406 3.56828 46.5328
1.44862327916 0.430733 0.220048 0.219040293833 0.472204 0.523941 0.590295 0.678475 0.801367 0.984484 1.28646 1.87858 3.56563 46.6026
1.46607657168 0.422849 0.215196 0.214203503513 0.464365 0.51616 0.582586 0.670863 0.79389 0.977207 1.27951 1.87228 3.56118 46.6453
1.4835298642 0.415005 0.210519 0.209541915243 0.456543 0.508364 0.574824 0.663146 0.786235 0.969645 1.2721 1.86517 3.55492 46.6607
1.50098315672 0.407204 0.20601 0.205049196419 0.448738 0.500555 0.56701 0.655325 0.778404 0.961799 1.26423 1.85725 3.54687 46.6491
1.51843644924 0.399446 0.201664 0.200719806011 0.440953 0.492735 0.559146 0.647402 0.770399 0.953672 1.2559 1.84853 3.53701 46.6105
1.53588974176 0.391733 0.197475 0.196547675275 0.433188 0.484906 0.551234 0.63938 0.762223 0.945267 1.24712 1.839 3.52538 46.545
1.55334303427 0.384066 0.193437 0.192526999322 0.425446 0.477069 0.543276 0.63126 0.753878 0.936587 1.23789 1.82869 3.51197 46.4527
1.57079632679 0.376447 0.189543 0.18865118169 0.417727 0.469226 0.535273 0.623045 0.745367 0.927635 1.22821 1.81758 3.4968 46.3339
1.58824961931 0.368877 0.185788 0.184914417493 0.410033 0.461378 0.527227 0.614737 0.736693 0.918416 1.21809 1.8057 3.47989 46.1887
1.60570291183 0.361356 0.182165 0.181310110266 0.402365 0.453527 0.519141 0.606338 0.727859 0.908932 1.20753 1.79304 3.46125 46.0174
1.62315620435 0.353887 0.178668 0.177831927407 0.394726 0.445675 0.511017 0.597852 0.718869 0.89919 1.19655 1.77963 3.44091 45.8203
1.64060949687 0.34647 0.17529 0.174473800169 0.387116 0.437824 0.502857 0.589281 0.709725 0.889193 1.18515 1.76546 3.41887 45.5976
1.65806278939 0.339107 0.172026 0.171228868232 0.379537 0.429976 0.494663 0.580628 0.700432 0.878946 1.17333 1.75056 3.39518 45.3496
1.67551608191 0.331798 0.168868 0.168091062848 0.37199 0.422132 0.486438 0.571896 0.690993 0.868455 1.1611 1.73493 3.36985 45.0768
1.69296937443 0.324546 0.165811 0.165053787557 0.364478 0.414295 0.478184 0.563089 0.681414 0.857725 1.14847 1.71858 3.3429 44.7795
1.71042266695 0.317351 0.162848 0.162110973612 0.357001 0.406466 0.469904 0.554208 0.671697 0.846762 1.13545 1.70153 3.31437 44.458
1.72787595947 0.310214 0.159974 0.159256552266 0.349561 0.398647 0.4616 0.545259 0.661848 0.835573 1.12205 1.6838 3.28428 44.1128
1.74532925199 0.303137 0.157181 0.1564836632 0.342159 0.390841 0.453275 0.536244 0.651872 0.824163 1.10828 1.66539 3.25267 43.7444
1.76278254451 0.29612 0.154464 0.153787029243 0.334798 0.383049 0.444931 0.527166 0.641772 0.81254 1.09415 1.64633 3.21957 43.3532
1.78023583703 0.289165 0.151817 0.151160053933 0.327478 0.375274 0.436572 0.518031 0.631555 0.80071 1.07966 1.62662 3.18501 42.9396
1.79768912955 0.282273 0.149234 0.148597196239 0.320201 0.367517 0.428199 0.508841 0.621224 0.788681 1.06483 1.6063 3.14903 42.5043
1.81514242207 0.275445 0.14671 0.146092651277 0.312969 0.359781 0.419817 0.4996 0.610787 0.77646 1.04966 1.58537 3.11167 42.0477
1.83259571459 0.268681 0.144238 0.143640878016 0.305783 0.352068 0.411428 0.490313 0.600247 0.764055 1.03418 1.56385 3.07296 41.5705
1.85004900711 0.261983 0.141814 0.141236335427 0.298644 0.34438 0.403035 0.480983 0.589612 0.751473 1.01839 1.54177 3.03295 41.0731
1.86750229963 0.255352 0.139432 0.138873746342 0.291555 0.336719 0.394641 0.471614 0.578885 0.738723 1.0023 1.51914 2.99168 40.5562
1.88495559215 0.248788 0.137087 0.136548361307 0.284516 0.329088 0.38625 0.462212 0.568075 0.725814 0.985933 1.49598 2.94918 40.0203
1.90240888467 0.242294 0.134775 0.134254903151 0.27753 0.321488 0.377863 0.45278 0.557185 0.712753 0.96929 1.47232 2.90551 39.4662
1.91986217719 0.235869 0.13249 0.131988622421 0.270597 0.313922 0.369485 0.443323 0.546223 0.699549 0.95239 1.44817 2.8607 38.8945
1.93731546971 0.229514 0.130229 0.12974556124 0.26372 0.306393 0.361119 0.433844 0.535195 0.686212 0.935244 1.42355 2.81481 38.3058
1.95476876223 0.223231 0.127986 0.127520970155 0.2569 0.298902 0.352768 0.42435 0.524108 0.67275 0.917867 1.3985 2.76788 37.7008
1.97222205475 0.217021 0.125758 0.125311155146 0.250138 0.291452 0.344435 0.414844 0.512967 0.659173 0.900272 1.37302 2.71996 37.0802
1.98967534727 0.210884 0.123541 0.123112158336 0.243436 0.284045 0.336124 0.405331 0.501779 0.64549 0.882473 1.34715 2.67109 36.4448
2.00712863979 0.204821 0.121332 0.120920285706 0.236795 0.276683 0.327838 0.395816 0.490552 0.63171 0.864485 1.32091 2.62134 35.7952
2.02458193231 0.198833 0.119128 0.118732370953 0.230217 0.269369 0.31958 0.386304 0.479291 0.617844 0.846322 1.29433 2.57075 35.1323
2.04203522483 0.192921 0.116924 0.116545247776 0.223704 0.262106 0.311354 0.3768 0.468004 0.603901 0.827999 1.26741 2.51937 34.4566
2.05948851735 0.187086 0.114719 0.11435627759 0.217257 0.254895 0.303164 0.367307 0.456698 0.589891 0.809531 1.24021 2.46725 33.7691
2.07694180987 0.181329 0.11251 0.112162821808 0.210877 0.247739 0.295012 0.357833 0.445379 0.575825 0.790934 1.21272 2.41445 33.0705
2.09439510239 0.175649 0.110295 0.109962505706 0.204566 0.24064 0.286903 0.34838 0.434055 0.561712 0.772221 1.18499 2.36102 32.3615
2.11184839491 0.170049 0.108071 0.107753218414 0.198326 0.233601 0.278839 0.338955 0.422733 0.547562 0.753409 1.15704 2.30702 31.643
2.12930168743 0.164529 0.105836 0.105533376782 0.192157 0.226624 0.270825 0.329563 0.411419 0.533387 0.734513 1.12888 2.2525 30.9158
2.14675497995 0.159089 0.10359 0.103301397659 0.186062 0.219711 0.262864 0.320208 0.400122 0.519196 0.71555 1.10056 2.19751 30.1806
2.16420827247 0.153731 0.101331 0.101055697893 0.180042 0.212866 0.254959 0.310896 0.388849 0.504999 0.696534 1.0721 2.14212 29.4382
2.18166156499 0.148454 0.0990584 0.0987960136257 0.174098 0.206089 0.247114 0.301632 0.377606 0.490808 0.677481 1.04351 2.08637 28.6896
2.19911485751 0.143261 0.0967707 0.0965207617067 0.168232 0.199384 0.239333 0.29242 0.366401 0.476634 0.658408 1.01483 2.03033 27.9355
2.21656815003 0.138151 0.0944678 0.0942302059943 0.162446 0.192752 0.231619 0.283267 0.355242 0.462485 0.639331 0.986091 1.97405 27.1767
2.23402144255 0.133125 0.0921494 0.0919235549129 0.156739 0.186198 0.223975 0.274176 0.344135 0.448374 0.620265 0.95731 1.91759 26.4142
2.25147473507 0.128184 0.0898155 0.089601072321 0.151115 0.179721 0.216406 0.265154 0.333088 0.434311 0.601227 0.928516 1.861 25.6486
2.26892802759 0.123329 0.0874665 0.0872627582185 0.145575 0.173326 0.208914 0.256205 0.322109 0.420306 0.582233 0.899738 1.80435 24.8808
2.28638132011 0.11856 0.0851027 0.0849094041811 0.140119 0.167013 0.201503 0.247335 0.311204 0.40637 0.563298 0.871001 1.74768 24.1117
2.30383461263 0.113877 0.082725 0.0825418017842 0.134749 0.160787 0.194177 0.238548 0.300382 0.392513 0.544439 0.842333 1.69106 23.3421
2.32128790515 0.109282 0.0803342 0.0801604787449 0.129467 0.154648 0.186939 0.22985 0.289648 0.378747 0.525671 0.813759 1.63455 22.5728
2.33874119767 0.104775 0.0779315 0.0777670182142 0.124274 0.148599 0.179793 0.221245 0.279011 0.365082 0.507012 0.785307 1.5782 21.8047
2.35619449019 0.100356 0.0755182 0.0753627394846 0.119172 0.142643 0.172742 0.212739 0.268478 0.351527 0.488476 0.757002 1.52206 21.0386
2.37364778271 0.0960268 0.0730961 0.0729489618487 0.11416 0.136781 0.16579 0.204337 0.258056 0.338095 0.470079 0.728872 1.4662 20.2752
2.39110107523 0.0917869 0.0706667 0.0705275323161 0.109242 0.131016 0.158939 0.196044 0.247751 0.324794 0.451838 0.700942 1.41066 19.5155
2.40855436775 0.0876374 0.0682322 0.0681008256133 0.104418 0.12535 0.152193 0.187864 0.237572 0.311636 0.433767 0.673238 1.35552 18.7603
2.42600766027 0.0835785 0.0657946 0.0656704248914 0.0996887 0.119785 0.145556 0.179802 0.227524 0.29863 0.415882 0.645787 1.30081 18.0102
2.44346095279 0.079611 0.0633562 0.0632392325939 0.0950564 0.114323 0.139031 0.171863 0.217616 0.285786 0.398198 0.618613 1.24659 17.2663
2.46091424531 0.0757352 0.0609194 0.0608090957305 0.0905218 0.108967 0.132621 0.164052 0.207853 0.273115 0.380732 0.591742 1.19293 16.5291
2.47836753783 0.0719517 0.058487 0.0583829167447 0.0860863 0.103718 0.126329 0.156374 0.198243 0.260627 0.363496 0.565199 1.13987 15.7996
2.49582083035 0.0682609 0.0560615 0.0559635980802 0.081751 0.0985787 0.120158 0.148833 0.188792 0.24833 0.346507 0.539009 1.08746 15.0784
2.51327412287 0.0646633 0.053646 0.0535537783219 0.0775169 0.0935507 0.114112 0.141434 0.179507 0.236236 0.329779 0.513196 1.03577 14.3664
2.53072741539 0.0611593 0.0512433 0.0511563599136 0.0733853 0.0886361 0.108193 0.134181 0.170395 0.224352 0.313326 0.487784 0.984827 13.6643
2.54818070791 0.0577495 0.0488565 0.0487747730157 0.0693573 0.0838369 0.102405 0.127078 0.161461 0.212689 0.297163 0.462797 0.934699 12.9728
2.56563400043 0.0544341 0.0464888 0.046411920072 0.0654338 0.0791549 0.0967501 0.120131 0.152712 0.201256 0.281303 0.438257 0.885431 12.2927
2.58308729295 0.0512136 0.0441434 0.0440714951015 0.0616161 0.074592 0.0912316 0.113342 0.144154 0.190061 0.265761 0.414189 0.837072 11.6247
2.60054058547 0.0480885 0.0418237 0.0417561366893 0.057905 0.07015 0.0858523 0.106717 0.135793 0.179114 0.250548 0.390614 0.789669 10.9695
2.61799387799 0.045059 0.039533 0.0394695388545 0.0543016 0.0658307 0.0806148 0.10026 0.127635 0.168423 0.23568 0.367554 0.743271 10.3277
2.63544717051 0.0421256 0.0372747 0.0372153956163 0.0508069 0.0616358 0.075522 0.0939736 0.119686 0.157996 0.221167 0.34503 0.697922 9.70009
2.65290046303 0.0392886 0.0350522 0.0349968732767 0.0474218 0.0575669 0.0705763 0.0878628 0.111951 0.147842 0.207024 0.323064 0.653669 9.08729
2.67035375555 0.0365483 0.0328691 0.0328174019964 0.0441472 0.0536258 0.0657804 0.081931 0.104437 0.137969 0.193261 0.301676 0.610554 8.48993
2.68780704807 0.0339052 0.0307288 0.0306806757944 0.040984 0.049814 0.0611367 0.0761819 0.0971473 0.128384 0.179892 0.280885 0.56862 7.90864
2.70526034059 0.0313594 0.0286346 0.028589860973 0.0379331 0.046133 0.0566477 0.0706192 0.0900883 0.119096 0.166927 0.260712 0.52791 7.34402
2.72271363311 0.0289113 0.0265902 0.0265486515511 0.0349953 0.0425843 0.0523157 0.0652462 0.0832647 0.110111 0.154378 0.241175 0.488462 6.79666
2.74016692563 0.0265611 0.0245988 0.0245602138309 0.0321714 0.0391694 0.0481429 0.0600663 0.0766814 0.101436 0.142256 0.222291 0.450316 6.26713
2.75762021815 0.0243092 0.0226639 0.0226282418316 0.0294622 0.0358896 0.0441315 0.0550828 0.0703431 0.0930795 0.13057 0.204079 0.41351 5.75598
2.77507351067 0.0221559 0.0207887 0.0207559018552 0.0268683 0.0327463 0.0402836 0.0502986 0.0642543 0.0850468 0.119332 0.186556 0.378079 5.26375
2.79252680319 0.0201013 0.0189765 0.0189463602038 0.0243906 0.0297408 0.0366013 0.0457169 0.0584193 0.0773445 0.108551 0.169737 0.344059 4.79093
2.80998009571 0.0181456 0.0172305 0.0172027831795 0.0220297 0.0268743 0.0330863 0.0413405 0.0528423 0.0699787 0.0982353 0.153638 0.311483 4.33802
2.82743338823 0.0162892 0.0155538 0.015528600943 0.0197861 0.0241478 0.0297407 0.0371721 0.0475273 0.0629554 0.0883951 0.138275 0.280383 3.90549
2.84488668075 0.0145322 0.0139494 0.0139267159378 0.0176606 0.0215627 0.0265661 0.0332143 0.0424781 0.0562801 0.0790383 0.12366 0.25079 3.49379
2.86233997327 0.0128748 0.0124202 0.0123995028906 0.0156537 0.0191198 0.0235642 0.0294695 0.0376982 0.049958 0.0701731 0.109809 0.222732 3.10333
2.87979326579 0.0113172 0.0109689 0.0109503919618 0.0137659 0.0168202 0.0207366 0.0259402 0.0331911 0.0439941 0.0618071 0.0967329 0.196237 2.73453
2.89724655831 0.00985945 0.00959819 0.00958175787816 0.0119978 0.0146648 0.0180847 0.0226285 0.0289601 0.0383932 0.0539474 0.0844444 0.171331 2.38775
2.91469985083 0.00850184 0.00831065 0.00829623922468 0.0103497 0.0126546 0.0156098 0.0195365 0.0250079 0.0331597 0.0466009 0.0729549 0.148038 2.06335
2.93215314335 0.00724445 0.00710862 0.00709621072796 0.00882224 0.0107901 0.0133134 0.0166661 0.0213376 0.0282976 0.0397737 0.0622748 0.12638 1.76167
2.94960643587 0.0060874 0.00599434 0.00598351939756 0.00741568 0.00907237 0.0111966 0.014019 0.0179517 0.0238108 0.0334718 0.0524138 0.10638 1.48301
2.96705972839 0.00503079 0.0049699 0.00496080381856 0.00613041 0.0075019 0.00926041 0.0115969 0.0148525 0.0197029 0.0277004 0.0433811 0.0880549 1.22765
2.98451302091 0.0040747 0.00403721 0.00402964714202 0.00496676 0.00607934 0.00750588 0.00940126 0.0120422 0.0159769 0.0224645 0.0351846 0.0714239 0.995863
3.00196631343 0.00321922 0.00319802 0.00319189637749 0.003925 0.00480525 0.00593389 0.00743343 0.00952287 0.0126358 0.0177685 0.0278319 0.0565025 0.787867
3.01941960595 0.0024644 0.0024539 0.00244913467602 0.00300539 0.0036801 0.0045452 0.00569459 0.00729611 0.00968208 0.0136162 0.0213296 0.0433048 0.603875
3.03687289847 0.00181028 0.00180624 0.00180268133016 0.00220812 0.00270431 0.0033405 0.00418574 0.00536347 0.00711807 0.0100111 0.0156833 0.0318432 0.444069
3.05432619099 0.00125687 0.00125625 0.00125359177395 0.00153337 0.00187821 0.00232035 0.00290777 0.00372625 0.00494562 0.00695616 0.0108981 0.0221284 0.308605
3.07177948351 0.00080419 0.000804956 0.000803185299915 0.000981256 0.00120208 0.00148521 0.00186138 0.0023855 0.00316632 0.00445376 0.00697795 0.0141692 0.197612
3.08923277603 0.000452215 0.000453164 0.000452253483592 0.000551855 0.00067612 0.000835441 0.00104711 0.00134203 0.0017814 0.00250584 0.00392618 0.00797263 0.111194
3.10668606855 0.000200907 0.0002015 0.000201060183487 0.000245201 0.000300441 0.000371263 0.000465354 0.000596451 0.000791755 0.00111377 0.00174512 0.00354377 0.0494257
3.12413936107 5.02029e-05 5.03788e-05 5.01331166175e-05 6.12763e-05 7.50859e-05 9.27906e-05 0.000116312 0.000149084 0.000197906 0.000278403 0.000436224 0.000885842 0.0123551
3.14159265359 0.0 0.0 0.0 0.0 0.0 0.0 0.0 0.0 0.0 0.0 0.0 0.0 0.0
