alpha phi_iso phi_ray phi_vec g0=0.1 g0=0.2 g0=0.3 g0=0.4 g0=0.5 g0=0.6 g0=0.7 g0=0.8 g0=0.9 g0=1.0
0.0 1.0 1.0 1.0 1.0 1.0 1.0 1.0 1.0 1.0 1.0 1.0 1.0 1.0
0.0174532925199 0.999694 0.999562 0.999547067814 0.999708 0.999724 0.999744 0.999767 0.999796 0.999832 0.999878 0.999941 1.00003 1.00017
0.0349065850399 0.998831 0.998311 0.998248664317 0.998886 0.998951 0.999026 0.999117 0.999228 0.999368 0.999549 0.999795 1.00015 1.0007
0.0523598775598 0.997495 0.996342 0.996194340242 0.997615 0.997756 0.997921 0.99812 0.998363 0.998669 0.999066 0.999605 1.00038 1.00159
0.0698131700798 0.99575 0.993729 0.993455287788 0.995958 0.9962 0.996486 0.99683 0.997251 0.997781 0.998469 0.999404 1.00075 1.00285
0.0872664625997 0.993639 0.990523 0.990079730464 0.993955 0.994323 0.994758 0.995281 0.995923 0.996732 0.997783 0.999211 1.00126 1.00448
0.10471975512 0.991187 0.986757 0.986100671946 0.991631 0.992149 0.992761 0.993497 0.994402 0.995542 0.997025 0.99904 1.00194 1.00648
0.12217304764 0.988416 0.982457 0.981544030162 0.989007 0.989696 0.990512 0.991494 0.992701 0.994224 0.996206 0.9989 1.00278 1.00886
0.13962634016 0.985342 0.977645 0.976432982204 0.986098 0.98698 0.988026 0.989285 0.990834 0.992788 0.995334 0.998796 1.00378 1.0116
0.157079632679 0.981978 0.972344 0.97078970735 0.982917 0.984015 0.985315 0.986882 0.988811 0.991245 0.994418 0.998733 1.00495 1.0147
0.174532925199 0.97834 0.966574 0.964635879656 0.97948 0.980812 0.982392 0.984297 0.986642 0.989604 0.993465 0.998718 1.00629 1.01816
0.191986217719 0.97444 0.960355 0.957992762684 0.975797 0.977384 0.979267 0.981539 0.984337 0.98787 0.99248 0.998751 1.00779 1.02198
0.209439510239 0.97029 0.953707 0.950881272656 0.971881 0.973742 0.975951 0.978617 0.981902 0.986052 0.991466 0.998836 1.00946 1.02614
0.226892802759 0.9659 0.94665 0.943321965822 0.967741 0.969895 0.972453 0.97554 0.979345 0.984154 0.99043 0.998973 1.0113 1.03064
0.244346095279 0.961283 0.939202 0.935335101613 0.963389 0.965854 0.968781 0.972316 0.976673 0.982182 0.989372 0.999163 1.01329 1.03546
0.261799387799 0.956448 0.931381 0.92694067422 0.958833 0.961626 0.964943 0.96895 0.973892 0.98014 0.988297 0.999407 1.01544 1.0406
0.279252680319 0.951404 0.923207 0.918158431536 0.954082 0.95722 0.960947 0.965452 0.971006 0.978032 0.987207 0.999703 1.01774 1.04605
0.296705972839 0.946161 0.914696 0.909007931997 0.949146 0.952643 0.9568 0.961824 0.968021 0.975861 0.986101 1.00005 1.02018 1.0518
0.314159265359 0.940725 0.905866 0.899508531949 0.94403 0.947904 0.952508 0.958074 0.964941 0.97363 0.98498 1.00044 1.02277 1.05783
0.331612557879 0.935106 0.896735 0.889679448802 0.938743 0.943007 0.948077 0.954206 0.961769 0.97134 0.983846 1.00089 1.02548 1.06412
0.349065850399 0.929312 0.887319 0.879539710507 0.933293 0.937961 0.943512 0.950224 0.958509 0.968995 0.982696 1.00137 1.02833 1.07068
0.366519142919 0.923349 0.877636 0.86910820608 0.927685 0.93277 0.938818 0.946134 0.955164 0.966594 0.981532 1.00189 1.03129 1.07747
0.383972435439 0.917224 0.867702 0.858403660339 0.921926 0.927441 0.934002 0.941938 0.951736 0.964139 0.980351 1.00245 1.03436 1.0845
0.401425727959 0.910945 0.857533 0.847444627588 0.916022 0.921979 0.929066 0.93764 0.948227 0.961631 0.979153 1.00304 1.03753 1.09174
0.418879020479 0.904517 0.847147 0.83624949162 0.90998 0.916389 0.924016 0.933244 0.94464 0.95907 0.977935 1.00365 1.0408 1.09917
0.436332312999 0.897947 0.836558 0.824836459399 0.903804 0.910676 0.918855 0.928753 0.940976 0.956456 0.976695 1.00429 1.04415 1.10678
0.453785605519 0.891241 0.825782 0.813223535801 0.8975 0.904845 0.913587 0.924168 0.937237 0.953789 0.975432 1.00494 1.04757 1.11456
0.471238898038 0.884405 0.814836 0.801428523613 0.891073 0.8989 0.908216 0.919494 0.933424 0.951068 0.974141 1.00561 1.05106 1.12249
0.488692190558 0.877444 0.803734 0.78946899827 0.884529 0.892845 0.902746 0.914732 0.929538 0.948293 0.972822 1.00627 1.0546 1.13055
0.506145483078 0.870364 0.792492 0.777362301542 0.877871 0.886685 0.897179 0.909884 0.92558 0.945464 0.97147 1.00694 1.05818 1.13872
0.523598775598 0.86317 0.781125 0.765125516274 0.871106 0.880423 0.891518 0.904952 0.92155 0.942578 0.970082 1.0076 1.06179 1.14699
0.541052068118 0.855867 0.769647 0.752775453753 0.864236 0.874064 0.885767 0.899938 0.917449 0.939635 0.968655 1.00824 1.06543 1.15533
0.558505360638 0.84846 0.758073 0.740328653708 0.857267 0.86761 0.879928 0.894845 0.913277 0.936634 0.967186 1.00886 1.06908 1.16374
0.575958653158 0.840954 0.746416 0.727801340103 0.850203 0.861066 0.874004 0.889672 0.909036 0.933572 0.965671 1.00946 1.07273 1.17219
0.593411945678 0.833353 0.73469 0.715209421141 0.843047 0.854434 0.867997 0.884423 0.904724 0.930449 0.964106 1.01002 1.07637 1.18067
0.610865238198 0.825663 0.72291 0.702568476627 0.835805 0.847718 0.861909 0.879097 0.900341 0.927264 0.962487 1.01054 1.07998 1.18915
0.628318530718 0.817887 0.711088 0.689893720081 0.828479 0.840921 0.855743 0.873697 0.895888 0.924013 0.960811 1.01101 1.08356 1.19763
0.645771823238 0.810029 0.699237 0.677200023998 0.821073 0.834046 0.849501 0.868223 0.891365 0.920695 0.959072 1.01143 1.0871 1.20607
0.663225115758 0.802095 0.687369 0.664501863009 0.813591 0.827096 0.843186 0.862677 0.886771 0.917309 0.957269 1.01179 1.09058 1.21447
0.680678408278 0.794089 0.675498 0.651813320198 0.806036 0.820073 0.836798 0.857059 0.882105 0.913853 0.955395 1.01208 1.094 1.22281
0.698131700798 0.786013 0.663634 0.639148080785 0.798412 0.812981 0.830339 0.85137 0.877368 0.910324 0.953448 1.01229 1.09734 1.23106
0.715584993318 0.777872 0.651789 0.626519400553 0.790722 0.805821 0.823813 0.845611 0.872559 0.90672 0.951423 1.01242 1.10059 1.23921
0.733038285838 0.76967 0.639974 0.613940105844 0.78297 0.798598 0.81722 0.839783 0.867678 0.903039 0.949316 1.01246 1.10373 1.24725
0.750491578358 0.761411 0.628201 0.601422574615 0.775158 0.791312 0.810562 0.833886 0.862723 0.89928 0.947122 1.01241 1.10677 1.25515
0.767944870878 0.753098 0.616478 0.588978736438 0.767289 0.783966 0.80384 0.827921 0.857695 0.89544 0.944839 1.01225 1.10969 1.2629
0.785398163397 0.744735 0.604818 0.576620059869 0.759368 0.776564 0.797057 0.821889 0.852593 0.891518 0.942461 1.01198 1.11247 1.27048
0.802851455917 0.736326 0.593228 0.564357533503 0.751396 0.769106 0.790214 0.81579 0.847416 0.88751 0.939985 1.0116 1.11511 1.27788
0.820304748437 0.727873 0.581718 0.552201659657 0.743376 0.761596 0.783311 0.809626 0.842163 0.883415 0.937407 1.01109 1.1176 1.28508
0.837758040957 0.71938 0.570297 0.540162467003 0.735311 0.754036 0.776352 0.803395 0.836835 0.879232 0.934722 1.01045 1.11992 1.29206
0.855211333477 0.710851 0.558974 0.528249485304 0.727205 0.746427 0.769337 0.7971 0.83143 0.874957 0.931928 1.00968 1.12207 1.29881
0.872664625997 0.702288 0.547755 0.516471739103 0.719059 0.738772 0.762267 0.79074 0.825949 0.87059 0.92902 1.00876 1.12404 1.30531
0.890117918517 0.693695 0.53665 0.504837760348 0.710877 0.731073 0.755144 0.784316 0.820389 0.866128 0.925995 1.0077 1.12581 1.31155
0.907571211037 0.685075 0.525664 0.493355556819 0.702661 0.723331 0.747969 0.777828 0.814752 0.861569 0.922849 1.00648 1.12738 1.31751
0.925024503557 0.67643 0.514806 0.48203265002 0.694413 0.71555 0.740744 0.771277 0.809036 0.856912 0.919578 1.00511 1.12874 1.32318
0.942477796077 0.667765 0.504079 0.470876037285 0.686136 0.70773 0.73347 0.764664 0.803241 0.852155 0.91618 1.00356 1.12988 1.32854
0.959931088597 0.659081 0.493492 0.459892204413 0.677833 0.699874 0.726147 0.757989 0.797367 0.847296 0.912652 1.00185 1.1308 1.33358
0.977384381117 0.650382 0.483049 0.449087138292 0.669505 0.691984 0.718779 0.751253 0.791412 0.842334 0.908989 0.999962 1.13147 1.33829
0.994837673637 0.64167 0.472755 0.438466301643 0.661156 0.684061 0.711365 0.744455 0.785378 0.837268 0.905189 0.997892 1.1319 1.34266
1.01229096616 0.632948 0.462615 0.428034670911 0.652787 0.676108 0.703907 0.737598 0.779263 0.832095 0.90125 0.995636 1.13208 1.34667
1.02974425868 0.62422 0.452633 0.417796711 0.644402 0.668126 0.696406 0.73068 0.773068 0.826815 0.897168 0.993191 1.132 1.35031
1.0471975512 0.615486 0.442812 0.407756375279 0.636001 0.660117 0.688864 0.723704 0.766791 0.821426 0.892942 0.99055 1.13166 1.35357
1.06465084372 0.606751 0.433157 0.397917156101 0.627588 0.652083 0.681281 0.716669 0.760434 0.815928 0.888568 0.987711 1.13104 1.35644
1.08210413624 0.598016 0.42367 0.388282027964 0.619165 0.644026 0.67366 0.709577 0.753996 0.810319 0.884044 0.98467 1.13014 1.35891
1.09955742876 0.589284 0.414353 0.378853498036 0.610733 0.635947 0.666002 0.702428 0.747476 0.804598 0.87937 0.981422 1.12895 1.36096
1.11701072128 0.580558 0.405209 0.369633612469 0.602295 0.627848 0.658307 0.695223 0.740876 0.798766 0.874541 0.977964 1.12748 1.3626
1.1344640138 0.57184 0.39624 0.360623937453 0.593854 0.619731 0.650577 0.687962 0.734196 0.79282 0.869558 0.974294 1.1257 1.36382
1.15191730632 0.563132 0.387447 0.351825603425 0.58541 0.611598 0.642814 0.680647 0.727435 0.786761 0.864418 0.970408 1.12363 1.36459
1.16937059884 0.554437 0.378831 0.34323927349 0.576967 0.60345 0.635018 0.673278 0.720593 0.780589 0.85912 0.966304 1.12125 1.36492
1.18682389136 0.545757 0.370393 0.334865200258 0.568526 0.595289 0.627192 0.665856 0.713672 0.774302 0.853663 0.961979 1.11856 1.3648
1.20427718388 0.537094 0.362133 0.326703206901 0.560089 0.587118 0.619336 0.658383 0.706672 0.767901 0.848046 0.957431 1.11556 1.36423
1.2217304764 0.528451 0.354051 0.318752706099 0.551658 0.578937 0.611452 0.65086 0.699593 0.761386 0.842268 0.952658 1.11224 1.36319
1.23918376892 0.519829 0.346146 0.311012725298 0.543235 0.570748 0.603542 0.643287 0.692437 0.754756 0.836328 0.947659 1.1086 1.36169
1.25663706144 0.511231 0.33842 0.30348189408 0.534823 0.562553 0.595607 0.635665 0.685203 0.748013 0.830227 0.942432 1.10463 1.35971
1.27409035396 0.502659 0.330869 0.296158488374 0.526422 0.554355 0.587648 0.627996 0.677892 0.741156 0.823963 0.936977 1.10035 1.35725
1.29154364648 0.494115 0.323493 0.289040417819 0.518036 0.546153 0.579667 0.620282 0.670506 0.734187 0.817537 0.931292 1.09573 1.35432
1.308996939 0.4856 0.316291 0.282125263663 0.509665 0.537951 0.571665 0.612522 0.663046 0.727105 0.810949 0.925377 1.09079 1.3509
1.32645023152 0.477118 0.30926 0.275410285072 0.501312 0.52975 0.563644 0.60472 0.655512 0.719911 0.8042 0.919232 1.08552 1.347
1.34390352404 0.468669 0.302399 0.268892425448 0.492979 0.521552 0.555606 0.596875 0.647906 0.712607 0.797289 0.912858 1.07991 1.34261
1.36135681656 0.460256 0.295705 0.262568344006 0.484667 0.513358 0.547552 0.58899 0.640229 0.705193 0.790218 0.906253 1.07398 1.33774
1.37881010908 0.451881 0.289176 0.256434428404 0.476379 0.50517 0.539484 0.581066 0.632483 0.69767 0.782988 0.89942 1.06772 1.33237
1.3962634016 0.443546 0.282809 0.250486794741 0.468115 0.49699 0.531404 0.573105 0.624668 0.690041 0.775599 0.892359 1.06113 1.32652
1.41371669412 0.435252 0.2766 0.244721338082 0.459878 0.48882 0.523312 0.565108 0.616788 0.682306 0.768054 0.88507 1.05421 1.32018
1.43116998664 0.427001 0.270548 0.239133713513 0.45167 0.480661 0.515211 0.557077 0.608842 0.674467 0.760353 0.877557 1.04697 1.31335
1.44862327916 0.418795 0.264648 0.23371938666 0.443492 0.472516 0.507104 0.549014 0.600833 0.666526 0.752499 0.869819 1.0394 1.30604
1.46607657168 0.410635 0.258897 0.228473627373 0.435346 0.464385 0.49899 0.54092 0.592763 0.658484 0.744493 0.861861 1.0315 1.29825
1.4835298642 0.402524 0.253291 0.223391528678 0.427234 0.456271 0.490873 0.532798 0.584633 0.650344 0.736338 0.853682 1.02329 1.28997
1.50098315672 0.394463 0.247827 0.218468050977 0.419157 0.448175 0.482753 0.524649 0.576447 0.642108 0.728036 0.845288 1.01476 1.28122
1.51843644924 0.386454 0.242501 0.213697996792 0.411118 0.4401 0.474634 0.516476 0.568205 0.633778 0.719589 0.836679 1.00591 1.272
1.53588974176 0.378497 0.237308 0.209076067599 0.403117 0.432046 0.466517 0.508279 0.55991 0.625357 0.711 0.82786 0.996757 1.26232
1.55334303427 0.370596 0.232244 0.204596857515 0.395157 0.424016 0.458403 0.500063 0.551564 0.616847 0.702272 0.818833 0.987296 1.25217
1.57079632679 0.362751 0.227306 0.200254884872 0.387239 0.416012 0.450295 0.491827 0.54317 0.60825 0.693409 0.809603 0.977532 1.24156
1.58824961931 0.354964 0.222489 0.196044604853 0.379365 0.408035 0.442194 0.483575 0.53473 0.59957 0.684412 0.800172 0.967471 1.23051
1.60570291183 0.347236 0.217788 0.191960415798 0.371537 0.400087 0.434102 0.475309 0.526247 0.590809 0.675286 0.790546 0.957118 1.21901
1.62315620435 0.339569 0.213199 0.187996690791 0.363755 0.39217 0.426023 0.467032 0.517723 0.581971 0.666035 0.780729 0.94648 1.20707
1.64060949687 0.331964 0.208719 0.184147790282 0.356022 0.384286 0.417957 0.458744 0.50916 0.573058 0.656662 0.770725 0.93556 1.19471
1.65806278939 0.324423 0.204342 0.180408081038 0.34834 0.376436 0.409907 0.45045 0.500563 0.564075 0.647171 0.760539 0.924367 1.18193
1.67551608191 0.316947 0.200064 0.176771929825 0.340709 0.368623 0.401875 0.442152 0.491933 0.555024 0.637566 0.750176 0.912906 1.16874
1.69296937443 0.309538 0.195881 0.173233766562 0.333132 0.360848 0.393862 0.433851 0.483274 0.545908 0.627852 0.739643 0.901184 1.15514
1.71042266695 0.302196 0.191788 0.169788040115 0.32561 0.353112 0.385872 0.42555 0.474588 0.536733 0.618033 0.728943 0.889208 1.14115
1.72787595947 0.294923 0.187782 0.166429287762 0.318144 0.345419 0.377906 0.417252 0.465879 0.5275 0.608114 0.718083 0.876986 1.12679
1.74532925199 0.28772 0.183857 0.163152109936 0.310736 0.337768 0.369966 0.40896 0.45715 0.518214 0.598098 0.707069 0.864526 1.11205
1.76278254451 0.280589 0.18001 0.159951201799 0.303387 0.330164 0.362055 0.400676 0.448403 0.50888 0.587992 0.695907 0.851835 1.09695
1.78023583703 0.27353 0.176236 0.156821359554 0.2961 0.322606 0.354174 0.392403 0.439643 0.4995 0.5778 0.684604 0.838922 1.0815
1.79768912955 0.266546 0.172531 0.153757518346 0.288875 0.315098 0.346327 0.384143 0.430872 0.49008 0.567528 0.673166 0.825796 1.06571
1.81514242207 0.259636 0.168892 0.150754708044 0.281714 0.30764 0.338514 0.3759 0.422094 0.480623 0.55718 0.6616 0.812465 1.0496
1.83259571459 0.252803 0.165315 0.147808135349 0.274618 0.300235 0.330739 0.367675 0.413313 0.471134 0.546762 0.649912 0.798939 1.03318
1.85004900711 0.246046 0.161795 0.144913133265 0.267589 0.292884 0.323004 0.359473 0.404531 0.461616 0.536279 0.63811 0.785227 1.01646
1.86750229963 0.239369 0.15833 0.142065211625 0.260628 0.285589 0.315311 0.351295 0.395753 0.452075 0.525738 0.626201 0.771339 0.999458
1.88495559215 0.23277 0.154915 0.139260038144 0.253736 0.278353 0.307661 0.343145 0.386982 0.442516 0.515144 0.614193 0.757284 0.982181
1.90240888467 0.226252 0.151548 0.136493482627 0.246916 0.271176 0.300059 0.335025 0.378222 0.432941 0.504502 0.602094 0.743073 0.964646
1.91986217719 0.219815 0.148224 0.133761591704 0.240168 0.26406 0.292505 0.326939 0.369476 0.423357 0.49382 0.58991 0.728716 0.946868
1.93731546971 0.213461 0.144942 0.131060607783 0.233493 0.257008 0.285002 0.318889 0.360748 0.413768 0.483102 0.577649 0.714223 0.928861
1.95476876223 0.20719 0.141698 0.128386975358 0.226893 0.250022 0.277553 0.310878 0.352042 0.404179 0.472356 0.565321 0.699606 0.91064
1.97222205475 0.201003 0.138489 0.125737359959 0.22037 0.243102 0.27016 0.30291 0.343362 0.394595 0.461586 0.552932 0.684874 0.892221
1.98967534727 0.194902 0.135314 0.123108629204 0.213924 0.23625 0.262824 0.294987 0.334711 0.38502 0.4508 0.540491 0.670039 0.873618
2.00712863979 0.188886 0.132168 0.12049788438 0.207557 0.229469 0.255549 0.287112 0.326093 0.375459 0.440004 0.528007 0.655112 0.854846
2.02458193231 0.182957 0.129051 0.117902435174 0.20127 0.22276 0.248336 0.279288 0.317513 0.365918 0.429204 0.515487 0.640104 0.835923
2.04203522483 0.177116 0.12596 0.115319837571 0.195064 0.216125 0.241189 0.271519 0.308973 0.356401 0.418406 0.502941 0.625027 0.816863
2.05948851735 0.171363 0.122893 0.112747868592 0.18894 0.209565 0.234108 0.263806 0.300478 0.346914 0.407618 0.490376 0.609891 0.797684
2.07694180987 0.1657 0.119849 0.110184526291 0.1829 0.203083 0.227097 0.256154 0.292033 0.337461 0.396846 0.477801 0.59471 0.778401
2.09439510239 0.160126 0.116826 0.107628061334 0.176945 0.196679 0.220158 0.248565 0.28364 0.328047 0.386096 0.465226 0.579494 0.75903
2.11184839491 0.154643 0.113822 0.105076939108 0.171076 0.190355 0.213293 0.241043 0.275303 0.318679 0.375375 0.452658 0.564255 0.739589
2.12930168743 0.149251 0.110837 0.10252987761 0.165294 0.184114 0.206504 0.233589 0.267028 0.30936 0.364689 0.440106 0.549005 0.720093
2.14675497995 0.143951 0.10787 0.0999858158716 0.1596 0.177957 0.199793 0.226208 0.258817 0.300096 0.354046 0.42758 0.533756 0.70056
2.16420827247 0.138743 0.10492 0.0974439139606 0.153995 0.171884 0.193163 0.218902 0.250674 0.290891 0.343452 0.415088 0.518519 0.681006
2.18166156499 0.133629 0.101986 0.0949035782401 0.14848 0.165899 0.186616 0.211674 0.242603 0.281752 0.332914 0.402639 0.503307 0.661449
2.19911485751 0.128608 0.0990682 0.0923644361083 0.143057 0.160001 0.180154 0.204527 0.234609 0.272683 0.322437 0.390242 0.488132 0.641904
2.21656815003 0.123682 0.0961658 0.0898263233678 0.137726 0.154194 0.173779 0.197464 0.226695 0.263689 0.31203 0.377905 0.473005 0.622389
2.23402144255 0.11885 0.0932792 0.0872893031715 0.132487 0.148478 0.167493 0.190488 0.218864 0.254775 0.301698 0.365637 0.457938 0.602921
2.25147473507 0.114113 0.0904085 0.0847536470767 0.127343 0.142855 0.161299 0.183601 0.211122 0.245947 0.291448 0.353447 0.442944 0.583516
2.26892802759 0.109472 0.0875539 0.0822198413601 0.122294 0.137326 0.155198 0.176807 0.20347 0.237209 0.281287 0.341344 0.428034 0.564191
2.28638132011 0.104928 0.084716 0.0796885617572 0.117341 0.131893 0.149193 0.170109 0.195914 0.228566 0.271221 0.329337 0.41322 0.544964
2.30383461263 0.100479 0.0818953 0.0771606797772 0.112485 0.126557 0.143285 0.163508 0.188457 0.220023 0.261257 0.317433 0.398513 0.525849
2.32128790515 0.0961278 0.0790926 0.0746372563879 0.107726 0.121319 0.137477 0.157009 0.181103 0.211585 0.251401 0.305643 0.383926 0.506865
2.33874119767 0.0918736 0.076309 0.072119529385 0.103065 0.116181 0.13177 0.150612 0.173855 0.203257 0.24166 0.293973 0.36947 0.488028
2.35619449019 0.0877168 0.0735455 0.0696089133922 0.0985039 0.111144 0.126167 0.144322 0.166717 0.195043 0.232039 0.282433 0.355156 0.469353
2.37364778271 0.0836578 0.0708033 0.0671069745999 0.0940421 0.106209 0.120668 0.138141 0.159691 0.186949 0.222546 0.271031 0.340996 0.450856
2.39110107523 0.0796968 0.0680837 0.0646154307655 0.0896808 0.101378 0.115276 0.132071 0.152783 0.178978 0.213185 0.259774 0.327 0.432554
2.40855436775 0.0758341 0.0653884 0.0621361575285 0.0854206 0.0966508 0.109994 0.126115 0.145995 0.171136 0.203964 0.248672 0.31318 0.414463
2.42600766027 0.0720698 0.0627188 0.0596711505185 0.0812622 0.0920296 0.104821 0.120275 0.13933 0.163426 0.194888 0.237732 0.299547 0.396597
2.44346095279 0.0684041 0.0600767 0.0572225316712 0.0772061 0.0875151 0.0997608 0.114554 0.132793 0.155854 0.185963 0.226962 0.286112 0.378973
2.46091424531 0.0648372 0.0574639 0.0547925365971 0.0732529 0.0831083 0.0948141 0.108954 0.126385 0.148424 0.177195 0.21637 0.272885 0.361605
2.47836753783 0.0613691 0.0548824 0.0523835082667 0.0694031 0.0788104 0.0899828 0.103477 0.12011 0.141139 0.168589 0.205963 0.259876 0.344507
2.49582083035 0.0579999 0.052334 0.0499978654339 0.0656571 0.0746222 0.0852682 0.0981249 0.113972 0.134004 0.160151 0.195749 0.247096 0.327695
2.51327412287 0.0547296 0.0498208 0.0476381278971 0.0620153 0.0705446 0.0806718 0.0929008 0.107972 0.127023 0.151887 0.185734 0.234554 0.311183
2.53072741539 0.0515582 0.047345 0.0453068596618 0.0584783 0.0665784 0.0761951 0.0878062 0.102115 0.120199 0.1438 0.175927 0.222261 0.294984
2.54818070791 0.0484856 0.0449088 0.0430067068319 0.0550462 0.0627245 0.0718393 0.0828432 0.0964022 0.113537 0.135898 0.166333 0.210225 0.279111
2.56563400043 0.0455119 0.0425143 0.0407403344575 0.0517194 0.0589836 0.0676057 0.0780136 0.0908369 0.107041 0.128184 0.15696 0.198456 0.263579
2.58308729295 0.042637 0.0401639 0.0385104581107 0.0484983 0.0553564 0.0634955 0.0733193 0.0854216 0.100713 0.120663 0.147814 0.186964 0.2484
2.60054058547 0.0398606 0.0378598 0.0363198059945 0.0453829 0.0518436 0.05951 0.0687621 0.0801587 0.0945568 0.11334 0.138901 0.175755 0.233585
2.61799387799 0.0371826 0.0356043 0.0341711252573 0.0423735 0.0484457 0.05565 0.0643434 0.0750507 0.0885763 0.10622 0.130227 0.16484 0.219148
2.63544717051 0.0346028 0.0333999 0.0320671441022 0.0394703 0.0451632 0.0519167 0.0600651 0.0700998 0.0827744 0.0993065 0.121799 0.154225 0.205101
2.65290046303 0.032121 0.0312487 0.0300105907317 0.0366733 0.0419967 0.048311 0.0559284 0.0653081 0.0771541 0.0926037 0.113622 0.14392 0.191453
2.67035375555 0.0297368 0.0291531 0.0280041617723 0.0339824 0.0389465 0.0448336 0.0519348 0.0606776 0.071718 0.0861156 0.1057 0.13393 0.178215
2.68780704807 0.02745 0.0271153 0.0260505096434 0.0313978 0.0360129 0.0414854 0.0480855 0.0562103 0.0664691 0.0798458 0.0980404 0.124264 0.165399
2.70526034059 0.0252602 0.0251377 0.0241522425574 0.0289194 0.0331963 0.0382671 0.0443817 0.0519079 0.0614097 0.073798 0.0906464 0.114928 0.153013
2.72271363311 0.023167 0.0232223 0.0223119118892 0.0265469 0.0304969 0.0351791 0.0408245 0.0477721 0.0565423 0.0679754 0.0835231 0.105928 0.141068
2.74016692563 0.0211699 0.0213715 0.0205319805994 0.0242804 0.0279147 0.0322222 0.0374148 0.0438043 0.051869 0.0623811 0.0766748 0.0972707 0.129571
2.75762021815 0.0192685 0.0195872 0.018814842181 0.0221194 0.0254499 0.0293966 0.0341535 0.040006 0.0473918 0.0570179 0.0701054 0.0889615 0.118531
2.77507351067 0.0174622 0.0178714 0.0171627827669 0.0200638 0.0231025 0.0267027 0.0310413 0.0363783 0.0431126 0.0518885 0.0638187 0.0810057 0.107956
2.79252680319 0.0157505 0.0162262 0.0155779874452 0.0181133 0.0208724 0.0241408 0.0280788 0.0329224 0.0390331 0.0469953 0.0578181 0.0734082 0.097852
2.80998009571 0.0141327 0.0146534 0.0140625339447 0.0162673 0.0187595 0.021711 0.0252667 0.0296392 0.0351548 0.0423405 0.0521067 0.0661734 0.0882266
2.82743338823 0.0126082 0.0131547 0.0126183610574 0.0145255 0.0167634 0.0194134 0.0226051 0.0265294 0.0314788 0.0379259 0.0466873 0.0593052 0.0790853
2.84488668075 0.0111763 0.0117318 0.0112472623243 0.0128873 0.014884 0.0172479 0.0200944 0.0235936 0.0280062 0.0337533 0.0415623 0.0528073 0.0704336
2.86233997327 0.00983621 0.0103862 0.00995090498023 0.0113522 0.0131209 0.0152143 0.0177347 0.0208324 0.024738 0.029824 0.0367337 0.0466827 0.062276
2.87979326579 0.00858707 0.00911922 0.0087307731171 0.00991936 0.0114734 0.0133123 0.0155259 0.0182459 0.0216747 0.0261391 0.0322035 0.0409342 0.0546166
2.89724655831 0.00742803 0.00793219 0.0075882182057 0.00858821 0.00994115 0.0115417 0.0134679 0.0158343 0.0188169 0.0226995 0.0279729 0.0355639 0.0474589
2.91469985083 0.00635815 0.00682621 0.00652437699721 0.00735787 0.00852337 0.00990186 0.0115604 0.0135976 0.0161646 0.0195057 0.024043 0.0305734 0.0408055
2.93215314335 0.00537644 0.00580223 0.00554022836068 0.00622747 0.00721935 0.00839216 0.00980289 0.0115353 0.0137179 0.0165581 0.0204144 0.025964 0.0346583
2.94960643587 0.00448183 0.00486104 0.00463654907607 0.00519604 0.00602819 0.00701188 0.0081948 0.00964711 0.0114764 0.0138564 0.0170874 0.0217363 0.0290188
2.96705972839 0.00367319 0.00400326 0.00381390120369 0.00426251 0.00494893 0.00576011 0.00673532 0.00793231 0.00943965 0.0114004 0.0140617 0.0178904 0.0238872
2.98451302091 0.00294931 0.00322932 0.00307264471474 0.00342574 0.00398049 0.00463585 0.00542351 0.00639003 0.00760686 0.00918937 0.0113369 0.0144259 0.0192635
3.00196631343 0.00230891 0.00253947 0.0024129059149 0.00268449 0.00312165 0.00363792 0.00425822 0.00501917 0.00597692 0.00722222 0.00891179 0.0113417 0.0151465
3.01941960595 0.0017506 0.00193373 0.0018345900749 0.00203738 0.00237106 0.00276498 0.00323812 0.00381836 0.00454847 0.00549754 0.00678492 0.00863608 0.0115342
3.03687289847 0.00127291 0.00141191 0.00133734353883 0.00148295 0.00172725 0.00201554 0.00236167 0.00278602 0.00331981 0.00401351 0.00495426 0.00630673 0.00842381
3.05432619099 0.000874243 0.000973598 0.000920547408839 0.00101959 0.00118856 0.00138788 0.00162709 0.00192026 0.00228892 0.00276787 0.00341724 0.00435061 0.00581139
3.07177948351 0.000552895 0.000618112 0.000583304914554 0.000645542 0.00075319 0.000880111 0.00103237 0.0012189 0.00145338 0.00175792 0.0021707 0.00276387 0.00369205
3.08923277603 0.000306997 0.000344498 0.000324409836687 0.000358868 0.000419104 0.000490088 0.000575204 0.000679429 0.000810395 0.000980432 0.00121084 0.00154184 0.00205969
3.10668606855 0.000134492 0.000151477 0.000142308615311 0.000157421 0.000184031 0.00021537 0.000252927 0.000298893 0.000356627 0.000431554 0.000533048 0.000678816 0.000906808
3.12413936107 3.30692e-05 3.7383e-05 3.50245664557e-05 3.87643e-05 4.53685e-05 5.31408e-05 6.24491e-05 7.38348e-05 8.81275e-05 0.000106668 0.000131772 0.000167815 0.000224173
3.14159265359 0.0 0.0 0.0 0.0 0.0 0.0 0.0 0.0 0.0 0.0 0.0 0.0 0.0
