alpha phi_iso phi_ray phi_vec g0=0.1 g0=0.2 g0=0.3 g0=0.4 g0=0.5 g0=0.6 g0=0.7 g0=0.8 g0=0.9 g0=1.0
0.0 1.0 1.0 1.0 1.0 1.0 1.0 1.0 1.0 1.0 1.0 1.0 1.0 1.0
0.0174532925199 0.999655 0.999508 0.999503368966 0.999671 0.999691 0.999715 0.999746 0.999788 0.999845 0.999931 1.00007 1.00035 1.00114
0.0349065850399 0.99869 0.998107 0.998087208816 0.998754 0.998832 0.998929 0.999052 0.999216 0.999444 0.999782 1.00034 1.00144 1.00459
0.0523598775598 0.997213 0.995909 0.995861733045 0.997355 0.997528 0.997742 0.998017 0.998381 0.998887 0.99964 1.00088 1.00332 1.01033
0.0698131700798 0.995307 0.993005 0.992914425903 0.995555 0.995858 0.996235 0.996717 0.997356 0.998245 0.999569 1.00175 1.00604 1.01836
0.0872664625997 0.993023 0.989452 0.989303440952 0.993407 0.993874 0.994456 0.9952 0.996187 0.997562 0.999609 1.00299 1.00962 1.02868
0.10471975512 0.990396 0.985291 0.985067411823 0.990943 0.991608 0.992436 0.993496 0.994903 0.996862 0.999781 1.0046 1.01406 1.04125
0.12217304764 0.987449 0.980551 0.980235648887 0.988185 0.989081 0.990196 0.991625 0.993522 0.996164 1.0001 1.0066 1.01937 1.05604
0.13962634016 0.984201 0.975257 0.974833887583 0.985152 0.986311 0.987754 0.989603 0.992058 0.995479 1.00058 1.00899 1.02553 1.07303
0.157079632679 0.980668 0.969433 0.968886339945 0.98186 0.983313 0.985123 0.987443 0.990524 0.994816 1.00121 1.01177 1.03254 1.09217
0.174532925199 0.976866 0.963103 0.962416568018 0.978325 0.980102 0.982318 0.985157 0.988929 0.994184 1.00202 1.01495 1.04038 1.11342
0.191986217719 0.97281 0.956289 0.955447524482 0.974559 0.976691 0.979349 0.982756 0.987282 0.99359 1.00299 1.01852 1.04905 1.13675
0.209439510239 0.968512 0.949013 0.948001633906 0.970575 0.973091 0.976228 0.980249 0.985592 0.993039 1.00414 1.02248 1.05853 1.16209
0.226892802759 0.963985 0.941297 0.940100833365 0.966385 0.969313 0.972964 0.977644 0.983864 0.992535 1.00546 1.02681 1.0688 1.18939
0.244346095279 0.95924 0.933162 0.931766633382 0.962 0.965367 0.969566 0.97495 0.982105 0.99208 1.00695 1.03152 1.07983 1.21861
0.261799387799 0.954288 0.924628 0.923020158548 0.957429 0.961262 0.966042 0.972171 0.980319 0.991678 1.00862 1.03659 1.09162 1.24967
0.279252680319 0.949138 0.915716 0.913882208462 0.952682 0.957005 0.962398 0.969315 0.978509 0.991328 1.01045 1.04202 1.10412 1.28253
0.296705972839 0.943801 0.906445 0.904373298353 0.947767 0.952606 0.958643 0.966386 0.976679 0.991031 1.01244 1.04779 1.11733 1.31711
0.314159265359 0.938285 0.896835 0.894513679392 0.942692 0.94807 0.95478 0.963387 0.974829 0.990785 1.01458 1.05389 1.13122 1.35335
0.331612557879 0.932597 0.886905 0.884323399629 0.937464 0.943404 0.950815 0.960323 0.972963 0.990591 1.01688 1.06031 1.14575 1.39118
0.349065850399 0.926746 0.876675 0.87382226337 0.93209 0.938614 0.946754 0.957197 0.971081 0.990444 1.01933 1.06704 1.16089 1.43053
0.366519142919 0.920739 0.866163 0.863029912422 0.926578 0.933705 0.942599 0.954011 0.969183 0.990344 1.02191 1.07405 1.17663 1.47133
0.383972435439 0.914583 0.855388 0.851965744849 0.920933 0.928683 0.938356 0.950767 0.96727 0.990287 1.02462 1.08134 1.19293 1.51351
0.401425727959 0.908285 0.844368 0.840649016528 0.91516 0.923553 0.934028 0.947468 0.96534 0.990269 1.02746 1.08889 1.20975 1.55698
0.418879020479 0.901851 0.833122 0.829098719281 0.909266 0.918318 0.929617 0.944115 0.963394 0.990286 1.0304 1.09668 1.22707 1.60168
0.436332312999 0.895288 0.821667 0.817333702743 0.903256 0.912984 0.925126 0.940708 0.96143 0.990334 1.03345 1.1047 1.24485 1.64753
0.453785605519 0.8886 0.810022 0.805372511868 0.897134 0.907553 0.920559 0.937249 0.959446 0.990408 1.0366 1.11292 1.26306 1.69445
0.471238898038 0.881795 0.798204 0.793233569739 0.890906 0.90203 0.915917 0.933738 0.95744 0.990503 1.03983 1.12133 1.28167 1.74236
0.488692190558 0.874876 0.78623 0.780934954131 0.884575 0.896418 0.911202 0.930176 0.955412 0.990614 1.04314 1.12991 1.30064 1.79118
0.506145483078 0.86785 0.774117 0.768494539699 0.878147 0.89072 0.906417 0.926563 0.953357 0.990736 1.04651 1.13865 1.31994 1.84083
0.523598775598 0.860721 0.761882 0.755929937041 0.871625 0.88494 0.901563 0.922898 0.951275 0.990862 1.04993 1.14752 1.33953 1.89123
0.541052068118 0.853494 0.749541 0.743258452071 0.865013 0.879079 0.896641 0.919181 0.949162 0.990987 1.05339 1.15651 1.35939 1.9423
0.558505360638 0.846175 0.737111 0.730497065713 0.858315 0.873142 0.891653 0.915412 0.947015 0.991105 1.05689 1.16559 1.37946 1.99396
0.575958653158 0.838766 0.724608 0.717662515143 0.851535 0.867129 0.886599 0.91159 0.944832 0.991209 1.06041 1.17475 1.39972 2.04613
0.593411945678 0.831274 0.712047 0.704771110983 0.844676 0.861044 0.881481 0.907714 0.942609 0.991292 1.06394 1.18397 1.42014 2.09872
0.610865238198 0.823701 0.699443 0.691838899799 0.837742 0.854889 0.8763 0.903784 0.940343 0.99135 1.06746 1.19322 1.44067 2.15166
0.628318530718 0.816052 0.686811 0.678881501601 0.830735 0.848667 0.871057 0.899798 0.938031 0.991374 1.07097 1.20249 1.46128 2.20486
0.645771823238 0.808332 0.674166 0.665914191095 0.823658 0.842378 0.865752 0.895756 0.93567 0.991358 1.07446 1.21177 1.48194 2.25825
0.663225115758 0.800543 0.661522 0.652951836743 0.816516 0.836025 0.860385 0.891656 0.933255 0.991296 1.07791 1.22102 1.50262 2.31174
0.680678408278 0.79269 0.648892 0.640008900766 0.80931 0.829609 0.854958 0.887497 0.930784 0.991181 1.08131 1.23023 1.52327 2.36525
0.698131700798 0.784777 0.636291 0.62709941883 0.802043 0.823134 0.84947 0.883278 0.928253 0.991006 1.08465 1.23939 1.54386 2.41872
0.715584993318 0.776806 0.62373 0.61423702036 0.794719 0.816599 0.843922 0.878997 0.925659 0.990765 1.08792 1.24846 1.56436 2.47205
0.733038285838 0.768782 0.611222 0.601434826977 0.78734 0.810008 0.838314 0.874654 0.922997 0.990451 1.09111 1.25744 1.58474 2.52517
0.750491578358 0.760707 0.59878 0.588705574374 0.779907 0.80336 0.832647 0.870245 0.920264 0.990056 1.09421 1.26631 1.60495 2.57801
0.767944870878 0.752586 0.586415 0.576061449813 0.772425 0.796658 0.826921 0.865772 0.917457 0.989576 1.0972 1.27504 1.62498 2.63049
0.785398163397 0.74442 0.574138 0.563514254631 0.764894 0.789904 0.821135 0.861231 0.914572 0.989002 1.10007 1.28362 1.64477 2.68253
0.802851455917 0.736214 0.561961 0.55107520111 0.757318 0.783097 0.815291 0.856621 0.911606 0.988329 1.10282 1.29202 1.66432 2.73407
0.820304748437 0.727971 0.549892 0.53875507498 0.749699 0.776241 0.809387 0.851941 0.908555 0.987551 1.10544 1.30024 1.68357 2.78503
0.837758040957 0.719693 0.537942 0.526564154167 0.742039 0.769336 0.803425 0.84719 0.905415 0.98666 1.1079 1.30826 1.7025 2.83534
0.855211333477 0.711383 0.526121 0.514512147859 0.73434 0.762383 0.797404 0.842366 0.902184 0.985652 1.11021 1.31605 1.72108 2.88492
0.872664625997 0.703044 0.514437 0.502608298065 0.726604 0.755383 0.791324 0.837468 0.898857 0.984519 1.11235 1.3236 1.73929 2.93373
0.890117918517 0.69468 0.502898 0.49086133899 0.718833 0.748338 0.785186 0.832494 0.895432 0.983256 1.11432 1.3309 1.75708 2.98168
0.907571211037 0.686292 0.491513 0.479279436103 0.71103 0.741249 0.778989 0.827443 0.891906 0.981858 1.1161 1.33793 1.77443 3.02871
0.925024503557 0.677883 0.480288 0.46787026738 0.703196 0.734117 0.772734 0.822313 0.888275 0.980318 1.11768 1.34466 1.79132 3.07476
0.942477796077 0.669457 0.46923 0.456640942059 0.695333 0.726943 0.766421 0.817105 0.884536 0.978631 1.11905 1.3511 1.80771 3.11977
0.959931088597 0.661015 0.458347 0.445598061575 0.687443 0.719728 0.760049 0.811815 0.880687 0.976791 1.12021 1.35722 1.82359 3.16368
0.977384381117 0.65256 0.447643 0.43474771956 0.679528 0.712474 0.753619 0.806444 0.876725 0.974795 1.12115 1.36301 1.83892 3.20643
0.994837673637 0.644094 0.437124 0.424095440907 0.671591 0.705181 0.747131 0.80099 0.872647 0.972637 1.12186 1.36845 1.85368 3.24796
1.01229096616 0.635621 0.426794 0.413646242707 0.663631 0.69785 0.740585 0.795452 0.86845 0.970311 1.12232 1.37353 1.86784 3.28822
1.02974425868 0.627141 0.416659 0.40340465456 0.655653 0.690483 0.733982 0.78983 0.864132 0.967814 1.12254 1.37824 1.88139 3.32716
1.0471975512 0.618658 0.406723 0.393374617015 0.647656 0.683081 0.727321 0.784122 0.859691 0.965142 1.12251 1.38257 1.8943 3.36473
1.06465084372 0.610175 0.396987 0.383559623755 0.639644 0.675644 0.720604 0.778327 0.855125 0.962289 1.12222 1.3865 1.90655 3.40088
1.08210413624 0.601692 0.387457 0.373962620034 0.631617 0.668174 0.713829 0.772445 0.850431 0.959253 1.12165 1.39002 1.91811 3.43555
1.09955742876 0.593212 0.378133 0.364586083931 0.623577 0.660672 0.706998 0.766476 0.845608 0.956029 1.12082 1.39313 1.92898 3.46872
1.11701072128 0.584738 0.369018 0.35543198572 0.615527 0.653138 0.700111 0.760418 0.840654 0.952614 1.1197 1.39581 1.93913 3.50033
1.1344640138 0.576271 0.360113 0.346501787872 0.607467 0.645575 0.693168 0.754272 0.835567 0.949005 1.11829 1.39805 1.94854 3.53035
1.15191730632 0.567814 0.35142 0.337796526305 0.599399 0.637984 0.686171 0.748037 0.830346 0.945199 1.1166 1.39985 1.9572 3.55873
1.16937059884 0.559369 0.34294 0.329316729133 0.591326 0.630364 0.679118 0.741712 0.824989 0.941193 1.11461 1.40118 1.96509 3.58545
1.18682389136 0.550937 0.334672 0.32106251823 0.583248 0.622718 0.672012 0.735298 0.819496 0.936985 1.11232 1.40206 1.9722 3.61046
1.20427718388 0.542521 0.326616 0.313033527977 0.575167 0.615047 0.664852 0.728795 0.813865 0.932572 1.10972 1.40247 1.97851 3.63374
1.2217304764 0.534123 0.318772 0.305228986515 0.567085 0.607352 0.65764 0.722202 0.808096 0.927952 1.10682 1.40239 1.98401 3.65525
1.23918376892 0.525743 0.311139 0.297647715741 0.559004 0.599634 0.650375 0.715519 0.802188 0.923124 1.1036 1.40184 1.98869 3.67498
1.25663706144 0.517385 0.303716 0.290288110998 0.550924 0.591894 0.64306 0.708748 0.796141 0.918086 1.10007 1.40079 1.99254 3.69289
1.27409035396 0.50905 0.2965 0.283148222325 0.542848 0.584134 0.635694 0.701888 0.789953 0.912837 1.09622 1.39926 1.99555 3.70896
1.29154364648 0.50074 0.28949 0.276225673204 0.534777 0.576355 0.628279 0.69494 0.783626 0.907375 1.09205 1.39722 1.99771 3.72318
1.308996939 0.492457 0.282683 0.269517762126 0.526713 0.568558 0.620815 0.687904 0.777159 0.901701 1.08756 1.39468 1.99901 3.73552
1.32645023152 0.484202 0.276077 0.263021421961 0.518657 0.560744 0.613304 0.680781 0.770552 0.895813 1.08274 1.39164 1.99945 3.74596
1.34390352404 0.475977 0.269668 0.256733321525 0.51061 0.552916 0.605747 0.673572 0.763805 0.889712 1.0776 1.38808 1.99902 3.75451
1.36135681656 0.467784 0.263454 0.250649743702 0.502575 0.545073 0.598145 0.666278 0.75692 0.883396 1.07214 1.38402 1.99772 3.76113
1.37881010908 0.459625 0.257431 0.24476672763 0.494553 0.537219 0.590499 0.658899 0.749897 0.876868 1.06634 1.37945 1.99554 3.76583
1.3962634016 0.4515 0.251594 0.239080007767 0.486545 0.529353 0.58281 0.651438 0.742736 0.870127 1.06023 1.37437 1.99249 3.7686
1.41371669412 0.443412 0.245941 0.233585095138 0.478553 0.521478 0.57508 0.643894 0.735439 0.863174 1.05379 1.36877 1.98855 3.76943
1.43116998664 0.435363 0.240465 0.228277236708 0.470579 0.513595 0.567311 0.63627 0.728008 0.85601 1.04702 1.36266 1.98374 3.76833
1.44862327916 0.427353 0.235164 0.223151476325 0.462623 0.505705 0.559503 0.628566 0.720443 0.848637 1.03994 1.35605 1.97804 3.76528
1.46607657168 0.419384 0.230032 0.218202654711 0.454688 0.49781 0.551658 0.620785 0.712745 0.841056 1.03253 1.34892 1.97147 3.7603
1.4835298642 0.411459 0.225064 0.21342538916 0.446775 0.489912 0.543779 0.612928 0.704918 0.833269 1.0248 1.34129 1.96403 3.75339
1.50098315672 0.403577 0.220256 0.208814215713 0.438886 0.482013 0.535865 0.604997 0.696962 0.825278 1.01675 1.33315 1.95571 3.74455
1.51843644924 0.395741 0.215601 0.204363406357 0.431021 0.474113 0.52792 0.596994 0.68888 0.817086 1.0084 1.32452 1.94653 3.7338
1.53588974176 0.387953 0.211096 0.200067233077 0.423183 0.466214 0.519945 0.58892 0.680674 0.808694 0.999726 1.31539 1.93649 3.72114
1.55334303427 0.380213 0.206734 0.195919744425 0.415374 0.458319 0.511942 0.580778 0.672347 0.800107 0.990749 1.30577 1.9256 3.70659
1.57079632679 0.372523 0.202509 0.191914968642 0.407594 0.450428 0.503913 0.57257 0.6639 0.791326 0.981469 1.29566 1.91386 3.69016
1.58824961931 0.364884 0.198417 0.188046812096 0.399845 0.442544 0.495859 0.564298 0.655337 0.782356 0.971889 1.28507 1.90129 3.67187
1.60570291183 0.357298 0.194451 0.184309181154 0.392128 0.434668 0.487783 0.555965 0.64666 0.773199 0.962015 1.27401 1.88788 3.65174
1.62315620435 0.349766 0.190607 0.180695921248 0.384446 0.426802 0.479687 0.547573 0.637873 0.76386 0.951851 1.26248 1.87367 3.62979
1.64060949687 0.342289 0.186877 0.17720079656 0.3768 0.418948 0.471574 0.539124 0.628979 0.754343 0.941403 1.25049 1.85864 3.60604
1.65806278939 0.334868 0.183257 0.173817652522 0.36919 0.411107 0.463444 0.530622 0.619982 0.744652 0.930676 1.23805 1.84283 3.58053
1.67551608191 0.327506 0.179741 0.170540334565 0.36162 0.403283 0.455301 0.52207 0.610883 0.734791 0.919676 1.22517 1.82623 3.55326
1.69296937443 0.320202 0.176322 0.167362647496 0.35409 0.395475 0.447146 0.513469 0.601688 0.724766 0.90841 1.21185 1.80887 3.52429
1.71042266695 0.312958 0.172996 0.164278517996 0.346601 0.387687 0.438983 0.504824 0.5924 0.71458 0.896883 1.1981 1.79076 3.49363
1.72787595947 0.305776 0.169757 0.161281913368 0.339156 0.37992 0.430813 0.496136 0.583023 0.70424 0.885104 1.18394 1.77192 3.46131
1.74532925199 0.298656 0.166599 0.158366882165 0.331755 0.372176 0.422639 0.48741 0.573561 0.69375 0.873079 1.16938 1.75236 3.42738
1.76278254451 0.2916 0.163517 0.155527513562 0.324401 0.364457 0.414464 0.478648 0.564018 0.683116 0.860815 1.15442 1.73209 3.39187
1.78023583703 0.284609 0.160505 0.152758079547 0.317095 0.356764 0.40629 0.469854 0.554399 0.672343 0.848321 1.13908 1.71115 3.35481
1.79768912955 0.277683 0.157559 0.150052913041 0.309837 0.349101 0.398119 0.461031 0.544707 0.661438 0.835604 1.12337 1.68954 3.31624
1.81514242207 0.270825 0.154672 0.147406529774 0.302631 0.341469 0.389955 0.452183 0.534948 0.650407 0.822673 1.1073 1.66728 3.27621
1.83259571459 0.264035 0.151841 0.144813547038 0.295477 0.33387 0.3818 0.443313 0.525126 0.639256 0.809536 1.09088 1.6444 3.23476
1.85004900711 0.257313 0.14906 0.142268744622 0.288377 0.326306 0.373656 0.434424 0.515245 0.62799 0.796202 1.07412 1.62092 3.19193
1.86750229963 0.250662 0.146324 0.139767105435 0.281331 0.318779 0.365527 0.425521 0.505311 0.616617 0.782681 1.05705 1.59685 3.14777
1.88495559215 0.244082 0.143629 0.137303754571 0.274343 0.311291 0.357415 0.416607 0.495329 0.605144 0.768981 1.03967 1.57222 3.10232
1.90240888467 0.237574 0.14097 0.134874020245 0.267413 0.303845 0.349323 0.407685 0.485304 0.593577 0.755113 1.02199 1.54706 3.05563
1.91986217719 0.231139 0.138344 0.132473433794 0.260542 0.296442 0.341254 0.398761 0.475241 0.581924 0.741085 1.00404 1.52138 3.00775
1.93731546971 0.224779 0.135747 0.130097709363 0.253733 0.289084 0.33321 0.389837 0.465144 0.57019 0.726908 0.985825 1.49521 2.95872
1.95476876223 0.218493 0.133174 0.127742825154 0.246986 0.281774 0.325196 0.380918 0.45502 0.558385 0.712592 0.967359 1.46858 2.90861
1.97222205475 0.212283 0.130622 0.12540494218 0.240303 0.274513 0.317213 0.372007 0.444874 0.546514 0.698147 0.948658 1.4415 2.85746
1.98967534727 0.20615 0.128087 0.123080465196 0.233686 0.267304 0.309264 0.363108 0.434711 0.534587 0.683584 0.929739 1.41401 2.80533
2.00712863979 0.200094 0.125567 0.120766002082 0.227136 0.260149 0.301354 0.354227 0.424538 0.522609 0.668913 0.910617 1.38612 2.75227
2.02458193231 0.194117 0.123058 0.118458465396 0.220654 0.25305 0.293483 0.345366 0.414358 0.510589 0.654146 0.891308 1.35788 2.69833
2.04203522483 0.18822 0.120558 0.116154950508 0.214242 0.246009 0.285657 0.33653 0.404179 0.498535 0.639292 0.871828 1.32929 2.64358
2.05948851735 0.182402 0.118065 0.113852837155 0.207901 0.239028 0.277877 0.327723 0.394006 0.486454 0.624364 0.852193 1.30039 2.58806
2.07694180987 0.176666 0.115575 0.111549728508 0.201633 0.23211 0.270146 0.31895 0.383844 0.474354 0.609372 0.832421 1.27121 2.53184
2.09439510239 0.171011 0.113087 0.109243491798 0.195439 0.225256 0.262468 0.310214 0.3737 0.462244 0.594328 0.812527 1.24177 2.47498
2.11184839491 0.165439 0.1106 0.106932258308 0.18932 0.218469 0.254846 0.30152 0.363579 0.450132 0.579243 0.792529 1.21211 2.41753
2.12930168743 0.15995 0.108111 0.104614403072 0.183278 0.211751 0.247283 0.292871 0.353487 0.438025 0.564129 0.772443 1.18224 2.35955
2.14675497995 0.154546 0.10562 0.102288565177 0.177314 0.205103 0.239782 0.284274 0.34343 0.425932 0.548996 0.752288 1.1522 2.3011
2.16420827247 0.149226 0.103124 0.099953607146 0.171429 0.198529 0.232346 0.275731 0.333414 0.413861 0.533858 0.73208 1.12201 2.24224
2.18166156499 0.143991 0.100624 0.0976086758699 0.165625 0.192029 0.224977 0.267246 0.323445 0.40182 0.518724 0.711835 1.09171 2.18304
2.19911485751 0.138843 0.0981192 0.0952531619858 0.159903 0.185607 0.21768 0.258825 0.313529 0.389818 0.503608 0.691573 1.06132 2.12355
2.21656815003 0.133781 0.0956085 0.0928866795635 0.154265 0.179264 0.210456 0.250472 0.303672 0.377862 0.488521 0.67131 1.03087 2.06384
2.23402144255 0.128807 0.093092 0.0905091270425 0.148711 0.173002 0.20331 0.24219 0.29388 0.365961 0.473474 0.651063 1.0004 2.00396
2.25147473507 0.123921 0.0905699 0.0881205856712 0.143243 0.166823 0.196244 0.233985 0.284158 0.354124 0.458479 0.630851 0.969917 1.94398
2.26892802759 0.119123 0.0880424 0.0857214007554 0.137863 0.16073 0.189261 0.225859 0.274513 0.342358 0.443548 0.61069 0.939465 1.88396
2.28638132011 0.114415 0.0855101 0.0833121613464 0.13257 0.154724 0.182364 0.217819 0.26495 0.330672 0.428693 0.590599 0.90907 1.82395
2.30383461263 0.109797 0.0829736 0.0808936596162 0.127368 0.148808 0.175557 0.209867 0.255476 0.319074 0.413925 0.570593 0.878759 1.76403
2.32128790515 0.105269 0.0804338 0.0784668908582 0.122256 0.142983 0.168841 0.202007 0.246096 0.307572 0.399257 0.550692 0.848562 1.70425
2.33874119767 0.100832 0.077892 0.0760330941109 0.117236 0.137251 0.16222 0.194246 0.236816 0.296174 0.384698 0.530912 0.818506 1.64467
2.35619449019 0.0964862 0.0753494 0.0735936505976 0.112309 0.131614 0.155697 0.186585 0.227642 0.284888 0.370262 0.51127 0.788621 1.58535
2.37364778271 0.0922326 0.0728074 0.0711502055992 0.107476 0.126075 0.149275 0.179029 0.218579 0.273723 0.35596 0.491783 0.758935 1.52636
2.39110107523 0.0880713 0.0702678 0.0687045262688 0.102739 0.120634 0.142956 0.171583 0.209634 0.262686 0.341802 0.472469 0.729475 1.46775
2.40855436775 0.0840029 0.0677324 0.0662585828811 0.0980983 0.115294 0.136743 0.164251 0.200812 0.251785 0.3278 0.453343 0.700269 1.40958
2.42600766027 0.0800278 0.0652032 0.0638145082073 0.093555 0.110057 0.13064 0.157035 0.192118 0.241028 0.313965 0.434424 0.671344 1.35191
2.44346095279 0.0761465 0.0626823 0.0613745772035 0.0891102 0.104924 0.124648 0.149941 0.183558 0.230423 0.300309 0.415726 0.642729 1.2948
2.46091424531 0.0723594 0.0601719 0.0589412273225 0.084765 0.0998975 0.118771 0.142972 0.175137 0.219977 0.286842 0.397267 0.61445 1.23831
2.47836753783 0.0686668 0.0576746 0.0565170178901 0.0805202 0.0949786 0.11301 0.136132 0.166861 0.209698 0.273575 0.379063 0.586532 1.18248
2.49582083035 0.0650691 0.0551928 0.0541046097922 0.076377 0.0901693 0.10737 0.129425 0.158735 0.199593 0.260517 0.361129 0.559004 1.12739
2.51327412287 0.0615667 0.0527291 0.0517068060998 0.0723361 0.0854711 0.101851 0.122854 0.150764 0.18967 0.247681 0.343481 0.531889 1.07308
2.53072741539 0.0581598 0.0502864 0.0493265114442 0.0683985 0.0808857 0.0964572 0.116422 0.142953 0.179935 0.235076 0.326134 0.505214 1.0196
2.54818070791 0.0548488 0.0478673 0.0469666913933 0.0645651 0.0764145 0.0911902 0.110134 0.135307 0.170395 0.222712 0.309103 0.479004 0.967019
2.56563400043 0.0516341 0.0454748 0.044630392763 0.0608367 0.0720592 0.0860526 0.103993 0.127831 0.161058 0.210598 0.292403 0.453282 0.915378
2.58308729295 0.0485157 0.0431118 0.0423207436181 0.0572141 0.0678212 0.0810466 0.0980016 0.12053 0.15193 0.198745 0.276049 0.428073 0.864732
2.60054058547 0.0454941 0.0407814 0.0400409329595 0.0536981 0.0637019 0.0761745 0.0921637 0.113408 0.143018 0.187162 0.260055 0.403401 0.815129
2.61799387799 0.0425693 0.0384867 0.0377941294759 0.0502895 0.0597027 0.0714385 0.0864825 0.10647 0.134328 0.175858 0.244434 0.379287 0.766619
2.63544717051 0.0397417 0.0362306 0.0355836034167 0.0469889 0.0558249 0.0668406 0.0809608 0.0997205 0.125866 0.164843 0.229199 0.355756 0.71925
2.65290046303 0.0370114 0.0340164 0.0334126047191 0.043797 0.0520699 0.0623829 0.0756019 0.0931634 0.117638 0.154124 0.214365 0.332827 0.673068
2.67035375555 0.0343786 0.0318471 0.0312843833203 0.0407145 0.0484387 0.0580673 0.0704084 0.0868031 0.109651 0.14371 0.199943 0.310522 0.628117
2.68780704807 0.0318434 0.0297258 0.0292021485335 0.037742 0.0449327 0.0538957 0.0653833 0.0806434 0.101909 0.133609 0.185946 0.288861 0.584442
2.70526034059 0.0294059 0.0276556 0.02716919092 0.03488 0.0415529 0.04987 0.0605291 0.0746882 0.0944187 0.123829 0.172386 0.267865 0.542085
2.72271363311 0.0270662 0.0256397 0.0251886385444 0.0321291 0.0383003 0.0459917 0.0558486 0.0689412 0.0871851 0.114379 0.159274 0.247552 0.501086
2.74016692563 0.0248244 0.023681 0.0232636600956 0.0294898 0.0351761 0.0422627 0.051344 0.063406 0.080213 0.105264 0.146621 0.22794 0.461485
2.75762021815 0.0226806 0.0217825 0.0213973633259 0.0269625 0.032181 0.0386844 0.0470178 0.0580859 0.0735075 0.0964929 0.134438 0.209047 0.423319
2.77507351067 0.0206346 0.0199471 0.0195927341153 0.0245476 0.0293161 0.0352583 0.0428722 0.0529843 0.0670731 0.0880713 0.122735 0.19089 0.386625
2.79252680319 0.0186867 0.0181778 0.0178527380315 0.0222455 0.0265822 0.0319858 0.0389094 0.048104 0.0609141 0.0800058 0.111522 0.173486 0.351437
2.80998009571 0.0168366 0.0164772 0.0161801984574 0.0200565 0.0239799 0.0288683 0.0351312 0.0434481 0.0550348 0.0723025 0.100807 0.156848 0.317787
2.82743338823 0.0150844 0.014848 0.0145778778397 0.0179809 0.02151 0.0259068 0.0315395 0.0390192 0.049439 0.0649671 0.0905987 0.140991 0.285707
2.84488668075 0.01343 0.0132929 0.0130483964403 0.0160189 0.0191731 0.0231025 0.0281361 0.0348198 0.0441304 0.0580049 0.0809062 0.12593 0.255225
2.86233997327 0.0118732 0.0118143 0.0115942729606 0.0141708 0.0169697 0.0204563 0.0249225 0.0308524 0.0391124 0.0514209 0.0717366 0.111676 0.226368
2.87979326579 0.0104139 0.0104146 0.0102179042292 0.0124365 0.0149003 0.0179693 0.0219001 0.027119 0.0343882 0.0452197 0.0630969 0.0982415 0.199163
2.89724655831 0.00905185 0.0090959 0.00892148395384 0.0108163 0.0129654 0.0156421 0.0190703 0.0236216 0.0299605 0.0394055 0.0549936 0.0856373 0.173632
2.91469985083 0.00778695 0.00786038 0.00770712459366 0.00931015 0.0111652 0.0134755 0.0164342 0.0203619 0.025832 0.0339821 0.0474326 0.0738732 0.149797
2.93215314335 0.00661888 0.00670993 0.0065767354868 0.00791799 0.00949999 0.01147 0.0139928 0.0173415 0.022005 0.028953 0.0404191 0.0629582 0.127678
2.94960643587 0.00554737 0.00564634 0.00553208378663 0.00663976 0.00796988 0.00962612 0.0117469 0.0145617 0.0184816 0.0243212 0.0339579 0.0529003 0.107291
2.96705972839 0.00457208 0.00467121 0.00457471321335 0.0054753 0.00657497 0.00794412 0.00969711 0.0120237 0.0152633 0.0200893 0.028053 0.0437062 0.0886515
2.98451302091 0.00369263 0.00378597 0.00370602530239 0.0044244 0.00531523 0.00642424 0.00784402 0.00972821 0.0123517 0.0162596 0.0227079 0.0353821 0.0717728
3.00196631343 0.00290862 0.00299186 0.00292721846809 0.00348678 0.00419052 0.00506654 0.00618792 0.00767597 0.00974772 0.0128336 0.0179252 0.0279326 0.0566653
3.01941960595 0.00221955 0.00228994 0.00223922706743 0.00266206 0.00320063 0.00387095 0.00472893 0.00586735 0.0074522 0.00981267 0.0137072 0.0213614 0.0433372
3.03687289847 0.0016249 0.00168106 0.0016428635847 0.00194982 0.0023452 0.00283725 0.00346699 0.00430248 0.00546549 0.00719757 0.0100552 0.0156711 0.0317945
3.05432619099 0.00112408 0.00116584 0.00113861551049 0.00134951 0.00162379 0.00196508 0.00240182 0.00298119 0.00378761 0.00498851 0.00696965 0.0108629 0.0220402
3.07177948351 0.00071641 0.000744708 0.000726807838524 0.000860505 0.0010358 0.00125388 0.00153292 0.00190304 0.00241816 0.0031852 0.0044505 0.00693692 0.014075
3.08923277603 0.000401126 0.000417817 0.000407460880912 0.000482047 0.00058047 0.0007029 0.000859524 0.00106725 0.00135631 0.00178671 0.00249663 0.0038916 0.00789616
3.10668606855 0.000177355 0.000185069 0.00018033089236 0.000213245 0.000256888 0.000311166 0.000380593 0.000472655 0.000600752 0.000791458 0.00110599 0.001724 0.00349806
3.12413936107 4.40697e-05 4.60614e-05 4.48288217434e-05 5.30182e-05 6.3897e-05 7.74235e-05 9.47215e-05 0.000117655 0.000149561 0.000197055 0.000275379 0.000429262 0.000870973
3.14159265359 0.0 0.0 0.0 0.0 0.0 0.0 0.0 0.0 0.0 0.0 0.0 0.0 0.0
