alpha phi_iso phi_ray phi_vec g0=0.1 g0=0.2 g0=0.3 g0=0.4 g0=0.5 g0=0.6 g0=0.7 g0=0.8 g0=0.9 g0=1.0
0.0 1.0 1.0 1.0 1.0 1.0 1.0 1.0 1.0 1.0 1.0 1.0 1.0 1.0
0.0174532925199 0.999752 0.999658 0.999628392278 0.999762 0.999773 0.999785 0.999798 0.999813 0.99983 0.999848 0.99987 0.999895 0.999926
0.0349065850399 0.999043 0.998674 0.998553462664 0.999081 0.999123 0.999168 0.999219 0.999275 0.999339 0.999411 0.999494 0.999592 0.999708
0.0523598775598 0.997922 0.997109 0.996833743566 0.998003 0.998092 0.99819 0.998299 0.99842 0.998556 0.998712 0.998892 0.999103 0.999354
0.0698131700798 0.996428 0.995014 0.994516023778 0.996565 0.996716 0.996882 0.997066 0.997272 0.997505 0.997771 0.998078 0.998438 0.998867
0.0872664625997 0.994585 0.992422 0.99163295685 0.99479 0.995015 0.995264 0.99554 0.995849 0.996199 0.996599 0.997062 0.997604 0.998252
0.10471975512 0.992412 0.989355 0.988208054112 0.992696 0.993007 0.993351 0.993734 0.994164 0.99465 0.995207 0.995851 0.996608 0.997512
0.12217304764 0.989922 0.985834 0.984260682512 0.990294 0.990703 0.991156 0.99166 0.992226 0.992867 0.993601 0.994452 0.995453 0.99665
0.13962634016 0.987126 0.981874 0.979808745571 0.987597 0.988114 0.988687 0.989325 0.990043 0.990857 0.991789 0.992871 0.994144 0.995668
0.157079632679 0.984036 0.977491 0.974869693553 0.984614 0.98525 0.985954 0.98674 0.987624 0.988627 0.989778 0.991113 0.992686 0.994569
0.174532925199 0.980663 0.972701 0.969460820014 0.981356 0.98212 0.982967 0.983912 0.984977 0.986185 0.987572 0.989184 0.991082 0.993357
0.191986217719 0.977015 0.96752 0.963599305197 0.977832 0.978733 0.979733 0.98085 0.982108 0.983538 0.985179 0.987087 0.989337 0.992034
0.209439510239 0.973102 0.961962 0.957302211208 0.974051 0.975098 0.976261 0.977561 0.979025 0.98069 0.982603 0.984828 0.987452 0.9906
0.226892802759 0.968933 0.956042 0.950586491663 0.970022 0.971224 0.972558 0.974051 0.975734 0.977649 0.97985 0.982411 0.985432 0.989059
0.244346095279 0.964518 0.949774 0.94346900374 0.965753 0.967117 0.968633 0.970329 0.972242 0.97442 0.976924 0.979839 0.98328 0.987412
0.261799387799 0.959864 0.943174 0.935966517825 0.961252 0.962786 0.964491 0.9664 0.968555 0.971008 0.97383 0.977117 0.980998 0.98566
0.279252680319 0.95498 0.936254 0.928095729563 0.956528 0.958238 0.960141 0.962272 0.964678 0.967419 0.970573 0.974248 0.97859 0.983806
0.296705972839 0.949873 0.929028 0.919873271918 0.951586 0.953481 0.955588 0.95795 0.960618 0.963658 0.967158 0.971236 0.976056 0.98185
0.314159265359 0.94455 0.921511 0.911315717579 0.946435 0.948519 0.95084 0.953441 0.956379 0.959728 0.963586 0.968084 0.973401 0.979793
0.331612557879 0.93902 0.913715 0.902439578961 0.941081 0.943362 0.945901 0.948749 0.951967 0.955636 0.959864 0.964794 0.970624 0.977636
0.349065850399 0.933288 0.905654 0.893261300977 0.935531 0.938014 0.940779 0.94388 0.947386 0.951385 0.955994 0.96137 0.96773 0.97538
0.366519142919 0.927363 0.897341 0.883797265851 0.929792 0.932482 0.935478 0.93884 0.942642 0.94698 0.951981 0.957815 0.964719 0.973025
0.383972435439 0.92125 0.88879 0.874063764196 0.92387 0.926772 0.930006 0.933635 0.93774 0.942425 0.947827 0.954131 0.961592 0.970572
0.401425727959 0.914957 0.880012 0.864077007063 0.917772 0.92089 0.924366 0.928268 0.932683 0.937723 0.943536 0.950321 0.958353 0.968022
0.418879020479 0.908489 0.871022 0.853853089777 0.911503 0.914842 0.918565 0.922746 0.927477 0.932878 0.93911 0.946386 0.955001 0.965373
0.436332312999 0.901853 0.86183 0.843407999174 0.905069 0.908633 0.912608 0.917072 0.922124 0.927895 0.934554 0.94233 0.951538 0.962628
0.453785605519 0.895056 0.852451 0.832757582255 0.898477 0.902269 0.906499 0.911251 0.916631 0.922776 0.929869 0.938153 0.947966 0.959785
0.471238898038 0.888102 0.842896 0.821917543777 0.891731 0.895755 0.900244 0.905288 0.911 0.917526 0.925059 0.933859 0.944285 0.956844
0.488692190558 0.880999 0.833177 0.810903417322 0.884838 0.889097 0.893849 0.899188 0.905236 0.912147 0.920126 0.92945 0.940496 0.953806
0.506145483078 0.873751 0.823306 0.799730562884 0.877804 0.882299 0.887316 0.892955 0.899343 0.906643 0.915074 0.924926 0.936601 0.95067
0.523598775598 0.866365 0.813296 0.78841413794 0.870633 0.875367 0.880652 0.886592 0.893323 0.901017 0.909904 0.92029 0.9326 0.947436
0.541052068118 0.858846 0.803157 0.776969092629 0.86333 0.868305 0.87386 0.880105 0.887182 0.895272 0.904618 0.915543 0.928494 0.944104
0.558505360638 0.8512 0.792901 0.765410143228 0.855901 0.861119 0.866945 0.873497 0.880922 0.889412 0.89922 0.910687 0.924283 0.940672
0.575958653158 0.843432 0.78254 0.753751767334 0.848352 0.853813 0.859912 0.866772 0.874546 0.883438 0.893712 0.905724 0.919968 0.937141
0.593411945678 0.835547 0.772084 0.74200817252 0.840686 0.846392 0.852765 0.859933 0.86806 0.877354 0.888095 0.900655 0.91555 0.93351
0.610865238198 0.82755 0.761545 0.730193301159 0.83291 0.83886 0.845508 0.852986 0.861465 0.871163 0.882372 0.895481 0.911029 0.929778
0.628318530718 0.819447 0.750932 0.718320801489 0.825027 0.831223 0.838145 0.845934 0.854765 0.864868 0.876545 0.890204 0.906406 0.925945
0.645771823238 0.811242 0.740256 0.706404017972 0.817042 0.823484 0.830681 0.838779 0.847963 0.85847 0.870617 0.884825 0.90168 0.922011
0.663225115758 0.802941 0.729528 0.694455972008 0.808961 0.815647 0.823119 0.831526 0.841062 0.851974 0.864588 0.879346 0.896854 0.917974
0.680678408278 0.794549 0.718756 0.682489366754 0.800788 0.807718 0.815463 0.824179 0.834066 0.84538 0.858462 0.873767 0.891926 0.913834
0.698131700798 0.786069 0.707952 0.670516546138 0.792526 0.799699 0.807717 0.816741 0.826977 0.838693 0.852239 0.86809 0.886898 0.90959
0.715584993318 0.777508 0.697124 0.65854951415 0.784182 0.791597 0.799885 0.809215 0.819799 0.831913 0.845922 0.862316 0.881769 0.905242
0.733038285838 0.768869 0.686281 0.646599896264 0.775758 0.783413 0.791971 0.801604 0.812534 0.825045 0.839513 0.856446 0.876541 0.900788
0.750491578358 0.760157 0.675432 0.634678953904 0.76726 0.775154 0.783978 0.793913 0.805185 0.818089 0.833014 0.850481 0.871212 0.896229
0.767944870878 0.751377 0.664587 0.622797553103 0.758692 0.766821 0.77591 0.786144 0.797756 0.81105 0.826426 0.844423 0.865785 0.891564
0.785398163397 0.742533 0.653752 0.610966171737 0.750058 0.75842 0.767771 0.7783 0.790248 0.803927 0.819751 0.838273 0.860258 0.886792
0.802851455917 0.733629 0.642936 0.599194885054 0.741361 0.749954 0.759564 0.770385 0.782665 0.796726 0.812991 0.832031 0.854633 0.881912
0.820304748437 0.72467 0.632148 0.587493356037 0.732606 0.741428 0.751293 0.762401 0.775009 0.789446 0.806147 0.825699 0.848909 0.876924
0.837758040957 0.71566 0.621394 0.575870837811 0.723798 0.732843 0.74296 0.754353 0.767284 0.782091 0.799222 0.819278 0.843088 0.871828
0.855211333477 0.706603 0.610681 0.564336156768 0.714939 0.724206 0.73457 0.746242 0.759491 0.774663 0.792217 0.812769 0.837169 0.866622
0.872664625997 0.697503 0.600017 0.55289772462 0.706034 0.715518 0.726125 0.738072 0.751633 0.767164 0.785134 0.806173 0.831153 0.861308
0.890117918517 0.688364 0.589408 0.541563511881 0.697087 0.706783 0.71763 0.729846 0.743714 0.759597 0.777974 0.799492 0.82504 0.855883
0.907571211037 0.67919 0.578861 0.530341071976 0.688101 0.698006 0.709087 0.721567 0.735735 0.751963 0.77074 0.792726 0.818832 0.850348
0.925024503557 0.669986 0.56838 0.519237512306 0.679079 0.689189 0.700499 0.713238 0.7277 0.744264 0.763432 0.785877 0.812527 0.844703
0.942477796077 0.660754 0.557974 0.508259513542 0.670027 0.680336 0.69187 0.704861 0.71961 0.736504 0.756053 0.778945 0.806128 0.838947
0.959931088597 0.6515 0.547645 0.497413324798 0.660947 0.671451 0.683202 0.696439 0.711468 0.728683 0.748604 0.771933 0.799634 0.833081
0.977384381117 0.642225 0.537401 0.486704753989 0.651843 0.662536 0.674499 0.687976 0.703277 0.720804 0.741087 0.76484 0.793047 0.827104
0.994837673637 0.632935 0.527245 0.476139182297 0.642717 0.653595 0.665764 0.679474 0.695039 0.71287 0.733505 0.75767 0.786367 0.821016
1.01229096616 0.623632 0.517182 0.465721561758 0.633575 0.644631 0.657 0.670935 0.686757 0.704882 0.725857 0.750422 0.779594 0.814817
1.02974425868 0.614321 0.507216 0.455456415266 0.624419 0.635647 0.64821 0.662363 0.678433 0.696842 0.718147 0.743099 0.77273 0.808508
1.0471975512 0.605004 0.497352 0.445347841391 0.615252 0.626647 0.639397 0.65376 0.67007 0.688753 0.710377 0.735701 0.765775 0.802089
1.06465084372 0.595686 0.487593 0.435399528847 0.606078 0.617633 0.630563 0.64513 0.661669 0.680617 0.702547 0.72823 0.758731 0.79556
1.08210413624 0.586369 0.477942 0.425614744434 0.596899 0.608609 0.621712 0.636473 0.653234 0.672436 0.69466 0.720687 0.751597 0.788921
1.09955742876 0.577057 0.468403 0.41599635233 0.58772 0.599578 0.612846 0.627794 0.644767 0.664212 0.686717 0.713074 0.744377 0.782174
1.11701072128 0.567753 0.458978 0.406546818911 0.578543 0.590542 0.603968 0.619094 0.63627 0.655947 0.678721 0.705393 0.737069 0.775319
1.1344640138 0.55846 0.44967 0.39726821757 0.569371 0.581505 0.595081 0.610377 0.627746 0.647644 0.670673 0.697645 0.729677 0.768356
1.15191730632 0.549182 0.440482 0.388162235954 0.560208 0.572469 0.586188 0.601645 0.619197 0.639304 0.662575 0.689831 0.7222 0.761286
1.16937059884 0.539921 0.431415 0.379230188016 0.551055 0.563437 0.577292 0.592901 0.610625 0.63093 0.65443 0.681954 0.714641 0.754111
1.18682389136 0.530681 0.422471 0.370473023661 0.541917 0.554413 0.568394 0.584146 0.602033 0.622523 0.646239 0.674014 0.707 0.74683
1.20427718388 0.521464 0.413651 0.361891338387 0.532797 0.545398 0.559499 0.575385 0.593423 0.614087 0.638004 0.666014 0.69928 0.739447
1.2217304764 0.512274 0.404958 0.353485373285 0.523696 0.536397 0.550607 0.566618 0.584797 0.605624 0.629727 0.657956 0.691481 0.731961
1.23918376892 0.503114 0.396391 0.345255048796 0.514618 0.52741 0.541723 0.557849 0.576159 0.597135 0.621411 0.649842 0.683605 0.724373
1.25663706144 0.493985 0.387953 0.337199955062 0.505565 0.518442 0.532849 0.54908 0.56751 0.588622 0.613056 0.641672 0.675655 0.716687
1.27409035396 0.484892 0.379643 0.32931937604 0.496541 0.509494 0.523986 0.540314 0.558852 0.580089 0.604667 0.63345 0.667631 0.708902
1.29154364648 0.475836 0.371462 0.321612289496 0.487547 0.500569 0.515139 0.531552 0.550189 0.571537 0.596243 0.625177 0.659536 0.701021
1.308996939 0.466821 0.36341 0.314077400767 0.478587 0.49167 0.506308 0.522799 0.541521 0.562969 0.587789 0.616855 0.651371 0.693045
1.32645023152 0.457849 0.355487 0.306713133106 0.469663 0.4828 0.497497 0.514055 0.532853 0.554386 0.579306 0.608487 0.643139 0.684977
1.34390352404 0.448922 0.347693 0.299517654213 0.460778 0.473961 0.488709 0.505323 0.524186 0.545792 0.570795 0.600075 0.634842 0.676818
1.36135681656 0.440043 0.340027 0.292488888282 0.451934 0.465154 0.479945 0.496606 0.515522 0.537188 0.562261 0.59162 0.626482 0.66857
1.37881010908 0.431215 0.33249 0.28562453047 0.443133 0.456384 0.471208 0.487906 0.506864 0.528577 0.553704 0.583125 0.61806 0.660236
1.3962634016 0.422439 0.32508 0.278922056539 0.434378 0.447651 0.4625 0.479226 0.498214 0.519962 0.545127 0.574593 0.60958 0.651818
1.41371669412 0.413719 0.317796 0.272378737325 0.425671 0.438959 0.453824 0.470567 0.489574 0.511344 0.536533 0.566026 0.601044 0.643317
1.43116998664 0.405056 0.310637 0.265991662843 0.417015 0.43031 0.445182 0.461933 0.480948 0.502725 0.527923 0.557426 0.592454 0.634738
1.44862327916 0.396453 0.303603 0.259757744698 0.408412 0.421706 0.436576 0.453325 0.472336 0.49411 0.519301 0.548796 0.583813 0.626082
1.46607657168 0.387912 0.296692 0.253673737789 0.399864 0.413149 0.428009 0.444746 0.463743 0.485499 0.510669 0.540138 0.575123 0.617353
1.4835298642 0.379436 0.289903 0.247736254766 0.391373 0.404642 0.419483 0.436197 0.455169 0.476895 0.502029 0.531455 0.566388 0.608552
1.50098315672 0.371025 0.283233 0.241941775682 0.382941 0.396186 0.411 0.427683 0.446617 0.4683 0.493384 0.52275 0.557609 0.599683
1.51843644924 0.362683 0.276682 0.236286669685 0.374571 0.387784 0.402562 0.419203 0.438091 0.459718 0.484737 0.514024 0.54879 0.590749
1.53588974176 0.354411 0.270247 0.230767202255 0.366264 0.379438 0.394171 0.410762 0.429591 0.45115 0.476089 0.505282 0.539934 0.581754
1.55334303427 0.346211 0.263928 0.22537955931 0.358023 0.37115 0.385831 0.402361 0.42112 0.442599 0.467444 0.496525 0.531043 0.572699
1.57079632679 0.338085 0.257721 0.220119852031 0.349849 0.362922 0.377541 0.394002 0.412681 0.434067 0.458804 0.487757 0.522121 0.563589
1.58824961931 0.330035 0.251626 0.214984131324 0.341744 0.354756 0.369306 0.385687 0.404276 0.425557 0.450171 0.47898 0.51317 0.554427
1.60570291183 0.322062 0.245639 0.209968411933 0.33371 0.346654 0.361126 0.377419 0.395907 0.417072 0.441549 0.470196 0.504194 0.545216
1.62315620435 0.314169 0.23976 0.205068672437 0.32575 0.338617 0.353004 0.3692 0.387577 0.408613 0.432941 0.461411 0.495196 0.535961
1.64060949687 0.306357 0.233985 0.20028087936 0.317864 0.330649 0.344942 0.361033 0.379288 0.400183 0.424348 0.452625 0.48618 0.526664
1.65806278939 0.298628 0.228314 0.195600996817 0.310055 0.32275 0.336942 0.352918 0.371042 0.391786 0.415773 0.443842 0.477148 0.51733
1.67551608191 0.290983 0.222743 0.191024996153 0.302324 0.314923 0.329006 0.344858 0.362841 0.383423 0.407221 0.435066 0.468105 0.507962
1.69296937443 0.283424 0.21727 0.186548872825 0.294672 0.307168 0.321136 0.336856 0.354688 0.375096 0.398692 0.426299 0.459052 0.498563
1.71042266695 0.275953 0.211894 0.182168656041 0.287103 0.299489 0.313333 0.328913 0.346585 0.366809 0.39019 0.417544 0.449995 0.489139
1.72787595947 0.268569 0.206612 0.177880420818 0.279616 0.291886 0.305599 0.321031 0.338534 0.358563 0.381717 0.408804 0.440937 0.479693
1.74532925199 0.261276 0.201422 0.173680300033 0.272214 0.284361 0.297937 0.313213 0.330538 0.350362 0.373277 0.400083 0.43188 0.47023
1.76278254451 0.254075 0.196322 0.169564491661 0.264897 0.276917 0.290348 0.305461 0.322599 0.342207 0.364872 0.391384 0.422829 0.460752
1.78023583703 0.246966 0.19131 0.165529275646 0.257668 0.269553 0.282834 0.297775 0.314718 0.334102 0.356506 0.382709 0.413787 0.451265
1.79768912955 0.239951 0.186383 0.161571018726 0.250528 0.262273 0.275396 0.290159 0.306899 0.326048 0.34818 0.374063 0.404759 0.441773
1.81514242207 0.233031 0.18154 0.157686184076 0.243478 0.255077 0.268036 0.282615 0.299143 0.318049 0.339898 0.365448 0.395747 0.43228
1.83259571459 0.226207 0.176778 0.15387133854 0.236519 0.247968 0.260757 0.275143 0.291452 0.310106 0.331662 0.356867 0.386756 0.42279
1.85004900711 0.219481 0.172096 0.150123167099 0.229653 0.240945 0.253559 0.267746 0.283829 0.302222 0.323475 0.348325 0.377788 0.413308
1.86750229963 0.212853 0.167491 0.146438475279 0.22288 0.234011 0.246444 0.260427 0.276276 0.2944 0.315341 0.339823 0.368849 0.403839
1.88495559215 0.206324 0.162963 0.142814198796 0.216203 0.227168 0.239414 0.253186 0.268794 0.286642 0.307261 0.331366 0.359941 0.394386
1.90240888467 0.199895 0.158508 0.139247401144 0.209621 0.220416 0.23247 0.246025 0.261386 0.27895 0.299239 0.322956 0.35107 0.384954
1.91986217719 0.193568 0.154125 0.135735297706 0.203137 0.213756 0.225614 0.238947 0.254054 0.271327 0.291278 0.314597 0.342237 0.375548
1.93731546971 0.187342 0.149813 0.132275246112 0.19675 0.207191 0.218847 0.231952 0.246801 0.263775 0.28338 0.306293 0.333448 0.366172
1.95476876223 0.181219 0.14557 0.128864751053 0.190463 0.20072 0.212171 0.225043 0.239627 0.256297 0.275548 0.298045 0.324706 0.356831
1.97222205475 0.175199 0.141395 0.125501478757 0.184276 0.194346 0.205586 0.218221 0.232535 0.248894 0.267784 0.289858 0.316015 0.347529
1.98967534727 0.169284 0.137285 0.122183249748 0.178189 0.188069 0.199095 0.211488 0.225526 0.241569 0.260093 0.281735 0.307378 0.338271
2.00712863979 0.163473 0.13324 0.118908048494 0.172205 0.18189 0.192699 0.204846 0.218603 0.234325 0.252475 0.273679 0.2988 0.329061
2.02458193231 0.157767 0.129258 0.115674025817 0.166322 0.17581 0.186398 0.198295 0.211768 0.227163 0.244934 0.265693 0.290284 0.319904
2.04203522483 0.152167 0.125338 0.112479491658 0.160543 0.169831 0.180194 0.191838 0.205022 0.220086 0.237472 0.25778 0.281835 0.310805
2.05948851735 0.146674 0.12148 0.109322927137 0.154867 0.163952 0.174088 0.185475 0.198368 0.213095 0.230093 0.249944 0.273455 0.301768
2.07694180987 0.141287 0.117681 0.106202982136 0.149296 0.158176 0.168082 0.179209 0.191806 0.206194 0.222798 0.242188 0.265149 0.292797
2.09439510239 0.136007 0.113942 0.103118465658 0.14383 0.152502 0.162176 0.17304 0.185339 0.199384 0.215591 0.234514 0.25692 0.283898
2.11184839491 0.130834 0.110261 0.100068365116 0.138469 0.146932 0.156371 0.166971 0.178968 0.192667 0.208473 0.226926 0.248773 0.275074
2.12930168743 0.125769 0.106638 0.0970518198103 0.133215 0.141467 0.150669 0.161001 0.172695 0.186046 0.201447 0.219426 0.24071 0.26633
2.14675497995 0.120812 0.103071 0.0940681402158 0.128067 0.136106 0.14507 0.155134 0.166521 0.179521 0.194516 0.212018 0.232735 0.25767
2.16420827247 0.115963 0.0995613 0.0911167959299 0.123025 0.130851 0.139575 0.149368 0.160448 0.173096 0.187682 0.204705 0.224853 0.249099
2.18166156499 0.111222 0.0961072 0.0881974132592 0.118091 0.125702 0.134185 0.143707 0.154478 0.166772 0.180947 0.19749 0.217065 0.24062
2.19911485751 0.106589 0.0927087 0.0853097728098 0.113265 0.120659 0.128901 0.13815 0.148611 0.16055 0.174314 0.190374 0.209377 0.232239
2.21656815003 0.102064 0.0893655 0.0824538070759 0.108546 0.115724 0.123723 0.132699 0.14285 0.154433 0.167785 0.183362 0.201791 0.22396
2.23402144255 0.0976476 0.0860775 0.079629588385 0.103934 0.110896 0.118653 0.127355 0.137196 0.148422 0.161362 0.176456 0.19431 0.215785
2.25147473507 0.0933392 0.0828445 0.0768373361313 0.0994314 0.106176 0.113691 0.122119 0.131649 0.142519 0.155047 0.169658 0.186938 0.207721
2.26892802759 0.0891389 0.0796665 0.0740774023096 0.0950363 0.101565 0.108836 0.116992 0.126211 0.136726 0.148842 0.162971 0.179679 0.19977
2.28638132011 0.0850464 0.0765435 0.0713502691046 0.0907495 0.0970617 0.104091 0.111974 0.120884 0.131044 0.14275 0.156397 0.172534 0.191936
2.30383461263 0.0810615 0.0734757 0.0686565392474 0.0865707 0.0926673 0.0994558 0.107067 0.115668 0.125475 0.136771 0.14994 0.165509 0.184224
2.32128790515 0.077184 0.0704633 0.065996933604 0.0825 0.0883818 0.09493 0.102271 0.110565 0.120019 0.130909 0.143601 0.158604 0.176637
2.33874119767 0.0734134 0.0675065 0.0633722863541 0.0785371 0.0842053 0.0905145 0.097586 0.105574 0.114679 0.125164 0.137383 0.151824 0.169179
2.35619449019 0.0697494 0.0646057 0.0607835232923 0.0746821 0.0801378 0.0862095 0.0930136 0.100698 0.109456 0.119539 0.131288 0.145171 0.161852
2.37364778271 0.0661917 0.0617612 0.0582316762941 0.0709346 0.0761794 0.0820153 0.088554 0.0959377 0.104351 0.114035 0.125318 0.138647 0.154662
2.39110107523 0.0627397 0.0589735 0.0557178567951 0.0672943 0.0723299 0.077932 0.0842076 0.0912929 0.0993643 0.108654 0.119475 0.132257 0.14761
2.40855436775 0.0593929 0.0562432 0.0532432533809 0.0637609 0.0685894 0.0739599 0.0799749 0.0867648 0.0944981 0.103397 0.113761 0.126001 0.140701
2.42600766027 0.0561508 0.0535707 0.0508091293753 0.0603342 0.0649577 0.0700991 0.0758564 0.082354 0.0897532 0.098266 0.108178 0.119883 0.133937
2.44346095279 0.0530128 0.0509566 0.0484168059646 0.0570137 0.0614345 0.0663495 0.0718522 0.0780612 0.0851303 0.0932618 0.102728 0.113904 0.127322
2.46091424531 0.0499782 0.0484016 0.0460676549644 0.0537988 0.0580195 0.0627112 0.0679626 0.0738869 0.0806304 0.0883859 0.0974126 0.108068 0.120858
2.47836753783 0.0470463 0.0459063 0.0437630964087 0.0506891 0.0547126 0.0591839 0.0641877 0.0698314 0.0762542 0.0836394 0.0922333 0.102376 0.114548
2.49582083035 0.0442163 0.0434714 0.0415045768517 0.047684 0.0515131 0.0557676 0.0605276 0.0658952 0.0720025 0.0790233 0.0871916 0.0968297 0.108395
2.51327412287 0.0414875 0.0410976 0.0392935717788 0.0447829 0.0484209 0.0524621 0.0569824 0.0620786 0.0678758 0.0745387 0.082289 0.0914319 0.1024
2.53072741539 0.0388589 0.0387856 0.0371315735516 0.041985 0.0454353 0.049267 0.053552 0.0583818 0.0638746 0.0701864 0.0775265 0.0861839 0.0965677
2.54818070791 0.0363297 0.036536 0.0350200793538 0.0392896 0.0425557 0.046182 0.0502362 0.0548049 0.0599995 0.0659671 0.0729056 0.0810873 0.0908987
2.56563400043 0.033899 0.0343498 0.0329605815472 0.036696 0.0397816 0.0432067 0.047035 0.0513479 0.0562506 0.0618816 0.0684271 0.0761438 0.0853955
2.58308729295 0.0315656 0.0322275 0.030954558028 0.0342034 0.0371124 0.0403406 0.043948 0.048011 0.0526284 0.0579305 0.0640921 0.0713547 0.0800599
2.60054058547 0.0293288 0.0301698 0.0290034698158 0.0318108 0.0345473 0.0375833 0.040975 0.044794 0.0491331 0.0541142 0.0599015 0.0667212 0.0748938
2.61799387799 0.0271872 0.0281776 0.0271087441777 0.0295173 0.0320856 0.0349341 0.0381154 0.0416967 0.0457645 0.0504331 0.0558559 0.0622445 0.0698987
2.63544717051 0.0251399 0.0262514 0.0252717673946 0.0273219 0.0297263 0.0323923 0.035369 0.0387189 0.0425229 0.0468875 0.051956 0.0579255 0.065076
2.65290046303 0.0231856 0.0243919 0.0234938751183 0.0252236 0.0274687 0.0299573 0.0327351 0.0358603 0.0394081 0.0434776 0.0482021 0.0537652 0.0604271
2.67035375555 0.021323 0.0225997 0.0217763475493 0.0232213 0.0253118 0.0276282 0.0302131 0.0331204 0.0364198 0.0402034 0.0445947 0.0497641 0.0559529
2.68780704807 0.019551 0.0208755 0.0201203997931 0.0213138 0.0232545 0.0254042 0.0278023 0.0304987 0.0335578 0.0370648 0.041134 0.0459227 0.0516545
2.70526034059 0.0178683 0.0192196 0.0185271625729 0.0195 0.0212958 0.0232844 0.025502 0.0279946 0.0308217 0.0340617 0.03782 0.0422416 0.0475325
2.72271363311 0.0162734 0.0176326 0.0169976942842 0.0177786 0.0194345 0.0212677 0.0233112 0.0256075 0.028211 0.0311938 0.0346527 0.0387209 0.0435875
2.74016692563 0.0147649 0.0161149 0.0155329544747 0.0161482 0.0176696 0.0193531 0.0212292 0.0233365 0.0257251 0.0284607 0.0316319 0.0353607 0.0398199
2.75762021815 0.0133414 0.0146669 0.0141338038441 0.0146076 0.0159996 0.0175395 0.0192548 0.0211809 0.0233632 0.0258619 0.0287574 0.0321609 0.03623
2.77507351067 0.0120014 0.0132889 0.0128009994224 0.0131554 0.0144234 0.0158256 0.017387 0.0191396 0.0211247 0.0233967 0.0260286 0.0291213 0.0328176
2.79252680319 0.0107434 0.011981 0.0115351801044 0.01179 0.0129396 0.0142103 0.0156247 0.0172117 0.0190086 0.0210643 0.023445 0.0262415 0.0295827
2.80998009571 0.00956583 0.0107435 0.0103368642388 0.01051 0.0115467 0.0126922 0.0139667 0.0153961 0.0170139 0.0188641 0.0210059 0.0235209 0.0265249
2.82743338823 0.00846695 0.00957629 0.00920644480598 0.00931385 0.0102433 0.0112698 0.0124115 0.0136914 0.0151394 0.0167948 0.0187103 0.0209588 0.0236435
2.84488668075 0.00744515 0.00847944 0.00814418218583 0.0081999 0.00902785 0.00994182 0.0109579 0.0120965 0.013384 0.0148554 0.0165573 0.0185543 0.0209379
2.86233997327 0.00649869 0.00745276 0.00715018969172 0.00716647 0.00789868 0.00870658 0.00960429 0.0106098 0.0117464 0.0130446 0.0145457 0.0163063 0.018407
2.87979326579 0.0056258 0.00649602 0.00622444080349 0.00621187 0.00685416 0.00756248 0.00834917 0.0092299 0.010225 0.0113611 0.0126741 0.0142136 0.0160496
2.89724655831 0.00482467 0.00560889 0.00536675470187 0.00533432 0.00589255 0.00650786 0.0071909 0.0079552 0.0088183 0.00980327 0.0109411 0.0122746 0.0138644
2.91469985083 0.00409342 0.0047909 0.00457679867938 0.00453197 0.00501206 0.00554095 0.00612773 0.00678398 0.00752468 0.00836955 0.00934511 0.0104879 0.0118497
2.93215314335 0.00343015 0.00404147 0.00385407367483 0.00380296 0.00421084 0.0046599 0.00515785 0.00571444 0.00634231 0.00705813 0.00788425 0.00885152 0.0100037
2.94960643587 0.0028329 0.00335992 0.00319791427327 0.00314534 0.00348694 0.00386282 0.00427936 0.00474468 0.0052693 0.00586707 0.0065566 0.00736355 0.00832427
2.96705972839 0.00229966 0.00274542 0.00260749111696 0.0025571 0.00283839 0.0031477 0.00349025 0.00387269 0.00430361 0.00479432 0.00536005 0.00602177 0.00680919
2.98451302091 0.00182836 0.00219701 0.00208178920703 0.00203619 0.00226312 0.00251249 0.00278846 0.00309636 0.00344307 0.00383766 0.0042923 0.00482379 0.00545593
3.00196631343 0.00141687 0.0017136 0.00161961995809 0.00158048 0.00175899 0.001955 0.00217177 0.00241345 0.00268541 0.00299472 0.00335089 0.00376702 0.00426167
3.01941960595 0.00106302 0.00129394 0.00121960673273 0.00118778 0.00132379 0.00147301 0.0016379 0.00182161 0.00202819 0.00226297 0.00253315 0.0028486 0.00322337
3.03687289847 0.000764561 0.000936624 0.000880177608698 0.000855811 0.0009552 0.00106415 0.00118445 0.00131836 0.00146883 0.00163971 0.00183621 0.00206549 0.00233772
3.05432619099 0.000519172 0.000640095 0.000599558146158 0.000582228 0.000650843 0.000725989 0.000808885 0.000901083 0.00100459 0.00112204 0.00125701 0.00141437 0.00160108
3.07177948351 0.000324452 0.000402598 0.000375761743996 0.000364589 0.000408218 0.000455951 0.000508553 0.000567002 0.000632558 0.000706885 0.000792218 0.000891639 0.00100952
3.08923277603 0.000177902 0.000222186 0.000206565530572 0.000200342 0.000224707 0.000251333 0.000280642 0.000313174 0.000349624 0.000390911 0.000438267 0.000493393 0.000558702
3.10668606855 7.68945e-05 9.66726e-05 8.94862544875e-05 8.68008e-05 9.75417e-05 0.000109264 0.000122151 0.000136437 0.000152426 0.000170516 0.000191244 0.000215349 0.000243881
3.12413936107 1.86289e-05 2.35824e-05 2.17224224192e-05 2.1086e-05 2.37458e-05 2.6644e-05 2.98255e-05 3.33472e-05 3.7283e-05 4.17302e-05 4.68197e-05 5.27318e-05 5.97222e-05
3.14159265359 0.0 0.0 0.0 0.0 0.0 0.0 0.0 0.0 0.0 0.0 0.0 0.0 0.0
