alpha phi_iso phi_ray phi_vec g0=0.1 g0=0.2 g0=0.3 g0=0.4 g0=0.5 g0=0.6 g0=0.7 g0=0.8 g0=0.9 g0=1.0
0.0 1.0 1.0 1.0 1.0 1.0 1.0 1.0 1.0 1.0 1.0 1.0 1.0 1.0
0.0174532925199 0.9997 0.999572 0.999555263875 0.999714 0.99973 0.999749 0.999771 0.999797 0.99983 0.999872 0.999928 1.00001 1.00012
0.0349065850399 0.998855 0.998349 0.998279116936 0.998909 0.998971 0.999043 0.999129 0.999233 0.999361 0.999524 0.999741 1.00004 1.00049
0.0523598775598 0.997544 0.996423 0.996257548905 0.997661 0.997795 0.997952 0.998139 0.998366 0.998646 0.999004 0.999477 1.00013 1.00112
0.0698131700798 0.995828 0.993866 0.99355894927 0.996028 0.99626 0.996531 0.996854 0.997245 0.997729 0.998348 0.999167 1.00031 1.00201
0.0872664625997 0.993747 0.990724 0.990229774916 0.994051 0.994402 0.994814 0.995304 0.995899 0.996637 0.99758 0.998829 1.00057 1.00316
0.10471975512 0.991327 0.987033 0.986302043351 0.991753 0.992246 0.992824 0.993513 0.994349 0.995388 0.996715 0.998476 1.00093 1.00459
0.12217304764 0.988588 0.982815 0.981800991711 0.989153 0.989809 0.990578 0.991495 0.992609 0.993994 0.995766 0.998116 1.00139 1.00628
0.13962634016 0.985545 0.978094 0.976749320707 0.986267 0.987105 0.988089 0.989264 0.990691 0.992467 0.994739 0.997755 1.00196 1.00824
0.157079632679 0.982212 0.972891 0.971168764006 0.983108 0.984148 0.985371 0.98683 0.988606 0.990815 0.993643 0.997398 1.00264 1.01046
0.174532925199 0.978603 0.967225 0.96508060767 0.97969 0.980951 0.982435 0.984206 0.986363 0.989047 0.992485 0.997052 1.00342 1.01295
0.191986217719 0.974731 0.961118 0.958505773046 0.976024 0.977525 0.979291 0.981401 0.983971 0.987171 0.99127 0.996718 1.00432 1.01569
0.209439510239 0.970608 0.954587 0.951464827819 0.972121 0.97388 0.97595 0.978424 0.981438 0.985192 0.990004 0.9964 1.00533 1.01868
0.226892802759 0.966244 0.947653 0.943978035746 0.967993 0.970026 0.97242 0.975283 0.978771 0.983118 0.98869 0.996099 1.00644 1.02192
0.244346095279 0.96165 0.940332 0.936065384284 0.963649 0.965973 0.96871 0.971986 0.975977 0.980953 0.987333 0.995818 1.00767 1.02539
0.261799387799 0.956836 0.932644 0.927746601169 0.959098 0.961729 0.964829 0.968539 0.973062 0.978701 0.985934 0.995556 1.00899 1.0291
0.279252680319 0.951811 0.924606 0.919041204152 0.954349 0.957303 0.960784 0.964951 0.970032 0.976368 0.984498 0.995313 1.01042 1.03303
0.296705972839 0.946584 0.916235 0.909968512046 0.949411 0.952701 0.956581 0.961225 0.96689 0.973957 0.983024 0.99509 1.01195 1.03718
0.314159265359 0.941163 0.907549 0.900547694464 0.944291 0.947932 0.952226 0.957369 0.963642 0.97147 0.981515 0.994884 1.01357 1.04153
0.331612557879 0.935556 0.898565 0.890797738662 0.938996 0.943002 0.947726 0.953386 0.960292 0.968909 0.979971 0.994695 1.01527 1.04608
0.349065850399 0.929771 0.889299 0.880737510324 0.933534 0.937916 0.943087 0.949282 0.956843 0.966278 0.978392 0.994519 1.01706 1.05081
0.366519142919 0.923815 0.879767 0.870385698304 0.927911 0.932683 0.938314 0.945062 0.953298 0.963579 0.97678 0.994356 1.01893 1.05572
0.383972435439 0.917695 0.869987 0.859760853304 0.922134 0.927307 0.933412 0.940728 0.94966 0.960812 0.975132 0.994201 1.02086 1.06078
0.401425727959 0.911418 0.859973 0.848881371301 0.916209 0.921793 0.928385 0.936286 0.945933 0.957979 0.973449 0.994053 1.02286 1.066
0.418879020479 0.90499 0.849743 0.837765476966 0.910142 0.916147 0.923238 0.931738 0.942118 0.955081 0.97173 0.993906 1.02492 1.07136
0.436332312999 0.898417 0.839311 0.826431212613 0.903938 0.910375 0.917975 0.927088 0.938217 0.952117 0.969973 0.993758 1.02702 1.07684
0.453785605519 0.891706 0.828693 0.814896438197 0.897604 0.90448 0.9126 0.922339 0.934233 0.94909 0.968177 0.993605 1.02917 1.08244
0.471238898038 0.884862 0.817904 0.803178809215 0.891143 0.898467 0.907118 0.917493 0.930167 0.945999 0.966341 0.993442 1.03135 1.08813
0.488692190558 0.877891 0.80696 0.791295760122 0.884562 0.892341 0.901531 0.912554 0.92602 0.942844 0.964461 0.993264 1.03355 1.09391
0.506145483078 0.870799 0.795874 0.779264487758 0.877865 0.886106 0.895843 0.907523 0.921794 0.939624 0.962537 0.993068 1.03578 1.09976
0.523598775598 0.86359 0.784663 0.767101956872 0.871057 0.879767 0.890058 0.902404 0.917489 0.93634 0.960566 0.992848 1.03801 1.10567
0.541052068118 0.85627 0.773339 0.754824844859 0.864142 0.873326 0.884177 0.897198 0.913108 0.93299 0.958544 0.992599 1.04024 1.11163
0.558505360638 0.848844 0.761917 0.742449563873 0.857125 0.866787 0.878206 0.891907 0.90865 0.929575 0.956471 0.992316 1.04247 1.11761
0.575958653158 0.841317 0.750411 0.729992216607 0.850011 0.860155 0.872145 0.886532 0.904116 0.926093 0.954343 0.991994 1.04467 1.12362
0.593411945678 0.833693 0.738835 0.717468596303 0.842803 0.853433 0.865998 0.881077 0.899507 0.922544 0.952157 0.991628 1.04686 1.12962
0.610865238198 0.825977 0.7272 0.704894159118 0.835505 0.846624 0.859768 0.875542 0.894824 0.918926 0.94991 0.991211 1.049 1.13561
0.628318530718 0.818174 0.715521 0.692284029651 0.828122 0.839732 0.853456 0.86993 0.890066 0.915238 0.9476 0.990739 1.0511 1.14157
0.645771823238 0.810288 0.70381 0.679652956732 0.820657 0.832759 0.847066 0.86424 0.885234 0.911479 0.945223 0.990205 1.05315 1.14749
0.663225115758 0.802323 0.692079 0.667015324478 0.813114 0.825709 0.8406 0.858475 0.880328 0.907649 0.942776 0.989605 1.05514 1.15336
0.680678408278 0.794283 0.68034 0.654385113611 0.805496 0.818584 0.834059 0.852636 0.875349 0.903744 0.940256 0.988932 1.05705 1.15915
0.698131700798 0.786173 0.668605 0.641775912508 0.797807 0.811388 0.827446 0.846725 0.870295 0.899765 0.937659 0.988181 1.05889 1.16486
0.715584993318 0.777997 0.656884 0.629200895095 0.790051 0.804123 0.820764 0.840741 0.865168 0.89571 0.934984 0.987346 1.06063 1.17048
0.733038285838 0.769758 0.64519 0.616672793225 0.782231 0.796793 0.814013 0.834687 0.859967 0.891577 0.932225 0.986422 1.06228 1.17598
0.750491578358 0.76146 0.633531 0.60420390772 0.77435 0.789399 0.807196 0.828564 0.854693 0.887365 0.929381 0.985403 1.06381 1.18135
0.767944870878 0.753107 0.62192 0.591806097326 0.766411 0.781944 0.800314 0.822372 0.849344 0.883073 0.926448 0.984284 1.06524 1.18658
0.785398163397 0.744702 0.610364 0.579490745556 0.758418 0.774431 0.79337 0.816112 0.843921 0.878698 0.923423 0.983059 1.06653 1.19166
0.802851455917 0.73625 0.598874 0.56726878279 0.750373 0.766863 0.786366 0.809785 0.838425 0.87424 0.920302 0.981722 1.06769 1.19657
0.820304748437 0.727753 0.587459 0.5551506476 0.742279 0.759241 0.779302 0.803393 0.832854 0.869697 0.917082 0.980269 1.06871 1.2013
0.837758040957 0.719216 0.576127 0.54314630332 0.73414 0.751568 0.772181 0.796935 0.827208 0.865068 0.913761 0.978693 1.06958 1.20584
0.855211333477 0.710641 0.564886 0.531265227001 0.725959 0.743847 0.765005 0.790413 0.821488 0.860351 0.910336 0.976991 1.07029 1.21017
0.872664625997 0.702031 0.553745 0.519516398355 0.717737 0.736079 0.757774 0.783828 0.815693 0.855545 0.906802 0.975156 1.07084 1.21428
0.890117918517 0.693391 0.54271 0.507908299756 0.709479 0.728267 0.750491 0.77718 0.809823 0.850649 0.903159 0.973185 1.07121 1.21816
0.907571211037 0.684722 0.531789 0.496448905187 0.701186 0.720413 0.743156 0.770471 0.803878 0.84566 0.899402 0.971071 1.0714 1.2218
0.925024503557 0.676029 0.520988 0.485145696822 0.692861 0.712519 0.735773 0.7637 0.797858 0.840579 0.89553 0.968811 1.07139 1.22519
0.942477796077 0.667314 0.510314 0.474005637391 0.684507 0.704588 0.728341 0.756869 0.791762 0.835404 0.891539 0.9664 1.0712 1.22831
0.959931088597 0.65858 0.499772 0.463035203339 0.676127 0.69662 0.720863 0.749979 0.785591 0.830134 0.887427 0.963834 1.07079 1.23115
0.977384381117 0.64983 0.489368 0.452240340616 0.667723 0.68862 0.71334 0.74303 0.779345 0.824767 0.883191 0.961108 1.07018 1.23371
0.994837673637 0.641067 0.479106 0.44162651994 0.659297 0.680587 0.705774 0.736024 0.773024 0.819303 0.87883 0.958219 1.06935 1.23597
1.01229096616 0.632294 0.468991 0.431198692585 0.650851 0.672525 0.698165 0.72896 0.766627 0.81374 0.874342 0.955162 1.0683 1.23793
1.02974425868 0.623513 0.459028 0.420961318014 0.64239 0.664436 0.690516 0.721841 0.760156 0.808079 0.869723 0.951935 1.06702 1.23957
1.0471975512 0.614728 0.44922 0.410918369406 0.633913 0.656321 0.682829 0.714666 0.753609 0.802318 0.864973 0.948532 1.06551 1.24088
1.06465084372 0.605941 0.43957 0.401073317072 0.625425 0.648182 0.675103 0.707437 0.746987 0.796457 0.860089 0.944953 1.06375 1.24186
1.08210413624 0.597154 0.430082 0.391429167145 0.616927 0.640021 0.667341 0.700155 0.740291 0.790494 0.85507 0.941192 1.06176 1.24251
1.09955742876 0.58837 0.420757 0.381988444995 0.608422 0.631841 0.659545 0.69282 0.733521 0.78443 0.849914 0.937248 1.05951 1.2428
1.11701072128 0.579592 0.411599 0.37275320076 0.599911 0.623642 0.651716 0.685434 0.726677 0.778264 0.844621 0.933117 1.057 1.24274
1.1344640138 0.570823 0.402609 0.3637250425 0.591397 0.615427 0.643854 0.677998 0.71976 0.771996 0.839188 0.928798 1.05424 1.24231
1.15191730632 0.562063 0.393789 0.354905119617 0.582883 0.607198 0.635963 0.670512 0.71277 0.765626 0.833615 0.924287 1.05122 1.24152
1.16937059884 0.553317 0.385139 0.346294150488 0.574369 0.598957 0.628043 0.662977 0.705708 0.759154 0.827901 0.919584 1.04793 1.24035
1.18682389136 0.544586 0.376661 0.337892411412 0.565859 0.590705 0.620096 0.655396 0.698574 0.752579 0.822045 0.914686 1.04437 1.2388
1.20427718388 0.535873 0.368355 0.329699780818 0.557355 0.582444 0.612123 0.647769 0.691369 0.745902 0.816046 0.909592 1.04055 1.23687
1.2217304764 0.52718 0.360221 0.321715722686 0.548858 0.574176 0.604126 0.640097 0.684094 0.739123 0.809905 0.904301 1.03644 1.23455
1.23918376892 0.518509 0.352259 0.313939314178 0.540371 0.565903 0.596107 0.632381 0.67675 0.732242 0.803621 0.89881 1.03206 1.23183
1.25663706144 0.509862 0.344469 0.306369256689 0.531895 0.557627 0.588066 0.624624 0.669337 0.725261 0.797193 0.893121 1.02741 1.22872
1.27409035396 0.501242 0.336849 0.299003875848 0.523433 0.54935 0.580006 0.616825 0.661857 0.718179 0.790622 0.887231 1.02247 1.22521
1.29154364648 0.49265 0.329398 0.291841171252 0.514987 0.541072 0.571929 0.608987 0.654311 0.710998 0.783909 0.881141 1.01725 1.22129
1.308996939 0.484089 0.322116 0.284878783309 0.506558 0.532797 0.563835 0.60111 0.6467 0.703717 0.777053 0.874851 1.01175 1.21697
1.32645023152 0.475561 0.315 0.278114048499 0.498148 0.524526 0.555727 0.593197 0.639025 0.696339 0.770056 0.86836 1.00597 1.21225
1.34390352404 0.467067 0.308049 0.271544004896 0.48976 0.51626 0.547606 0.585249 0.631287 0.688864 0.762918 0.861669 0.999899 1.20712
1.36135681656 0.45861 0.30126 0.265165386651 0.481395 0.508002 0.539474 0.577267 0.623489 0.681294 0.75564 0.854779 0.993551 1.20158
1.37881010908 0.450192 0.294632 0.258974673714 0.473056 0.499754 0.531332 0.569254 0.61563 0.673629 0.748222 0.847691 0.986921 1.19564
1.3962634016 0.441815 0.288161 0.252968080793 0.464743 0.491516 0.523183 0.56121 0.607714 0.665872 0.740668 0.840405 0.98001 1.18928
1.41371669412 0.433479 0.281845 0.247141601554 0.456459 0.483292 0.515028 0.553137 0.599741 0.658023 0.732977 0.832924 0.972819 1.18253
1.43116998664 0.425189 0.275681 0.241490986521 0.448206 0.475082 0.506869 0.545038 0.591714 0.650085 0.725152 0.825248 0.96535 1.17536
1.44862327916 0.416944 0.269666 0.236011803862 0.439985 0.466889 0.498707 0.536913 0.583634 0.642059 0.717195 0.81738 0.957605 1.1678
1.46607657168 0.408747 0.263796 0.230699433859 0.431799 0.458714 0.490545 0.528765 0.575503 0.633947 0.709107 0.809321 0.949585 1.15984
1.4835298642 0.400599 0.258069 0.225549079964 0.423648 0.450559 0.482384 0.520597 0.567323 0.625752 0.70089 0.801074 0.941293 1.15147
1.50098315672 0.392503 0.25248 0.220555807482 0.415536 0.442426 0.474227 0.512408 0.559096 0.617475 0.692548 0.792642 0.932733 1.14272
1.51843644924 0.38446 0.247026 0.21571454909 0.407463 0.434317 0.466074 0.504203 0.550824 0.609119 0.684082 0.784027 0.923907 1.13357
1.53588974176 0.376472 0.241703 0.211020104846 0.399431 0.426234 0.457929 0.495982 0.54251 0.600686 0.675495 0.775233 0.91482 1.12404
1.55334303427 0.368539 0.236507 0.206467202967 0.391442 0.418178 0.449792 0.487748 0.534155 0.592179 0.66679 0.766262 0.905474 1.11413
1.57079632679 0.360665 0.231434 0.20205047773 0.383497 0.410151 0.441667 0.479503 0.525763 0.5836 0.65797 0.757118 0.895874 1.10384
1.58824961931 0.352849 0.226481 0.1977644971 0.375599 0.402154 0.433554 0.471248 0.517334 0.574952 0.649037 0.747805 0.886024 1.09319
1.60570291183 0.345095 0.221643 0.193603795886 0.367748 0.394191 0.425456 0.462987 0.508872 0.566238 0.639997 0.738326 0.875929 1.08216
1.62315620435 0.337403 0.216916 0.18956286469 0.359947 0.386262 0.417374 0.454722 0.50038 0.557461 0.630851 0.728686 0.865595 1.07078
1.64060949687 0.329775 0.212295 0.185636188586 0.352198 0.37837 0.409312 0.446454 0.49186 0.548624 0.621604 0.71889 0.855027 1.05906
1.65806278939 0.322212 0.207778 0.181818263703 0.344501 0.370516 0.401271 0.438187 0.483315 0.53973 0.612259 0.708941 0.84423 1.04698
1.67551608191 0.314715 0.203359 0.178103591693 0.336858 0.362701 0.393253 0.429923 0.474748 0.530782 0.60282 0.698845 0.833211 1.03458
1.69296937443 0.307287 0.199035 0.174486718417 0.329272 0.354929 0.385259 0.421663 0.466161 0.521784 0.593291 0.688606 0.821975 1.02184
1.71042266695 0.299928 0.194801 0.170962222893 0.321742 0.3472 0.377293 0.413411 0.457557 0.512739 0.583677 0.67823 0.810529 1.00879
1.72787595947 0.292639 0.190653 0.167524767027 0.314272 0.339517 0.369357 0.405168 0.44894 0.503651 0.573981 0.667721 0.79888 0.995425
1.74532925199 0.285423 0.186588 0.164169079036 0.306862 0.33188 0.361451 0.396939 0.440312 0.494523 0.564208 0.657086 0.787035 0.981761
1.76278254451 0.278279 0.1826 0.160889981082 0.299515 0.324293 0.353579 0.388724 0.431676 0.48536 0.554363 0.64633 0.775001 0.967807
1.78023583703 0.27121 0.178688 0.157682400318 0.292231 0.316757 0.345743 0.380527 0.423036 0.476164 0.544451 0.635459 0.762785 0.953573
1.79768912955 0.264217 0.174845 0.154541379941 0.285011 0.309273 0.337945 0.37235 0.414395 0.46694 0.534475 0.62448 0.750396 0.939068
1.81514242207 0.2573 0.17107 0.151462084724 0.277858 0.301843 0.330187 0.364196 0.405755 0.457691 0.524442 0.613397 0.737842 0.924303
1.83259571459 0.250461 0.167357 0.148439834164 0.270773 0.294469 0.322471 0.356067 0.397121 0.448423 0.514356 0.602218 0.72513 0.90929
1.85004900711 0.243702 0.163704 0.145470085907 0.263758 0.287154 0.314799 0.347967 0.388495 0.439138 0.504221 0.590949 0.712269 0.894039
1.86750229963 0.237022 0.160108 0.142548457855 0.256812 0.279897 0.307174 0.339898 0.379881 0.429841 0.494045 0.579596 0.699268 0.878562
1.88495559215 0.230423 0.156564 0.13967074474 0.249939 0.272703 0.299598 0.331862 0.371283 0.420537 0.483831 0.568167 0.686135 0.862871
1.90240888467 0.223907 0.153069 0.136832912597 0.243139 0.265571 0.292073 0.323863 0.362703 0.411229 0.473585 0.556668 0.672879 0.846978
1.91986217719 0.217473 0.149622 0.134031126401 0.236414 0.258504 0.2846 0.315904 0.354145 0.401922 0.463313 0.545106 0.65951 0.830896
1.93731546971 0.211124 0.146218 0.131261727953 0.229765 0.251504 0.277184 0.307986 0.345613 0.392621 0.45302 0.533489 0.646037 0.814636
1.95476876223 0.20486 0.142855 0.128521269045 0.223193 0.244572 0.269825 0.300113 0.337111 0.38333 0.442712 0.521824 0.632469 0.798213
1.97222205475 0.198682 0.13953 0.125806511454 0.2167 0.237709 0.262525 0.292288 0.328641 0.374052 0.432395 0.510118 0.618816 0.781638
1.98967534727 0.192591 0.136242 0.123114421419 0.210286 0.230919 0.255288 0.284513 0.320207 0.364794 0.422073 0.498377 0.605087 0.764925
2.00712863979 0.186587 0.132987 0.120442180693 0.203954 0.224202 0.248115 0.276791 0.311814 0.355559 0.411754 0.486611 0.591292 0.748088
2.02458193231 0.180672 0.129763 0.117787208643 0.197704 0.217559 0.241008 0.269125 0.303464 0.346351 0.401443 0.474826 0.577442 0.731139
2.04203522483 0.174846 0.126569 0.115147118048 0.191537 0.210994 0.23397 0.261519 0.295161 0.337177 0.391146 0.46303 0.563547 0.714093
2.05948851735 0.16911 0.123403 0.112519775882 0.185455 0.204506 0.227002 0.253974 0.286909 0.328039 0.380869 0.451231 0.549616 0.696964
2.07694180987 0.163465 0.120264 0.109903253577 0.179458 0.198099 0.220108 0.246493 0.278711 0.318944 0.370617 0.439437 0.535659 0.679764
2.09439510239 0.157912 0.117149 0.107295871238 0.173548 0.191772 0.213288 0.23908 0.270572 0.309895 0.360397 0.427654 0.521688 0.66251
2.11184839491 0.152451 0.114057 0.104696164481 0.167727 0.185529 0.206545 0.231737 0.262494 0.300897 0.350216 0.415892 0.507712 0.645213
2.12930168743 0.147083 0.110988 0.102102901012 0.161994 0.17937 0.199882 0.224468 0.254482 0.291956 0.340078 0.404158 0.493742 0.62789
2.14675497995 0.141808 0.107941 0.0995150751046 0.156351 0.173297 0.1933 0.217273 0.246538 0.283074 0.32999 0.392459 0.479788 0.610553
2.16420827247 0.136627 0.104915 0.0969319020693 0.150799 0.167312 0.186801 0.210158 0.238668 0.274259 0.319958 0.380805 0.465861 0.593218
2.18166156499 0.131541 0.101909 0.0943528237826 0.145339 0.161415 0.180388 0.203123 0.230873 0.265513 0.309988 0.369201 0.451971 0.575898
2.19911485751 0.12655 0.0989227 0.0917775031601 0.139972 0.155609 0.174062 0.196172 0.223158 0.256841 0.300085 0.357658 0.438128 0.558609
2.21656815003 0.121654 0.0959565 0.0892058131042 0.134699 0.149895 0.167825 0.189308 0.215526 0.248249 0.290257 0.346181 0.424344 0.541363
2.23402144255 0.116855 0.0930101 0.0866378420305 0.129521 0.144274 0.16168 0.182534 0.207981 0.239741 0.280509 0.33478 0.410627 0.524176
2.25147473507 0.112152 0.0900837 0.0840738828159 0.124438 0.138747 0.155628 0.175851 0.200527 0.23132 0.270847 0.323461 0.39699 0.507062
2.26892802759 0.107546 0.0871775 0.0815144327983 0.119452 0.133316 0.149671 0.169263 0.193166 0.222993 0.261277 0.312233 0.383442 0.490035
2.28638132011 0.103038 0.084292 0.0789601716726 0.114563 0.127983 0.143812 0.162772 0.185902 0.214764 0.251805 0.301104 0.369993 0.473109
2.30383461263 0.0986276 0.0814278 0.0764119835953 0.109772 0.122748 0.138051 0.15638 0.178739 0.206636 0.242436 0.290081 0.356654 0.456299
2.32128790515 0.0943151 0.0785857 0.0738709129759 0.10508 0.117612 0.132392 0.150091 0.17168 0.198614 0.233177 0.279171 0.343435 0.439618
2.33874119767 0.090101 0.0757666 0.0713381976332 0.100487 0.112577 0.126834 0.143906 0.164728 0.190703 0.224033 0.268383 0.330345 0.42308
2.35619449019 0.0859854 0.0729714 0.0688152245873 0.0959946 0.107645 0.121381 0.137828 0.157887 0.182907 0.215009 0.257723 0.317396 0.406698
2.37364778271 0.0819686 0.0702015 0.0663035411116 0.0916028 0.102815 0.116034 0.13186 0.151159 0.17523 0.206112 0.247199 0.304596 0.390488
2.39110107523 0.0780508 0.0674579 0.063804843681 0.0873123 0.0980895 0.110794 0.126003 0.144548 0.167676 0.197346 0.236818 0.291955 0.374461
2.40855436775 0.0742323 0.0647422 0.0613209558677 0.0831237 0.0934692 0.105664 0.12026 0.138057 0.16025 0.188717 0.226588 0.279483 0.358631
2.42600766027 0.070513 0.062056 0.0588538449196 0.0790376 0.0889552 0.100644 0.114634 0.131689 0.152955 0.180232 0.216514 0.26719 0.343011
2.44346095279 0.0668932 0.0594007 0.0564055775517 0.0750545 0.0845482 0.0957364 0.109125 0.125446 0.145795 0.171893 0.206606 0.255084 0.327614
2.46091424531 0.0633729 0.0567781 0.0539783365249 0.0711748 0.0802494 0.0909423 0.103737 0.119332 0.138775 0.163708 0.196868 0.243175 0.312453
2.47836753783 0.0599521 0.05419 0.0515744040675 0.0673989 0.0760594 0.0862632 0.0984714 0.11335 0.131897 0.15568 0.187308 0.231472 0.297539
2.49582083035 0.0566307 0.0516384 0.0491961342456 0.0637272 0.0719791 0.0817004 0.0933299 0.107502 0.125166 0.147814 0.177931 0.219983 0.282886
2.51327412287 0.0534089 0.049125 0.0468459695408 0.06016 0.0680094 0.0772551 0.0883146 0.10179 0.118585 0.140116 0.168746 0.208717 0.268504
2.53072741539 0.0502864 0.0466519 0.0445264021686 0.0566976 0.0641507 0.0729286 0.0834272 0.0962178 0.112157 0.13259 0.159757 0.197682 0.254406
2.54818070791 0.0472632 0.0442211 0.0422399796043 0.0533402 0.0604039 0.0687221 0.0786695 0.0907872 0.105886 0.12524 0.15097 0.186887 0.240602
2.56563400043 0.0443391 0.0418348 0.0399892935308 0.0500881 0.0567696 0.0646365 0.0740431 0.0855006 0.0997756 0.118071 0.142391 0.176338 0.227104
2.58308729295 0.0415139 0.0394951 0.0377769577351 0.0469414 0.0532482 0.0606729 0.0695496 0.0803604 0.0938279 0.111087 0.134027 0.166045 0.213922
2.60054058547 0.0387875 0.0372041 0.0356055970562 0.0439002 0.0498403 0.0568324 0.0651906 0.0753686 0.0880464 0.104292 0.125882 0.156014 0.201067
2.61799387799 0.0361596 0.0349639 0.0334778418588 0.0409646 0.0465464 0.0531156 0.0609673 0.0705273 0.0824337 0.0976889 0.117962 0.146251 0.188548
2.63544717051 0.0336299 0.0327768 0.0313963280338 0.0381346 0.0433667 0.0495235 0.0568812 0.0658384 0.0769928 0.0912827 0.110271 0.136765 0.176375
2.65290046303 0.031198 0.0306448 0.0293636583163 0.0354102 0.0403017 0.0460568 0.0529334 0.0613038 0.0717261 0.0850765 0.102814 0.127562 0.164557
2.67035375555 0.0288636 0.0285702 0.0273823967594 0.0327913 0.0373516 0.0427162 0.0491251 0.0569251 0.0666359 0.0790735 0.0955964 0.118647 0.153103
2.68780704807 0.0266263 0.026555 0.0254550853123 0.0302777 0.0345166 0.0395021 0.0454573 0.052704 0.0617246 0.0732768 0.0886219 0.110027 0.142021
2.70526034059 0.0244856 0.0246013 0.0235841940866 0.0278693 0.0317967 0.0364151 0.0419309 0.0486418 0.0569944 0.0676896 0.0818947 0.101708 0.131319
2.72271363311 0.0224409 0.0227112 0.0217721324081 0.0255659 0.0291921 0.0334557 0.0385467 0.04474 0.0524471 0.0623145 0.0754185 0.0936942 0.121005
2.74016692563 0.0204919 0.0208866 0.020021232239 0.023367 0.0267028 0.030624 0.0353056 0.0409997 0.0480845 0.0571541 0.069197 0.0859909 0.111085
2.75762021815 0.0186378 0.0191294 0.0183337315997 0.0212725 0.0243286 0.0279205 0.032208 0.0374219 0.0439084 0.0522107 0.0632334 0.0786029 0.101566
2.77507351067 0.016878 0.0174415 0.0167117856212 0.0192818 0.0220695 0.0253452 0.0292545 0.0340077 0.0399201 0.0474864 0.0575307 0.0715343 0.0924548
2.79252680319 0.0152119 0.0158247 0.0151574223368 0.0173945 0.0199251 0.0228981 0.0264455 0.0307579 0.0361209 0.0429832 0.0520917 0.0647891 0.0837562
2.80998009571 0.0136387 0.0142806 0.0136725592605 0.0156101 0.0178952 0.0205793 0.0237812 0.027673 0.032512 0.0387028 0.0469189 0.0583708 0.0754756
2.82743338823 0.0121577 0.0128108 0.0122589702308 0.013928 0.0159795 0.0183886 0.0212619 0.0247535 0.0290942 0.0346466 0.0420143 0.0522824 0.0676174
2.84488668075 0.0107681 0.0114167 0.0109183075147 0.0123475 0.0141774 0.0163257 0.0188874 0.0219998 0.0258683 0.0308159 0.0373799 0.0465268 0.0601857
2.86233997327 0.00946885 0.0100997 0.00965205759988 0.0108679 0.0124883 0.0143903 0.0166578 0.0194121 0.0228348 0.0272115 0.0330172 0.0411062 0.053184
2.87979326579 0.00825912 0.00886099 0.0084615577727 0.00948833 0.0109117 0.012582 0.0145728 0.0169903 0.019994 0.0238341 0.0289273 0.0360224 0.046615
2.89724655831 0.00713791 0.00770166 0.00734797401423 0.00820804 0.00944688 0.0109002 0.0126319 0.0147344 0.0173461 0.0206844 0.0251111 0.0312771 0.0404812
2.91469985083 0.00610414 0.00662264 0.00631228442233 0.00702601 0.00809291 0.00934414 0.0108347 0.0126439 0.0148908 0.0177622 0.0215692 0.0268711 0.0347842
2.93215314335 0.00515669 0.0056247 0.00535529026361 0.00594124 0.00684892 0.0079131 0.00918047 0.0107184 0.012628 0.0150677 0.0183018 0.022805 0.0295252
2.94960643587 0.00429438 0.00470845 0.00447759386953 0.0049526 0.00571388 0.00660614 0.00766843 0.00895718 0.0105569 0.0126004 0.0153086 0.0190789 0.0247046
2.96705972839 0.00351594 0.00387434 0.00367959863638 0.00405891 0.00468666 0.00542218 0.00629759 0.0073593 0.00867686 0.0103595 0.012589 0.0156924 0.0203221
2.98451302091 0.00282004 0.00312262 0.00296147586944 0.00325887 0.00376603 0.00436003 0.00506679 0.00592369 0.00698679 0.0083441 0.0101422 0.0126445 0.016377
3.00196631343 0.00220525 0.00245337 0.00232318688687 0.00255108 0.0029506 0.00341836 0.0039747 0.00464901 0.00548534 0.00655284 0.00796665 0.00993378 0.0128675
3.01941960595 0.00167007 0.00186643 0.00176444986386 0.00193405 0.00223889 0.00259564 0.0030198 0.00353373 0.00417092 0.00498401 0.00606061 0.00755823 0.00979133
3.03687289847 0.00121288 0.00136146 0.0012847453586 0.00140616 0.00162925 0.00189023 0.00220038 0.00257603 0.00304163 0.00363556 0.00442177 0.00551518 0.00714525
3.05432619099 0.000831949 0.000937854 0.000883272104499 0.000965654 0.0011199 0.00130025 0.00151449 0.00177386 0.00209522 0.00250503 0.00304734 0.00380136 0.00492523
3.07177948351 0.000525434 0.00059478 0.000558969114029 0.000610628 0.000708852 0.00082364 0.000959933 0.00112486 0.00132913 0.00158952 0.00193398 0.0024128 0.0031263
3.08923277603 0.000291326 0.000331113 0.000310449367059 0.000339006 0.000393944 0.000458108 0.000534252 0.000626349 0.000740358 0.000885632 0.00107775 0.00134471 0.00174242
3.10668606855 0.000127426 0.000145409 0.000135977706928 0.000148493 0.000172751 0.000201063 0.000234639 0.000275228 0.000325446 0.000389408 0.000473959 0.000591409 0.000766333
3.12413936107 3.12759e-05 3.58347e-05 3.34100547035e-05 3.65064e-05 4.25235e-05 4.95406e-05 5.78563e-05 6.79016e-05 8.03228e-05 9.61345e-05 0.000117026 0.000146035 0.000189224
3.14159265359 0.0 0.0 0.0 0.0 0.0 0.0 0.0 0.0 0.0 0.0 0.0 0.0 0.0
