alpha phi_iso phi_ray phi_vec g0=0.1 g0=0.2 g0=0.3 g0=0.4 g0=0.5 g0=0.6 g0=0.7 g0=0.8 g0=0.9 g0=1.0
0.0 1.0 1.0 1.0 1.0 1.0 1.0 1.0 1.0 1.0 1.0 1.0 1.0 1.0
0.0174532925199 0.99972 0.999603 0.999580563112 0.999733 0.999747 0.999763 0.999781 0.999803 0.999829 0.99986 0.999899 0.999949 1.00002
0.0349065850399 0.998927 0.998467 0.998373509684 0.998975 0.99903 0.999092 0.999163 0.999247 0.999347 0.999468 0.999619 0.999812 1.00007
0.0523598775598 0.997688 0.996671 0.996454443942 0.997792 0.997909 0.998043 0.998199 0.99838 0.998597 0.99886 0.999188 0.99961 1.00017
0.0698131700798 0.996056 0.99428 0.993883610189 0.996233 0.996434 0.996664 0.99693 0.997242 0.997614 0.998067 0.998632 0.999359 1.00033
0.0872664625997 0.994065 0.991337 0.99070234187 0.994332 0.994635 0.994982 0.995384 0.995856 0.996419 0.997106 0.997963 0.999067 1.00055
0.10471975512 0.991738 0.987871 0.986939579453 0.99211 0.992533 0.993017 0.993579 0.994239 0.995028 0.995991 0.997193 0.998743 1.00082
0.12217304764 0.989092 0.983906 0.982618552915 0.989584 0.990144 0.990785 0.991529 0.992405 0.993453 0.994731 0.99633 0.998391 1.00116
0.13962634016 0.986142 0.97946 0.977760360107 0.986768 0.98748 0.988297 0.989246 0.990364 0.991702 0.993335 0.99538 0.998016 1.00156
0.157079632679 0.9829 0.974554 0.972385338527 0.983674 0.984554 0.985565 0.98674 0.988125 0.989784 0.99181 0.994347 0.997622 1.00202
0.174532925199 0.97938 0.969207 0.966513492529 0.980314 0.981378 0.9826 0.984022 0.985698 0.987707 0.990163 0.993239 0.997211 1.00255
0.191986217719 0.975592 0.963436 0.96016455603 0.9767 0.977961 0.979412 0.9811 0.983091 0.985479 0.9884 0.99206 0.996786 1.00314
0.209439510239 0.971549 0.95726 0.95335801603 0.972842 0.974315 0.97601 0.977983 0.980312 0.983107 0.986526 0.990811 0.996349 1.00379
0.226892802759 0.967259 0.950695 0.94611310477 0.968749 0.970447 0.972402 0.974679 0.977368 0.980595 0.984545 0.989498 0.9959 1.00451
0.244346095279 0.962734 0.94376 0.938448866365 0.964432 0.966368 0.968598 0.971196 0.974266 0.977951 0.982463 0.988123 0.995441 1.00528
0.261799387799 0.957982 0.93647 0.930384133281 0.959899 0.962085 0.964605 0.967541 0.971011 0.975179 0.980284 0.986688 0.994971 1.00611
0.279252680319 0.953012 0.928843 0.921937589052 0.955158 0.957607 0.960429 0.96372 0.967611 0.972284 0.978011 0.985196 0.994492 1.007
0.296705972839 0.947834 0.920894 0.913127772194 0.950219 0.952941 0.956079 0.95974 0.964069 0.969271 0.975646 0.983648 0.994002 1.00794
0.314159265359 0.942454 0.912639 0.903973091887 0.945087 0.948093 0.951561 0.955606 0.960391 0.966143 0.973193 0.982045 0.9935 1.00892
0.331612557879 0.93688 0.904094 0.89449183189 0.939771 0.943072 0.946879 0.951323 0.956581 0.962903 0.970653 0.980386 0.992985 1.00995
0.349065850399 0.931121 0.895275 0.884702154463 0.934277 0.937882 0.942042 0.946898 0.952644 0.959555 0.96803 0.978674 0.992455 1.01101
0.366519142919 0.925183 0.886196 0.874622108203 0.928613 0.932531 0.937054 0.942334 0.948584 0.956103 0.965324 0.976909 0.991909 1.01211
0.383972435439 0.919074 0.876874 0.864269600613 0.922784 0.927024 0.93192 0.937637 0.944405 0.952548 0.962537 0.975089 0.991344 1.01324
0.401425727959 0.912799 0.867322 0.853662417696 0.916797 0.921368 0.926645 0.93281 0.94011 0.948894 0.959671 0.973215 0.990757 1.01439
0.418879020479 0.906365 0.857556 0.842818188679 0.910658 0.915567 0.921236 0.927859 0.935702 0.945142 0.956726 0.971286 0.990147 1.01556
0.436332312999 0.89978 0.84759 0.831754386017 0.904373 0.909627 0.915695 0.922786 0.931185 0.941294 0.953703 0.9693 0.989509 1.01674
0.453785605519 0.893047 0.837439 0.820488313632 0.897948 0.903552 0.910028 0.917595 0.92656 0.937353 0.950602 0.967258 0.98884 1.01793
0.471238898038 0.886175 0.827116 0.80903707948 0.891387 0.897349 0.904238 0.912291 0.921832 0.933321 0.947424 0.965158 0.988138 1.01911
0.488692190558 0.879168 0.816636 0.797417599466 0.884696 0.891021 0.898331 0.906877 0.917003 0.929197 0.94417 0.962998 0.987399 1.02029
0.506145483078 0.872032 0.806013 0.785646570015 0.877881 0.884574 0.89231 0.901355 0.912075 0.924985 0.940839 0.960776 0.986618 1.02145
0.523598775598 0.864772 0.795259 0.773740440631 0.870945 0.878011 0.886178 0.895729 0.90705 0.920685 0.93743 0.958492 0.985793 1.0226
0.541052068118 0.857394 0.784389 0.761715425658 0.863895 0.871337 0.879941 0.890002 0.90193 0.916298 0.933945 0.956143 0.984919 1.02372
0.558505360638 0.849903 0.773414 0.749587465084 0.856735 0.864556 0.8736 0.884177 0.896717 0.911825 0.930382 0.953726 0.983992 1.0248
0.575958653158 0.842303 0.762349 0.737372208868 0.849469 0.857673 0.86716 0.878257 0.891414 0.907267 0.926741 0.951241 0.983007 1.02584
0.593411945678 0.834601 0.751206 0.725085016934 0.842102 0.850691 0.860623 0.872243 0.886022 0.902625 0.923022 0.948685 0.981961 1.02684
0.610865238198 0.8268 0.739997 0.712740927822 0.834638 0.843614 0.853994 0.86614 0.880542 0.897899 0.919223 0.946055 0.98085 1.02777
0.628318530718 0.818906 0.728733 0.700354646927 0.827082 0.836445 0.847275 0.859948 0.874977 0.89309 0.915345 0.94335 0.979667 1.02865
0.645771823238 0.810922 0.717428 0.687940542578 0.819437 0.829189 0.84047 0.85367 0.869327 0.888198 0.911386 0.940566 0.978411 1.02945
0.663225115758 0.802854 0.706091 0.67551260685 0.811708 0.821849 0.83358 0.84731 0.863595 0.883224 0.907345 0.937702 0.977075 1.03018
0.680678408278 0.794706 0.694735 0.663084475154 0.803898 0.814428 0.82661 0.840868 0.857781 0.878168 0.903222 0.934755 0.975655 1.03082
0.698131700798 0.786482 0.68337 0.650669379211 0.796012 0.80693 0.819562 0.834347 0.851886 0.87303 0.899016 0.931723 0.974147 1.03138
0.715584993318 0.778186 0.672006 0.638280158804 0.788053 0.799358 0.812438 0.827749 0.845913 0.867811 0.894725 0.928602 0.972546 1.03183
0.733038285838 0.769823 0.660654 0.625929242188 0.780025 0.791715 0.805242 0.821076 0.839862 0.862511 0.890349 0.925391 0.970849 1.03217
0.750491578358 0.761396 0.649324 0.613628626487 0.771932 0.784005 0.797975 0.814329 0.833734 0.857129 0.885887 0.922087 0.969049 1.03241
0.767944870878 0.75291 0.638025 0.601389885536 0.763777 0.77623 0.790641 0.807512 0.82753 0.851667 0.881337 0.918688 0.967144 1.03252
0.785398163397 0.744368 0.626767 0.589224142445 0.755564 0.768393 0.783242 0.800625 0.821252 0.846124 0.876699 0.915191 0.965128 1.0325
0.802851455917 0.735775 0.615558 0.577142077439 0.747296 0.760499 0.775779 0.79367 0.814901 0.840501 0.871972 0.911593 0.962997 1.03235
0.820304748437 0.727133 0.604406 0.565153900419 0.738976 0.752548 0.768257 0.78665 0.808477 0.834797 0.867154 0.907893 0.960748 1.03206
0.837758040957 0.718448 0.593321 0.553269370563 0.730608 0.744545 0.760676 0.779565 0.801981 0.829012 0.862245 0.904087 0.958376 1.03163
0.855211333477 0.709721 0.582309 0.541497761049 0.722195 0.736491 0.75304 0.772418 0.795415 0.823147 0.857244 0.900174 0.955876 1.03104
0.872664625997 0.700957 0.571378 0.529847882571 0.71374 0.728391 0.74535 0.765209 0.788779 0.817203 0.85215 0.896152 0.953245 1.03029
0.890117918517 0.69216 0.560535 0.518328055905 0.705246 0.720246 0.737609 0.757942 0.782074 0.811178 0.846961 0.892017 0.95048 1.02937
0.907571211037 0.683332 0.549787 0.506946119748 0.696717 0.712058 0.729819 0.750617 0.775302 0.805073 0.841678 0.887769 0.947576 1.02828
0.925024503557 0.674477 0.53914 0.495709434636 0.688154 0.703832 0.721982 0.743236 0.768463 0.798888 0.836298 0.883405 0.94453 1.02701
0.942477796077 0.665599 0.5286 0.484624871187 0.679562 0.695569 0.714099 0.7358 0.761558 0.792624 0.830823 0.878922 0.941337 1.02556
0.959931088597 0.6567 0.518172 0.473698814018 0.670943 0.687271 0.706175 0.728312 0.754589 0.786281 0.82525 0.87432 0.937996 1.02392
0.977384381117 0.647783 0.507863 0.462937157829 0.662301 0.678942 0.698209 0.720772 0.747555 0.779858 0.819579 0.869597 0.934503 1.02209
0.994837673637 0.638853 0.497676 0.452345323079 0.653637 0.670584 0.690204 0.713183 0.740459 0.773357 0.81381 0.86475 0.930854 1.02006
1.01229096616 0.629911 0.487617 0.441928240309 0.644954 0.662198 0.682163 0.705546 0.733301 0.766777 0.807942 0.859779 0.927047 1.01782
1.02974425868 0.620962 0.477689 0.431690365816 0.636256 0.653789 0.674088 0.697862 0.726082 0.76012 0.801975 0.854682 0.923079 1.01538
1.0471975512 0.612007 0.467896 0.421635681658 0.627544 0.645357 0.66598 0.690133 0.718803 0.753384 0.795908 0.849457 0.918948 1.01273
1.06465084372 0.60305 0.458242 0.411767707411 0.618823 0.636905 0.657841 0.68236 0.711466 0.746572 0.789741 0.844104 0.91465 1.00985
1.08210413624 0.594093 0.448729 0.402089488408 0.610093 0.628436 0.649673 0.674546 0.704071 0.739683 0.783475 0.838621 0.910185 1.00676
1.09955742876 0.58514 0.439361 0.392603631016 0.601359 0.619951 0.641479 0.666691 0.696619 0.732718 0.777108 0.833008 0.905549 1.00344
1.11701072128 0.576193 0.43014 0.383312275198 0.592621 0.611454 0.633259 0.658797 0.689112 0.725677 0.770641 0.827263 0.900742 0.999902
1.1344640138 0.567255 0.421067 0.374217137629 0.583883 0.602946 0.625017 0.650867 0.681551 0.718562 0.764074 0.821387 0.89576 0.996129
1.15191730632 0.558328 0.412145 0.365319496017 0.575148 0.59443 0.616754 0.642901 0.673938 0.711373 0.757407 0.815377 0.890604 0.992123
1.16937059884 0.549416 0.403375 0.356620212618 0.566417 0.585907 0.608472 0.634901 0.666272 0.704111 0.750641 0.809235 0.885271 0.987883
1.18682389136 0.54052 0.394758 0.348119738157 0.557693 0.57738 0.600174 0.626869 0.658557 0.696777 0.743776 0.80296 0.879761 0.983405
1.20427718388 0.531644 0.386295 0.339818123587 0.548979 0.568851 0.59186 0.618806 0.650792 0.689372 0.736812 0.796551 0.874073 0.978687
1.2217304764 0.522789 0.377986 0.33171503968 0.540276 0.560323 0.583532 0.610715 0.64298 0.681897 0.72975 0.79001 0.868206 0.97373
1.23918376892 0.513958 0.369832 0.323809769198 0.531587 0.551796 0.575194 0.602596 0.635122 0.674352 0.722591 0.783335 0.862159 0.96853
1.25663706144 0.505153 0.361833 0.316101253916 0.522914 0.543274 0.566846 0.594452 0.627219 0.66674 0.715335 0.776528 0.855933 0.963087
1.27409035396 0.496378 0.353988 0.30858806719 0.51426 0.534759 0.558491 0.586284 0.619273 0.659061 0.707984 0.769589 0.849527 0.9574
1.29154364648 0.487634 0.346296 0.301268468831 0.505627 0.526252 0.55013 0.578094 0.611285 0.651317 0.700539 0.762518 0.842943 0.951469
1.308996939 0.478923 0.338757 0.294140385503 0.497016 0.517756 0.541766 0.569884 0.603258 0.643509 0.692999 0.755317 0.836178 0.945293
1.32645023152 0.470247 0.331371 0.287201442082 0.48843 0.509272 0.5334 0.561656 0.595192 0.635638 0.685368 0.747986 0.829236 0.938874
1.34390352404 0.46161 0.324134 0.280448981249 0.479871 0.500803 0.525035 0.553411 0.58709 0.627707 0.677647 0.740527 0.822117 0.93221
1.36135681656 0.453012 0.317047 0.273880067412 0.471342 0.492351 0.516672 0.545152 0.578953 0.619717 0.669836 0.732941 0.814821 0.925304
1.37881010908 0.444457 0.310106 0.267491502383 0.462843 0.483917 0.508313 0.536879 0.570783 0.611669 0.661937 0.725229 0.807349 0.918156
1.3962634016 0.435945 0.303311 0.261279856732 0.454378 0.475505 0.49996 0.528596 0.562582 0.603565 0.653953 0.717393 0.799705 0.910767
1.41371669412 0.42748 0.29666 0.255241469789 0.445948 0.467115 0.491616 0.520304 0.554351 0.595408 0.645884 0.709435 0.791888 0.903139
1.43116998664 0.419063 0.290149 0.249372473157 0.437555 0.458749 0.483281 0.512005 0.546093 0.587199 0.637734 0.701356 0.783901 0.895274
1.44862327916 0.410696 0.283776 0.24366881031 0.429202 0.450411 0.474959 0.503701 0.53781 0.57894 0.629503 0.69316 0.775747 0.887175
1.46607657168 0.402381 0.27754 0.238126244432 0.420889 0.4421 0.466651 0.495395 0.529504 0.570633 0.621194 0.684847 0.767427 0.878843
1.4835298642 0.39412 0.271437 0.232740378016 0.41262 0.433821 0.458358 0.487087 0.521176 0.562281 0.61281 0.676421 0.758945 0.870281
1.50098315672 0.385914 0.265464 0.227506680294 0.404395 0.425574 0.450084 0.47878 0.51283 0.553885 0.604353 0.667884 0.750302 0.861494
1.51843644924 0.377766 0.259619 0.222420491161 0.396217 0.417361 0.44183 0.470476 0.504467 0.545449 0.595824 0.659239 0.741502 0.852483
1.53588974176 0.369677 0.253898 0.217477036852 0.388088 0.409184 0.433598 0.462178 0.496089 0.536974 0.587228 0.650488 0.732549 0.843253
1.55334303427 0.36165 0.248299 0.212671465214 0.380009 0.401046 0.42539 0.453888 0.487699 0.528463 0.578566 0.641634 0.723445 0.833808
1.57079632679 0.353685 0.242817 0.207998837866 0.371982 0.392947 0.417208 0.445606 0.479299 0.519918 0.569842 0.632682 0.714194 0.824151
1.58824961931 0.345783 0.237451 0.203454157641 0.364009 0.384891 0.409054 0.437336 0.470891 0.511341 0.561057 0.623633 0.704799 0.814287
1.60570291183 0.337948 0.232195 0.199032392096 0.356092 0.376878 0.400929 0.429081 0.462478 0.502737 0.552216 0.614491 0.695265 0.804221
1.62315620435 0.330181 0.227048 0.194728473513 0.348231 0.36891 0.392837 0.420841 0.454062 0.494107 0.543321 0.60526 0.685596 0.793958
1.64060949687 0.322482 0.222006 0.190537330255 0.34043 0.360991 0.384779 0.41262 0.445646 0.485454 0.534375 0.595944 0.675797 0.783503
1.65806278939 0.314854 0.217065 0.186453886767 0.33269 0.35312 0.376757 0.404419 0.437232 0.476782 0.525383 0.586547 0.665871 0.772861
1.67551608191 0.307298 0.212223 0.182473094929 0.325011 0.345301 0.368773 0.396241 0.428823 0.468092 0.516346 0.577072 0.655824 0.762039
1.69296937443 0.299816 0.207474 0.178589934054 0.317397 0.337534 0.360829 0.388089 0.420421 0.459388 0.50727 0.567523 0.64566 0.751043
1.71042266695 0.292408 0.202817 0.174799426571 0.309848 0.329822 0.352927 0.379963 0.412029 0.450674 0.498156 0.557905 0.635385 0.739877
1.72787595947 0.285076 0.198247 0.171096669376 0.302365 0.322166 0.345069 0.371868 0.40365 0.441951 0.489009 0.548221 0.625003 0.728549
1.74532925199 0.277822 0.193762 0.167476814233 0.294952 0.314568 0.337258 0.363804 0.395286 0.433224 0.479833 0.538477 0.61452 0.717066
1.76278254451 0.270647 0.189358 0.163935122653 0.287608 0.307031 0.329494 0.355775 0.386941 0.424495 0.470631 0.528677 0.603942 0.705433
1.78023583703 0.263552 0.185032 0.160466930609 0.280336 0.299554 0.321781 0.347783 0.378616 0.415767 0.461407 0.518826 0.593273 0.693659
1.79768912955 0.256538 0.180781 0.157067707336 0.273136 0.292141 0.31412 0.33983 0.370315 0.407045 0.452165 0.508928 0.582521 0.681751
1.81514242207 0.249607 0.176601 0.15373302397 0.266011 0.284793 0.306512 0.331918 0.36204 0.398331 0.442909 0.498988 0.57169 0.669715
1.83259571459 0.242759 0.172489 0.150458600583 0.258962 0.277512 0.298961 0.32405 0.353795 0.389629 0.433644 0.48901 0.560787 0.65756
1.85004900711 0.235996 0.168444 0.147240286585 0.25199 0.270299 0.291468 0.316229 0.345582 0.380942 0.424372 0.479001 0.549818 0.645292
1.86750229963 0.229319 0.164461 0.14407409208 0.245096 0.263156 0.284036 0.308455 0.337403 0.372273 0.415099 0.468965 0.538789 0.632921
1.88495559215 0.222728 0.160538 0.140956180025 0.238281 0.256084 0.276665 0.300733 0.329263 0.363627 0.405829 0.458907 0.527706 0.620453
1.90240888467 0.216226 0.156672 0.137882881911 0.231548 0.249085 0.269358 0.293064 0.321163 0.355006 0.396565 0.448833 0.516577 0.607898
1.91986217719 0.209812 0.152861 0.134850709518 0.224897 0.242162 0.262117 0.285451 0.313107 0.346414 0.387313 0.438747 0.505408 0.595264
1.93731546971 0.203489 0.149103 0.131856354916 0.21833 0.235314 0.254944 0.277896 0.305097 0.337855 0.378076 0.428655 0.494205 0.582558
1.95476876223 0.197256 0.145394 0.128896690465 0.211847 0.228544 0.247841 0.270402 0.297137 0.329332 0.36886 0.418564 0.482976 0.569791
1.97222205475 0.191115 0.141734 0.12596879625 0.20545 0.221854 0.24081 0.26297 0.289229 0.320849 0.359667 0.408477 0.471726 0.556969
1.98967534727 0.185066 0.138119 0.123069936567 0.199141 0.215244 0.233852 0.255604 0.281377 0.312409 0.350504 0.3984 0.460463 0.544103
2.00712863979 0.17911 0.134549 0.120197579517 0.192919 0.208716 0.226969 0.248305 0.273582 0.304016 0.341374 0.38834 0.449194 0.531201
2.02458193231 0.173249 0.131021 0.117349412684 0.186786 0.202272 0.220164 0.241076 0.265849 0.295674 0.332281 0.378302 0.437926 0.518271
2.04203522483 0.167482 0.127533 0.114523307862 0.180744 0.195913 0.213438 0.233919 0.25818 0.287385 0.323231 0.36829 0.426666 0.505324
2.05948851735 0.16181 0.124084 0.111717364167 0.174793 0.189641 0.206793 0.226836 0.250578 0.279155 0.314228 0.358312 0.41542 0.492367
2.07694180987 0.156235 0.120674 0.108929884522 0.168934 0.183456 0.20023 0.219831 0.243045 0.270987 0.305275 0.348372 0.404198 0.479411
2.09439510239 0.150757 0.1173 0.106159379574 0.163168 0.17736 0.193752 0.212904 0.235586 0.262883 0.296379 0.338476 0.393004 0.466464
2.11184839491 0.145375 0.113961 0.103404579454 0.157496 0.171355 0.18736 0.206059 0.228202 0.254848 0.287543 0.328631 0.381847 0.453536
2.12930168743 0.140092 0.110657 0.1006644181 0.15192 0.165442 0.181057 0.199297 0.220896 0.246886 0.278772 0.318841 0.370733 0.440635
2.14675497995 0.134907 0.107388 0.0979380332548 0.146439 0.159621 0.174842 0.192621 0.213672 0.238999 0.270071 0.309112 0.359671 0.427772
2.16420827247 0.129821 0.104151 0.095224778226 0.141055 0.153895 0.168719 0.186033 0.206531 0.231192 0.261443 0.29945 0.348666 0.414954
2.18166156499 0.124835 0.100948 0.0925242022888 0.135768 0.148264 0.162689 0.179535 0.199477 0.223467 0.252893 0.289861 0.337727 0.402192
2.19911485751 0.119948 0.0977767 0.0898360624434 0.130579 0.142729 0.156753 0.173129 0.192513 0.215829 0.244426 0.280349 0.32686 0.389495
2.21656815003 0.115161 0.0946382 0.0871602998997 0.125489 0.137291 0.150913 0.166817 0.185641 0.208281 0.236046 0.270921 0.316072 0.376871
2.23402144255 0.110475 0.091532 0.0844970557543 0.120499 0.131953 0.14517 0.160602 0.178864 0.200826 0.227757 0.261583 0.305371 0.364331
2.25147473507 0.105889 0.0884584 0.0818466553129 0.115609 0.126714 0.139527 0.154484 0.172184 0.193468 0.219565 0.252339 0.294763 0.351882
2.26892802759 0.101405 0.0854175 0.0792096002522 0.11082 0.121575 0.133984 0.148467 0.165604 0.186209 0.211472 0.243196 0.284256 0.339535
2.28638132011 0.0970219 0.0824098 0.0765865686194 0.106132 0.116538 0.128542 0.142552 0.159127 0.179054 0.203483 0.234157 0.273856 0.327297
2.30383461263 0.0927402 0.0794357 0.0739784069938 0.101547 0.111603 0.123204 0.136742 0.152755 0.172006 0.195603 0.22523 0.26357 0.315179
2.32128790515 0.0885602 0.0764958 0.0713861187284 0.0970631 0.106772 0.11797 0.131036 0.146491 0.165067 0.187835 0.216419 0.253405 0.303187
2.33874119767 0.0844819 0.0735909 0.0688108561117 0.0926824 0.102045 0.112842 0.125439 0.140336 0.158241 0.180184 0.207729 0.243368 0.291333
2.35619449019 0.0805054 0.0707217 0.0662539282059 0.0884049 0.0974227 0.107821 0.119951 0.134294 0.151531 0.172653 0.199165 0.233464 0.279622
2.37364778271 0.0766307 0.0678893 0.0637167616539 0.084231 0.0929061 0.102908 0.114573 0.128366 0.14494 0.165247 0.190733 0.223702 0.268066
2.39110107523 0.0728578 0.0650946 0.0612009202755 0.080161 0.0884958 0.0981037 0.109309 0.122555 0.13847 0.157969 0.182437 0.214086 0.25667
2.40855436775 0.0691868 0.0623388 0.0587080815518 0.0761952 0.0841924 0.0934099 0.104158 0.116863 0.132126 0.150822 0.174282 0.204623 0.245444
2.42600766027 0.0656175 0.0596232 0.0562400287862 0.0723339 0.0799966 0.0888274 0.0991232 0.111292 0.125908 0.143811 0.166272 0.19532 0.234396
2.44346095279 0.0621499 0.056949 0.0537986471852 0.0685772 0.075909 0.0843571 0.0942055 0.105844 0.119821 0.136939 0.158413 0.186181 0.223533
2.46091424531 0.0587837 0.0543176 0.051385908181 0.0649252 0.07193 0.08 0.0894062 0.10052 0.113867 0.13021 0.150709 0.177214 0.212863
2.47836753783 0.0555188 0.0517304 0.0490038498347 0.0613782 0.06806 0.0757569 0.0847268 0.0953238 0.108047 0.123626 0.143164 0.168424 0.202394
2.49582083035 0.0523549 0.049189 0.0466545885942 0.057936 0.0642995 0.0716285 0.0801683 0.0902557 0.102366 0.117191 0.135783 0.159815 0.192132
2.51327412287 0.0492918 0.0466947 0.0443402957785 0.0545988 0.0606488 0.0676155 0.075732 0.085318 0.0968244 0.110909 0.128569 0.151395 0.182086
2.53072741539 0.046329 0.0442493 0.0420631740613 0.0513665 0.0571082 0.0637187 0.071419 0.080512 0.0914251 0.104781 0.121526 0.143166 0.172261
2.54818070791 0.0434663 0.0418544 0.0398254731484 0.048239 0.0536778 0.0599386 0.0672303 0.0758394 0.0861701 0.0988119 0.114659 0.135136 0.162664
2.56563400043 0.0407033 0.0395115 0.0376294584232 0.0452162 0.050358 0.0562758 0.0631668 0.0713015 0.0810615 0.0930031 0.10797 0.127308 0.153302
2.58308729295 0.0380395 0.0372223 0.0354774109463 0.0422978 0.0471487 0.0527307 0.0592295 0.0668998 0.0761012 0.0873576 0.101464 0.119688 0.14418
2.60054058547 0.0354744 0.0349886 0.0333716000203 0.0394838 0.0440501 0.0493037 0.055419 0.0626355 0.071291 0.081878 0.0951436 0.112279 0.135305
2.61799387799 0.0330075 0.0328119 0.0313142949478 0.0367737 0.0410622 0.0459952 0.0517362 0.0585098 0.0666326 0.0765665 0.0890119 0.105085 0.126683
2.63544717051 0.0306383 0.030694 0.0293077415154 0.0341673 0.0381849 0.0428054 0.0481816 0.0545236 0.0621276 0.0714254 0.0830721 0.098112 0.118318
2.65290046303 0.028366 0.0286364 0.0273541463161 0.0316642 0.0354181 0.0397344 0.0447557 0.050678 0.0577774 0.0664567 0.077327 0.0913621 0.110216
2.67035375555 0.0261901 0.0266409 0.0254556689108 0.0292638 0.0327616 0.0367824 0.0414591 0.0469737 0.0535832 0.0616623 0.0717791 0.0848394 0.102381
2.68780704807 0.0241098 0.0247089 0.0236144218281 0.0269658 0.0302151 0.0339494 0.038292 0.0434115 0.0495464 0.0570438 0.0664308 0.078547 0.0948186
2.70526034059 0.0221244 0.022842 0.0218324470485 0.0247696 0.0277783 0.0312354 0.0352546 0.039992 0.0456678 0.052603 0.0612843 0.0724882 0.0875322
2.72271363311 0.020233 0.0210417 0.0201117081655 0.0226745 0.0254509 0.0286402 0.0323472 0.0367158 0.0419485 0.0483411 0.0563418 0.0666656 0.0805258
2.74016692563 0.0184347 0.0193095 0.0184540864661 0.0206799 0.0232322 0.0261635 0.0295699 0.0335831 0.0383892 0.0442594 0.051605 0.0610818 0.073803
2.75762021815 0.0167288 0.0176466 0.0168613534958 0.018785 0.021122 0.0238052 0.0269225 0.0305942 0.0349905 0.040359 0.0470755 0.0557392 0.0673671
2.77507351067 0.0151143 0.0160545 0.0153351867356 0.0169892 0.0191195 0.0215647 0.0244049 0.0277494 0.0317529 0.0366407 0.0427547 0.0506397 0.0612208
2.79252680319 0.01359 0.0145342 0.0138771382475 0.0152914 0.017224 0.0194417 0.0220168 0.0250485 0.0286767 0.0331054 0.0386438 0.0457851 0.0553667
2.80998009571 0.0121551 0.013087 0.012488634674 0.0136909 0.0154349 0.0174356 0.019758 0.0224916 0.0257622 0.0297533 0.0347436 0.041177 0.0498071
2.82743338823 0.0108083 0.0117137 0.0111709733196 0.0121866 0.0137512 0.0155456 0.017628 0.0200783 0.0230092 0.026585 0.0310549 0.0368163 0.0445437
2.84488668075 0.00954856 0.0104155 0.00992529863395 0.0107775 0.0121721 0.0137711 0.0156261 0.0178082 0.0204176 0.0236004 0.0275782 0.0327041 0.0395779
2.86233997327 0.00837458 0.00919292 0.0087526061314 0.00946249 0.0106966 0.0121111 0.0137516 0.0156809 0.0179872 0.0207996 0.0243136 0.0288409 0.0349107
2.87979326579 0.00728512 0.00804677 0.00765372279447 0.00824038 0.00932367 0.0105648 0.0120038 0.0136955 0.0157174 0.0181822 0.021261 0.0252269 0.0305429
2.89724655831 0.00627883 0.00697756 0.00662931099301 0.00710994 0.00805207 0.0091311 0.0103817 0.0118515 0.0136075 0.0157476 0.0184203 0.021862 0.0264746
2.91469985083 0.00535431 0.00598567 0.00567986064554 0.00606981 0.00688057 0.00780879 0.00888422 0.0101477 0.0116567 0.0134953 0.0157907 0.018746 0.0227056
2.93215314335 0.0045101 0.00507136 0.00480565786448 0.00511861 0.00580785 0.00659663 0.00751014 0.00858299 0.00986395 0.0114241 0.0133715 0.0158779 0.0192354
2.94960643587 0.00374466 0.00423473 0.00400681239159 0.00425484 0.00483246 0.00549322 0.00625816 0.00715617 0.008228 0.00953304 0.0111614 0.0132567 0.0160629
2.96705972839 0.00305638 0.0034757 0.00328322624315 0.00347695 0.00395287 0.00449705 0.00512677 0.00586573 0.0067474 0.00782053 0.0091591 0.010881 0.0131865
2.98451302091 0.0024436 0.00279405 0.00263458979067 0.00278326 0.00316744 0.00360651 0.00411436 0.00471007 0.00542053 0.00628495 0.00736282 0.00874897 0.0106044
3.00196631343 0.00190455 0.00218935 0.00206037392212 0.00217203 0.00247442 0.00281983 0.00321916 0.00368736 0.0042455 0.00492434 0.0057705 0.00685831 0.00831397
3.01941960595 0.00143737 0.00166098 0.00155982220331 0.00164141 0.00187193 0.00213511 0.00243921 0.00279557 0.00322022 0.00373647 0.00437971 0.00520638 0.00631227
3.03687289847 0.00104013 0.00120813 0.00113193911979 0.00118941 0.00135797 0.00155028 0.00177238 0.00203251 0.00234233 0.00271882 0.00318772 0.00379012 0.00459572
3.05432619099 0.000710773 0.000829748 0.000775482238172 0.000813959 0.000930388 0.00106314 0.00121636 0.00139572 0.00160922 0.00186854 0.00219137 0.00260594 0.00316017
3.07177948351 0.000447123 0.000524571 0.000488930851347 0.000512819 0.00058689 0.000671289 0.000768632 0.00088251 0.00101799 0.00118245 0.00138709 0.00164977 0.00200081
3.08923277603 0.000246861 0.000291056 0.000270470301092 0.000283599 0.000324985 0.000372105 0.00042641 0.000489896 0.000565373 0.000656943 0.000770826 0.000916938 0.00111212
3.10668606855 0.000107485 0.000127358 0.000117956703932 0.000123704 0.000141958 0.000162721 0.000186631 0.000214559 0.000247739 0.000287966 0.000337965 0.000402079 0.000487683
3.12413936107 2.62479e-05 3.12603e-05 2.88424835273e-05 3.02709e-05 3.47934e-05 3.9932e-05 4.58431e-05 5.27412e-05 6.09291e-05 7.08481e-05 8.31677e-05 9.89553e-05 0.000120023
3.14159265359 0.0 0.0 0.0 0.0 0.0 0.0 0.0 0.0 0.0 0.0 0.0 0.0 0.0
