alpha phi_iso phi_ray phi_vec g0=0.1 g0=0.2 g0=0.3 g0=0.4 g0=0.5 g0=0.6 g0=0.7 g0=0.8 g0=0.9 g0=1.0
0.0 1.0 1.0 1.0 1.0 1.0 1.0 1.0 1.0 1.0 1.0 1.0 1.0 1.0
0.0174532925199 0.999637 0.999486 0.999485320683 0.999654 0.999675 0.999702 0.999737 0.999786 0.999857 0.999974 1.0002 1.00078 1.00705
0.0349065850399 0.998628 0.998025 0.998020935485 0.998695 0.998778 0.998884 0.999025 0.999219 0.999505 0.999969 1.00085 1.0032 1.02817
0.0523598775598 0.997089 0.995735 0.995726271606 0.997239 0.997426 0.997663 0.997978 0.998412 0.999053 1.00009 1.00207 1.00734 1.06331
0.0698131700798 0.995112 0.992714 0.992696143862 0.995378 0.995707 0.996128 0.996684 0.997453 0.998588 1.00043 1.00394 1.01325 1.11236
0.0872664625997 0.992755 0.989023 0.988993277495 0.993167 0.99368 0.994334 0.995199 0.996396 0.998161 1.00102 1.00648 1.02098 1.17517
0.10471975512 0.990053 0.984703 0.984658485453 0.990644 0.991378 0.992316 0.993556 0.995271 0.997801 1.00191 1.00973 1.03051 1.25157
0.12217304764 0.987031 0.979786 0.979722611111 0.987831 0.988826 0.990097 0.991776 0.9941 0.997527 1.00309 1.01369 1.04185 1.34135
0.13962634016 0.983709 0.974297 0.97421224 0.984749 0.986042 0.987693 0.989876 0.992896 0.997351 1.00458 1.01836 1.05496 1.44429
0.157079632679 0.980105 0.968263 0.96815239991 0.981414 0.983042 0.985121 0.98787 0.991672 0.997282 1.00639 1.02374 1.06984 1.56014
0.174532925199 0.976235 0.961707 0.96156728783 0.977842 0.979841 0.982394 0.985769 0.990439 0.997329 1.00851 1.02983 1.08644 1.68862
0.191986217719 0.972113 0.954652 0.954480477651 0.974047 0.976452 0.979524 0.983586 0.989205 0.997496 1.01095 1.0366 1.10473 1.82944
0.209439510239 0.967753 0.947121 0.946914816315 0.970042 0.972888 0.976522 0.981328 0.987978 0.997788 1.01371 1.04407 1.12469 1.98228
0.226892802759 0.963168 0.939137 0.938892839218 0.965838 0.969158 0.973398 0.979004 0.986762 0.998207 1.01679 1.0522 1.14626 2.14683
0.244346095279 0.95837 0.930722 0.930436354803 0.961447 0.965273 0.97016 0.976621 0.985564 0.998756 1.02017 1.06099 1.16941 2.32274
0.261799387799 0.953369 0.921897 0.921566963819 0.956878 0.961242 0.966816 0.974186 0.984385 0.999432 1.02386 1.07042 1.19409 2.50964
0.279252680319 0.948175 0.912682 0.912305643911 0.952141 0.957073 0.963373 0.971702 0.98323 1.00024 1.02785 1.08047 1.22025 2.70718
0.296705972839 0.942799 0.903099 0.902673372729 0.947244 0.952773 0.959836 0.969174 0.982098 1.00117 1.03212 1.09112 1.24784 2.91497
0.314159265359 0.937247 0.893168 0.892690504821 0.942196 0.94835 0.956211 0.966606 0.980992 1.00222 1.03668 1.10235 1.27681 3.13262
0.331612557879 0.93153 0.882909 0.882377498586 0.937002 0.943809 0.952503 0.964 0.979911 1.00339 1.0415 1.11414 1.3071 3.35971
0.349065850399 0.925654 0.872342 0.871754293174 0.931672 0.939156 0.948717 0.961358 0.978855 1.00467 1.04658 1.12646 1.33865 3.59586
0.366519142919 0.919627 0.861487 0.860840723887 0.926209 0.934396 0.944854 0.958683 0.977823 1.00606 1.05191 1.13929 1.37141 3.84062
0.383972435439 0.913456 0.850363 0.849656418324 0.920622 0.929534 0.94092 0.955975 0.976812 1.00755 1.05747 1.1526 1.40532 4.09358
0.401425727959 0.907148 0.838989 0.838220796388 0.914915 0.924575 0.936916 0.953235 0.975821 1.00914 1.06325 1.16637 1.4403 4.3543
0.418879020479 0.900709 0.827385 0.826553070281 0.909094 0.919523 0.932846 0.950463 0.974848 1.01082 1.06924 1.18057 1.47631 4.62234
0.436332312999 0.894145 0.815569 0.814672140656 0.903163 0.91438 0.928711 0.94766 0.973888 1.01259 1.07541 1.19517 1.51328 4.89726
0.453785605519 0.887462 0.803559 0.802596700465 0.897129 0.909152 0.924513 0.944825 0.97294 1.01442 1.08177 1.21014 1.55114 5.17861
0.471238898038 0.880665 0.791375 0.790345546513 0.890994 0.903841 0.920254 0.941958 0.972 1.01632 1.08829 1.22546 1.58983 5.46594
0.488692190558 0.873759 0.779034 0.777936644804 0.884763 0.89845 0.915936 0.939058 0.971063 1.01828 1.09495 1.24109 1.62928 5.75879
0.506145483078 0.866751 0.766554 0.765388065193 0.878441 0.892981 0.911558 0.936123 0.970126 1.02029 1.10175 1.25701 1.66943 6.05671
0.523598775598 0.859644 0.753952 0.752717669836 0.872031 0.887438 0.907123 0.933153 0.969184 1.02234 1.10866 1.27318 1.71021 6.35923
0.541052068118 0.852443 0.741246 0.73994269779 0.865537 0.881823 0.902631 0.930146 0.968232 1.02443 1.11567 1.28958 1.75155 6.6659
0.558505360638 0.845153 0.728454 0.727080491961 0.858962 0.876137 0.898082 0.9271 0.967267 1.02653 1.12276 1.30617 1.79338 6.97627
0.575958653158 0.837779 0.71559 0.714147668308 0.85231 0.870384 0.893477 0.924014 0.966283 1.02865 1.12991 1.32293 1.83565 7.28986
0.593411945678 0.830324 0.702672 0.701160738941 0.845584 0.864565 0.888816 0.920886 0.965276 1.03077 1.13712 1.33982 1.87827 7.60622
0.610865238198 0.822793 0.689716 0.688135904418 0.838787 0.858681 0.8841 0.917713 0.964239 1.03289 1.14435 1.35681 1.92119 7.9249
0.628318530718 0.815189 0.676737 0.67508884605 0.831922 0.852735 0.879328 0.914493 0.963169 1.03499 1.1516 1.37388 1.96433 8.24544
0.645771823238 0.807517 0.663751 0.662034829749 0.824992 0.846728 0.8745 0.911225 0.96206 1.03707 1.15885 1.39099 2.00763 8.56739
0.663225115758 0.79978 0.650772 0.648989121428 0.817999 0.840661 0.869616 0.907905 0.960906 1.03911 1.16608 1.40811 2.05103 8.8903
0.680678408278 0.791982 0.637815 0.635965948501 0.810946 0.834536 0.864676 0.904532 0.959702 1.04111 1.17328 1.42521 2.09445 9.21372
0.698131700798 0.784127 0.624893 0.622979642231 0.803837 0.828354 0.859679 0.901103 0.958444 1.04305 1.18042 1.44227 2.13784 9.53721
0.715584993318 0.776217 0.612021 0.610043910786 0.796672 0.822116 0.854626 0.897616 0.957125 1.04493 1.1875 1.45925 2.18112 9.86033
0.733038285838 0.768256 0.599211 0.597171839232 0.789455 0.815823 0.849515 0.894068 0.95574 1.04674 1.19449 1.47612 2.22424 10.1827
0.750491578358 0.760248 0.586475 0.584376304937 0.782187 0.809477 0.844346 0.890457 0.954285 1.04846 1.20138 1.49285 2.26713 10.5038
0.767944870878 0.752195 0.573828 0.57166966602 0.774872 0.803079 0.83912 0.88678 0.952752 1.0501 1.20815 1.50942 2.30972 10.8232
0.785398163397 0.744101 0.561279 0.559063657503 0.76751 0.796629 0.833834 0.883034 0.951139 1.05163 1.21479 1.5258 2.35196 11.1406
0.802851455917 0.735969 0.54884 0.546569702856 0.760105 0.790128 0.828489 0.879217 0.949438 1.05305 1.22128 1.54195 2.39379 11.4555
0.820304748437 0.727801 0.536522 0.534198498603 0.752657 0.783577 0.823084 0.875328 0.947646 1.05435 1.22761 1.55786 2.43514 11.7676
0.837758040957 0.7196 0.524335 0.521960533568 0.74517 0.776978 0.817619 0.871362 0.945756 1.05553 1.23376 1.57349 2.47596 12.0763
0.855211333477 0.71137 0.512288 0.509865465776 0.737645 0.77033 0.812092 0.867318 0.943765 1.05656 1.23971 1.58882 2.51619 12.3815
0.872664625997 0.703112 0.500392 0.497922641705 0.730084 0.763635 0.806504 0.863194 0.941667 1.05746 1.24546 1.60382 2.55577 12.6826
0.890117918517 0.69483 0.488654 0.486140888582 0.722489 0.756894 0.800854 0.858987 0.939457 1.05819 1.25098 1.61847 2.59466 12.9792
0.907571211037 0.686527 0.477084 0.474528306687 0.714861 0.750106 0.795141 0.854694 0.937131 1.05877 1.25627 1.63273 2.63278 13.2712
0.925024503557 0.678204 0.465687 0.463092788601 0.707202 0.743274 0.789364 0.850314 0.934685 1.05917 1.26131 1.6466 2.6701 13.558
0.942477796077 0.669864 0.454472 0.451841292256 0.699514 0.736397 0.783524 0.845845 0.932113 1.0594 1.26608 1.66004 2.70656 13.8393
0.959931088597 0.66151 0.443445 0.440780567886 0.691799 0.729477 0.77762 0.841284 0.929412 1.05945 1.27058 1.67303 2.74211 14.1149
0.977384381117 0.653143 0.432613 0.429916742624 0.684058 0.722514 0.771651 0.83663 0.926577 1.0593 1.27479 1.68555 2.77671 14.3843
0.994837673637 0.644768 0.42198 0.419255320508 0.676293 0.715509 0.765617 0.83188 0.923605 1.05895 1.2787 1.69758 2.8103 14.6473
1.01229096616 0.636384 0.411552 0.408801390174 0.668506 0.708463 0.759518 0.827033 0.920491 1.05839 1.2823 1.70909 2.84284 14.9035
1.02974425868 0.627996 0.401333 0.398559313312 0.660698 0.701376 0.753353 0.822087 0.917232 1.05762 1.28557 1.72007 2.87429 15.1527
1.0471975512 0.619605 0.391327 0.388533347762 0.65287 0.69425 0.747122 0.81704 0.913825 1.05663 1.28851 1.7305 2.90461 15.3946
1.06465084372 0.611213 0.381538 0.378726816714 0.645024 0.687084 0.740824 0.811891 0.910266 1.05542 1.29111 1.74035 2.93375 15.6289
1.08210413624 0.602823 0.371969 0.369142627961 0.637163 0.67988 0.734461 0.806639 0.906553 1.05398 1.29335 1.74962 2.96168 15.8554
1.09955742876 0.594435 0.362621 0.359783377748 0.629286 0.672638 0.728031 0.801282 0.902681 1.0523 1.29523 1.75828 2.98836 16.0738
1.11701072128 0.586054 0.353498 0.350650935369 0.621396 0.66536 0.721534 0.795819 0.898649 1.05038 1.29673 1.76632 3.01375 16.2838
1.1344640138 0.57768 0.3446 0.341746754722 0.613495 0.658046 0.714971 0.790249 0.894453 1.04821 1.29786 1.77372 3.03783 16.4852
1.15191730632 0.569315 0.335928 0.333071770452 0.605583 0.650698 0.708342 0.784571 0.890092 1.04579 1.2986 1.78048 3.06055 16.6779
1.16937059884 0.560962 0.327484 0.32462670951 0.597662 0.643315 0.701646 0.778785 0.885564 1.04312 1.29894 1.78656 3.0819 16.8615
1.18682389136 0.552621 0.319266 0.316411468044 0.589734 0.635899 0.694885 0.772888 0.880865 1.04019 1.29887 1.79197 3.10184 17.036
1.20427718388 0.544297 0.311276 0.308425630656 0.581799 0.62845 0.688057 0.766882 0.875995 1.03699 1.2984 1.79669 3.12034 17.2012
1.2217304764 0.535989 0.303511 0.300668574248 0.573861 0.620971 0.681165 0.760765 0.870953 1.03354 1.29752 1.80071 3.13738 17.3568
1.23918376892 0.527699 0.295972 0.293138844923 0.565919 0.613461 0.674207 0.754538 0.865735 1.02981 1.29621 1.80401 3.15294 17.5027
1.25663706144 0.519431 0.288655 0.285834988785 0.557975 0.605922 0.667185 0.748199 0.860342 1.02581 1.29448 1.8066 3.167 17.6388
1.27409035396 0.511184 0.28156 0.278754721139 0.550032 0.598355 0.660099 0.741749 0.854773 1.02154 1.29232 1.80846 3.17954 17.7649
1.29154364648 0.502962 0.274684 0.271895861141 0.542089 0.590761 0.65295 0.735189 0.849027 1.017 1.28973 1.80958 3.19054 17.881
1.308996939 0.494765 0.268023 0.265255500999 0.534149 0.583141 0.645739 0.728517 0.843103 1.01218 1.28669 1.80996 3.19998 17.9868
1.32645023152 0.486595 0.261576 0.258830525219 0.526214 0.575496 0.638465 0.721735 0.837001 1.00708 1.28322 1.8096 3.20786 18.0824
1.34390352404 0.478454 0.255339 0.252617402911 0.518284 0.567828 0.631131 0.714843 0.830721 1.0017 1.27931 1.80848 3.21416 18.1676
1.36135681656 0.470344 0.249307 0.246612499334 0.51036 0.560137 0.623738 0.707842 0.824263 0.996043 1.27496 1.8066 3.21887 18.2424
1.37881010908 0.462266 0.243478 0.240811660498 0.502446 0.552426 0.616285 0.700733 0.817628 0.990108 1.27016 1.80397 3.22199 18.3067
1.3962634016 0.454221 0.237846 0.235210628564 0.494541 0.544694 0.608775 0.693516 0.810816 0.983893 1.26491 1.80057 3.22351 18.3605
1.41371669412 0.446212 0.232408 0.229804626444 0.486647 0.536944 0.601209 0.686192 0.803828 0.9774 1.25922 1.79642 3.22342 18.4036
1.43116998664 0.438239 0.227158 0.224588877049 0.478766 0.529177 0.593588 0.678763 0.796665 0.97063 1.25309 1.7915 3.22172 18.4362
1.44862327916 0.430305 0.222091 0.219558291742 0.470899 0.521394 0.585912 0.67123 0.789329 0.963582 1.24651 1.78581 3.21841 18.4582
1.46607657168 0.422409 0.217203 0.214707678037 0.463048 0.513598 0.578185 0.663594 0.781819 0.95626 1.23949 1.77937 3.2135 18.4696
1.4835298642 0.414555 0.212487 0.210031324197 0.455213 0.505788 0.570407 0.655857 0.77414 0.948664 1.23203 1.77217 3.20699 18.4703
1.50098315672 0.406744 0.207939 0.205523726187 0.447398 0.497967 0.56258 0.648021 0.766291 0.940797 1.22414 1.76421 3.19887 18.4606
1.51843644924 0.398976 0.203553 0.20117917227 0.439602 0.490137 0.554705 0.640088 0.758276 0.932662 1.2158 1.75551 3.18917 18.4403
1.53588974176 0.391253 0.199322 0.196991535311 0.431828 0.482299 0.546785 0.632059 0.750097 0.92426 1.20704 1.74605 3.17789 18.4095
1.55334303427 0.383576 0.195241 0.192954792027 0.424077 0.474454 0.538821 0.623937 0.741756 0.915595 1.19785 1.73586 3.16503 18.3683
1.57079632679 0.375948 0.191303 0.189062919131 0.41635 0.466605 0.530815 0.615723 0.733255 0.906671 1.18824 1.72494 3.15061 18.3167
1.58824961931 0.368368 0.187504 0.18530958179 0.408648 0.458752 0.522769 0.607421 0.724599 0.897491 1.17821 1.71328 3.13465 18.2549
1.60570291183 0.360839 0.183835 0.181688445169 0.400975 0.450899 0.514685 0.599033 0.715789 0.888059 1.16777 1.70091 3.11716 18.183
1.62315620435 0.353361 0.180292 0.178193278284 0.39333 0.443045 0.506566 0.590562 0.706829 0.878379 1.15692 1.68783 3.09816 18.1009
1.64060949687 0.345936 0.176868 0.174817746301 0.385715 0.435195 0.498413 0.582009 0.697724 0.868457 1.14567 1.67406 3.07766 18.009
1.65806278939 0.338566 0.173557 0.171555410535 0.378132 0.427348 0.490229 0.573379 0.688476 0.858296 1.13403 1.65959 3.05569 17.9072
1.67551608191 0.33125 0.170352 0.168400040003 0.370583 0.419507 0.482016 0.564674 0.679089 0.847903 1.122 1.64445 3.03227 17.7957
1.69296937443 0.323991 0.167247 0.16534509217 0.363068 0.411675 0.473777 0.555897 0.669567 0.837282 1.10959 1.62864 3.00743 17.6747
1.71042266695 0.316789 0.164236 0.162384439903 0.35559 0.403852 0.465514 0.547051 0.659915 0.82644 1.09682 1.61218 2.98117 17.5443
1.72787595947 0.309647 0.161313 0.159511852215 0.348149 0.396041 0.457229 0.538141 0.650137 0.815382 1.08368 1.59508 2.95355 17.4046
1.74532925199 0.302564 0.158472 0.156721201974 0.340748 0.388244 0.448926 0.529168 0.640237 0.804115 1.07019 1.57736 2.92457 17.256
1.76278254451 0.295542 0.155706 0.154006258193 0.333388 0.380463 0.440607 0.520137 0.630221 0.792644 1.05636 1.55902 2.89428 17.0985
1.78023583703 0.288582 0.153011 0.151361309138 0.32607 0.372699 0.432274 0.511052 0.620093 0.780978 1.0422 1.5401 2.8627 16.9323
1.79768912955 0.281685 0.15038 0.148780435373 0.318796 0.364956 0.423931 0.501915 0.609859 0.769123 1.02771 1.52059 2.82986 16.7576
1.81514242207 0.274852 0.147807 0.146257821313 0.311568 0.357235 0.415581 0.492732 0.599523 0.757085 1.01291 1.50052 2.79581 16.5747
1.83259571459 0.268085 0.145287 0.143788066772 0.304386 0.349538 0.407225 0.483506 0.58909 0.744873 0.997805 1.47991 2.76056 16.3838
1.85004900711 0.261383 0.142816 0.141365667712 0.297253 0.341868 0.398868 0.47424 0.578567 0.732495 0.982413 1.45878 2.72416 16.185
1.86750229963 0.254749 0.140386 0.138985535497 0.29017 0.334226 0.390512 0.46494 0.567959 0.719957 0.966742 1.43713 2.68665 15.9787
1.88495559215 0.248184 0.137995 0.136642373789 0.283138 0.326615 0.382161 0.455609 0.557272 0.707269 0.950804 1.415 2.64806 15.765
1.90240888467 0.241687 0.135636 0.134331509351 0.27616 0.319037 0.373817 0.446251 0.546512 0.694438 0.934612 1.3924 2.60843 15.5443
1.91986217719 0.23526 0.133306 0.132048268944 0.269236 0.311494 0.365483 0.436871 0.535684 0.681473 0.918177 1.36935 2.56781 15.3167
1.93731546971 0.228905 0.130999 0.12978818703 0.262368 0.303989 0.357163 0.427474 0.524795 0.668383 0.901512 1.34587 2.52623 15.0826
1.95476876223 0.222621 0.128712 0.127547005768 0.255558 0.296523 0.34886 0.418063 0.513851 0.655176 0.884631 1.32198 2.48374 14.8422
1.97222205475 0.216411 0.126441 0.125320675019 0.248806 0.2891 0.340577 0.408644 0.502858 0.641861 0.867546 1.29771 2.44038 14.5957
1.98967534727 0.210274 0.124182 0.123105560042 0.242116 0.28172 0.332318 0.399221 0.491823 0.628448 0.850271 1.27308 2.39619 14.3435
2.00712863979 0.204212 0.121931 0.120898026097 0.235488 0.274388 0.324085 0.389798 0.480752 0.614946 0.832821 1.2481 2.35121 14.0858
2.02458193231 0.198225 0.119686 0.118694749991 0.228923 0.267104 0.315883 0.38038 0.469652 0.601364 0.815208 1.2228 2.30551 13.823
2.04203522483 0.192315 0.117442 0.116492720081 0.222424 0.259872 0.307714 0.370973 0.45853 0.587711 0.797447 1.19721 2.25911 13.5552
2.05948851735 0.186481 0.115198 0.114289132426 0.215991 0.252693 0.299582 0.36158 0.447392 0.573998 0.779552 1.17134 2.21207 13.2829
2.07694180987 0.180726 0.112951 0.11208149463 0.209626 0.24557 0.29149 0.352207 0.436245 0.560234 0.761538 1.14523 2.16443 13.0064
2.09439510239 0.17505 0.110699 0.109867522001 0.203331 0.238505 0.283442 0.342859 0.425097 0.546429 0.74342 1.11889 2.11625 12.7258
2.11184839491 0.169453 0.10844 0.107645137542 0.197107 0.231502 0.275441 0.33354 0.413953 0.532593 0.725211 1.09234 2.06757 12.4416
2.12930168743 0.163936 0.106171 0.105412575809 0.190956 0.224561 0.267491 0.324255 0.402821 0.518735 0.706927 1.06562 2.01843 12.1541
2.14675497995 0.158501 0.103892 0.103168382905 0.184878 0.217685 0.259595 0.31501 0.391709 0.504866 0.688584 1.03875 1.9689 11.8635
2.16420827247 0.153147 0.101601 0.100911312633 0.178877 0.210877 0.251757 0.305809 0.380622 0.490997 0.670196 1.01175 1.91902 11.5702
2.18166156499 0.147876 0.099297 0.098640430345 0.172952 0.204139 0.24398 0.296658 0.369568 0.477136 0.651778 0.984644 1.86883 11.2745
2.19911485751 0.142688 0.0969798 0.0963548013941 0.167105 0.197473 0.236267 0.287561 0.358555 0.463295 0.633345 0.95746 1.8184 10.9768
2.21656815003 0.137584 0.0946486 0.0940542180805 0.161338 0.190882 0.228623 0.278523 0.347589 0.449484 0.614913 0.930221 1.76777 10.6773
2.23402144255 0.132564 0.0923032 0.091738368855 0.155653 0.184367 0.22105 0.26955 0.336677 0.435712 0.596498 0.902954 1.71699 10.3763
2.25147473507 0.12763 0.0899436 0.0894071498677 0.15005 0.177932 0.213551 0.260646 0.325827 0.421991 0.578114 0.875683 1.66611 10.0743
2.26892802759 0.122782 0.0875701 0.0870609765178 0.144531 0.171579 0.206132 0.251816 0.315046 0.408329 0.559777 0.848433 1.61518 9.77152
2.28638132011 0.11802 0.0851832 0.0847003680539 0.139097 0.165309 0.198794 0.243066 0.30434 0.394739 0.541502 0.82123 1.56426 9.46829
2.30383461263 0.113346 0.0827836 0.0823259475744 0.13375 0.159126 0.191541 0.2344 0.293718 0.381229 0.523305 0.794098 1.51339 9.16494
2.32128790515 0.108759 0.0803722 0.079938649727 0.128491 0.15303 0.184378 0.225823 0.283185 0.367811 0.505201 0.767062 1.46263 8.86179
2.33874119767 0.104261 0.0779503 0.0775398245583 0.123321 0.147025 0.177306 0.217341 0.272749 0.354494 0.487205 0.740148 1.41203 8.55917
2.35619449019 0.0998513 0.0755191 0.0751307182653 0.118242 0.141113 0.170329 0.208957 0.262418 0.341288 0.469333 0.71338 1.36163 8.25741
2.37364778271 0.0955313 0.0730802 0.0727129924438 0.113255 0.135296 0.163452 0.200677 0.252197 0.328203 0.451598 0.686783 1.31149 7.95682
2.39110107523 0.0913014 0.0706354 0.0702884125394 0.108361 0.129576 0.156676 0.192506 0.242094 0.31525 0.434017 0.660381 1.26166 7.65773
2.40855436775 0.0871621 0.0681867 0.0678589516971 0.103561 0.123955 0.150006 0.184448 0.232116 0.302438 0.416605 0.634199 1.21218 7.36044
2.42600766027 0.0831139 0.0657361 0.0654266869118 0.0988575 0.118436 0.143445 0.176509 0.222269 0.289778 0.399375 0.608261 1.16311 7.06529
2.44346095279 0.0791572 0.0632859 0.0629941105773 0.0942504 0.11302 0.136995 0.168692 0.212561 0.277278 0.382343 0.582591 1.11449 6.77257
2.46091424531 0.0752927 0.0608386 0.0605634035382 0.0897413 0.107709 0.13066 0.161003 0.202997 0.264948 0.365523 0.557212 1.06638 6.4826
2.47836753783 0.0715208 0.0583967 0.0581373697374 0.0853315 0.102506 0.124443 0.153446 0.193585 0.252799 0.34893 0.532148 1.01881 6.19568
2.49582083035 0.0678419 0.0559629 0.0557187092682 0.081022 0.0974119 0.118347 0.146025 0.18433 0.240839 0.332577 0.507422 0.971847 5.91212
2.51327412287 0.0642564 0.0535402 0.0533103299234 0.076814 0.0924295 0.112376 0.138746 0.17524 0.229077 0.316479 0.483058 0.925524 5.63222
2.53072741539 0.0607649 0.0511313 0.0509151394956 0.0727085 0.0875604 0.106531 0.131611 0.16632 0.217524 0.300649 0.459076 0.87989 5.35626
2.54818070791 0.0573677 0.0487394 0.0485362534773 0.0687067 0.0828066 0.100817 0.124626 0.157577 0.206187 0.2851 0.4355 0.834992 5.08453
2.56563400043 0.0540652 0.0463676 0.0461767873605 0.0648095 0.0781698 0.0952349 0.117795 0.149017 0.195075 0.269846 0.412352 0.790872 4.81733
2.58308729295 0.0508579 0.0440192 0.043840064337 0.061018 0.0736518 0.0897888 0.111122 0.140645 0.184197 0.2549 0.389652 0.747574 4.55492
2.60054058547 0.0477461 0.0416972 0.0415293037488 0.0573332 0.0692544 0.0844811 0.104611 0.132468 0.173563 0.240275 0.367421 0.705142 4.29759
2.61799387799 0.0447301 0.0394052 0.0392479326372 0.0537561 0.0649794 0.0793145 0.0982653 0.124491 0.163179 0.225983 0.345681 0.663617 4.0456
2.63544717051 0.0418104 0.0371465 0.0369992741942 0.0502876 0.0608283 0.0742915 0.0920896 0.11672 0.153053 0.212037 0.324451 0.623039 3.79921
2.65290046303 0.0389872 0.0349244 0.034786755461 0.0469285 0.0568029 0.0694148 0.0860873 0.10916 0.143195 0.198447 0.30375 0.583449 3.55868
2.67035375555 0.0362608 0.0327424 0.0326139073289 0.0436798 0.0529046 0.0646867 0.0802622 0.101816 0.133612 0.185227 0.283598 0.544885 3.32426
2.68780704807 0.0336317 0.0306039 0.0304841568393 0.0405424 0.0491351 0.0601098 0.0746177 0.0946942 0.12431 0.172387 0.264013 0.507385 3.09619
2.70526034059 0.0311 0.0285123 0.028400827184 0.037517 0.0454958 0.0556862 0.0691573 0.0877989 0.115298 0.159938 0.245013 0.470986 2.8747
2.72271363311 0.028666 0.0264709 0.0263675531038 0.0346045 0.0419881 0.0514183 0.0638843 0.0811349 0.106582 0.14789 0.226616 0.435723 2.66003
2.74016692563 0.02633 0.0244833 0.0243874500911 0.0318055 0.0386134 0.0473082 0.058802 0.074707 0.0981687 0.136255 0.208839 0.401631 2.4524
2.75762021815 0.0240922 0.0225526 0.022464049037 0.0291209 0.035373 0.0433581 0.0539134 0.0685197 0.0900655 0.125041 0.191697 0.368743 2.25201
2.77507351067 0.0219529 0.0206821 0.0206004654338 0.0265512 0.0322683 0.0395699 0.0492216 0.0625773 0.0822782 0.114259 0.175207 0.337091 2.05908
2.79252680319 0.0199123 0.018875 0.0188001263228 0.0240973 0.0293004 0.0359455 0.0447293 0.056884 0.0748131 0.103917 0.159383 0.306706 1.8738
2.80998009571 0.0179705 0.0171345 0.0170660433467 0.0217596 0.0264705 0.0324868 0.0404394 0.0514437 0.0676758 0.0940251 0.144241 0.277617 1.69636
2.82743338823 0.0161278 0.0154636 0.0154012281478 0.0195389 0.0237797 0.0291955 0.0363543 0.0462602 0.0608719 0.0845906 0.129793 0.249853 1.52694
2.84488668075 0.0143843 0.0138653 0.0138087962185 0.0174356 0.0212289 0.0260733 0.0324767 0.0413372 0.0544067 0.0756219 0.116053 0.223439 1.36572
2.86233997327 0.0127402 0.0123423 0.0122914476519 0.0154502 0.0188193 0.0231218 0.0288088 0.036678 0.0482851 0.0671264 0.103033 0.198402 1.21285
2.87979326579 0.0111956 0.0108975 0.0108518825414 0.0135833 0.0165517 0.0203424 0.0253529 0.0322859 0.042512 0.0591114 0.0907453 0.174766 1.0685
2.89724655831 0.00975062 0.00953333 0.00949290482992 0.0118353 0.014427 0.0177366 0.022111 0.0281638 0.0370916 0.0515834 0.0792007 0.152553 0.932798
2.91469985083 0.00840534 0.00825235 0.00821679921182 0.0102067 0.0124459 0.0153055 0.019085 0.0243147 0.0320282 0.0445489 0.0684096 0.131784 0.805892
2.93215314335 0.00715986 0.00705686 0.00702595423113 0.00869764 0.0106093 0.0130504 0.0162768 0.020741 0.0273255 0.0380135 0.0583814 0.112478 0.687906
2.94960643587 0.00601424 0.00594905 0.00592244688267 0.00730862 0.00891765 0.0109723 0.0136879 0.0174453 0.0229872 0.0319827 0.0491252 0.0946552 0.578955
2.96705972839 0.00496852 0.00493092 0.00490845801101 0.0060399 0.00737168 0.00907227 0.0113199 0.0144297 0.0190164 0.0264613 0.0406489 0.0783306 0.479146
2.98451302091 0.00402274 0.00400433 0.00398564921198 0.00489171 0.00597188 0.00735114 0.00917403 0.0116961 0.015416 0.0214539 0.0329599 0.0635195 0.388577
3.00196631343 0.00317689 0.00317096 0.00315588978095 0.00386427 0.00471869 0.00580967 0.00725154 0.00924643 0.0121887 0.0169643 0.0260649 0.0502354 0.307333
3.01941960595 0.00243095 0.00243232 0.00242042591479 0.00295773 0.0036125 0.00444853 0.00555343 0.00708209 0.00933665 0.012996 0.0199694 0.0384901 0.235491
3.03687289847 0.00178489 0.00178971 0.00178081535963 0.0021722 0.0026536 0.00326826 0.00408057 0.0052044 0.00686187 0.00955209 0.0146785 0.0282939 0.173117
3.05432619099 0.00123864 0.00124428 0.00123788891339 0.00150775 0.00184223 0.00226928 0.00283365 0.00361444 0.00476595 0.00663492 0.0101964 0.0196552 0.120266
3.07177948351 0.000792101 0.000796946 0.00079278892322 0.000964391 0.00117852 0.00145191 0.00181319 0.00231301 0.00305013 0.0042465 0.00652625 0.0125809 0.0769827
3.08923277603 0.000445157 0.000448446 0.000446034637835 0.000542081 0.000662539 0.000816327 0.00101955 0.0013007 0.00171531 0.00238824 0.00367052 0.00707606 0.0432994
3.10668606855 0.000197642 0.000199297 0.000198145305935 0.000240714 0.000294242 0.000362579 0.00045288 0.0005778 0.000762021 0.00106101 0.00163073 0.0031438 0.0192376
3.12413936107 4.93488e-05 4.9797e-05 4.95363264836e-05 6.01126e-05 7.34887e-05 9.05644e-05 0.000113128 0.00014434 0.000190368 0.000265069 0.000407409 0.000785433 0.00480627
3.14159265359 0.0 0.0 0.0 0.0 0.0 0.0 0.0 0.0 0.0 0.0 0.0 0.0 0.0
