alpha phi_iso phi_ray phi_vec g0=0.1 g0=0.2 g0=0.3 g0=0.4 g0=0.5 g0=0.6 g0=0.7 g0=0.8 g0=0.9 g0=1.0
0.0 1.0 1.0 1.0 1.0 1.0 1.0 1.0 1.0 1.0 1.0 1.0 1.0 1.0
0.0174532925199 0.999686 0.999551 0.999538020322 0.999701 0.999718 0.999738 0.999763 0.999794 0.999833 0.999885 0.999958 1.00007 1.00025
0.0349065850399 0.998803 0.998268 0.998215111037 0.99886 0.998927 0.999007 0.999104 0.999224 0.999378 0.999582 0.999867 1.00029 1.00101
0.0523598775598 0.997439 0.996252 0.996124873973 0.997564 0.997711 0.997886 0.998098 0.998362 0.998699 0.999148 0.999774 1.00071 1.00228
0.0698131700798 0.995662 0.993578 0.993341704656 0.995879 0.996133 0.996436 0.996804 0.997261 0.997848 0.998627 0.999715 1.00135 1.00408
0.0872664625997 0.993516 0.9903 0.98991578392 0.993846 0.994233 0.994696 0.995258 0.995957 0.996854 0.998046 0.999714 1.00222 1.0064
0.10471975512 0.99103 0.986452 0.985881261265 0.991494 0.99204 0.992691 0.993484 0.994472 0.995739 0.997424 0.999782 1.00332 1.00925
0.12217304764 0.988223 0.98206 0.981264766146 0.988842 0.98957 0.990441 0.991501 0.992822 0.994516 0.996772 0.999929 1.00467 1.01261
0.13962634016 0.985113 0.977148 0.97609002136 0.985907 0.986842 0.987959 0.98932 0.991018 0.993197 0.996098 1.00016 1.00627 1.01649
0.157079632679 0.981715 0.971738 0.970379661572 0.982703 0.983867 0.985259 0.986956 0.989073 0.99179 0.995412 1.00048 1.00811 1.02087
0.174532925199 0.978044 0.965852 0.964155777377 0.979245 0.98066 0.982353 0.984419 0.986996 0.990306 0.994718 1.0009 1.01019 1.02576
0.191986217719 0.974112 0.95951 0.957440027103 0.975544 0.977232 0.979253 0.981719 0.984797 0.988752 0.994024 1.00141 1.01252 1.03114
0.209439510239 0.969931 0.952732 0.950253644254 0.971612 0.973594 0.975968 0.978865 0.982483 0.987132 0.993332 1.00202 1.01509 1.03699
0.226892802759 0.965514 0.945538 0.942617526953 0.967461 0.969757 0.972508 0.975867 0.980062 0.985454 0.992647 1.00273 1.0179 1.04332
0.244346095279 0.960871 0.937948 0.93455221558 0.9631 0.96573 0.968882 0.972731 0.97754 0.983722 0.99197 1.00354 1.02093 1.0501
0.261799387799 0.956012 0.929981 0.926077967303 0.958539 0.961522 0.965097 0.969465 0.974922 0.98194 0.991304 1.00444 1.0242 1.05732
0.279252680319 0.950947 0.921655 0.917214778434 0.953787 0.957141 0.961162 0.966075 0.972215 0.980112 0.990651 1.00543 1.02768 1.06497
0.296705972839 0.945684 0.912987 0.907982444057 0.948853 0.952595 0.957082 0.962566 0.969421 0.978239 0.99001 1.00652 1.03137 1.07303
0.314159265359 0.940233 0.903997 0.898400535666 0.943744 0.94789 0.952865 0.958944 0.966545 0.976325 0.98938 1.0077 1.03527 1.08149
0.331612557879 0.9346 0.894702 0.888488468242 0.938467 0.943034 0.948515 0.955214 0.963591 0.97437 0.988762 1.00896 1.03935 1.09032
0.349065850399 0.928795 0.88512 0.878265470444 0.93303 0.938034 0.944038 0.95138 0.960561 0.972377 0.988155 1.01029 1.04363 1.09952
0.366519142919 0.922823 0.875267 0.867750606964 0.927439 0.932894 0.93944 0.947445 0.957458 0.970345 0.987556 1.01171 1.04807 1.10905
0.383972435439 0.916693 0.865161 0.856962785981 0.921701 0.92762 0.934725 0.943414 0.954284 0.968276 0.986963 1.01319 1.05268 1.11891
0.401425727959 0.910411 0.854819 0.845920721899 0.915822 0.922219 0.929898 0.93929 0.951041 0.966169 0.986375 1.01474 1.05744 1.12907
0.418879020479 0.903983 0.844257 0.834642965155 0.909807 0.916694 0.924962 0.935075 0.94773 0.964023 0.985787 1.01634 1.06234 1.13951
0.436332312999 0.897416 0.833492 0.823147879862 0.903663 0.91105 0.919921 0.930773 0.944353 0.961838 0.985198 1.01799 1.06737 1.15021
0.453785605519 0.890715 0.82254 0.81145362145 0.897394 0.905293 0.91478 0.926386 0.94091 0.959614 0.984603 1.01968 1.07252 1.16115
0.471238898038 0.883886 0.811417 0.799578136668 0.891006 0.899426 0.90954 0.921915 0.937403 0.957349 0.983999 1.02141 1.07777 1.17231
0.488692190558 0.876935 0.800139 0.787539133765 0.884503 0.893454 0.904207 0.917363 0.933832 0.955042 0.983382 1.02317 1.08311 1.18366
0.506145483078 0.869868 0.788721 0.77535410486 0.877891 0.887381 0.898781 0.912733 0.930197 0.952691 0.982749 1.02495 1.08853 1.19518
0.523598775598 0.862689 0.777178 0.763040251401 0.871173 0.881209 0.893267 0.908024 0.926498 0.950294 0.982093 1.02675 1.09401 1.20686
0.541052068118 0.855404 0.765526 0.750614521439 0.864354 0.874944 0.887667 0.90324 0.922736 0.947849 0.981412 1.02854 1.09954 1.21866
0.558505360638 0.848017 0.75378 0.738093572357 0.857439 0.868588 0.881984 0.89838 0.918909 0.945355 0.9807 1.03034 1.10511 1.23057
0.575958653158 0.840533 0.741953 0.725493748514 0.850431 0.862144 0.876218 0.893447 0.915019 0.942809 0.979953 1.03212 1.1107 1.24256
0.593411945678 0.832957 0.73006 0.712831081244 0.843334 0.855616 0.870374 0.888441 0.911064 0.940209 0.979165 1.03388 1.1163 1.25461
0.610865238198 0.825293 0.718115 0.700121251592 0.836153 0.849006 0.864453 0.883363 0.907043 0.937552 0.978333 1.03561 1.1219 1.26669
0.628318530718 0.817545 0.706131 0.687379597767 0.828891 0.842319 0.858457 0.878215 0.902957 0.934836 0.97745 1.0373 1.12748 1.27879
0.645771823238 0.809719 0.694121 0.674621085328 0.821551 0.835556 0.852388 0.872996 0.898804 0.932058 0.976511 1.03895 1.13302 1.29088
0.663225115758 0.801818 0.682099 0.66186029228 0.814137 0.82872 0.846247 0.867707 0.894584 0.929216 0.975512 1.04054 1.13852 1.30294
0.680678408278 0.793845 0.670076 0.649111401623 0.806653 0.821813 0.840037 0.86235 0.890296 0.926306 0.974447 1.04207 1.14396 1.31494
0.698131700798 0.785806 0.658066 0.63638818644 0.799101 0.814839 0.833758 0.856923 0.885938 0.923327 0.973311 1.04352 1.14932 1.32686
0.715584993318 0.777703 0.646079 0.623703994999 0.791485 0.8078 0.827413 0.851429 0.88151 0.920274 0.972099 1.0449 1.15459 1.33868
0.733038285838 0.769541 0.634128 0.611071735839 0.783808 0.800698 0.821003 0.845867 0.877011 0.917146 0.970805 1.04618 1.15976 1.35037
0.750491578358 0.761323 0.622223 0.598503877776 0.776073 0.793536 0.814529 0.840237 0.872439 0.913939 0.969424 1.04737 1.16482 1.36193
0.767944870878 0.753053 0.610374 0.586012420088 0.768283 0.786315 0.807993 0.83454 0.867794 0.910651 0.967951 1.04845 1.16974 1.37331
0.785398163397 0.744734 0.598593 0.573608899971 0.760441 0.779037 0.801395 0.828776 0.863075 0.907279 0.966382 1.04941 1.17453 1.38451
0.802851455917 0.73637 0.586888 0.561304385081 0.752549 0.771706 0.794738 0.822945 0.85828 0.90382 0.96471 1.05025 1.17915 1.39549
0.820304748437 0.727964 0.57527 0.549109436275 0.744611 0.764323 0.788023 0.817048 0.853409 0.900272 0.962931 1.05096 1.18361 1.40625
0.837758040957 0.719519 0.563747 0.537034144871 0.736629 0.75689 0.78125 0.811084 0.84846 0.896631 0.961041 1.05153 1.18789 1.41675
0.855211333477 0.711038 0.552327 0.525088087934 0.728606 0.749409 0.774421 0.805055 0.843432 0.892895 0.959033 1.05195 1.19198 1.42698
0.872664625997 0.702525 0.54102 0.513280350631 0.720544 0.741881 0.767537 0.798959 0.838324 0.889061 0.956904 1.05222 1.19585 1.43693
0.890117918517 0.693983 0.529832 0.501619496422 0.712446 0.73431 0.760599 0.792797 0.833135 0.885127 0.954649 1.05232 1.19951 1.44656
0.907571211037 0.685414 0.518771 0.490113589419 0.704315 0.726696 0.753608 0.786569 0.827865 0.881091 0.952263 1.05226 1.20295 1.45586
0.925024503557 0.676822 0.507843 0.478770179479 0.696152 0.719041 0.746565 0.780276 0.822511 0.876949 0.949742 1.05201 1.20614 1.46482
0.942477796077 0.66821 0.497056 0.467596294751 0.68796 0.711348 0.739472 0.773918 0.817074 0.8727 0.947082 1.05159 1.20908 1.47341
0.959931088597 0.65958 0.486414 0.456598449128 0.679742 0.703618 0.732329 0.767495 0.811553 0.868341 0.944279 1.05097 1.21175 1.48161
0.977384381117 0.650934 0.475924 0.445782649704 0.671499 0.695853 0.725137 0.761006 0.805946 0.863871 0.941328 1.05015 1.21416 1.48942
0.994837673637 0.642277 0.465591 0.435154374408 0.663235 0.688054 0.717898 0.754454 0.800253 0.859286 0.938227 1.04914 1.21628 1.49682
1.01229096616 0.63361 0.455418 0.424718616731 0.654951 0.680223 0.710613 0.747836 0.794473 0.854586 0.93497 1.04791 1.21811 1.50378
1.02974425868 0.624937 0.445411 0.414479833547 0.646649 0.672362 0.703282 0.741155 0.788606 0.849768 0.931556 1.04646 1.21964 1.5103
1.0471975512 0.616259 0.435574 0.404441989834 0.638332 0.664473 0.695907 0.734411 0.782651 0.844831 0.92798 1.0448 1.22086 1.51636
1.06465084372 0.607579 0.425909 0.394608573583 0.630002 0.656557 0.688489 0.727603 0.776607 0.839773 0.924239 1.04291 1.22176 1.52194
1.08210413624 0.5989 0.416419 0.384982543621 0.621661 0.648616 0.681029 0.720732 0.770475 0.834592 0.920331 1.04079 1.22234 1.52704
1.09955742876 0.590224 0.407107 0.375566396693 0.613311 0.640651 0.673528 0.713799 0.764253 0.829288 0.916253 1.03844 1.22258 1.53164
1.11701072128 0.581553 0.397976 0.366362160005 0.604953 0.632664 0.665987 0.706804 0.757942 0.823858 0.912002 1.03584 1.22248 1.53573
1.1344640138 0.57289 0.389026 0.357371376323 0.596591 0.624657 0.658408 0.699748 0.751542 0.818302 0.907576 1.033 1.22203 1.53929
1.15191730632 0.564238 0.38026 0.34859513378 0.588225 0.616632 0.650791 0.692631 0.745052 0.81262 0.902973 1.02992 1.22123 1.54232
1.16937059884 0.555597 0.371678 0.34003407333 0.579859 0.608589 0.643138 0.685455 0.738472 0.80681 0.898191 1.02658 1.22006 1.54481
1.18682389136 0.546972 0.363281 0.331688403658 0.571493 0.600531 0.635449 0.678219 0.731803 0.800871 0.893228 1.02298 1.21854 1.54674
1.20427718388 0.538363 0.355069 0.323557901174 0.56313 0.59246 0.627727 0.670925 0.725045 0.794803 0.888082 1.01914 1.21664 1.54812
1.2217304764 0.529773 0.347041 0.315641932375 0.554772 0.584376 0.619973 0.663573 0.718198 0.788606 0.882754 1.01503 1.21436 1.54893
1.23918376892 0.521205 0.339198 0.307939461299 0.546421 0.576281 0.612187 0.656165 0.711263 0.782279 0.87724 1.01065 1.21171 1.54916
1.25663706144 0.512659 0.331539 0.30044906443 0.538078 0.568178 0.604371 0.648701 0.704239 0.775823 0.871541 1.00602 1.20868 1.54881
1.27409035396 0.504139 0.324063 0.293168953055 0.529745 0.560067 0.596527 0.641183 0.697129 0.769237 0.865656 1.00112 1.20526 1.54788
1.29154364648 0.495646 0.316767 0.286096965812 0.521425 0.551951 0.588656 0.633611 0.689931 0.762522 0.859585 0.99595 1.20145 1.54635
1.308996939 0.487181 0.309651 0.279230620865 0.513118 0.54383 0.580759 0.625987 0.682648 0.755678 0.853327 0.990514 1.19725 1.54423
1.32645023152 0.478749 0.302713 0.272567078632 0.504827 0.535708 0.572837 0.618312 0.67528 0.748705 0.846883 0.98481 1.19266 1.5415
1.34390352404 0.470349 0.295949 0.266103216319 0.496554 0.527584 0.564893 0.610586 0.667829 0.741606 0.840252 0.978837 1.18768 1.53818
1.36135681656 0.461983 0.289359 0.259835598108 0.4883 0.519461 0.556927 0.602813 0.660295 0.734379 0.833436 0.972595 1.1823 1.53425
1.37881010908 0.453655 0.282938 0.253760527327 0.480068 0.511341 0.548942 0.594992 0.652679 0.727027 0.826434 0.966086 1.17653 1.52972
1.3962634016 0.445365 0.276684 0.247874024091 0.471858 0.503225 0.540939 0.587126 0.644983 0.71955 0.819249 0.959308 1.17037 1.52458
1.41371669412 0.437115 0.270593 0.242171884926 0.463672 0.495116 0.532919 0.579215 0.637209 0.71195 0.811881 0.952264 1.16381 1.51883
1.43116998664 0.428908 0.264663 0.236649667863 0.455513 0.487013 0.524884 0.571262 0.629358 0.704229 0.804332 0.944955 1.15686 1.51248
1.44862327916 0.420744 0.25889 0.231302729702 0.447382 0.47892 0.516836 0.563269 0.621431 0.696388 0.796603 0.937382 1.14952 1.50553
1.46607657168 0.412625 0.253269 0.226126233469 0.43928 0.470838 0.508777 0.555236 0.613431 0.688428 0.788696 0.929547 1.14179 1.49797
1.4835298642 0.404554 0.247798 0.221115155862 0.43121 0.462769 0.500708 0.547167 0.60536 0.680352 0.780614 0.921453 1.13367 1.48982
1.50098315672 0.396531 0.242471 0.21626434688 0.423173 0.454714 0.492631 0.539062 0.597218 0.672163 0.772358 0.913102 1.12518 1.48107
1.51843644924 0.388558 0.237285 0.211568492557 0.415171 0.446676 0.484548 0.530923 0.58901 0.663862 0.763932 0.904498 1.1163 1.47174
1.53588974176 0.380638 0.232236 0.207022174585 0.407205 0.438655 0.476461 0.522754 0.580735 0.655451 0.755337 0.895643 1.10705 1.46182
1.55334303427 0.37277 0.227319 0.202619877768 0.399277 0.430654 0.468372 0.514555 0.572398 0.646934 0.746578 0.88654 1.09743 1.45132
1.57079632679 0.364958 0.222529 0.198355975115 0.391388 0.422675 0.460282 0.506329 0.564 0.638313 0.737656 0.877195 1.08744 1.44025
1.58824961931 0.357202 0.217862 0.194224809823 0.383541 0.414718 0.452194 0.498078 0.555544 0.62959 0.728576 0.86761 1.07709 1.42862
1.60570291183 0.349503 0.213314 0.19022065056 0.375736 0.406787 0.444109 0.489804 0.547032 0.62077 0.719341 0.85779 1.06639 1.41643
1.62315620435 0.341864 0.20888 0.186337743635 0.367976 0.398883 0.43603 0.48151 0.538467 0.611855 0.709955 0.847741 1.05534 1.40369
1.64060949687 0.334286 0.204554 0.182570312996 0.360262 0.391007 0.427958 0.473198 0.529852 0.602848 0.700422 0.837466 1.04394 1.39041
1.65806278939 0.326769 0.200334 0.178912604954 0.352595 0.383161 0.419897 0.46487 0.52119 0.593753 0.690747 0.826973 1.03221 1.3766
1.67551608191 0.319316 0.196213 0.17535885091 0.344978 0.375348 0.411847 0.45653 0.512484 0.584574 0.680933 0.816265 1.02015 1.36227
1.69296937443 0.311928 0.192187 0.171903341891 0.337411 0.367568 0.403811 0.448178 0.503736 0.575313 0.670985 0.805348 1.00777 1.34743
1.71042266695 0.304606 0.188252 0.168540413641 0.329896 0.359825 0.395791 0.439819 0.49495 0.565976 0.660908 0.79423 0.995083 1.3321
1.72787595947 0.297351 0.184402 0.165264446623 0.322435 0.352119 0.38779 0.431455 0.486129 0.556565 0.650707 0.782915 0.982088 1.31627
1.74532925199 0.290164 0.180635 0.162069925639 0.315029 0.344452 0.379809 0.423088 0.477277 0.547085 0.640386 0.771411 0.968797 1.29998
1.76278254451 0.283047 0.176944 0.158951410024 0.30768 0.336827 0.371851 0.414721 0.468396 0.537541 0.629952 0.759725 0.955221 1.28323
1.78023583703 0.276001 0.173325 0.155903578359 0.300389 0.329245 0.363918 0.406357 0.459491 0.527936 0.61941 0.747863 0.941367 1.26603
1.79768912955 0.269027 0.169775 0.152921206111 0.293157 0.321708 0.356013 0.397999 0.450564 0.518275 0.608765 0.735834 0.927248 1.24839
1.81514242207 0.262127 0.166289 0.149999225264 0.285987 0.314218 0.348137 0.389649 0.44162 0.508562 0.598023 0.723643 0.912871 1.23034
1.83259571459 0.2553 0.162863 0.147132694499 0.27888 0.306777 0.340293 0.381311 0.432661 0.498802 0.58719 0.7113 0.898248 1.21189
1.85004900711 0.248549 0.159494 0.144316836464 0.271836 0.299386 0.332483 0.372987 0.423692 0.489 0.576272 0.698811 0.88339 1.19305
1.86750229963 0.241875 0.156176 0.141547030319 0.264858 0.292047 0.32471 0.364681 0.414717 0.479161 0.565274 0.686186 0.868308 1.17384
1.88495559215 0.235278 0.152906 0.138818826642 0.257947 0.284763 0.316976 0.356395 0.405739 0.469288 0.554205 0.673432 0.853012 1.15428
1.90240888467 0.228759 0.149682 0.136127969787 0.251104 0.277535 0.309284 0.348133 0.396762 0.459388 0.543069 0.660557 0.837515 1.13438
1.91986217719 0.22232 0.146499 0.133470390435 0.24433 0.270364 0.301635 0.339898 0.38779 0.449466 0.531874 0.647572 0.821829 1.11415
1.93731546971 0.215962 0.143354 0.130842220495 0.237628 0.263254 0.294033 0.331692 0.378827 0.439526 0.520625 0.634483 0.805965 1.09363
1.95476876223 0.209685 0.140245 0.128239800559 0.230998 0.256205 0.286479 0.323519 0.369877 0.429574 0.509331 0.621301 0.789935 1.07281
1.97222205475 0.203491 0.137168 0.125659687357 0.224442 0.249219 0.278976 0.315382 0.360945 0.419614 0.497997 0.608034 0.773752 1.05173
1.98967534727 0.19738 0.13412 0.123098638847 0.21796 0.242299 0.271527 0.307285 0.352033 0.409653 0.486631 0.594691 0.75743 1.03041
2.00712863979 0.191353 0.131099 0.120553658937 0.211555 0.235445 0.264134 0.299229 0.343148 0.399696 0.475239 0.581283 0.740979 1.00885
2.02458193231 0.18541 0.128102 0.118021975121 0.205228 0.228661 0.256799 0.291219 0.334291 0.389747 0.463829 0.567818 0.724414 0.987078
2.04203522483 0.179554 0.125128 0.115501031032 0.198979 0.221947 0.249525 0.283258 0.325469 0.379814 0.452408 0.554305 0.707748 0.965116
2.05948851735 0.173784 0.122175 0.112988523704 0.19281 0.215305 0.242314 0.275349 0.316684 0.3699 0.440982 0.540755 0.690994 0.942982
2.07694180987 0.168102 0.11924 0.11048238121 0.186723 0.208738 0.235169 0.267496 0.307942 0.360011 0.42956 0.527177 0.674166 0.920695
2.09439510239 0.162508 0.116322 0.107980762667 0.180718 0.202246 0.228091 0.2597 0.299246 0.350154 0.418149 0.513582 0.657276 0.898275
2.11184839491 0.157002 0.113419 0.105482080594 0.174797 0.195832 0.221085 0.251967 0.290601 0.340334 0.406756 0.499978 0.64034 0.875743
2.12930168743 0.151587 0.110531 0.102984956191 0.168961 0.189498 0.214151 0.244298 0.282011 0.330556 0.395388 0.486376 0.623369 0.853117
2.14675497995 0.146261 0.107656 0.100488293873 0.163211 0.183245 0.207292 0.236697 0.273481 0.320825 0.384054 0.472786 0.606379 0.830419
2.16420827247 0.141026 0.104794 0.097991184376 0.157548 0.177074 0.200511 0.229168 0.265013 0.311149 0.372759 0.459217 0.589383 0.807669
2.18166156499 0.135883 0.101943 0.0954929867459 0.151973 0.170988 0.19381 0.221713 0.256614 0.301531 0.361512 0.44568 0.572395 0.784887
2.19911485751 0.130832 0.0991044 0.0929932836162 0.146487 0.164988 0.187191 0.214336 0.248286 0.291978 0.35032 0.432185 0.555428 0.762093
2.21656815003 0.125873 0.0962766 0.0904918737569 0.141092 0.159076 0.180657 0.207039 0.240035 0.282496 0.339191 0.418742 0.538497 0.739308
2.23402144255 0.121008 0.09346 0.0879887795268 0.135788 0.153253 0.174209 0.199827 0.231864 0.273089 0.328132 0.405361 0.521616 0.716552
2.25147473507 0.116236 0.0906548 0.0854842617797 0.130577 0.147521 0.167851 0.192702 0.223778 0.263764 0.31715 0.392051 0.504799 0.693847
2.26892802759 0.111558 0.0878612 0.0829787751469 0.125459 0.141881 0.161584 0.185667 0.21578 0.254526 0.306253 0.378824 0.488058 0.671211
2.28638132011 0.106975 0.0850797 0.0804729754894 0.120436 0.136336 0.155411 0.178725 0.207876 0.24538 0.295448 0.365688 0.47141 0.648667
2.30383461263 0.102488 0.0823111 0.0779677422574 0.115507 0.130886 0.149334 0.17188 0.200068 0.236333 0.284742 0.352653 0.454866 0.626233
2.32128790515 0.0980955 0.079556 0.0754641263195 0.110675 0.125533 0.143355 0.165134 0.192362 0.227389 0.274144 0.33973 0.43844 0.603931
2.33874119767 0.0937992 0.0768156 0.0729633797743 0.10594 0.120278 0.137476 0.15849 0.18476 0.218553 0.263659 0.326928 0.422147 0.58178
2.35619449019 0.0895991 0.0740909 0.0704669112328 0.101302 0.115123 0.131699 0.151952 0.177268 0.209832 0.253295 0.314257 0.406 0.559799
2.37364778271 0.0854956 0.0713833 0.0679763230831 0.0967639 0.11007 0.126026 0.145521 0.169889 0.20123 0.243059 0.301726 0.390011 0.538009
2.39110107523 0.081489 0.0686942 0.0654933593197 0.0923246 0.105118 0.12046 0.139202 0.162626 0.192752 0.232957 0.289344 0.374195 0.516429
2.40855436775 0.0775796 0.0660251 0.0630199129966 0.0879856 0.100271 0.115001 0.132996 0.155484 0.184405 0.222998 0.277122 0.358563 0.495078
2.42600766027 0.0737676 0.0633778 0.0605580336799 0.0837475 0.0955286 0.109653 0.126906 0.148467 0.176192 0.213187 0.265068 0.34313 0.473976
2.44346095279 0.0700533 0.0607541 0.0581098827303 0.079611 0.0908926 0.104417 0.120936 0.141577 0.168118 0.203532 0.253191 0.327908 0.453141
2.46091424531 0.0664369 0.0581558 0.0556777482091 0.0755767 0.0863641 0.0992951 0.115087 0.134819 0.160189 0.194038 0.241501 0.312909 0.432592
2.47836753783 0.0629185 0.055585 0.053264037425 0.0716453 0.0819442 0.0942885 0.109363 0.128196 0.152409 0.184713 0.230005 0.298145 0.412346
2.49582083035 0.0594982 0.0530439 0.0508712322163 0.0678173 0.077634 0.0893992 0.103765 0.121712 0.144783 0.175562 0.218714 0.28363 0.392423
2.51327412287 0.0561762 0.0505345 0.0485019262159 0.0640932 0.0734346 0.0846289 0.0982964 0.115369 0.137316 0.166591 0.207634 0.269373 0.372838
2.53072741539 0.0529526 0.0480592 0.0461587577745 0.0604736 0.0693468 0.0799791 0.0929592 0.109172 0.130011 0.157808 0.196774 0.255388 0.35361
2.54818070791 0.0498272 0.0456202 0.0438444621313 0.0569589 0.0653718 0.0754515 0.0877557 0.103123 0.122874 0.149217 0.186143 0.241685 0.334755
2.56563400043 0.0468003 0.04322 0.0415618043376 0.0535496 0.0615104 0.0710474 0.0826881 0.0972253 0.115908 0.140824 0.175748 0.228275 0.31629
2.58308729295 0.0438718 0.0408609 0.0393135867094 0.0502459 0.0577635 0.0667684 0.0777585 0.091482 0.109117 0.132635 0.165596 0.215169 0.29823
2.60054058547 0.0410416 0.0385455 0.0371026488273 0.0470484 0.0541318 0.0626157 0.072969 0.0858959 0.102506 0.124655 0.155696 0.202377 0.28059
2.61799387799 0.0383096 0.0362761 0.0349318377254 0.0439572 0.0506161 0.0585907 0.0683214 0.0804697 0.0960781 0.116889 0.146054 0.189911 0.263387
2.63544717051 0.0356758 0.0340554 0.0328040227962 0.0409726 0.0472171 0.0546946 0.0638176 0.0752062 0.089837 0.109343 0.136677 0.177778 0.246635
2.65290046303 0.03314 0.0318857 0.0307220287146 0.0380948 0.0439355 0.0509285 0.0594594 0.0701077 0.0837863 0.102021 0.127572 0.165989 0.230347
2.67035375555 0.030702 0.0297696 0.0286886950615 0.0353241 0.0407718 0.0472934 0.0552485 0.0651768 0.0779293 0.0949283 0.118745 0.154553 0.214537
2.68780704807 0.0283615 0.0277095 0.026706809247 0.0326604 0.0377264 0.0437904 0.0511862 0.0604157 0.0722692 0.0880685 0.110203 0.143479 0.199217
2.70526034059 0.0261184 0.0257078 0.0247791139633 0.0301039 0.0347999 0.0404203 0.0472742 0.0558264 0.066809 0.0814461 0.10195 0.132774 0.184402
2.72271363311 0.0239723 0.023767 0.0229082997318 0.0276546 0.0319927 0.037184 0.0435138 0.0514111 0.0615517 0.0750651 0.0939939 0.122447 0.170101
2.74016692563 0.0219228 0.0218893 0.0210969899974 0.0253124 0.029305 0.0340822 0.0399062 0.0471716 0.0564997 0.0689293 0.0863382 0.112505 0.156327
2.75762021815 0.0199698 0.0200771 0.019347726222 0.0230773 0.0267371 0.0311155 0.0364526 0.0431096 0.0516557 0.063042 0.0789884 0.102955 0.14309
2.77507351067 0.0181126 0.0183326 0.0176629604323 0.0209491 0.0242892 0.0282844 0.0331538 0.0392267 0.0470219 0.0574067 0.0719491 0.0938039 0.1304
2.79252680319 0.0163509 0.0166579 0.0160450403132 0.0189277 0.0219614 0.0255896 0.0300109 0.0355243 0.0426004 0.0520263 0.0652246 0.0850577 0.118267
2.80998009571 0.0146841 0.0150551 0.014496209208 0.0170127 0.0197537 0.0230312 0.0270247 0.0320038 0.0383933 0.0469036 0.0588187 0.0767222 0.106698
2.82743338823 0.0131118 0.0135261 0.0130185688538 0.0152039 0.0176661 0.0206097 0.0241957 0.0286661 0.0344021 0.0420411 0.0527351 0.0688025 0.0957021
2.84488668075 0.0116333 0.0120727 0.011614109193 0.0135009 0.0156984 0.018325 0.0215244 0.0255123 0.0306284 0.0374409 0.0469771 0.0613033 0.0852864
2.86233997327 0.010248 0.0106967 0.0102846562027 0.0119032 0.0138504 0.0161774 0.0190113 0.0225431 0.0270734 0.0331051 0.0415473 0.054229 0.0754573
2.87979326579 0.00895527 0.00939969 0.00903190170686 0.0104103 0.0121218 0.0141667 0.0166566 0.0197591 0.0237381 0.0290353 0.0364484 0.0475832 0.0662205
2.89724655831 0.00775429 0.0081831 0.00785735865783 0.00902178 0.0105123 0.0122928 0.0144604 0.0171607 0.0206235 0.0252327 0.0316824 0.041369 0.0575811
2.91469985083 0.00664427 0.00704823 0.00676236858992 0.00773681 0.00902128 0.0105554 0.0124225 0.0147482 0.0177301 0.0216986 0.0272509 0.035589 0.049543
2.93215314335 0.00562438 0.00599626 0.0057481016191 0.00655474 0.00764826 0.00895399 0.0105429 0.0125216 0.0150582 0.0184335 0.0231553 0.0302454 0.0421097
2.94960643587 0.0046937 0.00502816 0.00481551917826 0.00547475 0.00639254 0.00748817 0.00882111 0.0104807 0.0126079 0.0154379 0.0193964 0.0253395 0.0352836
2.96705972839 0.00385125 0.00414477 0.00396539637608 0.00449595 0.00525332 0.00615721 0.00725662 0.0086252 0.010379 0.0127118 0.0159744 0.0208722 0.0290664
2.98451302091 0.00309597 0.0033467 0.00319827727923 0.00361737 0.0042297 0.00496031 0.00584873 0.00695441 0.00837097 0.010255 0.0128894 0.0168437 0.0234587
3.00196631343 0.00242674 0.00263441 0.00251451217719 0.00283793 0.00332067 0.0038965 0.00459652 0.00546752 0.00658317 0.00806669 0.0101408 0.0132535 0.0184602
3.01941960595 0.00184233 0.00200811 0.00191418305263 0.00215643 0.00252507 0.00296465 0.00349889 0.00416345 0.00501447 0.00614588 0.0077274 0.0101006 0.0140697
3.03687289847 0.00134144 0.00146781 0.00139716320509 0.00157159 0.00184161 0.00216348 0.00255454 0.00304086 0.00366348 0.00449105 0.00564764 0.0073829 0.0102847
3.05432619099 0.00092264 0.00101331 0.000963035268347 0.00108197 0.00126883 0.00149149 0.00176192 0.00209812 0.00252844 0.00310027 0.00389928 0.00509785 0.00710192
3.07177948351 0.000584398 0.000644104 0.000611113569348 0.000686003 0.000805109 0.00094698 0.00111923 0.0013333 0.00160721 0.0019711 0.00247945 0.00324187 0.00451649
3.08923277603 0.000325024 0.000359453 0.00034040686334 0.000381938 0.000448624 0.00052802 0.000624376 0.000744083 0.000897203 0.00110056 0.00138459 0.00181047 0.00252235
3.10668606855 0.000142647 0.000158279 0.000149581069038 0.000167818 0.000197295 0.000232373 0.000274923 0.000327763 0.000395326 0.000485028 0.000610274 0.000798035 0.00111182
3.12413936107 3.51456e-05 3.91254e-05 3.68847389471e-05 4.14015e-05 4.87225e-05 5.74289e-05 6.79844e-05 8.10856e-05 9.78299e-05 0.000120052 0.00015107 0.000197556 0.000275229
3.14159265359 0.0 0.0 0.0 0.0 0.0 0.0 0.0 0.0 0.0 0.0 0.0 0.0 0.0
