alpha phi_iso phi_ray phi_vec g0=0.1 g0=0.2 g0=0.3 g0=0.4 g0=0.5 g0=0.6 g0=0.7 g0=0.8 g0=0.9 g0=1.0
0.0 1.0 1.0 1.0 1.0 1.0 1.0 1.0 1.0 1.0 1.0 1.0 1.0 1.0
0.0174532925199 0.999681 0.999544 0.9995323853 0.999696 0.999714 0.999735 0.99976 0.999793 0.999834 0.999891 0.999971 1.00009 1.00031
0.0349065850399 0.998785 0.998242 0.998194246025 0.998844 0.998913 0.998995 0.999096 0.999222 0.999385 0.999606 0.999919 1.0004 1.00126
0.0523598775598 0.997403 0.996196 0.99608178198 0.997531 0.997682 0.997863 0.998085 0.998362 0.998721 0.999206 0.999897 1.00097 1.00284
0.0698131700798 0.995606 0.993484 0.993271409268 0.995828 0.99609 0.996404 0.996788 0.997271 0.997896 0.998739 0.999943 1.0018 1.00508
0.0872664625997 0.993438 0.990161 0.989814565509 0.993777 0.994176 0.994656 0.995244 0.995983 0.996941 0.998233 1.00008 1.00294 1.00796
0.10471975512 0.990929 0.986262 0.985746116855 0.991407 0.991971 0.992648 0.993479 0.994523 0.995878 0.997707 1.00032 1.00437 1.01148
0.12217304764 0.988101 0.981813 0.981093141462 0.988738 0.989491 0.990398 0.991509 0.992907 0.994722 0.997173 1.00068 1.0061 1.01564
0.13962634016 0.984969 0.976838 0.975879689279 0.985787 0.986755 0.98792 0.989349 0.991148 0.993483 0.99664 1.00115 1.00814 1.02044
0.157079632679 0.981549 0.971361 0.970128672592 0.982568 0.983775 0.985228 0.987011 0.989257 0.992172 0.996115 1.00175 1.01049 1.02586
0.174532925199 0.977857 0.965402 0.963862434849 0.979097 0.980566 0.982334 0.984507 0.987243 0.990797 0.995606 1.00248 1.01314 1.03189
0.191986217719 0.973905 0.958983 0.957102859415 0.975385 0.977139 0.979251 0.981847 0.985118 0.989366 0.995116 1.00334 1.01609 1.03853
0.209439510239 0.969705 0.952124 0.949871394665 0.971444 0.973505 0.975988 0.979041 0.982887 0.987885 0.99465 1.00433 1.01933 1.04575
0.226892802759 0.96527 0.944845 0.942189120901 0.967285 0.969675 0.972554 0.976095 0.980558 0.986359 0.994212 1.00545 1.02287 1.05355
0.244346095279 0.960611 0.937167 0.934076750362 0.96292 0.965658 0.968959 0.97302 0.978138 0.984792 0.993803 1.0067 1.02669 1.06191
0.261799387799 0.955737 0.929107 0.9255547025 0.958356 0.961463 0.965211 0.96982 0.975632 0.98319 0.993425 1.00807 1.03079 1.07081
0.279252680319 0.950658 0.920686 0.916643120719 0.953604 0.957099 0.961316 0.966504 0.973045 0.981554 0.993078 1.00958 1.03516 1.08023
0.296705972839 0.945384 0.911921 0.90736192256 0.948672 0.952574 0.957281 0.963075 0.970382 0.979887 0.992763 1.0112 1.03979 1.09016
0.314159265359 0.939922 0.90283 0.897730816435 0.943567 0.947893 0.953114 0.959539 0.967645 0.978191 0.992478 1.01293 1.04467 1.10057
0.331612557879 0.934281 0.893433 0.887769335088 0.938296 0.943064 0.948818 0.955902 0.964838 0.976466 0.992222 1.01478 1.04978 1.11145
0.349065850399 0.928468 0.883745 0.877496810495 0.932868 0.938093 0.944401 0.952166 0.961964 0.974715 0.991993 1.01674 1.05513 1.12277
0.366519142919 0.922491 0.873786 0.866932432428 0.927289 0.932987 0.939866 0.948336 0.959025 0.972936 0.99179 1.01879 1.06069 1.13451
0.383972435439 0.916357 0.863573 0.856095181525 0.921565 0.92775 0.935218 0.944416 0.956023 0.971131 0.991608 1.02094 1.06645 1.14664
0.401425727959 0.910073 0.853121 0.845003887852 0.915701 0.922388 0.930462 0.940407 0.952959 0.969299 0.991446 1.02317 1.0724 1.15915
0.418879020479 0.903645 0.84245 0.833677189077 0.909705 0.916906 0.925602 0.936314 0.949835 0.967438 0.9913 1.02548 1.07853 1.17201
0.436332312999 0.897078 0.831574 0.822133538829 0.903581 0.911308 0.92064 0.932138 0.946651 0.965547 0.991165 1.02786 1.08482 1.18519
0.453785605519 0.89038 0.82051 0.810391181613 0.897334 0.905599 0.915582 0.927881 0.943409 0.963626 0.991037 1.03031 1.09125 1.19867
0.471238898038 0.883556 0.809276 0.798468127704 0.890971 0.899783 0.910429 0.923546 0.940108 0.961673 0.990912 1.0328 1.09783 1.21242
0.488692190558 0.876611 0.797886 0.786382194979 0.884495 0.893865 0.905185 0.919135 0.936748 0.959685 0.990786 1.03535 1.10451 1.22642
0.506145483078 0.869551 0.786357 0.774150933628 0.877911 0.887847 0.899853 0.914648 0.933331 0.957661 0.990653 1.03793 1.1113 1.24064
0.523598775598 0.862381 0.774704 0.76179161779 0.871223 0.881734 0.894435 0.910088 0.929855 0.955598 0.990508 1.04053 1.11818 1.25505
0.541052068118 0.855107 0.762942 0.749321287378 0.864437 0.875529 0.888934 0.905455 0.926319 0.953494 0.990347 1.04316 1.12513 1.26963
0.558505360638 0.847731 0.751087 0.736756647697 0.857555 0.869236 0.883352 0.900751 0.922725 0.951347 0.990163 1.04579 1.13214 1.28435
0.575958653158 0.840261 0.739152 0.724114119636 0.850583 0.862857 0.877691 0.895976 0.91907 0.949152 0.98995 1.04842 1.13919 1.29918
0.593411945678 0.832699 0.727153 0.71140979784 0.843524 0.856396 0.871954 0.891131 0.915355 0.946909 0.989705 1.05104 1.14625 1.3141
0.610865238198 0.825051 0.715103 0.698659433981 0.836382 0.849855 0.866141 0.886218 0.911577 0.944612 0.989419 1.05364 1.15333 1.32908
0.628318530718 0.817321 0.703016 0.685878428393 0.82916 0.843238 0.860256 0.881236 0.907737 0.942261 0.989088 1.0562 1.1604 1.34409
0.645771823238 0.809513 0.690906 0.673081788245 0.821861 0.836547 0.854299 0.876185 0.903832 0.93985 0.988706 1.05873 1.16745 1.3591
0.663225115758 0.801632 0.678786 0.660284169369 0.81449 0.829784 0.848273 0.871067 0.899863 0.937378 0.988267 1.0612 1.17445 1.37409
0.680678408278 0.79368 0.666668 0.647499800971 0.80705 0.822953 0.842178 0.865881 0.895827 0.934841 0.987764 1.06362 1.1814 1.38903
0.698131700798 0.785662 0.654564 0.634742510726 0.799544 0.816055 0.836016 0.860628 0.891723 0.932235 0.987191 1.06596 1.18827 1.4039
0.715584993318 0.777583 0.642487 0.62202569132 0.791974 0.809093 0.829789 0.855309 0.88755 0.929558 0.986544 1.06823 1.19506 1.41866
0.733038285838 0.769445 0.630449 0.60936231718 0.784345 0.802069 0.823498 0.849922 0.883306 0.926805 0.985815 1.0704 1.20174 1.43329
0.750491578358 0.761251 0.618459 0.596764885914 0.776658 0.794985 0.817144 0.844468 0.878991 0.923974 0.984999 1.07247 1.2083 1.44777
0.767944870878 0.753007 0.60653 0.584245451776 0.768917 0.787843 0.810728 0.838947 0.874602 0.921062 0.98409 1.07444 1.21473 1.46207
0.785398163397 0.744715 0.594671 0.571815583838 0.761125 0.780647 0.804251 0.83336 0.870139 0.918064 0.983081 1.07628 1.22101 1.47616
0.802851455917 0.736378 0.582893 0.559486391086 0.753284 0.773396 0.797715 0.827705 0.865599 0.914978 0.981968 1.078 1.22712 1.49002
0.820304748437 0.728 0.571205 0.547268480595 0.745397 0.766094 0.791121 0.821984 0.860982 0.9118 0.980744 1.07958 1.23305 1.50363
0.837758040957 0.719584 0.559616 0.535171965891 0.737466 0.758742 0.784469 0.816196 0.856286 0.908527 0.979404 1.08101 1.23878 1.51696
0.855211333477 0.711133 0.548135 0.523206466956 0.729495 0.751342 0.77776 0.810341 0.851509 0.905157 0.977943 1.08229 1.24431 1.52999
0.872664625997 0.70265 0.53677 0.511381085126 0.721486 0.743896 0.770996 0.804418 0.846651 0.901685 0.976354 1.0834 1.24962 1.54269
0.890117918517 0.694138 0.525528 0.499704419828 0.71344 0.736406 0.764178 0.798429 0.841709 0.89811 0.974632 1.08433 1.25469 1.55504
0.907571211037 0.685601 0.514418 0.488184551846 0.705362 0.728873 0.757306 0.792372 0.836683 0.894428 0.972774 1.08509 1.2595 1.56702
0.925024503557 0.67704 0.503446 0.47682906005 0.697252 0.7213 0.750381 0.786248 0.831571 0.890635 0.970772 1.08566 1.26406 1.57861
0.942477796077 0.66846 0.492618 0.46564498794 0.689113 0.713687 0.743405 0.780057 0.826373 0.886731 0.968624 1.08603 1.26834 1.58979
0.959931088597 0.659862 0.48194 0.454638860373 0.680948 0.706037 0.736378 0.773798 0.821086 0.882711 0.966323 1.08619 1.27233 1.60054
0.977384381117 0.65125 0.471419 0.443816708656 0.672759 0.698351 0.729301 0.767473 0.81571 0.878573 0.963865 1.08614 1.27603 1.61083
0.994837673637 0.642625 0.461059 0.433184011997 0.664547 0.690631 0.722175 0.76108 0.810244 0.874315 0.961247 1.08587 1.27941 1.62065
1.01229096616 0.633992 0.450865 0.422745756056 0.656316 0.682878 0.715001 0.75462 0.804687 0.869935 0.958463 1.08538 1.28247 1.62998
1.02974425868 0.625352 0.44084 0.412506432944 0.648066 0.675094 0.70778 0.748094 0.799038 0.865429 0.95551 1.08465 1.2852 1.6388
1.0471975512 0.616707 0.43099 0.402469991036 0.639801 0.667281 0.700513 0.7415 0.793296 0.860798 0.952384 1.08369 1.28759 1.6471
1.06465084372 0.608061 0.421317 0.392639910255 0.631523 0.659439 0.693201 0.73484 0.787461 0.856037 0.949082 1.08247 1.28962 1.65486
1.08210413624 0.599416 0.411824 0.383019168614 0.623233 0.651572 0.685844 0.728114 0.781532 0.851146 0.945599 1.08101 1.29129 1.66206
1.09955742876 0.590773 0.402513 0.373610233846 0.614933 0.643679 0.678444 0.721323 0.775508 0.846122 0.941933 1.07929 1.2926 1.66869
1.11701072128 0.582136 0.393388 0.364415121963 0.606625 0.635764 0.671003 0.714465 0.769388 0.840965 0.938082 1.07731 1.29352 1.67474
1.1344640138 0.573507 0.384449 0.355435372164 0.598312 0.627827 0.66352 0.707543 0.763174 0.835673 0.934041 1.07506 1.29406 1.68018
1.15191730632 0.564888 0.375698 0.346672055194 0.589995 0.619869 0.655997 0.700555 0.756864 0.830245 0.929808 1.07255 1.2942 1.68502
1.16937059884 0.556281 0.367135 0.338125790077 0.581676 0.611893 0.648435 0.693504 0.750457 0.824679 0.925382 1.06975 1.29395 1.68923
1.18682389136 0.547689 0.358762 0.329796760849 0.573358 0.6039 0.640835 0.686389 0.743955 0.818975 0.92076 1.06668 1.29328 1.69282
1.20427718388 0.539113 0.350578 0.321684716552 0.565041 0.595891 0.633199 0.679212 0.737357 0.813131 0.915941 1.06333 1.29221 1.69575
1.2217304764 0.530556 0.342583 0.313789013067 0.556728 0.587869 0.625527 0.671973 0.730664 0.807149 0.910922 1.05969 1.29071 1.69804
1.23918376892 0.522019 0.334777 0.306108562918 0.548421 0.579834 0.617821 0.664672 0.723874 0.801026 0.905702 1.05577 1.28879 1.69966
1.25663706144 0.513506 0.327159 0.298641918924 0.540121 0.571788 0.610082 0.65731 0.71699 0.794762 0.900281 1.05155 1.28645 1.70061
1.27409035396 0.505017 0.319728 0.291387249107 0.53183 0.563732 0.602311 0.64989 0.710011 0.788359 0.894657 1.04704 1.28368 1.70089
1.29154364648 0.496555 0.312481 0.284342370151 0.523551 0.55567 0.59451 0.64241 0.702939 0.781815 0.888829 1.04224 1.28047 1.70049
1.308996939 0.488122 0.305418 0.277504730667 0.515284 0.547601 0.586679 0.634874 0.695772 0.775131 0.882798 1.03715 1.27682 1.6994
1.32645023152 0.479719 0.298535 0.270871478124 0.507032 0.539527 0.578821 0.627281 0.688514 0.768307 0.876564 1.03175 1.27274 1.69762
1.34390352404 0.471349 0.291832 0.264439417015 0.498796 0.53145 0.570937 0.619633 0.681164 0.761344 0.870125 1.02607 1.26821 1.69514
1.36135681656 0.463013 0.285304 0.258205084146 0.490578 0.523372 0.563028 0.611931 0.673723 0.754243 0.863484 1.02008 1.26325 1.69197
1.37881010908 0.454713 0.27895 0.252164706813 0.48238 0.515295 0.555095 0.604177 0.666193 0.747005 0.856639 1.0138 1.25784 1.68809
1.3962634016 0.446451 0.272766 0.246314269719 0.474203 0.507219 0.547141 0.596371 0.658575 0.73963 0.849593 1.00722 1.25199 1.68352
1.41371669412 0.438228 0.266748 0.240649514978 0.466049 0.499147 0.539166 0.588517 0.650871 0.73212 0.842346 1.00035 1.2457 1.67825
1.43116998664 0.430047 0.260894 0.23516592538 0.457921 0.49108 0.531173 0.580614 0.643081 0.724477 0.834899 0.993186 1.23896 1.67228
1.44862327916 0.421909 0.255198 0.229858808049 0.449819 0.48302 0.523163 0.572665 0.635208 0.716701 0.827255 0.985728 1.23179 1.66561
1.46607657168 0.413816 0.249659 0.224723260978 0.441745 0.474968 0.515138 0.564671 0.627253 0.708796 0.819415 0.977979 1.22418 1.65824
1.4835298642 0.405768 0.24427 0.219754206489 0.433701 0.466927 0.5071 0.556635 0.619219 0.700762 0.811381 0.969943 1.21614 1.65018
1.50098315672 0.397769 0.239029 0.214946416333 0.425688 0.458898 0.499049 0.548558 0.611106 0.692603 0.803156 0.961622 1.20767 1.64144
1.51843644924 0.389819 0.233931 0.21029452005 0.417708 0.450882 0.490989 0.540441 0.602918 0.684319 0.794742 0.953018 1.19877 1.63201
1.53588974176 0.381921 0.228971 0.205793021705 0.409764 0.442882 0.482921 0.532288 0.594656 0.675915 0.786141 0.944135 1.18944 1.6219
1.55334303427 0.374075 0.224145 0.201436324977 0.401855 0.434899 0.474846 0.5241 0.586323 0.667391 0.777358 0.934976 1.1797 1.61112
1.57079632679 0.366282 0.219447 0.197218758262 0.393985 0.426935 0.466767 0.515879 0.577921 0.658752 0.768395 0.925546 1.16954 1.59968
1.58824961931 0.358545 0.214875 0.193134566302 0.386154 0.418991 0.458686 0.507627 0.569452 0.649999 0.759255 0.915849 1.15897 1.58758
1.60570291183 0.350865 0.210421 0.189177952012 0.378364 0.411069 0.450605 0.499347 0.56092 0.641136 0.749942 0.905889 1.14801 1.57483
1.62315620435 0.343244 0.206083 0.185343093213 0.370617 0.403172 0.442525 0.491041 0.552327 0.632167 0.740461 0.895672 1.13664 1.56144
1.64060949687 0.335682 0.201855 0.181624142631 0.362914 0.395301 0.434449 0.482711 0.543676 0.623095 0.730816 0.885203 1.12489 1.54742
1.65806278939 0.328181 0.197732 0.178015244624 0.355257 0.387457 0.426379 0.474361 0.534969 0.613923 0.721011 0.874487 1.11276 1.53278
1.67551608191 0.320742 0.193709 0.174510577014 0.347648 0.379643 0.418317 0.465992 0.52621 0.604655 0.71105 0.86353 1.10025 1.51754
1.69296937443 0.313367 0.189782 0.171104351081 0.340087 0.371861 0.410265 0.457606 0.517402 0.595295 0.700938 0.852339 1.08738 1.5017
1.71042266695 0.306058 0.185945 0.167790803203 0.332577 0.364112 0.402226 0.449208 0.508549 0.585846 0.690681 0.84092 1.07415 1.48528
1.72787595947 0.298814 0.182195 0.16456427014 0.325119 0.356397 0.394201 0.440798 0.499652 0.576314 0.680283 0.829279 1.06058 1.4683
1.74532925199 0.291638 0.178525 0.161419130475 0.317714 0.34872 0.386193 0.432381 0.490717 0.566701 0.66975 0.817423 1.04667 1.45075
1.76278254451 0.28453 0.174933 0.158349871544 0.310365 0.341082 0.378204 0.423959 0.481746 0.557013 0.659087 0.805361 1.03243 1.43267
1.78023583703 0.277492 0.171412 0.15535109779 0.303071 0.333484 0.370236 0.415535 0.472742 0.547254 0.6483 0.793099 1.01787 1.41407
1.79768912955 0.270526 0.167959 0.152417514043 0.295836 0.325928 0.362292 0.407111 0.463711 0.537428 0.637396 0.780645 1.00301 1.39495
1.81514242207 0.263631 0.16457 0.149543967338 0.28866 0.318417 0.354375 0.398691 0.454654 0.527541 0.626379 0.768007 0.987851 1.37534
1.83259571459 0.256809 0.161239 0.146725438557 0.281546 0.310952 0.346486 0.390277 0.445577 0.517597 0.615257 0.755194 0.972409 1.35526
1.85004900711 0.250062 0.157963 0.143957075882 0.274493 0.303535 0.338627 0.381873 0.436482 0.5076 0.604035 0.742214 0.956694 1.33472
1.86750229963 0.243391 0.154739 0.141234194801 0.267504 0.296168 0.330802 0.373482 0.427374 0.497557 0.592721 0.729075 0.94072 1.31374
1.88495559215 0.236795 0.151561 0.138552261376 0.260581 0.288853 0.323013 0.365107 0.418257 0.487472 0.581321 0.715787 0.924497 1.29234
1.90240888467 0.230277 0.148427 0.135906950798 0.253724 0.281592 0.315262 0.35675 0.409135 0.47735 0.569841 0.702359 0.90804 1.27054
1.91986217719 0.223838 0.145333 0.133294130658 0.246935 0.274386 0.307551 0.348416 0.400012 0.467197 0.558289 0.688799 0.89136 1.24836
1.93731546971 0.217478 0.142275 0.130709860948 0.240215 0.267238 0.299884 0.340108 0.390891 0.457018 0.546672 0.675118 0.874472 1.22581
1.95476876223 0.211198 0.139251 0.128150410786 0.233566 0.260149 0.292262 0.331828 0.381779 0.446819 0.534997 0.661325 0.857388 1.20292
1.97222205475 0.205 0.136257 0.12561226679 0.226989 0.253122 0.284689 0.32358 0.372678 0.436605 0.523271 0.64743 0.840122 1.17971
1.98967534727 0.198883 0.13329 0.123092141435 0.220486 0.246157 0.277165 0.315367 0.363592 0.426381 0.511502 0.633443 0.822688 1.15619
2.00712863979 0.19285 0.130349 0.120586964694 0.214057 0.239258 0.269696 0.307193 0.354527 0.416154 0.499696 0.619374 0.805101 1.1324
2.02458193231 0.186901 0.127429 0.118093900763 0.207705 0.232425 0.262281 0.299061 0.345487 0.405929 0.487863 0.605232 0.787374 1.10835
2.04203522483 0.181036 0.12453 0.115610356429 0.20143 0.225661 0.254925 0.290973 0.336475 0.395711 0.476008 0.591029 0.769522 1.08406
2.05948851735 0.175257 0.121648 0.113133955977 0.195233 0.218967 0.247629 0.282935 0.327497 0.385508 0.464141 0.576775 0.75156 1.05956
2.07694180987 0.169564 0.118783 0.110662591375 0.189116 0.212345 0.240397 0.274949 0.318557 0.375324 0.452268 0.562481 0.733502 1.03486
2.09439510239 0.163958 0.115932 0.108194363724 0.183081 0.205798 0.23323 0.267017 0.309659 0.365165 0.440398 0.548156 0.715364 1.01
2.11184839491 0.15844 0.113094 0.105727633443 0.177127 0.199327 0.226132 0.259145 0.300808 0.355038 0.428539 0.533812 0.69716 0.984986
2.12930168743 0.15301 0.110268 0.103261003545 0.171258 0.192933 0.219104 0.251335 0.292008 0.344948 0.416697 0.519459 0.678906 0.959852
2.14675497995 0.14767 0.107453 0.100793311266 0.165473 0.186619 0.21215 0.24359 0.283264 0.334902 0.404883 0.505109 0.660617 0.934616
2.16420827247 0.142419 0.104647 0.0983236280697 0.159774 0.180386 0.205271 0.235914 0.27458 0.324904 0.393102 0.490771 0.642308 0.909303
2.18166156499 0.137259 0.101851 0.0958512847396 0.154162 0.174236 0.19847 0.22831 0.265961 0.314962 0.381364 0.476458 0.623994 0.883936
2.19911485751 0.13219 0.0990627 0.0933758128246 0.148638 0.168171 0.191749 0.220781 0.257412 0.305081 0.369676 0.462179 0.605691 0.858537
2.21656815003 0.127212 0.0962833 0.0908970031946 0.143203 0.162191 0.185112 0.213332 0.248936 0.295266 0.358046 0.447945 0.587415 0.833131
2.23402144255 0.122327 0.0935123 0.0884148558497 0.137858 0.156301 0.17856 0.205965 0.240538 0.285525 0.346482 0.433768 0.56918 0.80774
2.25147473507 0.117534 0.0907498 0.0859296050154 0.132605 0.150499 0.172096 0.198683 0.232222 0.275863 0.334993 0.419659 0.551002 0.782389
2.26892802759 0.112835 0.0879962 0.0834416940474 0.127445 0.144789 0.165722 0.19149 0.223994 0.266286 0.323585 0.405628 0.532896 0.7571
2.28638132011 0.10823 0.0852519 0.0809517670662 0.122377 0.139173 0.15944 0.184388 0.215857 0.2568 0.312268 0.391686 0.514879 0.731897
2.30383461263 0.103719 0.0825176 0.0784606940525 0.117404 0.13365 0.153254 0.177382 0.207816 0.24741 0.301049 0.377844 0.496964 0.706802
2.32128790515 0.0993021 0.0797942 0.0759695290216 0.112527 0.128224 0.147164 0.170475 0.199875 0.238123 0.289935 0.364112 0.479167 0.681839
2.33874119767 0.0949807 0.0770827 0.0734795183883 0.107745 0.122895 0.141174 0.163669 0.192039 0.228943 0.278934 0.350501 0.461504 0.657031
2.35619449019 0.0907548 0.0743842 0.0709920842368 0.103061 0.117665 0.135285 0.156967 0.184311 0.219878 0.268055 0.337022 0.443988 0.632401
2.37364778271 0.0866247 0.0717001 0.068508815955 0.0984742 0.112536 0.1295 0.150373 0.176695 0.210932 0.257304 0.323685 0.426636 0.607971
2.39110107523 0.0825908 0.0690319 0.0660314953307 0.0939865 0.107509 0.12382 0.14389 0.169197 0.202111 0.24669 0.3105 0.409461 0.583762
2.40855436775 0.0786534 0.0663811 0.0635620212643 0.0895985 0.102585 0.118249 0.13752 0.161819 0.19342 0.236218 0.297477 0.392478 0.559799
2.42600766027 0.0748129 0.0637496 0.0611024599603 0.0853108 0.0977657 0.112787 0.131267 0.154566 0.184866 0.225898 0.284628 0.375702 0.536102
2.44346095279 0.0710694 0.0611392 0.0586550031013 0.0811242 0.0930525 0.107438 0.125134 0.147442 0.176452 0.215737 0.271961 0.359146 0.512693
2.46091424531 0.0674231 0.0585518 0.0562219678476 0.0770395 0.0884466 0.102202 0.119122 0.140451 0.168185 0.20574 0.259486 0.342825 0.489593
2.47836753783 0.0638744 0.0559897 0.0538057968379 0.0730573 0.0839491 0.0970822 0.113235 0.133596 0.16007 0.195915 0.247213 0.326752 0.466823
2.49582083035 0.0604233 0.0534548 0.0514089996322 0.0691782 0.0795614 0.09208 0.107476 0.126882 0.152111 0.18627 0.235151 0.310941 0.444405
2.51327412287 0.0570701 0.0509496 0.0490342196338 0.0654028 0.0752844 0.0871973 0.101847 0.120311 0.144314 0.17681 0.223311 0.295405 0.422357
2.53072741539 0.0538148 0.0484763 0.0466841504373 0.0617318 0.0711194 0.0824357 0.0963509 0.113887 0.136683 0.167543 0.211699 0.280157 0.4007
2.54818070791 0.0506575 0.0460374 0.0443615525588 0.0581655 0.0670674 0.077797 0.0909897 0.107614 0.129223 0.158475 0.200327 0.265209 0.379453
2.56563400043 0.0475983 0.0436353 0.0420692618011 0.0547046 0.0631293 0.0732828 0.0857659 0.101495 0.121938 0.149611 0.189201 0.250574 0.358635
2.58308729295 0.0446372 0.0412725 0.0398101306976 0.0513494 0.0593061 0.0688946 0.080682 0.0955329 0.114834 0.140958 0.178332 0.236265 0.338264
2.60054058547 0.0417743 0.0389516 0.0375870703381 0.0481005 0.0555988 0.0646339 0.0757401 0.0897315 0.107914 0.132523 0.167726 0.222292 0.318359
2.61799387799 0.0390094 0.0366752 0.0354029918122 0.0449581 0.0520081 0.0605022 0.0709422 0.0840933 0.101183 0.12431 0.157391 0.208667 0.298936
2.63544717051 0.0363427 0.0344458 0.0332608145749 0.0419226 0.0485349 0.0565008 0.0662906 0.0786214 0.0946435 0.116325 0.147336 0.195401 0.280014
2.65290046303 0.0337738 0.0322661 0.0311634580811 0.0389944 0.0451799 0.0526309 0.061787 0.0733186 0.0883008 0.108574 0.137568 0.182505 0.261608
2.67035375555 0.0313029 0.0301386 0.0291138250554 0.0361735 0.0419438 0.0488938 0.0574333 0.0681873 0.0821581 0.101061 0.128094 0.169988 0.243733
2.68780704807 0.0289295 0.0280659 0.0271147847613 0.0334603 0.0388272 0.0452905 0.0532313 0.0632302 0.0762189 0.0937914 0.118921 0.157862 0.226405
2.70526034059 0.0266537 0.0260506 0.025169173002 0.0308548 0.0358306 0.0418222 0.0491826 0.0584497 0.0704867 0.0867702 0.110055 0.146135 0.209639
2.72271363311 0.0244751 0.0240951 0.0232797670238 0.0283572 0.0329546 0.0384898 0.0452886 0.053848 0.0649645 0.0800016 0.101502 0.134816 0.193449
2.74016692563 0.0223935 0.0222019 0.0214492771517 0.0259675 0.0301995 0.035294 0.041551 0.0494271 0.0596553 0.0734897 0.093269 0.123914 0.177847
2.75762021815 0.0204086 0.0203735 0.0196803300587 0.0236858 0.0275657 0.0322359 0.0379708 0.0451891 0.0545621 0.0672385 0.0853608 0.113437 0.162846
2.77507351067 0.01852 0.0186121 0.0179754854959 0.0215119 0.0250535 0.0293159 0.0345494 0.0411358 0.0496873 0.0612517 0.0777829 0.103392 0.148457
2.79252680319 0.0167273 0.01692 0.016337186102 0.0194458 0.0226632 0.0265348 0.0312879 0.0372689 0.0450335 0.0555328 0.0705402 0.0937871 0.134693
2.80998009571 0.0150303 0.0152994 0.0147677824982 0.0174873 0.0203948 0.023893 0.028187 0.0335897 0.0406028 0.0500849 0.0636372 0.0846285 0.121564
2.82743338823 0.0134283 0.0137524 0.0132694747323 0.0156362 0.0182485 0.0213909 0.0252478 0.0300998 0.0363973 0.0449109 0.0570779 0.0759223 0.109078
2.84488668075 0.0119209 0.0122808 0.0118443708346 0.0138922 0.0162241 0.0190289 0.0224708 0.0268001 0.0324186 0.0400134 0.0508664 0.0676741 0.0972445
2.86233997327 0.0105075 0.0108866 0.0104944115317 0.012255 0.0143217 0.0168071 0.0198566 0.0236918 0.0286684 0.0353948 0.0450058 0.0598891 0.0860719
2.87979326579 0.00918757 0.00957154 0.00922138697649 0.0107241 0.0125411 0.0147257 0.0174057 0.0207757 0.025148 0.031057 0.0394993 0.0525715 0.0755669
2.89724655831 0.00796039 0.0083371 0.0080269451134 0.00929912 0.0108819 0.0127845 0.0151182 0.0180523 0.0218585 0.0270018 0.0343494 0.0457255 0.0657358
2.91469985083 0.00682527 0.00718475 0.00691253312212 0.00797947 0.00934376 0.0109835 0.0129943 0.0155221 0.0188007 0.0232306 0.0295582 0.0393542 0.056584
2.93215314335 0.00578145 0.00611578 0.00587943924348 0.00676454 0.00792631 0.00932234 0.011034 0.0131853 0.0159753 0.0197443 0.0251274 0.0334604 0.0481159
2.94960643587 0.00482813 0.00513131 0.00492876768394 0.00565363 0.00662895 0.00780068 0.00923704 0.011042 0.0133825 0.0165438 0.0210583 0.0280462 0.0403349
2.96705972839 0.0039644 0.00423226 0.00406140515474 0.00464596 0.00545102 0.00641797 0.00760307 0.00909202 0.0110223 0.0136293 0.0173517 0.0231129 0.0332435
2.98451302091 0.00318932 0.00341942 0.00327802923709 0.00374067 0.00439174 0.00517356 0.00613153 0.0073349 0.00889468 0.0110009 0.0140079 0.0186613 0.0268433
3.00196631343 0.00250187 0.00269334 0.00257910838224 0.00293678 0.00345022 0.00406661 0.0048217 0.00577 0.00699895 0.00865814 0.0110266 0.0146914 0.0211346
3.01941960595 0.00190092 0.00205437 0.00196488518097 0.00223324 0.00262544 0.00309614 0.00367262 0.00439645 0.00533429 0.00660024 0.00840709 0.0112025 0.0161167
3.03687289847 0.0013853 0.00150266 0.00143534290291 0.00162886 0.00191623 0.00226101 0.00268316 0.00321308 0.00389952 0.00482594 0.00614798 0.00819307 0.0117878
3.05432619099 0.000953676 0.00103812 0.000990205496417 0.00112235 0.00132128 0.00155988 0.00185192 0.00221843 0.00269309 0.00333355 0.00424734 0.0056607 0.00814476
3.07177948351 0.000604644 0.000660384 0.000628937588687 0.00071224 0.000839087 0.000991177 0.00117728 0.00141075 0.00171304 0.00212083 0.00270255 0.00360214 0.00518302
3.08923277603 0.000336637 0.000368846 0.00035068592928 0.000396928 0.000467976 0.000553127 0.000657281 0.000787908 0.000956987 0.00118502 0.00151023 0.00201307 0.00289661
3.10668606855 0.000147914 0.000162564 0.000154271024946 0.000174588 0.000206007 0.000243645 0.000289664 0.000347357 0.000422008 0.000522659 0.000666171 0.000888022 0.00127777
3.12413936107 3.64909e-05 4.02267e-05 3.80951224165e-05 4.31232e-05 5.09301e-05 6.02774e-05 7.17002e-05 8.60145e-05 0.000104529 0.000129483 0.000165053 0.000220026 0.000316586
3.14159265359 0.0 0.0 0.0 0.0 0.0 0.0 0.0 0.0 0.0 0.0 0.0 0.0 0.0
