alpha phi_iso phi_ray phi_vec g0=0.1 g0=0.2 g0=0.3 g0=0.4 g0=0.5 g0=0.6 g0=0.7 g0=0.8 g0=0.9 g0=1.0
0.0 1.0 1.0 1.0 1.0 1.0 1.0 1.0 1.0 1.0 1.0 1.0 1.0 1.0
0.0174532925199 0.999705 0.999578 0.999560528932 0.999718 0.999734 0.999752 0.999773 0.999799 0.99983 0.999869 0.999921 0.999991 1.00009
0.0349065850399 0.998871 0.998374 0.998298705222 0.998923 0.998984 0.999054 0.999136 0.999235 0.999357 0.99951 0.99971 0.999982 1.00038
0.0523598775598 0.997575 0.996475 0.996298282141 0.997689 0.99782 0.997972 0.998152 0.998368 0.998633 0.998968 0.999405 1.0 1.00087
0.0698131700798 0.995877 0.993953 0.993625897738 0.996073 0.996298 0.99656 0.996869 0.997242 0.9977 0.998279 0.999034 1.00007 1.00156
0.0872664625997 0.993815 0.990853 0.990326903263 0.994111 0.994452 0.99485 0.99532 0.995886 0.996583 0.997464 0.998614 1.00019 1.00247
0.10471975512 0.991415 0.987209 0.98643266981 0.99183 0.992307 0.992865 0.993525 0.99432 0.9953 0.996538 0.998158 1.00037 1.00359
0.12217304764 0.988696 0.983044 0.981968017515 0.989246 0.98988 0.990621 0.991499 0.992558 0.993862 0.995513 0.997674 1.00063 1.00492
0.13962634016 0.985673 0.978381 0.976955315642 0.986374 0.987184 0.988131 0.989254 0.99061 0.992281 0.994397 0.997167 1.00096 1.00647
0.157079632679 0.982359 0.97324 0.971416024595 0.983229 0.984234 0.985409 0.986804 0.988488 0.990566 0.993198 0.996645 1.00136 1.00823
0.174532925199 0.978769 0.967642 0.965371170769 0.979823 0.98104 0.982465 0.984157 0.986201 0.988725 0.991922 0.996111 1.00185 1.01019
0.191986217719 0.974916 0.961606 0.958841428249 0.976168 0.977616 0.979311 0.981325 0.983759 0.986765 0.990575 0.995569 1.00241 1.01237
0.209439510239 0.970809 0.95515 0.951847159652 0.972274 0.973969 0.975955 0.978314 0.981168 0.984693 0.989163 0.995023 1.00305 1.01474
0.226892802759 0.966461 0.948293 0.944408431452 0.968153 0.970112 0.972407 0.975135 0.978436 0.982515 0.987689 0.994474 1.00377 1.01731
0.244346095279 0.961882 0.941054 0.936545039504 0.963814 0.966052 0.968675 0.971795 0.97557 0.980237 0.986158 0.993924 1.00457 1.02008
0.261799387799 0.957081 0.93345 0.928276529472 0.959267 0.961799 0.964768 0.9683 0.972576 0.977863 0.984572 0.993375 1.00544 1.02303
0.279252680319 0.952068 0.925499 0.919622268311 0.95452 0.957361 0.960693 0.964658 0.96946 0.975398 0.982935 0.992827 1.00639 1.02616
0.296705972839 0.946852 0.917218 0.910601418735 0.949581 0.952744 0.956456 0.960874 0.966225 0.972845 0.981249 0.992279 1.00741 1.02946
0.314159265359 0.94144 0.908623 0.901233010706 0.944458 0.947957 0.952064 0.956954 0.962878 0.970207 0.979514 0.991732 1.00849 1.03292
0.331612557879 0.93584 0.899732 0.891535895473 0.939159 0.943006 0.947523 0.952902 0.959421 0.967487 0.977732 0.991184 1.00964 1.03654
0.349065850399 0.930061 0.89056 0.881528796639 0.933689 0.937898 0.942839 0.948725 0.955859 0.964688 0.975904 0.990633 1.01084 1.04031
0.366519142919 0.924109 0.881125 0.871230294839 0.928058 0.932638 0.938017 0.944426 0.952195 0.961812 0.974031 0.990079 1.0121 1.04421
0.383972435439 0.917992 0.871442 0.860658812421 0.92227 0.927233 0.933063 0.94001 0.948433 0.958861 0.972112 0.989518 1.01341 1.04824
0.401425727959 0.911716 0.861527 0.849832628769 0.916331 0.921688 0.92798 0.93548 0.944575 0.955836 0.970148 0.988949 1.01476 1.05239
0.418879020479 0.905287 0.851396 0.838769854766 0.910249 0.916008 0.922775 0.930841 0.940624 0.952739 0.968137 0.988368 1.01614 1.05665
0.436332312999 0.898712 0.841063 0.827488437908 0.904028 0.910198 0.91745 0.926095 0.936581 0.949569 0.966079 0.987773 1.01756 1.061
0.453785605519 0.891997 0.830545 0.816006121449 0.897673 0.904264 0.91201 0.921246 0.93245 0.946329 0.963973 0.98716 1.01899 1.06543
0.471238898038 0.885148 0.819856 0.804340464828 0.891192 0.898209 0.906459 0.916297 0.928232 0.943019 0.961818 0.986526 1.02045 1.06994
0.488692190558 0.87817 0.809011 0.792508807931 0.884587 0.892039 0.900801 0.91125 0.923929 0.939638 0.959613 0.985867 1.02192 1.07451
0.506145483078 0.871069 0.798024 0.780528250658 0.877865 0.885758 0.895039 0.906109 0.919542 0.936188 0.957355 0.985178 1.02339 1.07914
0.523598775598 0.863851 0.786911 0.768415658037 0.87103 0.87937 0.889177 0.900876 0.915073 0.932667 0.955043 0.984457 1.02485 1.0838
0.541052068118 0.85652 0.775685 0.756187629586 0.864087 0.872878 0.883217 0.895552 0.910523 0.929077 0.952675 0.983698 1.02631 1.08848
0.558505360638 0.849081 0.764359 0.743860483994 0.85704 0.866287 0.877164 0.890141 0.905893 0.925416 0.950249 0.982897 1.02774 1.09318
0.575958653158 0.841539 0.752948 0.731450238697 0.849893 0.859601 0.871019 0.884644 0.901184 0.921685 0.947763 0.982051 1.02915 1.09788
0.593411945678 0.8339 0.741465 0.718972604772 0.842652 0.852822 0.864786 0.879064 0.896397 0.917882 0.945214 0.981153 1.03052 1.10257
0.610865238198 0.826168 0.729922 0.706442971621 0.835319 0.845955 0.858468 0.873402 0.891532 0.914007 0.942601 0.9802 1.03185 1.10724
0.628318530718 0.818346 0.718333 0.693876376334 0.8279 0.839003 0.852067 0.867659 0.88659 0.91006 0.93992 0.979187 1.03313 1.11187
0.645771823238 0.810441 0.70671 0.681287498582 0.820397 0.831969 0.845586 0.861838 0.881572 0.906039 0.937169 0.978108 1.03435 1.11645
0.663225115758 0.802456 0.695064 0.668690645302 0.812815 0.824857 0.839026 0.85594 0.876479 0.901944 0.934346 0.97696 1.03551 1.12097
0.680678408278 0.794394 0.683409 0.656099740479 0.805157 0.817668 0.832391 0.849967 0.87131 0.897774 0.931448 0.975737 1.03659 1.12541
0.698131700798 0.786262 0.671754 0.64352830473 0.797427 0.810407 0.825683 0.843919 0.866065 0.893527 0.928472 0.974434 1.03759 1.12977
0.715584993318 0.778062 0.660111 0.63098943998 0.789628 0.803077 0.818903 0.837799 0.860746 0.889203 0.925415 0.973046 1.03849 1.13403
0.733038285838 0.769798 0.648491 0.618495829467 0.781765 0.795679 0.812055 0.831607 0.855353 0.884801 0.922276 0.971569 1.0393 1.13818
0.750491578358 0.761474 0.636905 0.606059717312 0.773839 0.788217 0.80514 0.825344 0.849885 0.880319 0.919051 0.969998 1.04001 1.14221
0.767944870878 0.753095 0.625362 0.593692903418 0.765855 0.780694 0.798159 0.819013 0.844343 0.875757 0.915737 0.968328 1.0406 1.1461
0.785398163397 0.744663 0.613872 0.58140672815 0.757816 0.773112 0.791116 0.812614 0.838727 0.871113 0.912332 0.966554 1.04107 1.14985
0.802851455917 0.736183 0.602444 0.569212062125 0.749725 0.765473 0.784011 0.806148 0.833037 0.866387 0.908833 0.964671 1.04141 1.15343
0.820304748437 0.727657 0.591087 0.557119316421 0.741584 0.757781 0.776848 0.799616 0.827273 0.861576 0.905238 0.962676 1.04161 1.15685
0.837758040957 0.71909 0.57981 0.545138411941 0.733398 0.750038 0.769626 0.793019 0.821435 0.856681 0.901543 0.960562 1.04167 1.16009
0.855211333477 0.710484 0.56862 0.533278779419 0.725168 0.742245 0.76235 0.786358 0.815524 0.851701 0.897747 0.958326 1.04158 1.16313
0.872664625997 0.701844 0.557526 0.521549369624 0.716898 0.734407 0.755019 0.779635 0.80954 0.846633 0.893848 0.955964 1.04133 1.16597
0.890117918517 0.693172 0.546535 0.509958632941 0.70859 0.726523 0.747636 0.77285 0.803481 0.841477 0.889841 0.953471 1.04092 1.1686
0.907571211037 0.684472 0.535653 0.498514519369 0.700248 0.718599 0.740203 0.766004 0.79735 0.836232 0.885726 0.950843 1.04034 1.17101
0.925024503557 0.675746 0.524888 0.487224483629 0.691874 0.710634 0.73272 0.759098 0.791145 0.830898 0.8815 0.948076 1.03958 1.17318
0.942477796077 0.666998 0.514245 0.476095474949 0.683471 0.702632 0.725191 0.752134 0.784868 0.825473 0.877161 0.945166 1.03863 1.1751
0.959931088597 0.658231 0.50373 0.465133947279 0.675041 0.694594 0.717616 0.745112 0.778517 0.819956 0.872706 0.94211 1.0375 1.17678
0.977384381117 0.649448 0.493348 0.454345838865 0.666587 0.686524 0.709997 0.738032 0.772094 0.814347 0.868135 0.938903 1.03617 1.17819
0.994837673637 0.640651 0.483105 0.443736607991 0.658112 0.678422 0.702336 0.730897 0.765599 0.808646 0.863444 0.935543 1.03464 1.17933
1.01229096616 0.631844 0.473005 0.43331119724 0.649618 0.670291 0.694633 0.723707 0.759031 0.80285 0.858632 0.932026 1.0329 1.18019
1.02974425868 0.62303 0.463052 0.423074069231 0.641107 0.662134 0.686892 0.716463 0.752391 0.796961 0.853698 0.928349 1.03095 1.18076
1.0471975512 0.614211 0.45325 0.413029196411 0.632582 0.653952 0.679113 0.709166 0.74568 0.790977 0.84864 0.924509 1.02879 1.18104
1.06465084372 0.605389 0.443602 0.403180055948 0.624045 0.645746 0.671298 0.701818 0.738898 0.784898 0.843456 0.920503 1.0264 1.18102
1.08210413624 0.596568 0.434111 0.393529660366 0.615499 0.63752 0.663449 0.694418 0.732046 0.778724 0.838145 0.916328 1.02379 1.18069
1.09955742876 0.587751 0.42478 0.384080542226 0.606946 0.629275 0.655567 0.686969 0.725123 0.772454 0.832706 0.911983 1.02094 1.18004
1.11701072128 0.578939 0.415611 0.374834784766 0.598389 0.621014 0.647653 0.679472 0.718131 0.766088 0.827139 0.907465 1.01787 1.17907
1.1344640138 0.570135 0.406607 0.365793996367 0.589829 0.612737 0.63971 0.671927 0.711069 0.759627 0.821441 0.902772 1.01456 1.17778
1.15191730632 0.561342 0.397767 0.356959356509 0.581268 0.604447 0.631738 0.664335 0.70394 0.75307 0.815613 0.897902 1.011 1.17615
1.16937059884 0.552562 0.389095 0.348331610663 0.57271 0.596146 0.62374 0.656699 0.696743 0.746418 0.809653 0.892854 1.00721 1.17418
1.18682389136 0.543798 0.38059 0.339911065189 0.564156 0.587836 0.615718 0.649019 0.689479 0.73967 0.803562 0.887626 1.00317 1.17187
1.20427718388 0.535052 0.372253 0.331697628179 0.555608 0.579518 0.607671 0.641296 0.682149 0.732827 0.797339 0.882217 0.998875 1.16921
1.2217304764 0.526326 0.364084 0.323690799247 0.547068 0.571196 0.599603 0.633532 0.674754 0.72589 0.790983 0.876626 0.994335 1.1662
1.23918376892 0.517622 0.356084 0.315889700166 0.538539 0.562869 0.591515 0.625729 0.667296 0.718858 0.784495 0.870853 0.989542 1.16284
1.25663706144 0.508944 0.348251 0.30829306976 0.530023 0.554541 0.583409 0.617886 0.659774 0.711733 0.777875 0.864896 0.984495 1.15912
1.27409035396 0.500292 0.340586 0.300899289438 0.521521 0.546214 0.575286 0.610007 0.65219 0.704516 0.771123 0.858755 0.979194 1.15504
1.29154364648 0.491669 0.333087 0.293706388292 0.513036 0.537888 0.567148 0.602092 0.644546 0.697207 0.76424 0.852431 0.973637 1.1506
1.308996939 0.483078 0.325752 0.286712073741 0.504569 0.529566 0.558996 0.594143 0.636842 0.689807 0.757226 0.845924 0.967824 1.1458
1.32645023152 0.47452 0.318581 0.279913736634 0.496123 0.52125 0.550833 0.586161 0.629081 0.682318 0.750082 0.839233 0.961755 1.14064
1.34390352404 0.465997 0.311571 0.273308466566 0.4877 0.512942 0.542659 0.578149 0.621263 0.67474 0.742809 0.832359 0.955429 1.13511
1.36135681656 0.457511 0.304721 0.266893056985 0.479301 0.504643 0.534478 0.570107 0.613389 0.667075 0.735407 0.825304 0.948847 1.12922
1.37881010908 0.449065 0.298028 0.260664051149 0.470928 0.496356 0.52629 0.562037 0.605462 0.659324 0.727879 0.818068 0.94201 1.12296
1.3962634016 0.44066 0.291491 0.254617737016 0.462584 0.488082 0.518098 0.553941 0.597483 0.651488 0.720226 0.810652 0.934919 1.11634
1.41371669412 0.432298 0.285105 0.248750157455 0.45427 0.479822 0.509902 0.545822 0.589454 0.643571 0.712448 0.803058 0.927575 1.10936
1.43116998664 0.423982 0.278869 0.243057145995 0.445988 0.47158 0.501706 0.537679 0.581376 0.635572 0.704549 0.795287 0.919979 1.10202
1.44862327916 0.415712 0.27278 0.237534342134 0.43774 0.463356 0.49351 0.529516 0.573252 0.627494 0.696529 0.787342 0.912134 1.09432
1.46607657168 0.40749 0.266834 0.23217719645 0.429527 0.455153 0.485317 0.521335 0.565083 0.61934 0.688392 0.779224 0.904042 1.08626
1.4835298642 0.399319 0.261028 0.226980985919 0.421352 0.446972 0.477129 0.513136 0.556871 0.61111 0.680138 0.770937 0.895706 1.07785
1.50098315672 0.391201 0.255359 0.221940859867 0.413216 0.438816 0.468947 0.504923 0.548619 0.602808 0.67177 0.762482 0.887128 1.06909
1.51843644924 0.383136 0.249823 0.217051809335 0.405121 0.430685 0.460773 0.496697 0.540328 0.594435 0.663292 0.753862 0.878311 1.05998
1.53588974176 0.375127 0.244417 0.212308743667 0.397069 0.422582 0.45261 0.48846 0.532001 0.585994 0.654704 0.74508 0.869259 1.05053
1.55334303427 0.367174 0.239136 0.207706449666 0.389061 0.414509 0.444459 0.480215 0.52364 0.577488 0.646012 0.73614 0.859976 1.04074
1.57079632679 0.359281 0.233978 0.203239647755 0.3811 0.406467 0.436322 0.471963 0.515247 0.568918 0.637216 0.727044 0.850466 1.03062
1.58824961931 0.351447 0.228937 0.198902991983 0.373186 0.398459 0.4282 0.463706 0.506824 0.560288 0.62832 0.717796 0.840732 1.02018
1.60570291183 0.343676 0.224011 0.194691105758 0.365321 0.390485 0.420097 0.455447 0.498375 0.551601 0.619328 0.708401 0.830779 1.00941
1.62315620435 0.335968 0.219196 0.190598556327 0.357508 0.382548 0.412014 0.447188 0.489901 0.542859 0.610243 0.698862 0.820613 0.998322
1.64060949687 0.328325 0.214486 0.186619921146 0.349747 0.374651 0.403954 0.438932 0.481406 0.534066 0.601068 0.689183 0.810239 0.986929
1.65806278939 0.320748 0.209879 0.182749772567 0.342041 0.366793 0.395917 0.430681 0.472892 0.525224 0.591808 0.679369 0.799661 0.975233
1.67551608191 0.313238 0.205371 0.178982703364 0.334391 0.358978 0.387907 0.422436 0.464361 0.516337 0.582465 0.669424 0.788887 0.963242
1.69296937443 0.305798 0.200957 0.175313342055 0.326798 0.351207 0.379926 0.414201 0.455817 0.507408 0.573044 0.659354 0.77792 0.950964
1.71042266695 0.298428 0.196633 0.171736358003 0.319265 0.343482 0.371974 0.405978 0.447262 0.498441 0.563549 0.649162 0.766768 0.938406
1.72787595947 0.29113 0.192396 0.168246492056 0.311792 0.335805 0.364055 0.397769 0.4387 0.489438 0.553983 0.638854 0.755437 0.925576
1.74532925199 0.283905 0.188241 0.164838561654 0.304381 0.328177 0.356171 0.389577 0.430132 0.480403 0.544352 0.628435 0.743933 0.912485
1.76278254451 0.276754 0.184165 0.161507471034 0.297034 0.320601 0.348323 0.381404 0.421563 0.47134 0.534659 0.617911 0.732264 0.899139
1.78023583703 0.269679 0.180164 0.158248231661 0.289752 0.313077 0.340514 0.373253 0.412995 0.462253 0.52491 0.607288 0.720436 0.885549
1.79768912955 0.262681 0.176234 0.155055967332 0.282536 0.305608 0.332746 0.365127 0.404431 0.453146 0.515108 0.59657 0.708456 0.871724
1.81514242207 0.25576 0.172372 0.151925924387 0.275389 0.298196 0.325021 0.357027 0.395875 0.444021 0.505258 0.585764 0.696333 0.857674
1.83259571459 0.248918 0.168575 0.148853502342 0.268311 0.290842 0.317341 0.348957 0.387329 0.434884 0.495365 0.574876 0.684074 0.843409
1.85004900711 0.242157 0.164837 0.14583423858 0.261304 0.283549 0.309709 0.340919 0.378797 0.425737 0.485435 0.563911 0.671686 0.828939
1.86750229963 0.235476 0.161158 0.142863828764 0.254369 0.276316 0.302126 0.332916 0.370282 0.416586 0.475471 0.552877 0.659177 0.814275
1.88495559215 0.228878 0.157532 0.139938137056 0.247508 0.269148 0.294595 0.32495 0.361787 0.407433 0.46548 0.54178 0.646557 0.799428
1.90240888467 0.222364 0.153958 0.137053211435 0.240721 0.262045 0.287117 0.317025 0.353316 0.398284 0.455466 0.530625 0.633833 0.784408
1.91986217719 0.215933 0.150432 0.134205273479 0.234011 0.255008 0.279696 0.309142 0.344872 0.389142 0.445434 0.51942 0.621013 0.769228
1.93731546971 0.209588 0.146952 0.131390749009 0.227378 0.24804 0.272332 0.301305 0.336459 0.380012 0.43539 0.508172 0.608107 0.753898
1.95476876223 0.203329 0.143514 0.128606252764 0.220825 0.241143 0.265029 0.293516 0.328079 0.370898 0.425339 0.496886 0.595123 0.738431
1.97222205475 0.197158 0.140117 0.125848608829 0.214351 0.234317 0.257788 0.285778 0.319736 0.361803 0.415286 0.485571 0.58207 0.722837
1.98967534727 0.191074 0.136757 0.123114845529 0.207958 0.227565 0.250612 0.278094 0.311434 0.352733 0.405237 0.474233 0.568957 0.70713
2.00712863979 0.185079 0.133434 0.120402210743 0.201649 0.220888 0.243502 0.270466 0.303176 0.343692 0.395198 0.462878 0.555793 0.691322
2.02458193231 0.179173 0.130144 0.117708161698 0.195422 0.214288 0.236461 0.262898 0.294965 0.334684 0.385173 0.451515 0.542587 0.675424
2.04203522483 0.173358 0.126886 0.115030380282 0.189281 0.207766 0.22949 0.255391 0.286806 0.325713 0.375169 0.440149 0.529349 0.659449
2.05948851735 0.167634 0.123658 0.112366778152 0.183225 0.201324 0.222593 0.247948 0.2787 0.316785 0.365191 0.428789 0.516088 0.643411
2.07694180987 0.162002 0.120459 0.109715481416 0.177257 0.194964 0.21577 0.240573 0.270653 0.307902 0.355245 0.417442 0.502814 0.62732
2.09439510239 0.156463 0.117287 0.107074845952 0.171377 0.188686 0.209025 0.233268 0.262667 0.299071 0.345336 0.406115 0.489536 0.611192
2.11184839491 0.151017 0.114141 0.104443447191 0.165585 0.182494 0.202358 0.226035 0.254745 0.290295 0.335471 0.394815 0.476263 0.595037
2.12930168743 0.145665 0.11102 0.101820095444 0.159885 0.176387 0.195773 0.218878 0.246892 0.281578 0.325654 0.38355 0.463006 0.578869
2.14675497995 0.140407 0.107923 0.0992038052568 0.154275 0.170367 0.189271 0.211798 0.239111 0.272925 0.315891 0.372326 0.449773 0.562702
2.16420827247 0.135244 0.10485 0.0965938413698 0.148758 0.164437 0.182854 0.2048 0.231405 0.264341 0.306189 0.361152 0.436575 0.546547
2.18166156499 0.130177 0.101799 0.0939896574439 0.143333 0.158597 0.176523 0.197884 0.223777 0.25583 0.296552 0.350034 0.423421 0.530419
2.19911485751 0.125206 0.0987717 0.0913909420147 0.138003 0.152848 0.170282 0.191054 0.216231 0.247396 0.286987 0.33898 0.41032 0.514329
2.21656815003 0.120332 0.0957665 0.0887975929628 0.132767 0.147192 0.164132 0.184312 0.208771 0.239044 0.277499 0.327998 0.397283 0.498291
2.23402144255 0.115554 0.0927836 0.0862097021957 0.127628 0.141631 0.158074 0.177661 0.201399 0.230777 0.268094 0.317094 0.384318 0.482319
2.25147473507 0.110875 0.0898234 0.0836275811777 0.122585 0.136166 0.152111 0.171103 0.194119 0.222601 0.258777 0.306275 0.371436 0.466424
2.26892802759 0.106293 0.086886 0.0810517251882 0.117639 0.130797 0.146244 0.164641 0.186934 0.214519 0.249553 0.29555 0.358647 0.45062
2.28638132011 0.101809 0.083972 0.0784828286394 0.112791 0.125526 0.140475 0.158278 0.179848 0.206536 0.240429 0.284924 0.345958 0.434919
2.30383461263 0.0974235 0.0810818 0.0759217595468 0.108043 0.120355 0.134806 0.152014 0.172863 0.198656 0.23141 0.274406 0.333381 0.419335
2.32128790515 0.093137 0.0782163 0.0733695697406 0.103394 0.115284 0.129239 0.145854 0.165983 0.190884 0.222501 0.264003 0.320923 0.40388
2.33874119767 0.0889496 0.0753763 0.0708274795484 0.0988447 0.110315 0.123775 0.1398 0.159211 0.183222 0.213707 0.25372 0.308595 0.388566
2.35619449019 0.0848614 0.0725627 0.0682968624768 0.0943965 0.105448 0.118415 0.133852 0.152549 0.175675 0.205034 0.243565 0.296405 0.373405
2.37364778271 0.0808728 0.0697768 0.0657792503176 0.0900497 0.100685 0.113162 0.128015 0.146002 0.168247 0.196486 0.233546 0.284363 0.358411
2.39110107523 0.0769837 0.0670197 0.0632763127239 0.0858048 0.0960263 0.108017 0.122289 0.139571 0.160942 0.18807 0.223667 0.272476 0.343594
2.40855436775 0.0731944 0.0642928 0.060789852104 0.0816623 0.0914734 0.102981 0.116677 0.13326 0.153764 0.179789 0.213937 0.260755 0.328968
2.42600766027 0.069505 0.0615976 0.0583218036215 0.0776228 0.087027 0.0980566 0.111181 0.127071 0.146717 0.17165 0.204361 0.249208 0.314543
2.44346095279 0.0659155 0.0589356 0.0558741994537 0.0736866 0.082688 0.0932439 0.105803 0.121007 0.139804 0.163655 0.194947 0.237842 0.300332
2.46091424531 0.062426 0.0563085 0.053449184109 0.0698541 0.0784572 0.0885448 0.100546 0.115072 0.133028 0.155812 0.185699 0.226667 0.286345
2.47836753783 0.0590364 0.053718 0.0510489888974 0.0661257 0.0743354 0.0839604 0.0954095 0.109266 0.126393 0.148123 0.176625 0.215691 0.272594
2.49582083035 0.0557466 0.0511658 0.0486759370366 0.0625017 0.0703233 0.079492 0.0903971 0.103594 0.119903 0.140594 0.16773 0.204921 0.259089
2.51327412287 0.0525566 0.0486539 0.0463324079098 0.0589824 0.0664215 0.0751408 0.0855099 0.0980566 0.113561 0.133228 0.15902 0.194365 0.245841
2.53072741539 0.0494663 0.0461842 0.044020847278 0.0555679 0.0626307 0.0709078 0.0807497 0.0926571 0.10737 0.12603 0.1505 0.184031 0.23286
2.54818070791 0.0464755 0.0437585 0.0417437417497 0.0522584 0.0589514 0.066794 0.076118 0.0873974 0.101333 0.119005 0.142177 0.173926 0.220157
2.56563400043 0.0435839 0.041379 0.0395036187815 0.0490541 0.0553842 0.0628004 0.0716164 0.0822797 0.0954521 0.112155 0.134054 0.164057 0.207741
2.58308729295 0.0407914 0.0390475 0.0373030313598 0.0459551 0.0519295 0.058928 0.0672462 0.077306 0.0897315 0.105486 0.126138 0.15443 0.195621
2.60054058547 0.0380978 0.0367663 0.0351445324708 0.0429614 0.0485878 0.0551775 0.0630087 0.0724784 0.0841734 0.0989997 0.118434 0.145054 0.183808
2.61799387799 0.0355026 0.0345373 0.0330306904189 0.040073 0.0453593 0.0515497 0.0589053 0.0677986 0.0787802 0.0927006 0.110945 0.135933 0.172308
2.63544717051 0.0330055 0.0323627 0.0309640530843 0.0372899 0.0422444 0.0480454 0.0549371 0.0632684 0.0735547 0.0865919 0.103677 0.127075 0.161132
2.65290046303 0.0306062 0.0302444 0.0289471479237 0.0346119 0.0392433 0.044665 0.0511052 0.0588894 0.0684989 0.0806768 0.0966338 0.118485 0.150287
2.67035375555 0.0283042 0.0281844 0.0269824666515 0.0320388 0.0363561 0.0414092 0.0474105 0.054663 0.063615 0.0749581 0.0898195 0.110168 0.139781
2.68780704807 0.026099 0.0261849 0.0250724550288 0.0295706 0.033583 0.0382784 0.0438539 0.0505908 0.0589051 0.0694388 0.0832379 0.10213 0.129621
2.70526034059 0.0239902 0.0242477 0.0232195026507 0.0272068 0.0309239 0.0352729 0.0404362 0.046674 0.0543711 0.0641214 0.0768928 0.0943758 0.119814
2.72271363311 0.021977 0.0223748 0.0214259276289 0.0249473 0.0283789 0.0323931 0.0371581 0.0429137 0.0500146 0.0590085 0.0707874 0.08691 0.110366
2.74016692563 0.020059 0.020568 0.0196939663793 0.0227915 0.0259478 0.0296392 0.0340201 0.0393109 0.0458372 0.0541022 0.064925 0.079737 0.101284
2.75762021815 0.0182355 0.0188291 0.0180257787285 0.0207392 0.0236304 0.0270112 0.0310227 0.0358665 0.0418404 0.0494046 0.0593083 0.0728608 0.0925736
2.77507351067 0.0165058 0.01716 0.0164234070655 0.0187897 0.0214266 0.0245093 0.0281663 0.0325812 0.0380253 0.0449175 0.05394 0.0662852 0.0842397
2.79252680319 0.0148691 0.0155621 0.0148887814479 0.0169426 0.019336 0.0221333 0.0254512 0.0294558 0.0343931 0.0406426 0.0488226 0.0600134 0.0762873
2.80998009571 0.0133247 0.0140372 0.013423724708 0.0151972 0.0173581 0.0198832 0.0228774 0.0264906 0.0309446 0.0365812 0.043958 0.0540485 0.0687206
2.82743338823 0.0118716 0.0125865 0.0120299116049 0.0135529 0.0154925 0.0177585 0.0204449 0.023686 0.0276804 0.0327346 0.0393481 0.0483931 0.0615434
2.84488668075 0.0105091 0.0112116 0.0107088841423 0.0120089 0.0137387 0.0157591 0.0181537 0.0210422 0.0246012 0.0291038 0.0349943 0.0430495 0.0547592
2.86233997327 0.00923608 0.00991351 0.00946202603872 0.0105644 0.012096 0.0138844 0.0160035 0.0185591 0.0217073 0.0256893 0.0308979 0.0380194 0.0483705
2.87979326579 0.00805157 0.00869343 0.00829057293966 0.00921846 0.0105636 0.0121338 0.0139939 0.0162366 0.0189987 0.0224916 0.0270597 0.0333045 0.0423799
2.89724655831 0.00695452 0.00755232 0.00719557667545 0.00797024 0.00914076 0.0105067 0.0121245 0.0140744 0.0164754 0.0195111 0.0234804 0.0289056 0.036789
2.91469985083 0.00594378 0.00649096 0.00617791547338 0.00681864 0.00782652 0.00900232 0.0103945 0.012072 0.0141372 0.0167475 0.0201601 0.0248236 0.031599
2.93215314335 0.00501814 0.00551005 0.00523828374574 0.00576256 0.00661987 0.0076197 0.00880313 0.0102288 0.0119834 0.0142007 0.0170988 0.0210586 0.0268106
2.94960643587 0.00417636 0.00461007 0.00437717166592 0.00480081 0.00551971 0.00635783 0.00734954 0.00854389 0.0100134 0.01187 0.0142961 0.0176103 0.0224238
2.96705972839 0.00341707 0.00379135 0.00359486516837 0.0039321 0.00452479 0.00521553 0.00603258 0.00701626 0.00822623 0.00975453 0.0117511 0.0144781 0.018438
2.98451302091 0.00273888 0.00305406 0.00289144084269 0.00315505 0.00363379 0.00419151 0.00485098 0.00564469 0.00662068 0.0078531 0.00946278 0.0116608 0.014852
3.00196631343 0.00214028 0.00239813 0.00226675061567 0.0024682 0.00284525 0.00328433 0.00380331 0.00442772 0.00519528 0.00616422 0.00742944 0.00915669 0.011664
3.01941960595 0.00161967 0.00182334 0.00172040643338 0.00186994 0.00215757 0.00249237 0.00288794 0.00336368 0.00394829 0.00468606 0.00564914 0.00696359 0.00887125
3.03687289847 0.00117537 0.00132921 0.00125177004925 0.00135858 0.00156903 0.00181388 0.00210305 0.00245068 0.0028777 0.00341642 0.00411944 0.00507872 0.0064706
3.05432619099 0.000805575 0.000915055 0.00085995302403 0.000932282 0.00107775 0.00124692 0.0014466 0.00168655 0.00198118 0.00235273 0.00283746 0.00349868 0.00445787
3.07177948351 0.000508343 0.000579929 0.000543770772054 0.000589061 0.000681677 0.000789315 0.000916306 0.00106883 0.00125603 0.00149201 0.00179976 0.00221944 0.00282808
3.08923277603 0.000281593 0.000322613 0.000301747667221 0.000326759 0.000378546 0.000438696 0.000509618 0.000594755 0.000699194 0.000830791 0.00100234 0.00123621 0.00157528
3.10668606855 0.000123047 0.000141565 0.000132040453396 0.000142999 0.000165859 0.000192391 0.000223653 0.000261158 0.00030714 0.00036505 0.000440509 0.000543338 0.000692376
3.12413936107 3.01677e-05 3.48568e-05 3.24076085733e-05 3.512e-05 4.07887e-05 4.73621e-05 5.51014e-05 6.43791e-05 7.57463e-05 9.00535e-05 0.000108687 0.000134067 0.000170838
3.14159265359 0.0 0.0 0.0 0.0 0.0 0.0 0.0 0.0 0.0 0.0 0.0 0.0 0.0
