alpha phi_iso phi_ray phi_vec g0=0.1 g0=0.2 g0=0.3 g0=0.4 g0=0.5 g0=0.6 g0=0.7 g0=0.8 g0=0.9 g0=1.0
0.0 1.0 1.0 1.0 1.0 1.0 1.0 1.0 1.0 1.0 1.0 1.0 1.0 1.0
0.0174532925199 0.999735 0.999627 0.999600787417 0.999746 0.999759 0.999773 0.999789 0.999807 0.999829 0.999854 0.999884 0.999921 0.999967
0.0349065850399 0.998979 0.998557 0.9984493637 0.999023 0.999072 0.999126 0.999188 0.999259 0.999341 0.999438 0.999554 0.999697 0.999876
0.0523598775598 0.997793 0.996862 0.996613739296 0.997887 0.997992 0.99811 0.998243 0.998396 0.998574 0.998783 0.999035 0.999344 0.999734
0.0698131700798 0.996223 0.994601 0.994148167232 0.996383 0.996561 0.996762 0.99699 0.997251 0.997555 0.997914 0.998346 0.998877 0.999547
0.0872664625997 0.994298 0.991811 0.991090155502 0.994538 0.994806 0.995108 0.995451 0.995845 0.996304 0.996846 0.997499 0.998302 0.999318
0.10471975512 0.99204 0.988519 0.987466304499 0.992373 0.992746 0.993165 0.993643 0.994193 0.994833 0.995591 0.996504 0.997628 0.99905
0.12217304764 0.989464 0.984747 0.983298207077 0.989903 0.990394 0.990948 0.991579 0.992305 0.993153 0.994157 0.995367 0.996858 0.998746
0.13962634016 0.986583 0.980514 0.978605633461 0.987139 0.987762 0.988466 0.989268 0.990193 0.991272 0.992552 0.994095 0.995998 0.998408
0.157079632679 0.983409 0.975837 0.97340774633 0.984094 0.984863 0.985731 0.986722 0.987865 0.989199 0.990782 0.992693 0.99505 0.998039
0.174532925199 0.979954 0.970734 0.967723442173 0.98078 0.981706 0.982753 0.983949 0.985329 0.986942 0.988855 0.991167 0.994021 0.99764
0.191986217719 0.97623 0.965221 0.961571426445 0.977206 0.978302 0.979542 0.980958 0.982594 0.984506 0.986777 0.989522 0.992911 0.997211
0.209439510239 0.972245 0.959316 0.954970210441 0.973382 0.974659 0.976105 0.977757 0.979666 0.9819 0.984553 0.987761 0.991724 0.996755
0.226892802759 0.96801 0.953035 0.947938126948 0.969318 0.970787 0.972451 0.974353 0.976553 0.979128 0.982187 0.985888 0.990462 0.99627
0.244346095279 0.963535 0.946393 0.940493345906 0.965022 0.966694 0.968588 0.970755 0.973261 0.976197 0.979686 0.983908 0.989128 0.995758
0.261799387799 0.958828 0.939407 0.932653899464 0.960504 0.962388 0.964524 0.966969 0.969798 0.973112 0.977052 0.981822 0.987722 0.995218
0.279252680319 0.953899 0.932092 0.92443769137 0.955771 0.957878 0.960267 0.963002 0.966168 0.969878 0.974291 0.979635 0.986247 0.99465
0.296705972839 0.948754 0.924463 0.915862522029 0.950832 0.953169 0.955822 0.958859 0.962377 0.9665 0.971406 0.977349 0.984703 0.994053
0.314159265359 0.943403 0.916534 0.906946088501 0.945692 0.94827 0.951196 0.954548 0.958429 0.962982 0.9684 0.974965 0.983092 0.993425
0.331612557879 0.937851 0.908321 0.897705993893 0.940361 0.943187 0.946395 0.950072 0.954331 0.959328 0.965277 0.972486 0.981412 0.992765
0.349065850399 0.932108 0.899838 0.888159747366 0.934844 0.937926 0.941426 0.945438 0.950087 0.955542 0.962039 0.969913 0.979666 0.992072
0.366519142919 0.926179 0.8911 0.878324748469 0.929148 0.932493 0.936293 0.940651 0.945701 0.951629 0.958689 0.967249 0.977852 0.991344
0.383972435439 0.920073 0.88212 0.868218302804 0.923281 0.926896 0.931004 0.935715 0.941178 0.94759 0.95523 0.964494 0.975971 0.990578
0.401425727959 0.913794 0.872914 0.85785758444 0.917247 0.921139 0.925562 0.930637 0.936521 0.94343 0.951663 0.961649 0.974023 0.989773
0.418879020479 0.907351 0.863494 0.847259648445 0.911054 0.915228 0.919974 0.925419 0.931734 0.939151 0.947991 0.958715 0.972006 0.988926
0.436332312999 0.900749 0.853875 0.836441399566 0.904706 0.909169 0.914243 0.920066 0.926822 0.934757 0.944216 0.955693 0.96992 0.988033
0.453785605519 0.893994 0.84407 0.825419589098 0.89821 0.902966 0.908375 0.914583 0.921786 0.930249 0.940339 0.952583 0.967763 0.987093
0.471238898038 0.887092 0.834092 0.814210799226 0.891572 0.896625 0.902374 0.908974 0.916632 0.925632 0.936363 0.949387 0.965536 0.986103
0.488692190558 0.880049 0.823954 0.802831421103 0.884796 0.890152 0.896245 0.903242 0.911362 0.920906 0.932288 0.946103 0.963236 0.985059
0.506145483078 0.872871 0.81367 0.791297639193 0.877888 0.88355 0.889993 0.897391 0.90598 0.916074 0.928115 0.942733 0.960863 0.983958
0.523598775598 0.865563 0.803252 0.779625425005 0.870854 0.876825 0.88362 0.891426 0.900487 0.911139 0.923847 0.939276 0.958414 0.982796
0.541052068118 0.858131 0.792714 0.767830502647 0.863697 0.869981 0.877133 0.885348 0.894888 0.906103 0.919484 0.935732 0.955889 0.981571
0.558505360638 0.85058 0.782066 0.755928355089 0.856424 0.863023 0.870534 0.879163 0.889184 0.900967 0.915027 0.932101 0.953286 0.980279
0.575958653158 0.842915 0.771321 0.743934189714 0.849039 0.855954 0.863827 0.872873 0.883378 0.895733 0.910477 0.928383 0.950602 0.978916
0.593411945678 0.835142 0.760492 0.731862922658 0.841547 0.84878 0.857016 0.866481 0.877474 0.890403 0.905834 0.924577 0.947836 0.977479
0.610865238198 0.827264 0.749589 0.719729181945 0.833952 0.841505 0.850106 0.85999 0.871473 0.884979 0.9011 0.920684 0.944987 0.975963
0.628318530718 0.819288 0.738624 0.707547269907 0.826258 0.834132 0.843098 0.853404 0.865378 0.879463 0.896276 0.916701 0.942052 0.974365
0.645771823238 0.811217 0.727609 0.695331160047 0.818471 0.826665 0.835998 0.846726 0.859191 0.873855 0.891361 0.91263 0.939029 0.972682
0.663225115758 0.803058 0.716553 0.683094481389 0.810594 0.819109 0.828808 0.839958 0.852914 0.868157 0.886356 0.908468 0.935917 0.970909
0.680678408278 0.794813 0.705468 0.670850502811 0.802632 0.811467 0.821532 0.833103 0.846549 0.862371 0.881262 0.904217 0.932713 0.969043
0.698131700798 0.786488 0.694364 0.658612123656 0.794589 0.803743 0.814172 0.826164 0.840099 0.856498 0.876079 0.899874 0.929415 0.96708
0.715584993318 0.778086 0.683251 0.646391858073 0.786469 0.795941 0.806733 0.819143 0.833566 0.850539 0.870808 0.89544 0.926022 0.965016
0.733038285838 0.769614 0.672139 0.634201828749 0.778275 0.788064 0.799217 0.812043 0.826951 0.844496 0.865448 0.890913 0.922531 0.962847
0.750491578358 0.761074 0.661036 0.622053741863 0.770013 0.780116 0.791628 0.804867 0.820257 0.83837 0.860002 0.886294 0.91894 0.96057
0.767944870878 0.752471 0.649953 0.609958902737 0.761685 0.7721 0.783968 0.797618 0.813485 0.832161 0.854467 0.88158 0.915247 0.958181
0.785398163397 0.743808 0.638897 0.597928178263 0.753295 0.764019 0.77624 0.790297 0.806638 0.825872 0.848846 0.876772 0.911451 0.955676
0.802851455917 0.735091 0.627878 0.585972012554 0.744848 0.755878 0.768448 0.782907 0.799716 0.819503 0.843138 0.871869 0.907549 0.953052
0.820304748437 0.726323 0.616903 0.574100401896 0.736347 0.747678 0.760593 0.77545 0.792723 0.813055 0.837344 0.86687 0.903539 0.950306
0.837758040957 0.717507 0.60598 0.56232290101 0.727794 0.739424 0.75268 0.767929 0.785659 0.80653 0.831463 0.861775 0.89942 0.947433
0.855211333477 0.708649 0.595117 0.550648607395 0.719195 0.731119 0.74471 0.760346 0.778526 0.799929 0.825497 0.856582 0.895189 0.944431
0.872664625997 0.69975 0.584322 0.539086167585 0.710552 0.722765 0.736687 0.752703 0.771327 0.793252 0.819446 0.851292 0.890845 0.941296
0.890117918517 0.690816 0.573599 0.527643761501 0.701869 0.714367 0.728613 0.745003 0.764062 0.786501 0.813309 0.845903 0.886387 0.938025
0.907571211037 0.681849 0.562958 0.516329108704 0.693149 0.705926 0.72049 0.737247 0.756734 0.779677 0.807088 0.840416 0.881812 0.934615
0.925024503557 0.672854 0.552402 0.505149459008 0.684395 0.697445 0.712322 0.729439 0.749344 0.772781 0.800782 0.834829 0.877119 0.931063
0.942477796077 0.663834 0.541939 0.494111605002 0.675611 0.688928 0.704111 0.721579 0.741894 0.765814 0.794393 0.829142 0.872306 0.927367
0.959931088597 0.654792 0.531573 0.483221860129 0.666799 0.680378 0.695859 0.713671 0.734386 0.758777 0.78792 0.823356 0.867373 0.923524
0.977384381117 0.645731 0.52131 0.472486083742 0.657964 0.671797 0.687568 0.705716 0.72682 0.751671 0.781364 0.817469 0.862318 0.919531
0.994837673637 0.636656 0.511155 0.461909659178 0.649107 0.663189 0.679243 0.697716 0.7192 0.744498 0.774726 0.811482 0.85714 0.915385
1.01229096616 0.627569 0.501112 0.451497515685 0.640233 0.654555 0.670884 0.689674 0.711526 0.737258 0.768005 0.805393 0.851837 0.911085
1.02974425868 0.618473 0.491186 0.441254125284 0.631343 0.645899 0.662494 0.681591 0.703801 0.729954 0.761204 0.799204 0.846409 0.906629
1.0471975512 0.609372 0.481379 0.431183499644 0.622442 0.637223 0.654076 0.67347 0.696025 0.722585 0.754322 0.792914 0.840855 0.902014
1.06465084372 0.600269 0.471697 0.421289208866 0.613531 0.628531 0.645633 0.665312 0.688201 0.715153 0.74736 0.786524 0.835175 0.897239
1.08210413624 0.591166 0.462141 0.411574368961 0.604614 0.619824 0.637165 0.65712 0.68033 0.707661 0.740319 0.780032 0.829366 0.892303
1.09955742876 0.582067 0.452715 0.402041670032 0.595694 0.611105 0.628676 0.648896 0.672414 0.700107 0.733199 0.77344 0.82343 0.887203
1.11701072128 0.572976 0.443421 0.39269336688 0.586773 0.602377 0.620169 0.640642 0.664455 0.692496 0.726003 0.766748 0.817365 0.881938
1.1344640138 0.563893 0.434261 0.383531294664 0.577854 0.593642 0.611644 0.63236 0.656454 0.684826 0.718729 0.759957 0.811172 0.876508
1.15191730632 0.554824 0.425238 0.374556878292 0.568939 0.584903 0.603105 0.624051 0.648413 0.677101 0.711381 0.753066 0.80485 0.870911
1.16937059884 0.545769 0.416354 0.365771138688 0.560032 0.576163 0.594554 0.615719 0.640334 0.669321 0.703958 0.746077 0.798399 0.865147
1.18682389136 0.536733 0.407609 0.357174702186 0.551135 0.567423 0.585994 0.607364 0.632219 0.661488 0.696461 0.738989 0.79182 0.859216
1.20427718388 0.527718 0.399004 0.348767816188 0.54225 0.558686 0.577425 0.59899 0.62407 0.653603 0.688893 0.731805 0.785112 0.853116
1.2217304764 0.518726 0.390541 0.340550358559 0.533381 0.549955 0.568852 0.590597 0.615888 0.645668 0.681253 0.724525 0.778277 0.846848
1.23918376892 0.50976 0.38222 0.332521843889 0.524529 0.541232 0.560275 0.582189 0.607675 0.637685 0.673545 0.717149 0.771315 0.840412
1.25663706144 0.500822 0.374042 0.32468144542 0.515697 0.532518 0.551697 0.573766 0.599433 0.629655 0.665768 0.709679 0.764225 0.833808
1.27409035396 0.491916 0.366006 0.317028007564 0.506887 0.523818 0.543121 0.565332 0.591164 0.621581 0.657924 0.702116 0.757011 0.827036
1.29154364648 0.483043 0.358112 0.30956004278 0.498102 0.515132 0.534548 0.556888 0.58287 0.613462 0.650016 0.694462 0.749671 0.820097
1.308996939 0.474207 0.35036 0.302275772279 0.489345 0.506463 0.52598 0.548436 0.574552 0.605303 0.642044 0.686718 0.742208 0.812992
1.32645023152 0.465408 0.342749 0.295173119766 0.480616 0.497814 0.51742 0.539979 0.566214 0.597104 0.63401 0.678884 0.734623 0.805723
1.34390352404 0.456651 0.335279 0.288249727094 0.47192 0.489186 0.50887 0.531518 0.557856 0.588867 0.625917 0.670964 0.726918 0.798289
1.36135681656 0.447937 0.327948 0.281502982451 0.463258 0.480583 0.500333 0.523056 0.549481 0.580594 0.617765 0.662959 0.719093 0.790693
1.37881010908 0.439267 0.320755 0.274930029755 0.454631 0.472005 0.491809 0.514595 0.541091 0.572287 0.609557 0.65487 0.71115 0.782936
1.3962634016 0.430646 0.313699 0.268527771787 0.446044 0.463455 0.483302 0.506136 0.532688 0.563949 0.601295 0.6467 0.703092 0.77502
1.41371669412 0.422074 0.306779 0.262292901504 0.437496 0.454935 0.474813 0.497682 0.524274 0.55558 0.592981 0.63845 0.694921 0.766947
1.43116998664 0.413553 0.299991 0.25622191457 0.428992 0.446448 0.466345 0.489235 0.515851 0.547185 0.584616 0.630122 0.686638 0.758719
1.44862327916 0.405087 0.293336 0.250311118746 0.420532 0.437995 0.457899 0.480797 0.507421 0.538764 0.576204 0.62172 0.678247 0.750339
1.46607657168 0.396676 0.28681 0.24455665895 0.412119 0.429578 0.449478 0.472371 0.498987 0.530319 0.567747 0.613246 0.669749 0.741809
1.4835298642 0.388323 0.280411 0.238954520381 0.403754 0.421201 0.441085 0.463957 0.49055 0.521854 0.559246 0.6047 0.661147 0.733133
1.50098315672 0.38003 0.274137 0.233500559842 0.395441 0.412863 0.43272 0.45556 0.482114 0.513371 0.550705 0.596088 0.652444 0.724312
1.51843644924 0.371798 0.267986 0.228190512001 0.38718 0.404569 0.424386 0.44718 0.473679 0.504871 0.542126 0.58741 0.643642 0.715351
1.53588974176 0.36363 0.261956 0.22302000818 0.378974 0.396319 0.416085 0.43882 0.465249 0.496357 0.533511 0.578671 0.634746 0.706252
1.55334303427 0.355528 0.256043 0.217984588884 0.370825 0.388116 0.40782 0.430482 0.456826 0.487832 0.524863 0.569872 0.625757 0.697019
1.57079632679 0.347492 0.250246 0.213079725718 0.362733 0.379961 0.399591 0.422168 0.448412 0.479298 0.516185 0.561017 0.61668 0.687656
1.58824961931 0.339525 0.24456 0.208300830789 0.354702 0.371856 0.391402 0.41388 0.440008 0.470758 0.507479 0.552108 0.607517 0.678166
1.60570291183 0.331629 0.238985 0.203643275491 0.346733 0.363803 0.383254 0.405621 0.431619 0.462213 0.498748 0.543149 0.598272 0.668554
1.62315620435 0.323804 0.233516 0.199102406164 0.338827 0.355805 0.375149 0.397393 0.423245 0.453668 0.489996 0.534143 0.588949 0.658825
1.64060949687 0.316054 0.228152 0.19467355349 0.330987 0.347863 0.367089 0.389197 0.414891 0.445124 0.481225 0.525094 0.579552 0.648981
1.65806278939 0.308379 0.222889 0.190352054415 0.323214 0.339979 0.359077 0.381037 0.406557 0.436585 0.472438 0.516004 0.570085 0.639029
1.67551608191 0.300781 0.217724 0.186133261542 0.31551 0.332154 0.351115 0.372914 0.398246 0.428052 0.463639 0.506878 0.560551 0.628972
1.69296937443 0.293261 0.212655 0.182012555661 0.307877 0.324391 0.343203 0.364831 0.389962 0.419529 0.454829 0.497719 0.550955 0.618816
1.71042266695 0.28582 0.207679 0.177985361404 0.300315 0.316691 0.335345 0.356789 0.381705 0.411019 0.446014 0.48853 0.541301 0.608565
1.72787595947 0.278461 0.202792 0.174047162904 0.292827 0.309056 0.327541 0.348791 0.373479 0.402523 0.437195 0.479316 0.531593 0.598225
1.74532925199 0.271185 0.197992 0.170193506929 0.285414 0.301488 0.319795 0.340839 0.365287 0.394046 0.428376 0.470079 0.521836 0.587801
1.76278254451 0.263992 0.193277 0.166420031064 0.278077 0.293988 0.312108 0.332935 0.35713 0.38559 0.41956 0.460825 0.512034 0.577298
1.78023583703 0.256885 0.188643 0.162722451188 0.270819 0.286558 0.304482 0.325081 0.349011 0.377158 0.410751 0.451556 0.502192 0.566722
1.79768912955 0.249863 0.184088 0.159096599048 0.26364 0.2792 0.296918 0.317281 0.340934 0.368752 0.401952 0.442277 0.492315 0.556079
1.81514242207 0.24293 0.179609 0.15553840974 0.256542 0.271915 0.289419 0.309535 0.332899 0.360376 0.393167 0.432992 0.482407 0.545374
1.83259571459 0.236084 0.175204 0.152043953019 0.249526 0.264705 0.281987 0.301846 0.32491 0.352033 0.384399 0.423705 0.472473 0.534614
1.85004900711 0.229329 0.17087 0.148609414512 0.242593 0.257571 0.274623 0.294215 0.316969 0.343725 0.375651 0.41442 0.462519 0.523804
1.86750229963 0.222665 0.166605 0.145231139564 0.235746 0.250516 0.267329 0.286647 0.309079 0.335456 0.366927 0.405142 0.452549 0.512949
1.88495559215 0.216092 0.162406 0.141905608177 0.228984 0.243539 0.260107 0.279141 0.301243 0.327228 0.35823 0.395874 0.442569 0.502058
1.90240888467 0.209612 0.15827 0.138629460072 0.222309 0.236644 0.252959 0.271701 0.293462 0.319045 0.349565 0.38662 0.432583 0.491135
1.91986217719 0.203227 0.154197 0.135399504079 0.215724 0.229831 0.245886 0.264328 0.28574 0.310909 0.340934 0.377386 0.422597 0.480188
1.93731546971 0.196936 0.150184 0.132212708742 0.209227 0.223102 0.238891 0.257025 0.278078 0.302824 0.332342 0.368175 0.412616 0.469222
1.95476876223 0.19074 0.146228 0.129066221111 0.202822 0.216458 0.231974 0.249794 0.27048 0.294793 0.323792 0.358992 0.402646 0.458245
1.97222205475 0.184641 0.142329 0.125957373005 0.196508 0.2099 0.225138 0.242637 0.262948 0.286818 0.315287 0.349841 0.39269 0.447262
1.98967534727 0.178639 0.138484 0.122883671615 0.190287 0.203431 0.218384 0.235555 0.255484 0.278903 0.306831 0.340727 0.382756 0.43628
2.00712863979 0.172735 0.134691 0.119842812034 0.18416 0.19705 0.211714 0.228551 0.24809 0.27105 0.298428 0.331654 0.372849 0.425306
2.02458193231 0.16693 0.130949 0.116832686648 0.178127 0.19076 0.20513 0.221627 0.24077 0.263263 0.290082 0.322626 0.362973 0.414346
2.04203522483 0.161224 0.127257 0.11385136635 0.17219 0.184561 0.198632 0.214784 0.233526 0.255544 0.281795 0.313648 0.353134 0.403408
2.05948851735 0.155618 0.123614 0.110897125589 0.16635 0.178456 0.192223 0.208025 0.226359 0.247897 0.273572 0.304724 0.343338 0.392498
2.07694180987 0.150113 0.120017 0.107968432981 0.160607 0.172444 0.185904 0.201352 0.219273 0.240324 0.265417 0.295859 0.33359 0.381623
2.09439510239 0.144709 0.116467 0.105063941908 0.154963 0.166527 0.179676 0.194766 0.21227 0.232828 0.257332 0.287056 0.323896 0.370789
2.11184839491 0.139406 0.112962 0.10218250931 0.149417 0.160707 0.173541 0.188269 0.205351 0.225413 0.249322 0.278322 0.31426 0.360003
2.12930168743 0.134205 0.109502 0.0993231800296 0.143971 0.154983 0.167501 0.181864 0.198521 0.21808 0.241389 0.269659 0.304689 0.349272
2.14675497995 0.129107 0.106085 0.0964851868068 0.138626 0.149358 0.161556 0.175551 0.191779 0.210834 0.233538 0.261073 0.295188 0.338603
2.16420827247 0.124111 0.102712 0.0936679565467 0.133382 0.143832 0.155709 0.169333 0.18513 0.203676 0.225772 0.252566 0.285762 0.328002
2.18166156499 0.119219 0.099381 0.0908710977906 0.128239 0.138406 0.149959 0.163211 0.178574 0.196609 0.218095 0.244145 0.276416 0.317477
2.19911485751 0.11443 0.0960929 0.0880944007169 0.123198 0.133081 0.144309 0.157187 0.172115 0.189637 0.210509 0.235813 0.267156 0.307033
2.21656815003 0.109744 0.0928472 0.0853378340087 0.118261 0.127857 0.13876 0.151263 0.165754 0.182761 0.203018 0.227574 0.257987 0.296677
2.23402144255 0.105163 0.0896437 0.0826015417229 0.113426 0.122737 0.133313 0.145439 0.159493 0.175985 0.195626 0.219432 0.248915 0.286416
2.25147473507 0.100685 0.0864825 0.079885830763 0.108695 0.117719 0.127969 0.139719 0.153335 0.169311 0.188336 0.211392 0.239944 0.276257
2.26892802759 0.0963121 0.0833638 0.0771911708793 0.104069 0.112806 0.122728 0.134102 0.147281 0.162742 0.18115 0.203458 0.231079 0.266205
2.28638132011 0.092043 0.0802878 0.0745181884054 0.0995465 0.107997 0.117593 0.128592 0.141333 0.156279 0.174073 0.195633 0.222326 0.256268
2.30383461263 0.0878782 0.0772549 0.0718676631269 0.095129 0.103294 0.112564 0.123188 0.135493 0.149926 0.167107 0.187922 0.213689 0.24645
2.32128790515 0.0838176 0.0742656 0.0692405063592 0.0908165 0.0986968 0.107642 0.117892 0.129763 0.143686 0.160256 0.180328 0.205173 0.23676
2.33874119767 0.0798611 0.0713204 0.0666377734748 0.0866091 0.0942059 0.102828 0.112706 0.124145 0.137559 0.153521 0.172856 0.196784 0.227202
2.35619449019 0.0760088 0.0684198 0.064060641981 0.0825072 0.0898219 0.0981228 0.107631 0.118641 0.131548 0.146907 0.165508 0.188526 0.217782
2.37364778271 0.0722604 0.0655648 0.061510405257 0.0785109 0.0855452 0.0935268 0.102668 0.113251 0.125657 0.140416 0.158289 0.180402 0.208507
2.39110107523 0.0686158 0.062756 0.0589884694218 0.07462 0.0813762 0.089041 0.0978181 0.107978 0.119886 0.134051 0.151201 0.172419 0.199382
2.40855436775 0.0650747 0.0599944 0.0564963408081 0.0708348 0.0773153 0.0846661 0.0930822 0.102822 0.114237 0.127814 0.14425 0.16458 0.190412
2.42600766027 0.0616369 0.0572809 0.0540356165669 0.0671553 0.0733628 0.0804027 0.0884616 0.0977868 0.108714 0.121708 0.137437 0.15689 0.181604
2.44346095279 0.0583021 0.0546165 0.0516079721409 0.0635814 0.0695188 0.0762513 0.083957 0.0928721 0.103317 0.115736 0.130765 0.149352 0.172962
2.46091424531 0.0550699 0.0520023 0.0492151550011 0.0601129 0.0657836 0.0722125 0.0795694 0.0880795 0.0980481 0.109899 0.12424 0.141971 0.164492
2.47836753783 0.0519399 0.0494395 0.0468589815152 0.0567498 0.0621573 0.0682866 0.0752995 0.0834104 0.0929095 0.104201 0.117862 0.134751 0.156199
2.49582083035 0.0489117 0.0469291 0.0445413118945 0.0534917 0.0586398 0.0644741 0.0711481 0.0788657 0.0879027 0.0986427 0.111635 0.127695 0.148087
2.51327412287 0.0459847 0.0444724 0.0422640501935 0.0503385 0.0552313 0.0607752 0.0671159 0.0744466 0.0830291 0.0932273 0.105562 0.120807 0.140161
2.53072741539 0.0431585 0.0420706 0.0400291317832 0.0472898 0.0519317 0.0571902 0.0632033 0.070154 0.0782901 0.0879562 0.0996454 0.11409 0.132426
2.54818070791 0.0404324 0.0397248 0.037838510825 0.0443453 0.0487409 0.0537193 0.059411 0.0659888 0.0736872 0.0828314 0.0938877 0.107548 0.124886
2.56563400043 0.0378058 0.0374365 0.0356941508749 0.0415046 0.0456586 0.0503625 0.0557393 0.0619519 0.0692214 0.0778547 0.0882914 0.101184 0.117545
2.58308729295 0.0352781 0.0352068 0.0335980217525 0.0387671 0.0426848 0.04712 0.0521886 0.058044 0.0648941 0.0730277 0.0828586 0.0950008 0.110407
2.60054058547 0.0328485 0.0330371 0.0315520744874 0.0361325 0.0398191 0.0439918 0.0487593 0.0542657 0.0607062 0.068352 0.0775915 0.0890014 0.103476
2.61799387799 0.0305163 0.0309285 0.0295582413191 0.0336001 0.0370612 0.0409777 0.0454515 0.0506175 0.0566586 0.0638288 0.072492 0.0831882 0.0967552
2.63544717051 0.0282807 0.0288824 0.0276184200386 0.0311694 0.0344107 0.0380776 0.0422653 0.0470999 0.0527522 0.0594596 0.067562 0.0775639 0.0902481
2.65290046303 0.0261408 0.0268999 0.0257344739889 0.0288396 0.0318671 0.0352913 0.0392009 0.0437133 0.0489878 0.0552454 0.062803 0.0721307 0.0839577
2.67035375555 0.0240956 0.0249823 0.0239082007477 0.0266101 0.0294299 0.0326184 0.036258 0.0404578 0.0453658 0.0511873 0.0582166 0.0668906 0.0778868
2.68780704807 0.0221444 0.0231306 0.0221413446543 0.02448 0.0270985 0.0300586 0.0334367 0.0373337 0.0418867 0.047286 0.0538041 0.0618455 0.072038
2.70526034059 0.020286 0.0213461 0.0204355780198 0.0224485 0.0248723 0.0276115 0.0307366 0.034341 0.0385509 0.0435423 0.0495666 0.0569973 0.0664137
2.72271363311 0.0185193 0.0196297 0.0187924823369 0.0205147 0.0227505 0.0252765 0.0281576 0.0314796 0.0353588 0.0399568 0.0455051 0.0523472 0.0610161
2.74016692563 0.0168434 0.0179825 0.0172135608064 0.0186776 0.0207323 0.023053 0.0256991 0.0287493 0.0323102 0.0365299 0.0416205 0.0478967 0.0558469
2.75762021815 0.0152571 0.0164053 0.0157002007575 0.0169364 0.0188169 0.0209403 0.0233607 0.02615 0.0294053 0.0332619 0.0379133 0.0436468 0.0509079
2.77507351067 0.0137591 0.0148991 0.014253689306 0.0152898 0.0170034 0.0189377 0.0211419 0.0236811 0.0266439 0.030153 0.0343841 0.0395982 0.0462003
2.79252680319 0.0123482 0.0134646 0.0128751945643 0.0137368 0.0152908 0.0170443 0.0190418 0.0213424 0.0240258 0.027203 0.0310331 0.0357518 0.0417252
2.80998009571 0.0110231 0.0121025 0.0115657468513 0.0122762 0.013678 0.0152592 0.0170599 0.019133 0.0215504 0.0244119 0.0278604 0.0321079 0.0374835
2.82743338823 0.00978254 0.0108134 0.0103262574827 0.0109067 0.0121638 0.0135814 0.0151951 0.0170524 0.0192174 0.0217793 0.0248659 0.0286666 0.0334756
2.84488668075 0.00862502 0.0095977 0.00915748119045 0.00962707 0.0107472 0.0120098 0.0134465 0.0150996 0.0170259 0.0193046 0.0220492 0.0254279 0.0297017
2.86233997327 0.0075491 0.00845588 0.00806002551834 0.00843586 0.0094267 0.0105431 0.0118131 0.0132737 0.0149752 0.0169873 0.0194099 0.0223914 0.0261619
2.87979326579 0.00655328 0.00738816 0.00703434142663 0.00733167 0.00820104 0.00918021 0.0102936 0.0115736 0.0130642 0.0148263 0.0169472 0.0195567 0.0228557
2.89724655831 0.00563598 0.00639469 0.00608071389717 0.00631298 0.00706878 0.00791965 0.00888676 0.00999817 0.0112919 0.0128207 0.0146603 0.0169228 0.0197824
2.91469985083 0.00479557 0.00547546 0.00519925567002 0.00537821 0.00602836 0.00675997 0.00759115 0.00854595 0.00965692 0.0109693 0.0125478 0.0144887 0.016941
2.93215314335 0.00403037 0.00463034 0.00438989784848 0.00452573 0.00507821 0.00569961 0.00640527 0.00721551 0.00815788 0.00927065 0.0106086 0.0122531 0.0143303
2.94960643587 0.00333862 0.00385907 0.00365239303072 0.00375381 0.00421664 0.00473693 0.00532748 0.00600523 0.00679316 0.00772318 0.00884096 0.0102143 0.0119485
2.96705972839 0.00271852 0.00316121 0.00298629025647 0.00306066 0.00344185 0.00387014 0.00435601 0.00491336 0.005561 0.00632508 0.00724305 0.00837049 0.00979363
2.98451302091 0.00216817 0.0025362 0.00239095066535 0.00244442 0.002752 0.00309739 0.003489 0.00393798 0.00445944 0.00507437 0.00581283 0.00671942 0.00786337
3.00196631343 0.00168563 0.00198328 0.00186552244349 0.00190311 0.00214511 0.00241668 0.00272442 0.00307704 0.00348637 0.00396883 0.00454794 0.0052586 0.00615497
3.01941960595 0.00126885 0.00150152 0.00140894082359 0.00143469 0.0016191 0.00182591 0.00206011 0.00232831 0.00263947 0.00300602 0.00344578 0.00398519 0.00466528
3.03687289847 0.000915713 0.0010898 0.00101992182153 0.00103701 0.00117179 0.00132284 0.00149378 0.0016894 0.00191621 0.00218326 0.00250346 0.00289604 0.00339078
3.05432619099 0.000624001 0.00074683 0.000696940314706 0.000707819 0.000800879 0.000905091 0.00102294 0.00115771 0.00131386 0.0014976 0.00171779 0.0019876 0.00232747
3.07177948351 0.000391388 0.000471064 0.000438223778714 0.000444738 0.000503917 0.000570132 0.000644948 0.000730444 0.000829433 0.000945826 0.00108522 0.00125594 0.00147087
3.08923277603 0.000215422 0.000260737 0.000241730365641 0.000245248 0.0002783 0.000315245 0.000356952 0.000404571 0.000459662 0.000524389 0.000601856 0.000696667 0.000815966
3.10668606855 9.34871e-05 0.000113798 0.000105101929048 0.000106651 0.000121223 0.000137493 0.00015584 0.000176769 0.000200958 0.000229354 0.000263313 0.000304845 0.000357071
3.12413936107 2.27471e-05 2.78527e-05 2.56139172754e-05 2.60116e-05 2.962e-05 3.36439e-05 3.81759e-05 4.33392e-05 4.93005e-05 5.62916e-05 6.46443e-05 7.48513e-05 8.76769e-05
3.14159265359 0.0 0.0 0.0 0.0 0.0 0.0 0.0 0.0 0.0 0.0 0.0 0.0 0.0
