alpha phi_iso phi_ray phi_vec g0=0.1 g0=0.2 g0=0.3 g0=0.4 g0=0.5 g0=0.6 g0=0.7 g0=0.8 g0=0.9 g0=1.0
0.0 1.0 1.0 1.0 1.0 1.0 1.0 1.0 1.0 1.0 1.0 1.0 1.0 1.0
0.0174532925199 0.999711 0.999588 0.999568023281 0.999724 0.999739 0.999756 0.999776 0.9998 0.999829 0.999865 0.999912 0.999973 1.00006
0.0349065850399 0.998892 0.998409 0.998326655024 0.998943 0.999001 0.999068 0.999146 0.99924 0.999352 0.999492 0.999672 0.99991 1.00024
0.0523598775598 0.997618 0.996549 0.996356524571 0.997728 0.997854 0.997999 0.99817 0.998372 0.998618 0.998923 0.999314 0.999835 1.00057
0.0698131700798 0.995945 0.994076 0.993721819147 0.996134 0.99635 0.996599 0.996892 0.99724 0.997664 0.998191 0.998866 0.999766 1.00103
0.0872664625997 0.993911 0.991036 0.990466358346 0.994196 0.994522 0.9949 0.995343 0.995872 0.996515 0.997316 0.998343 0.999712 1.00164
0.10471975512 0.991539 0.987459 0.986620594789 0.991937 0.992393 0.992922 0.993543 0.994285 0.995187 0.996312 0.997756 0.999683 1.00239
0.12217304764 0.988847 0.983369 0.982208757267 0.989375 0.98998 0.990682 0.991507 0.992493 0.993693 0.995191 0.997114 0.999682 1.00329
0.13962634016 0.985852 0.978788 0.97725273949 0.986524 0.987296 0.988192 0.989247 0.990507 0.992043 0.99396 0.996423 0.999714 1.00434
0.157079632679 0.982565 0.973736 0.971773593986 0.983398 0.984355 0.985465 0.986773 0.988337 0.990245 0.992626 0.995689 0.999781 1.00554
0.174532925199 0.979002 0.968232 0.965791968779 0.98001 0.981167 0.982513 0.984097 0.985994 0.988308 0.991198 0.994917 0.999888 1.00688
0.191986217719 0.975174 0.962296 0.959328199324 0.97637 0.977745 0.979344 0.981229 0.983485 0.986239 0.989681 0.994111 1.00003 1.00837
0.209439510239 0.971091 0.955946 0.952402331487 0.97249 0.974098 0.975969 0.978175 0.980818 0.984045 0.988079 0.993273 1.00022 1.01
0.226892802759 0.966765 0.9492 0.94503412155 0.968379 0.970236 0.972397 0.974946 0.978001 0.981732 0.986398 0.992408 1.00045 1.01177
0.244346095279 0.962207 0.942075 0.937243095962 0.964048 0.966168 0.968636 0.971548 0.97504 0.979306 0.984642 0.991517 1.00072 1.01368
0.261799387799 0.957425 0.93459 0.929048551339 0.959506 0.961903 0.964695 0.96799 0.971941 0.976771 0.982814 0.990601 1.00102 1.01571
0.279252680319 0.952428 0.926762 0.920469600435 0.954761 0.957449 0.96058 0.964276 0.96871 0.974132 0.980917 0.989663 1.00137 1.01787
0.296705972839 0.947226 0.918607 0.911525195122 0.949822 0.952813 0.956298 0.960414 0.965353 0.971393 0.978954 0.988701 1.00175 1.02015
0.314159265359 0.941827 0.910141 0.902234130986 0.944696 0.948002 0.951856 0.956409 0.961873 0.968557 0.976926 0.987718 1.00217 1.02255
0.331612557879 0.936238 0.901381 0.892615065714 0.939389 0.943023 0.947259 0.952266 0.958275 0.965628 0.974836 0.986711 1.00262 1.02505
0.349065850399 0.930466 0.892343 0.882686523692 0.933911 0.937883 0.942515 0.94799 0.954563 0.962608 0.972684 0.985681 1.00309 1.02765
0.366519142919 0.92452 0.883043 0.872466896004 0.928266 0.932587 0.937628 0.943586 0.950742 0.9595 0.970472 0.984627 1.00359 1.03035
0.383972435439 0.918406 0.873497 0.861974422043 0.922463 0.927142 0.932603 0.939058 0.946813 0.956306 0.9682 0.983547 1.00411 1.03313
0.401425727959 0.912131 0.863721 0.851227212501 0.916506 0.921554 0.927445 0.934412 0.942781 0.953028 0.965869 0.98244 1.00465 1.03598
0.418879020479 0.905701 0.853728 0.840243203394 0.910402 0.915827 0.922159 0.929649 0.938648 0.949667 0.963479 0.981303 1.0052 1.03891
0.436332312999 0.899123 0.843535 0.829040174455 0.904157 0.909967 0.91675 0.924774 0.934416 0.946226 0.961029 0.980135 1.00575 1.04189
0.453785605519 0.892402 0.833156 0.817635716957 0.897775 0.903979 0.911221 0.91979 0.930089 0.942704 0.958519 0.978933 1.0063 1.04493
0.471238898038 0.885544 0.822607 0.806047238305 0.891264 0.897867 0.905577 0.914701 0.925669 0.939104 0.955949 0.977695 1.00685 1.04801
0.488692190558 0.878556 0.811901 0.794291920671 0.884626 0.891636 0.899822 0.90951 0.921156 0.935425 0.953317 0.976418 1.0074 1.05112
0.506145483078 0.871443 0.801054 0.782386725589 0.877869 0.885291 0.893959 0.904219 0.916555 0.931669 0.950624 0.975099 1.00792 1.05425
0.523598775598 0.86421 0.790078 0.77034837557 0.870996 0.878835 0.887992 0.898831 0.911865 0.927837 0.947868 0.973734 1.00843 1.0574
0.541052068118 0.856862 0.778987 0.758193331115 0.864013 0.872273 0.881924 0.89335 0.907089 0.923927 0.945047 0.972321 1.0089 1.06055
0.558505360638 0.849404 0.767796 0.745937776929 0.856923 0.86561 0.875759 0.887776 0.902228 0.919941 0.94216 0.970856 1.00935 1.06369
0.575958653158 0.841842 0.756518 0.733597608131 0.849732 0.858848 0.8695 0.882113 0.897284 0.915879 0.939206 0.969336 1.00975 1.06682
0.593411945678 0.834179 0.745165 0.721188411865 0.842443 0.851991 0.863149 0.876363 0.892257 0.911741 0.936184 0.967757 1.01011 1.06992
0.610865238198 0.826422 0.73375 0.708725448915 0.835061 0.845043 0.856711 0.870528 0.887149 0.907526 0.93309 0.966115 1.01042 1.07298
0.628318530718 0.818574 0.722286 0.696223644511 0.82759 0.838009 0.850186 0.864609 0.881961 0.903234 0.929925 0.964406 1.01067 1.07599
0.645771823238 0.810641 0.710785 0.683697565348 0.820033 0.830889 0.843579 0.85861 0.876693 0.898865 0.926685 0.962628 1.01085 1.07895
0.663225115758 0.802625 0.699258 0.671161414987 0.812396 0.82369 0.836892 0.852531 0.871347 0.894419 0.92337 0.960775 1.01096 1.08184
0.680678408278 0.794533 0.687718 0.658629010872 0.804681 0.816413 0.830128 0.846374 0.865923 0.889895 0.919977 0.958844 1.011 1.08465
0.698131700798 0.786367 0.676175 0.646113770543 0.796893 0.809061 0.823288 0.840142 0.860423 0.885292 0.916503 0.956831 1.01095 1.08737
0.715584993318 0.778132 0.66464 0.633628707035 0.789034 0.801638 0.816375 0.833835 0.854845 0.880611 0.912948 0.954733 1.01081 1.09
0.733038285838 0.769832 0.653124 0.621186415093 0.781109 0.794147 0.809392 0.827455 0.849192 0.875851 0.909309 0.952545 1.01057 1.09251
0.750491578358 0.761471 0.641637 0.608799048183 0.773121 0.786591 0.802341 0.821004 0.843464 0.87101 0.905584 0.950263 1.01022 1.09491
0.767944870878 0.753052 0.630188 0.596478327692 0.765073 0.778971 0.795224 0.814483 0.837661 0.866089 0.901771 0.947884 1.00977 1.09718
0.785398163397 0.74458 0.618788 0.584235519938 0.756968 0.771292 0.788044 0.807893 0.831784 0.861087 0.897869 0.945403 1.0092 1.09931
0.802851455917 0.736059 0.607445 0.572081426984 0.748811 0.763556 0.780801 0.801237 0.825834 0.856003 0.893874 0.942818 1.00851 1.10129
0.820304748437 0.727491 0.596168 0.560026386631 0.740603 0.755766 0.7735 0.794514 0.81981 0.850837 0.889786 0.940123 1.00769 1.10312
0.837758040957 0.71888 0.584966 0.548080258633 0.732348 0.747924 0.76614 0.787728 0.813713 0.845588 0.885602 0.937316 1.00673 1.10478
0.855211333477 0.710231 0.573846 0.536252429292 0.72405 0.740032 0.758725 0.780878 0.807544 0.840255 0.88132 0.934394 1.00563 1.10626
0.872664625997 0.701545 0.562816 0.524551788473 0.715711 0.732094 0.751256 0.773966 0.801304 0.834839 0.876938 0.931352 1.00439 1.10756
0.890117918517 0.692828 0.551884 0.512986743398 0.707334 0.724111 0.743735 0.766993 0.794991 0.829337 0.872455 0.928187 1.00299 1.10867
0.907571211037 0.684081 0.541055 0.501565204853 0.698922 0.716087 0.736165 0.759961 0.788608 0.82375 0.86787 0.924895 1.00144 1.10957
0.925024503557 0.675308 0.530337 0.490294591786 0.690477 0.708023 0.728546 0.75287 0.782154 0.818078 0.863179 0.921475 0.999727 1.11027
0.942477796077 0.666512 0.519736 0.479181826708 0.682003 0.699922 0.720881 0.745723 0.77563 0.812319 0.858382 0.917921 0.997844 1.11075
0.959931088597 0.657697 0.509257 0.468233335697 0.673503 0.691785 0.713172 0.73852 0.769036 0.806474 0.853477 0.914233 0.995788 1.111
0.977384381117 0.648865 0.498905 0.457455043799 0.664978 0.683617 0.705419 0.731262 0.762374 0.800542 0.848463 0.910406 0.993556 1.11102
0.994837673637 0.640019 0.488686 0.446852388816 0.656433 0.675418 0.697627 0.72395 0.755642 0.794523 0.843338 0.906438 0.991141 1.1108
1.01229096616 0.631163 0.478604 0.436430316713 0.647868 0.667191 0.689794 0.716587 0.748843 0.788416 0.838102 0.902326 0.98854 1.11033
1.02974425868 0.622299 0.468663 0.426193281618 0.639287 0.658938 0.681925 0.709172 0.741976 0.782222 0.832752 0.898068 0.985749 1.10961
1.0471975512 0.61343 0.458867 0.416145255011 0.630693 0.650661 0.67402 0.701708 0.735043 0.77594 0.827288 0.893662 0.982763 1.10864
1.06465084372 0.604559 0.449219 0.406289730325 0.622087 0.642362 0.666081 0.694195 0.728043 0.76957 0.821709 0.889106 0.97958 1.10739
1.08210413624 0.595689 0.439722 0.396629732137 0.613473 0.634044 0.658109 0.686635 0.720978 0.763112 0.816014 0.884397 0.976195 1.10588
1.09955742876 0.586821 0.43038 0.387167816168 0.604852 0.625709 0.650108 0.679028 0.713848 0.756567 0.810203 0.879534 0.972605 1.10409
1.11701072128 0.57796 0.421193 0.377906083075 0.596227 0.617358 0.642077 0.671378 0.706655 0.749934 0.804274 0.874515 0.968808 1.10201
1.1344640138 0.569107 0.412165 0.368846183045 0.587601 0.608994 0.63402 0.663683 0.699398 0.743214 0.798227 0.869339 0.9648 1.09966
1.15191730632 0.560265 0.403297 0.359989320393 0.578975 0.600618 0.625937 0.655947 0.692079 0.736407 0.792062 0.864004 0.960579 1.09701
1.16937059884 0.551436 0.39459 0.351336281141 0.570352 0.592233 0.61783 0.64817 0.684699 0.729513 0.785779 0.85851 0.956143 1.09407
1.18682389136 0.542624 0.386045 0.342887428422 0.561735 0.583841 0.609702 0.640354 0.677258 0.722533 0.779377 0.852855 0.951489 1.09083
1.20427718388 0.53383 0.377662 0.33464271627 0.553125 0.575444 0.601553 0.6325 0.669759 0.715468 0.772857 0.847038 0.946617 1.08729
1.2217304764 0.525056 0.369443 0.326601703409 0.544525 0.567044 0.593386 0.62461 0.662201 0.708318 0.766218 0.84106 0.941525 1.08345
1.23918376892 0.516306 0.361386 0.318763562447 0.535936 0.558642 0.585203 0.616685 0.654586 0.701084 0.759461 0.834919 0.93621 1.0793
1.25663706144 0.507581 0.353493 0.311127107457 0.527361 0.550241 0.577004 0.608726 0.646916 0.693767 0.752587 0.828616 0.930673 1.07484
1.27409035396 0.498883 0.345761 0.303690784779 0.518803 0.541842 0.568793 0.600735 0.639191 0.686367 0.745595 0.82215 0.924913 1.07008
1.29154364648 0.490216 0.338191 0.296452705203 0.510262 0.533448 0.56057 0.592715 0.631413 0.678886 0.738487 0.815523 0.918929 1.065
1.308996939 0.48158 0.330781 0.28941064856 0.501742 0.525061 0.552337 0.584665 0.623583 0.671326 0.731263 0.808733 0.912721 1.05961
1.32645023152 0.472979 0.32353 0.282562095901 0.493244 0.516682 0.544097 0.576589 0.615703 0.663686 0.723924 0.801782 0.906289 1.05391
1.34390352404 0.464414 0.316436 0.27590421111 0.48477 0.508313 0.53585 0.568487 0.607775 0.655969 0.716472 0.794671 0.899634 1.0479
1.36135681656 0.455887 0.309498 0.269433896066 0.476322 0.499956 0.5276 0.560361 0.599799 0.648176 0.708907 0.7874 0.892756 1.04158
1.37881010908 0.4474 0.302713 0.263147781443 0.467902 0.491614 0.519347 0.552214 0.591778 0.640309 0.701232 0.779971 0.885656 1.03494
1.3962634016 0.438956 0.296079 0.257042249701 0.459513 0.483288 0.511094 0.544046 0.583713 0.632368 0.693447 0.772385 0.878336 1.02799
1.41371669412 0.430556 0.289594 0.251113453468 0.451156 0.474979 0.502842 0.535861 0.575606 0.624357 0.685554 0.764644 0.870797 1.02073
1.43116998664 0.422202 0.283255 0.245357324732 0.442832 0.46669 0.494593 0.527658 0.567459 0.616276 0.677555 0.756749 0.86304 1.01317
1.44862327916 0.413896 0.27706 0.239769616216 0.434545 0.458423 0.486349 0.519442 0.559273 0.608128 0.669452 0.748703 0.855068 1.0053
1.46607657168 0.405639 0.271005 0.234345882987 0.426295 0.45018 0.478113 0.511212 0.551051 0.599914 0.661247 0.740508 0.846883 0.997128
1.4835298642 0.397435 0.265088 0.229081528422 0.418084 0.441962 0.469885 0.502972 0.542795 0.591637 0.652942 0.732165 0.838488 0.988655
1.50098315672 0.389284 0.259305 0.223971799615 0.409915 0.433772 0.461669 0.494724 0.534507 0.583299 0.64454 0.723679 0.829885 0.979885
1.51843644924 0.381188 0.253653 0.219011824147 0.401789 0.42561 0.453465 0.486469 0.526189 0.574902 0.636043 0.71505 0.821078 0.970822
1.53588974176 0.373149 0.248128 0.214196614684 0.393708 0.41748 0.445276 0.478209 0.517843 0.56645 0.627454 0.706283 0.812069 0.961469
1.55334303427 0.365168 0.242727 0.209521091957 0.385674 0.409382 0.437103 0.469947 0.509472 0.557943 0.618775 0.69738 0.802863 0.951831
1.57079632679 0.357248 0.237447 0.204980093962 0.377688 0.401319 0.42895 0.461684 0.501077 0.549384 0.61001 0.688345 0.793463 0.941912
1.58824961931 0.349389 0.232284 0.200568408129 0.369752 0.393293 0.420816 0.453424 0.492662 0.540777 0.60116 0.67918 0.783872 0.931717
1.60570291183 0.341593 0.227234 0.196280762132 0.361867 0.385304 0.412706 0.445167 0.484228 0.532124 0.59223 0.66989 0.774096 0.921252
1.62315620435 0.333862 0.222293 0.192111874455 0.354036 0.377356 0.40462 0.436916 0.475778 0.523428 0.583223 0.660479 0.76414 0.910522
1.64060949687 0.326198 0.217458 0.188056435998 0.34626 0.36945 0.396561 0.428675 0.467315 0.514692 0.574143 0.65095 0.754008 0.899533
1.65806278939 0.318602 0.212724 0.184109151453 0.338541 0.361588 0.388531 0.420444 0.458841 0.505919 0.564991 0.641308 0.743704 0.888291
1.67551608191 0.311075 0.208089 0.180264734705 0.33088 0.353772 0.380531 0.412226 0.450359 0.497111 0.555774 0.631558 0.733235 0.876804
1.69296937443 0.303618 0.203548 0.176517945606 0.323279 0.346003 0.372564 0.404024 0.441872 0.488273 0.546493 0.621702 0.722605 0.865077
1.71042266695 0.296233 0.199098 0.172863585377 0.315739 0.338283 0.364632 0.39584 0.433382 0.479407 0.537152 0.611746 0.711821 0.853119
1.72787595947 0.288922 0.194735 0.169296510397 0.308263 0.330614 0.356737 0.387675 0.424893 0.470517 0.527757 0.601696 0.700888 0.840935
1.74532925199 0.281686 0.190454 0.16581166898 0.300851 0.322998 0.348881 0.379534 0.416406 0.461605 0.51831 0.591555 0.689812 0.828535
1.76278254451 0.274525 0.186254 0.162404092177 0.293504 0.315436 0.341067 0.371418 0.407926 0.452676 0.508816 0.581328 0.6786 0.815926
1.78023583703 0.267441 0.182129 0.15906890757 0.286226 0.307931 0.333295 0.363329 0.399454 0.443733 0.49928 0.571022 0.667257 0.803117
1.79768912955 0.260436 0.178077 0.155801366848 0.279016 0.300483 0.325568 0.35527 0.390995 0.43478 0.489704 0.560641 0.655792 0.790116
1.81514242207 0.253511 0.174094 0.152596832019 0.271876 0.293095 0.317889 0.347244 0.38255 0.42582 0.480095 0.55019 0.644209 0.776932
1.83259571459 0.246666 0.170176 0.149450821379 0.264809 0.285769 0.310259 0.339253 0.374123 0.416856 0.470456 0.539676 0.632518 0.763573
1.85004900711 0.239903 0.166321 0.146358981925 0.257814 0.278506 0.30268 0.3313 0.365717 0.407893 0.460792 0.529104 0.620723 0.750049
1.86750229963 0.233223 0.162526 0.143317126135 0.250894 0.271307 0.295155 0.323387 0.357334 0.398934 0.451107 0.518479 0.608834 0.73637
1.88495559215 0.226627 0.158786 0.140321231967 0.24405 0.264176 0.287686 0.315516 0.34898 0.389984 0.441407 0.507808 0.596857 0.722545
1.90240888467 0.220115 0.155101 0.137367447449 0.237283 0.257112 0.280274 0.307691 0.340655 0.381045 0.431696 0.497096 0.5848 0.708584
1.91986217719 0.21369 0.151465 0.13445210448 0.230595 0.250118 0.272922 0.299913 0.332364 0.372123 0.421979 0.48635 0.57267 0.694497
1.93731546971 0.207352 0.147878 0.131571718818 0.223986 0.243196 0.265632 0.292186 0.32411 0.36322 0.412261 0.475576 0.560476 0.680294
1.95476876223 0.201102 0.144337 0.128723013073 0.217458 0.236347 0.258406 0.284512 0.315895 0.354341 0.402547 0.46478 0.548225 0.665986
1.97222205475 0.19494 0.140838 0.125902893719 0.211013 0.229572 0.251246 0.276894 0.307724 0.345491 0.392842 0.453968 0.535926 0.651582
1.98967534727 0.188868 0.137381 0.123108483269 0.204651 0.222874 0.244154 0.269333 0.299599 0.336672 0.38315 0.443147 0.523586 0.637095
2.00712863979 0.182887 0.133962 0.120337115685 0.198374 0.216254 0.237131 0.261833 0.291523 0.327889 0.373477 0.432323 0.511214 0.622534
2.02458193231 0.176996 0.13058 0.117586327176 0.192182 0.209713 0.230181 0.254397 0.2835 0.319146 0.363829 0.421502 0.498819 0.60791
2.04203522483 0.171198 0.127233 0.114853874591 0.186077 0.203252 0.223304 0.247026 0.275534 0.310447 0.354209 0.410692 0.486407 0.593235
2.05948851735 0.165492 0.123919 0.112137744609 0.18006 0.196875 0.216504 0.239724 0.267626 0.301796 0.344624 0.399898 0.473988 0.578519
2.07694180987 0.15988 0.120638 0.109436121566 0.174132 0.190581 0.209781 0.232492 0.259782 0.293198 0.335079 0.389127 0.461571 0.563774
2.09439510239 0.154362 0.117388 0.106747424223 0.168294 0.184372 0.203138 0.225334 0.252003 0.284656 0.325579 0.378386 0.449164 0.549011
2.11184839491 0.148939 0.114167 0.104070291981 0.162547 0.17825 0.196577 0.218252 0.244292 0.276175 0.316128 0.367682 0.436775 0.534241
2.12930168743 0.143611 0.110974 0.101403575683 0.156892 0.172217 0.1901 0.211249 0.236655 0.267758 0.306733 0.35702 0.424413 0.519476
2.14675497995 0.138379 0.10781 0.0987463468119 0.15133 0.166273 0.183709 0.204326 0.229092 0.25941 0.297398 0.346409 0.412087 0.504726
2.16420827247 0.133244 0.104673 0.0960978974887 0.145862 0.160419 0.177404 0.197487 0.221609 0.251135 0.288129 0.335854 0.399805 0.490004
2.18166156499 0.128205 0.101562 0.0934577266812 0.140489 0.154658 0.171189 0.190734 0.214206 0.242937 0.27893 0.325362 0.387576 0.47532
2.19911485751 0.123264 0.0984777 0.0908255493988 0.135211 0.14899 0.165065 0.184068 0.206889 0.234819 0.269808 0.31494 0.375409 0.460686
2.21656815003 0.118421 0.0954196 0.0882012829024 0.13003 0.143417 0.159034 0.177494 0.19966 0.226787 0.260766 0.304594 0.363311 0.446114
2.23402144255 0.113677 0.0923877 0.0855850421075 0.124945 0.13794 0.153097 0.171012 0.192522 0.218843 0.251811 0.29433 0.351292 0.431614
2.25147473507 0.109031 0.0893821 0.0829771441811 0.119959 0.132561 0.147257 0.164625 0.185478 0.210992 0.242947 0.284157 0.33936 0.417198
2.26892802759 0.104484 0.0864031 0.0803780901548 0.115072 0.127279 0.141514 0.158336 0.178531 0.203238 0.234179 0.274079 0.327524 0.402877
2.28638132011 0.100036 0.0834511 0.0777885787152 0.110284 0.122097 0.135871 0.152147 0.171684 0.195584 0.225512 0.264103 0.315791 0.388663
2.30383461263 0.0956883 0.0805267 0.0752094694305 0.105595 0.117015 0.130329 0.146059 0.16494 0.188035 0.216952 0.254236 0.304171 0.374566
2.32128790515 0.0914403 0.0776305 0.0726418011373 0.101008 0.112035 0.12489 0.140076 0.158301 0.180594 0.208503 0.244485 0.292671 0.360598
2.33874119767 0.0872924 0.0747634 0.0700867689572 0.0965215 0.107157 0.119555 0.134199 0.151772 0.173264 0.200169 0.234854 0.2813 0.346768
2.35619449019 0.0832447 0.0719263 0.0675457334902 0.0921369 0.102383 0.114325 0.12843 0.145354 0.16605 0.191957 0.225351 0.270065 0.333089
2.37364778271 0.0792974 0.0691203 0.065020193235 0.0878546 0.0977136 0.109203 0.122771 0.13905 0.158955 0.183869 0.215981 0.258975 0.31957
2.39110107523 0.0754506 0.0663464 0.0625117753957 0.0836748 0.0931492 0.104189 0.117225 0.132863 0.151982 0.175911 0.20675 0.248037 0.306222
2.40855436775 0.0717043 0.0636061 0.060022245075 0.0795983 0.0886909 0.0992844 0.111792 0.126795 0.145136 0.168087 0.197665 0.237259 0.293055
2.42600766027 0.0680587 0.0609007 0.0575534868878 0.0756252 0.0843396 0.0944911 0.106475 0.120849 0.138418 0.160403 0.188731 0.226649 0.280079
2.44346095279 0.0645136 0.0582317 0.0551074773815 0.071756 0.080096 0.08981 0.101276 0.115027 0.131833 0.152861 0.179953 0.216215 0.267305
2.46091424531 0.0610691 0.0556005 0.052686308019 0.067991 0.0759608 0.0852423 0.0961968 0.109332 0.125384 0.145466 0.171338 0.205962 0.254743
2.47836753783 0.0577251 0.0530089 0.050292143809 0.0643304 0.0719345 0.0807891 0.0912383 0.103766 0.119074 0.138223 0.16289 0.195899 0.2424
2.49582083035 0.0544814 0.0504584 0.047927227903 0.0607744 0.068018 0.0764514 0.0864023 0.098331 0.112906 0.131135 0.154615 0.186032 0.230288
2.51327412287 0.0513379 0.0479509 0.0455938724017 0.0573232 0.0642116 0.0722303 0.0816905 0.0930295 0.106882 0.124206 0.146517 0.176369 0.218415
2.53072741539 0.0482943 0.0454881 0.0432944307754 0.0539769 0.0605158 0.0681266 0.0771043 0.0878634 0.101006 0.11744 0.138603 0.166915 0.206789
2.54818070791 0.0453506 0.0430718 0.0410313162505 0.0507356 0.0569312 0.0641412 0.0726449 0.0828346 0.0952798 0.11084 0.130876 0.157677 0.19542
2.56563400043 0.0425063 0.0407039 0.0388069512467 0.0475994 0.053458 0.0602749 0.0683137 0.077945 0.0897066 0.10441 0.123341 0.148661 0.184315
2.58308729295 0.0397612 0.0383863 0.0366237995532 0.0445681 0.0500967 0.0565285 0.0641119 0.0731963 0.0842886 0.0981535 0.116002 0.139873 0.173484
2.60054058547 0.0371149 0.036121 0.0344843111693 0.0416419 0.0468475 0.0529026 0.0600407 0.0685904 0.0790282 0.0920734 0.108865 0.131319 0.162932
2.61799387799 0.0345671 0.0339098 0.0323909452877 0.0388205 0.0437106 0.0493977 0.056101 0.0641286 0.0739276 0.0861727 0.101932 0.123005 0.152669
2.63544717051 0.0321172 0.0317546 0.0303461335213 0.0361038 0.0406862 0.0460146 0.0522939 0.0598125 0.0689889 0.0804545 0.0952089 0.114935 0.142701
2.65290046303 0.0297649 0.0296574 0.0283522982897 0.0334915 0.0377744 0.0427535 0.0486202 0.0556435 0.0642141 0.0749212 0.0886979 0.107114 0.133034
2.67035375555 0.0275096 0.02762 0.0264118068531 0.0309835 0.0349752 0.0396148 0.0450806 0.0516228 0.059605 0.0695756 0.0824028 0.099548 0.123676
2.68780704807 0.0253508 0.0256443 0.0245269851021 0.0285794 0.0322885 0.0365989 0.0416758 0.0477515 0.0551633 0.0644199 0.076327 0.0922403 0.114632
2.70526034059 0.0232877 0.023732 0.022700089978 0.0262788 0.0297143 0.0337059 0.0384064 0.0440306 0.0508905 0.0594565 0.0704736 0.0851955 0.105909
2.72271363311 0.0213198 0.021885 0.0209333140692 0.0240813 0.0272524 0.0309359 0.0352728 0.0404611 0.046788 0.0546873 0.0648453 0.0784174 0.0975108
2.74016692563 0.0194464 0.0201049 0.0192287626286 0.0219865 0.0249025 0.0282891 0.0322756 0.0370436 0.0428571 0.0501141 0.0594447 0.0719097 0.0894434
2.75762021815 0.0176668 0.0183934 0.0175884489765 0.0199936 0.0226644 0.0257653 0.0294148 0.0337789 0.0390989 0.0457386 0.0542742 0.0656756 0.0817111
2.77507351067 0.01598 0.016752 0.0160142807108 0.0181023 0.0205376 0.0233645 0.0266907 0.0306674 0.0355142 0.0415622 0.049336 0.0597181 0.0743182
2.79252680319 0.0143854 0.0151822 0.0145080551107 0.0163117 0.0185217 0.0210864 0.0241033 0.0277096 0.0321039 0.0375863 0.0446318 0.0540399 0.0672686
2.80998009571 0.0128819 0.0136855 0.0130714407498 0.0146213 0.0166161 0.0189306 0.0216526 0.0249056 0.0288685 0.0338118 0.0401634 0.0486435 0.0605656
2.82743338823 0.0114687 0.0122631 0.0117059683033 0.0130301 0.0148203 0.0168969 0.0193384 0.0222555 0.0258085 0.0302396 0.0359319 0.0435306 0.0542121
2.84488668075 0.0101447 0.0109161 0.010413035144 0.0115373 0.0131336 0.0149846 0.0171604 0.0197593 0.0229242 0.0268702 0.0319386 0.0387032 0.0482107
2.86233997327 0.00890893 0.00964572 0.00919387776322 0.0101421 0.0115551 0.0131932 0.0151182 0.0174169 0.0202155 0.0237041 0.0281841 0.0341624 0.0425634
2.87979326579 0.0077602 0.00845278 0.00804958096369 0.00884328 0.010084 0.0115219 0.0132111 0.0152278 0.0176823 0.0207414 0.024669 0.0299091 0.0372717
2.89724655831 0.00669737 0.00733813 0.00698104108665 0.00763995 0.00871933 0.00996988 0.0114386 0.0131915 0.0153244 0.0179821 0.0213935 0.0259441 0.0323368
2.91469985083 0.00571918 0.0063024 0.00598899359156 0.00653088 0.00746007 0.00853624 0.00979975 0.0113073 0.0131412 0.0154257 0.0183575 0.0222675 0.0277592
2.93215314335 0.00482433 0.0053461 0.00507397628316 0.00551487 0.00630506 0.00721992 0.00829368 0.00957445 0.011132 0.0130718 0.0155605 0.018879 0.0235391
2.94960643587 0.00401147 0.0044696 0.00423632931147 0.0045906 0.00525305 0.00601973 0.00691927 0.00799186 0.00929589 0.0109194 0.0130019 0.0157781 0.0196759
2.96705972839 0.00327913 0.00367305 0.00347619517175 0.00375667 0.00430269 0.00493437 0.00567524 0.00655833 0.00763163 0.00896752 0.0106806 0.0129637 0.0161687
2.98451302091 0.00262581 0.00295646 0.00279350031806 0.0030116 0.00345252 0.00396241 0.00456019 0.00527247 0.00613787 0.00721467 0.00859511 0.0104345 0.0130159
3.00196631343 0.00204988 0.00231964 0.00218794137336 0.0023538 0.00270097 0.00310227 0.00357255 0.00413268 0.00481298 0.00565918 0.00674368 0.00818834 0.0102154
3.01941960595 0.00154967 0.0017622 0.00165899432279 0.00178156 0.00204632 0.00235222 0.00271054 0.00313714 0.00365506 0.00429905 0.00512415 0.00622294 0.00776432
3.03687289847 0.00112336 0.00128354 0.00120587314402 0.00129307 0.00148674 0.00171038 0.00197222 0.00228381 0.00266195 0.00313195 0.00373392 0.00453534 0.00565928
3.05432619099 0.000769056 0.000882825 0.000827543597164 0.000886404 0.00102024 0.00117469 0.00135543 0.0015704 0.00183118 0.00215517 0.00256998 0.00312205 0.00389607
3.07177948351 0.00048472 0.000558976 0.000522695645045 0.000559457 0.000644636 0.000742878 0.000857772 0.00099436 0.00115996 0.00136562 0.00162881 0.00197898 0.00246978
3.08923277603 0.000268167 0.000310645 0.00028970208357 0.000309974 0.000357588 0.000412466 0.000476604 0.000552806 0.000645143 0.000759758 0.000906376 0.00110137 0.00137458
3.10668606855 0.000117019 0.000136166 0.00012660934851 0.000135483 0.000156493 0.000180689 0.000208947 0.000242497 0.000283126 0.000333528 0.000397972 0.000483638 0.000603627
3.12413936107 2.8646e-05 3.34866e-05 3.1031793196e-05 3.32274e-05 3.84354e-05 4.44274e-05 5.1419e-05 5.97132e-05 6.97498e-05 8.21924e-05 9.80918e-05 0.000119217 0.000148792
3.14159265359 0.0 0.0 0.0 0.0 0.0 0.0 0.0 0.0 0.0 0.0 0.0 0.0 0.0
