alpha phi_iso phi_ray phi_vec g0=0.1 g0=0.2 g0=0.3 g0=0.4 g0=0.5 g0=0.6 g0=0.7 g0=0.8 g0=0.9 g0=1.0
0.0 1.0 1.0 1.0 1.0 1.0 1.0 1.0 1.0 1.0 1.0 1.0 1.0 1.0
0.0174532925199 0.999792 0.999735 0.999709704646 0.999798 0.999804 0.99981 0.999817 0.999824 0.999832 0.99984 0.999848 0.999858 0.999867
0.0349065850399 0.999185 0.998965 0.998862586855 0.999208 0.999231 0.999256 0.999282 0.999309 0.999338 0.999368 0.999401 0.999435 0.999472
0.0523598775598 0.998208 0.997726 0.997493324308 0.998255 0.998305 0.998357 0.998412 0.99847 0.998531 0.998596 0.998665 0.998739 0.998818
0.0698131700798 0.996879 0.996045 0.995629809841 0.996958 0.997042 0.997129 0.997222 0.997319 0.997422 0.997532 0.997649 0.997774 0.997908
0.0872664625997 0.995214 0.993943 0.993291959207 0.995331 0.995455 0.995585 0.995721 0.995866 0.99602 0.996183 0.996357 0.996544 0.996744
0.10471975512 0.993222 0.991433 0.990494625851 0.993383 0.993553 0.993731 0.993919 0.994118 0.994329 0.994554 0.994795 0.995052 0.99533
0.12217304764 0.990913 0.988528 0.987250455513 0.991122 0.991343 0.991575 0.99182 0.99208 0.992356 0.992651 0.992965 0.993303 0.993667
0.13962634016 0.988293 0.985238 0.983571411934 0.988556 0.988832 0.989123 0.989432 0.989758 0.990106 0.990477 0.990874 0.9913 0.99176
0.157079632679 0.98537 0.981573 0.979469343523 0.98569 0.986027 0.986383 0.986759 0.987158 0.987583 0.988037 0.988523 0.989046 0.98961
0.174532925199 0.982152 0.977544 0.974956140055 0.982533 0.982934 0.983358 0.983808 0.984285 0.984793 0.985336 0.985918 0.986544 0.987221
0.191986217719 0.978644 0.973162 0.970043747723 0.97909 0.97956 0.980057 0.980584 0.981144 0.981741 0.982379 0.983063 0.9838 0.984597
0.209439510239 0.974854 0.968435 0.964744160359 0.975368 0.975911 0.976485 0.977094 0.977741 0.978431 0.97917 0.979962 0.980816 0.98174
0.226892802759 0.970789 0.963376 0.959069425702 0.971374 0.971993 0.972647 0.973342 0.974081 0.974869 0.975713 0.976619 0.977596 0.978653
0.244346095279 0.966454 0.957993 0.953031632861 0.967114 0.967812 0.96855 0.969334 0.970169 0.97106 0.972014 0.973038 0.974144 0.975341
0.261799387799 0.961858 0.952296 0.94664292611 0.962595 0.963374 0.9642 0.965077 0.966011 0.967008 0.968076 0.969225 0.970464 0.971807
0.279252680319 0.957006 0.946296 0.939915497358 0.957823 0.958687 0.959602 0.960575 0.961611 0.962718 0.963905 0.965182 0.96656 0.968053
0.296705972839 0.951905 0.940003 0.93286159117 0.952803 0.953754 0.954762 0.955834 0.956976 0.958197 0.959506 0.960914 0.962435 0.964085
0.314159265359 0.94656 0.933427 0.925493499751 0.947543 0.948583 0.949686 0.950859 0.95211 0.953447 0.954882 0.956426 0.958094 0.959905
0.331612557879 0.940979 0.926577 0.91782355793 0.942048 0.943179 0.94438 0.945657 0.947019 0.948475 0.950039 0.951722 0.953542 0.955517
0.349065850399 0.935168 0.919464 0.909864136892 0.936325 0.937549 0.938849 0.940232 0.941707 0.943286 0.944981 0.946807 0.948781 0.950924
0.366519142919 0.929133 0.912096 0.901627632896 0.930379 0.931698 0.933099 0.93459 0.936181 0.937884 0.939713 0.941684 0.943816 0.946132
0.383972435439 0.922881 0.904486 0.893126457244 0.924217 0.925632 0.927136 0.928736 0.930445 0.932275 0.934241 0.936359 0.938652 0.941142
0.401425727959 0.916417 0.896641 0.884373027508 0.917845 0.919358 0.920965 0.922677 0.924506 0.926464 0.928568 0.930836 0.933292 0.93596
0.418879020479 0.909748 0.888572 0.875379751228 0.911268 0.91288 0.914593 0.916418 0.918367 0.920455 0.922699 0.92512 0.92774 0.93059
0.436332312999 0.90288 0.880289 0.866159018396 0.904494 0.906205 0.908025 0.909963 0.912034 0.914254 0.91664 0.919214 0.922002 0.925034
0.453785605519 0.895819 0.871802 0.856723183898 0.897527 0.899339 0.901266 0.903319 0.905514 0.907866 0.910395 0.913125 0.916081 0.919298
0.471238898038 0.888572 0.86312 0.847084551223 0.890375 0.892288 0.894323 0.896492 0.89881 0.901296 0.90397 0.906856 0.909982 0.913385
0.488692190558 0.881144 0.854252 0.83725536995 0.883043 0.885058 0.887201 0.889486 0.891929 0.894549 0.897368 0.900411 0.903709 0.907299
0.506145483078 0.873542 0.84521 0.827247808169 0.875536 0.877653 0.879905 0.882307 0.884876 0.887631 0.890596 0.893797 0.897267 0.901044
0.523598775598 0.865772 0.836001 0.81707394747 0.867862 0.870081 0.872443 0.874962 0.877656 0.880546 0.883657 0.887017 0.890659 0.894626
0.541052068118 0.85784 0.826636 0.806745770401 0.860026 0.862348 0.864818 0.867454 0.870274 0.8733 0.876557 0.880076 0.883891 0.888047
0.558505360638 0.849752 0.817123 0.796275137904 0.852034 0.854458 0.857038 0.859791 0.862736 0.865897 0.869301 0.872978 0.876967 0.881312
0.575958653158 0.841515 0.807473 0.78567378681 0.843892 0.846418 0.849107 0.851976 0.855047 0.858344 0.861893 0.865729 0.869891 0.874425
0.593411945678 0.833133 0.797695 0.774953308523 0.835606 0.838234 0.841031 0.844017 0.847213 0.850644 0.85434 0.858334 0.862668 0.86739
0.610865238198 0.824614 0.787797 0.7641251415 0.827182 0.829911 0.832816 0.835918 0.839239 0.842804 0.846645 0.850796 0.855302 0.860212
0.628318530718 0.815964 0.777788 0.753200556206 0.818626 0.821455 0.824468 0.827685 0.831129 0.834828 0.838813 0.843122 0.847798 0.852895
0.645771823238 0.807187 0.767679 0.742190646342 0.809943 0.812872 0.815991 0.819323 0.82289 0.826722 0.83085 0.835315 0.840161 0.845444
0.663225115758 0.798291 0.757476 0.731106311286 0.80114 0.804167 0.807393 0.810838 0.814527 0.81849 0.822761 0.82738 0.832394 0.837862
0.680678408278 0.789281 0.747189 0.719958253593 0.792222 0.795347 0.798677 0.802235 0.806045 0.810138 0.81455 0.819322 0.824503 0.830153
0.698131700798 0.780163 0.736827 0.708756961442 0.783195 0.786417 0.789851 0.793519 0.797449 0.801672 0.806223 0.811146 0.816492 0.822323
0.715584993318 0.770943 0.726397 0.69751270111 0.774064 0.777383 0.780919 0.784697 0.788745 0.793095 0.797784 0.802857 0.808366 0.814376
0.733038285838 0.761627 0.715908 0.686235508201 0.764837 0.768249 0.771887 0.775773 0.779938 0.784413 0.789238 0.794459 0.800129 0.806315
0.750491578358 0.75222 0.705369 0.674935177615 0.755517 0.759023 0.76276 0.766753 0.771032 0.775632 0.780591 0.785957 0.791786 0.798146
0.767944870878 0.742729 0.694786 0.663621254773 0.746111 0.749709 0.753544 0.757642 0.762034 0.766755 0.771846 0.777356 0.783341 0.789872
0.785398163397 0.733158 0.684169 0.652303029346 0.736625 0.740312 0.744243 0.748445 0.752948 0.757789 0.76301 0.76866 0.7748 0.781499
0.802851455917 0.723514 0.673523 0.640989528989 0.727064 0.730839 0.734865 0.739168 0.74378 0.748739 0.754087 0.759875 0.766165 0.773029
0.820304748437 0.713802 0.662857 0.629689508059 0.717433 0.721295 0.725413 0.729816 0.734535 0.739608 0.745081 0.751005 0.757443 0.764468
0.837758040957 0.704028 0.652179 0.618411445106 0.707738 0.711685 0.715894 0.720393 0.725217 0.730403 0.735998 0.742054 0.748636 0.755821
0.855211333477 0.694197 0.641494 0.607163536603 0.697985 0.702014 0.706311 0.710906 0.715831 0.721128 0.726842 0.733028 0.739751 0.74709
0.872664625997 0.684315 0.63081 0.595953694443 0.688178 0.692288 0.696672 0.701359 0.706384 0.711788 0.717618 0.723931 0.730792 0.738281
0.890117918517 0.674386 0.620134 0.584789535906 0.678323 0.682512 0.68698 0.691757 0.696879 0.702388 0.708331 0.714767 0.721762 0.729398
0.907571211037 0.664417 0.609472 0.573678386168 0.668426 0.672691 0.677241 0.682105 0.687322 0.692932 0.698986 0.705541 0.712667 0.720446
0.925024503557 0.654413 0.59883 0.562627273286 0.658491 0.66283 0.667459 0.672409 0.677717 0.683426 0.689587 0.696258 0.70351 0.711428
0.942477796077 0.644379 0.588215 0.551642921929 0.648524 0.652935 0.657641 0.662673 0.66807 0.673875 0.680139 0.686922 0.694297 0.702349
0.959931088597 0.634319 0.577632 0.54073175714 0.638529 0.64301 0.64779 0.652902 0.658385 0.664282 0.670646 0.677538 0.685031 0.693212
0.977384381117 0.624239 0.567088 0.529899900575 0.628513 0.63306 0.637912 0.643101 0.648666 0.654653 0.661113 0.66811 0.675717 0.684024
0.994837673637 0.614145 0.556587 0.519153170502 0.618479 0.623091 0.628012 0.633275 0.638919 0.644992 0.651545 0.658642 0.666359 0.674786
1.01229096616 0.60404 0.546136 0.508497080549 0.608432 0.613107 0.618094 0.623428 0.629149 0.635303 0.641945 0.64914 0.656962 0.665504
1.02974425868 0.593931 0.535738 0.497936839701 0.598378 0.603112 0.608162 0.613565 0.619359 0.625592 0.63232 0.639607 0.64753 0.656183
1.0471975512 0.583821 0.5254 0.487477358571 0.588321 0.593112 0.598223 0.60369 0.609554 0.615863 0.622672 0.630047 0.638067 0.646825
1.06465084372 0.573715 0.515125 0.477123244387 0.578266 0.583111 0.58828 0.593809 0.599739 0.60612 0.613006 0.620465 0.628577 0.637435
1.08210413624 0.563618 0.504919 0.466878804747 0.568218 0.573113 0.578337 0.583925 0.589919 0.596367 0.603327 0.610866 0.619064 0.628017
1.09955742876 0.553535 0.494786 0.456748052639 0.55818 0.563124 0.5684 0.574043 0.580097 0.586609 0.593638 0.601253 0.609533 0.618575
1.11701072128 0.54347 0.484729 0.446734711454 0.548158 0.553148 0.558472 0.564168 0.570277 0.57685 0.583945 0.59163 0.599987 0.609114
1.1344640138 0.533427 0.474753 0.436842209971 0.538155 0.543188 0.548558 0.554303 0.560465 0.567095 0.57425 0.582002 0.590431 0.599636
1.15191730632 0.523411 0.464861 0.427073694894 0.528177 0.53325 0.538663 0.544453 0.550664 0.557346 0.564559 0.572372 0.580868 0.590147
1.16937059884 0.513427 0.455058 0.417432034613 0.518227 0.523337 0.528789 0.534622 0.540878 0.54761 0.554875 0.562745 0.571303 0.58065
1.18682389136 0.503477 0.445345 0.407919819204 0.508309 0.513454 0.518942 0.524814 0.531112 0.537888 0.545202 0.553125 0.56174 0.571148
1.20427718388 0.493566 0.435727 0.398539370458 0.498428 0.503604 0.509126 0.515033 0.521369 0.528186 0.535544 0.543514 0.552181 0.561646
1.2217304764 0.483699 0.426207 0.389292745642 0.488588 0.493791 0.499344 0.505283 0.511654 0.518508 0.525905 0.533918 0.542632 0.552147
1.23918376892 0.473879 0.416787 0.380181745023 0.478792 0.48402 0.4896 0.495568 0.501969 0.508856 0.516289 0.52434 0.533095 0.542656
1.25663706144 0.46411 0.407469 0.371207916879 0.469043 0.474295 0.479898 0.485891 0.492319 0.499235 0.506699 0.514784 0.523575 0.533175
1.27409035396 0.454396 0.398257 0.362372565023 0.459347 0.464618 0.470241 0.476256 0.482708 0.489649 0.49714 0.505253 0.514075 0.523709
1.29154364648 0.44474 0.389152 0.353676758833 0.449707 0.454993 0.460634 0.466668 0.473139 0.4801 0.487614 0.495751 0.504599 0.51426
1.308996939 0.435145 0.380157 0.345121334506 0.440125 0.445425 0.45108 0.457128 0.463615 0.470594 0.478125 0.486281 0.49515 0.504833
1.32645023152 0.425616 0.371273 0.336706910098 0.430606 0.435916 0.441582 0.447642 0.454141 0.461132 0.468677 0.476848 0.485732 0.495432
1.34390352404 0.416156 0.362502 0.328433888038 0.421152 0.42647 0.432143 0.438211 0.444719 0.451719 0.459273 0.467454 0.476347 0.486058
1.36135681656 0.406767 0.353845 0.32030246515 0.411768 0.41709 0.422768 0.428841 0.435353 0.442358 0.449916 0.458102 0.467001 0.476717
1.37881010908 0.397454 0.345305 0.312312641436 0.402456 0.40778 0.413459 0.419532 0.426046 0.433051 0.440611 0.448796 0.457695 0.46741
1.3962634016 0.388218 0.336882 0.304464231351 0.393219 0.398542 0.404219 0.41029 0.416801 0.423803 0.431359 0.43954 0.448433 0.458142
1.41371669412 0.379064 0.328578 0.296756865065 0.384061 0.389379 0.395051 0.401117 0.407621 0.414616 0.422164 0.430336 0.439219 0.448916
1.43116998664 0.369994 0.320392 0.289190006007 0.374984 0.380294 0.385958 0.392015 0.398509 0.405494 0.413029 0.421187 0.430055 0.439734
1.44862327916 0.36101 0.312327 0.281762953379 0.365991 0.371291 0.376944 0.382988 0.389469 0.396438 0.403957 0.412097 0.420944 0.4306
1.46607657168 0.352116 0.304383 0.27447485594 0.357085 0.362372 0.36801 0.374039 0.380503 0.387453 0.394951 0.403068 0.41189 0.421518
1.4835298642 0.343314 0.29656 0.267324718279 0.348268 0.353539 0.35916 0.36517 0.371613 0.378541 0.386014 0.394104 0.402895 0.412489
1.50098315672 0.334606 0.288859 0.260311409588 0.339543 0.344795 0.350396 0.356383 0.362802 0.369704 0.377148 0.385206 0.393962 0.403517
1.51843644924 0.325996 0.28128 0.253433676199 0.330912 0.336143 0.34172 0.347682 0.354074 0.360945 0.368357 0.376378 0.385094 0.394605
1.53588974176 0.317484 0.273824 0.246690145349 0.322378 0.327584 0.333135 0.339069 0.34543 0.352267 0.359642 0.367623 0.376294 0.385755
1.55334303427 0.309074 0.266489 0.240079341471 0.313943 0.319122 0.324644 0.330546 0.336872 0.343673 0.351006 0.358943 0.367565 0.376971
1.57079632679 0.300767 0.259277 0.233599688705 0.305609 0.310758 0.316248 0.322116 0.328404 0.335164 0.342452 0.35034 0.358908 0.368254
1.58824961931 0.292566 0.252188 0.227249522183 0.297377 0.302494 0.307949 0.313779 0.320027 0.326742 0.333982 0.341817 0.350326 0.359608
1.60570291183 0.284472 0.24522 0.221027098052 0.289251 0.294333 0.299751 0.30554 0.311744 0.318411 0.325599 0.333376 0.341823 0.351035
1.62315620435 0.276488 0.238374 0.214930602258 0.281232 0.286276 0.291653 0.297399 0.303556 0.310172 0.317304 0.32502 0.333399 0.342538
1.64060949687 0.268614 0.231649 0.20895815806 0.273321 0.278326 0.28366 0.289359 0.295466 0.302027 0.3091 0.316751 0.325059 0.334119
1.65806278939 0.260853 0.225045 0.203107833558 0.26552 0.270483 0.275771 0.281422 0.287475 0.293978 0.300988 0.308571 0.316803 0.32578
1.67551608191 0.253206 0.218561 0.19737765172 0.257832 0.262749 0.26799 0.273588 0.279585 0.286028 0.292972 0.300481 0.308634 0.317523
1.69296937443 0.245674 0.212196 0.191765597902 0.250256 0.255127 0.260317 0.265861 0.271799 0.278178 0.285052 0.292485 0.300555 0.309351
1.71042266695 0.23826 0.205951 0.186269629881 0.242795 0.247617 0.252754 0.258241 0.264117 0.270429 0.27723 0.284584 0.292566 0.301267
1.72787595947 0.230963 0.199823 0.18088768036 0.235451 0.240221 0.245302 0.25073 0.256542 0.262783 0.269509 0.276779 0.284671 0.293271
1.74532925199 0.223785 0.193813 0.175617668253 0.228223 0.23294 0.237964 0.243329 0.249074 0.255243 0.261889 0.269073 0.27687 0.285366
1.76278254451 0.216728 0.18792 0.170457507456 0.221114 0.225775 0.230739 0.23604 0.241715 0.247809 0.254373 0.261468 0.269166 0.277554
1.78023583703 0.209792 0.182141 0.165405109362 0.214124 0.218727 0.223629 0.228863 0.234466 0.240482 0.246961 0.253964 0.261561 0.269837
1.79768912955 0.202978 0.176478 0.16045839163 0.207254 0.211797 0.216636 0.221801 0.22733 0.233265 0.239656 0.246563 0.254055 0.262217
1.81514242207 0.196286 0.170928 0.155615285709 0.200505 0.204987 0.20976 0.214854 0.220305 0.226157 0.232459 0.239267 0.246652 0.254695
1.83259571459 0.189719 0.16549 0.150873738092 0.193878 0.198297 0.203001 0.208022 0.213395 0.219162 0.22537 0.232078 0.239351 0.247272
1.85004900711 0.183275 0.160164 0.146231722854 0.187374 0.191727 0.196362 0.201308 0.2066 0.212279 0.218392 0.224995 0.232156 0.239952
1.86750229963 0.176956 0.154948 0.141687242904 0.180992 0.185279 0.189842 0.194711 0.19992 0.205509 0.211525 0.218022 0.225066 0.232734
1.88495559215 0.170761 0.149841 0.137238336252 0.174734 0.178953 0.183443 0.188233 0.193357 0.198854 0.20477 0.211158 0.218083 0.225621
1.90240888467 0.164693 0.144843 0.132883076013 0.1686 0.172749 0.177164 0.181874 0.186911 0.192314 0.198128 0.204406 0.211209 0.218614
1.91986217719 0.158749 0.139951 0.128619585447 0.16259 0.166668 0.171007 0.175634 0.180583 0.18589 0.1916 0.197765 0.204445 0.211714
1.93731546971 0.152932 0.135166 0.124446030439 0.156705 0.16071 0.164971 0.169515 0.174373 0.179583 0.185188 0.191237 0.197791 0.204922
1.95476876223 0.14724 0.130484 0.120360628276 0.150944 0.154876 0.159057 0.163516 0.168283 0.173394 0.178891 0.184823 0.191249 0.19824
1.97222205475 0.141674 0.125907 0.116361655164 0.145308 0.149164 0.153266 0.157638 0.162312 0.167322 0.17271 0.178524 0.18482 0.191668
1.98967534727 0.136234 0.121431 0.112447438713 0.139797 0.143577 0.147596 0.151881 0.15646 0.161369 0.166646 0.172339 0.178504 0.185208
2.00712863979 0.13092 0.117057 0.108616370468 0.13441 0.138113 0.14205 0.146245 0.150729 0.155534 0.160699 0.166271 0.172303 0.178861
2.02458193231 0.12573 0.112782 0.104866903403 0.129148 0.132772 0.136625 0.140731 0.145118 0.149818 0.15487 0.160319 0.166216 0.172627
2.04203522483 0.120666 0.108607 0.101197553178 0.124009 0.127555 0.131323 0.135338 0.139627 0.144222 0.14916 0.154484 0.160246 0.166507
2.05948851735 0.115726 0.104528 0.0976069018938 0.118995 0.12246 0.126143 0.130067 0.134257 0.138745 0.143567 0.148766 0.154391 0.160503
2.07694180987 0.110911 0.100546 0.0940935980988 0.114104 0.117489 0.121086 0.124916 0.129007 0.133388 0.138094 0.143166 0.148653 0.154613
2.09439510239 0.106219 0.0966596 0.0906563580376 0.109336 0.11264 0.11615 0.119887 0.123878 0.12815 0.132739 0.137683 0.143032 0.148841
2.11184839491 0.10165 0.0928668 0.0872939643997 0.10469 0.107912 0.111335 0.114979 0.118868 0.123032 0.127503 0.132319 0.137528 0.143184
2.12930168743 0.0972033 0.089167 0.0840052688261 0.100167 0.103307 0.106641 0.11019 0.113979 0.118033 0.122385 0.127074 0.132143 0.137645
2.14675497995 0.0928783 0.085559 0.0807891919097 0.0957642 0.0988215 0.102068 0.105522 0.109209 0.113153 0.117387 0.121947 0.126875 0.132224
2.16420827247 0.0886739 0.0820416 0.0776447169265 0.0914821 0.0944566 0.097614 0.100974 0.104558 0.108392 0.112507 0.116938 0.121725 0.12692
2.18166156499 0.0845894 0.0786137 0.074570897358 0.0873197 0.090211 0.0932797 0.0965442 0.100026 0.10375 0.107746 0.112047 0.116694 0.121735
2.19911485751 0.0806239 0.0752743 0.071566849369 0.0832761 0.0860841 0.0890638 0.0922331 0.0956126 0.0992266 0.103103 0.107275 0.111781 0.116668
2.21656815003 0.0767762 0.0720224 0.0686317555687 0.0793503 0.082075 0.0849657 0.0880396 0.0913168 0.0948205 0.0985777 0.10262 0.106986 0.111719
2.23402144255 0.0730454 0.0688568 0.0657648549813 0.0755413 0.0781828 0.0809846 0.0839633 0.0871382 0.0905317 0.09417 0.0980835 0.102309 0.106889
2.25147473507 0.0694303 0.0657766 0.0629654505678 0.0718482 0.0744066 0.0771195 0.0800031 0.083076 0.0863597 0.0898793 0.0936643 0.0977495 0.102177
2.26892802759 0.0659298 0.0627807 0.0602329017046 0.0682698 0.0707452 0.0733696 0.0761585 0.0791296 0.0823038 0.0857052 0.0893621 0.0933081 0.0975831
2.28638132011 0.0625426 0.0598681 0.0575666204219 0.064805 0.0671977 0.0697339 0.0724283 0.0752982 0.0783634 0.0816471 0.0851766 0.088984 0.0931077
2.30383461263 0.0592675 0.0570379 0.0549660726574 0.0614525 0.0637629 0.0662112 0.0688117 0.0715808 0.0745376 0.0777043 0.0811071 0.0847769 0.0887503
2.32128790515 0.056103 0.0542891 0.0524307732422 0.0582111 0.0604397 0.0628006 0.0653076 0.0679766 0.0708256 0.0738762 0.0771532 0.0806863 0.0845106
2.33874119767 0.0530479 0.0516208 0.0499602796318 0.0550795 0.0572267 0.0595008 0.0619151 0.0644845 0.0672267 0.0701619 0.0733142 0.0767117 0.0803883
2.35619449019 0.0501007 0.0490319 0.047554196921 0.0520563 0.0541227 0.0563107 0.0586329 0.0611037 0.0637398 0.0665608 0.0695894 0.0728527 0.0763828
2.37364778271 0.0472598 0.0465217 0.0452121640539 0.0491402 0.0511264 0.053229 0.05546 0.057833 0.0603641 0.0630719 0.0659781 0.0691085 0.0724939
2.39110107523 0.0445238 0.0440891 0.0429338550771 0.0463295 0.0482364 0.0502544 0.052395 0.0546713 0.0570985 0.0596943 0.0624794 0.0654785 0.0687208
2.40855436775 0.0418911 0.0417333 0.0407189778861 0.0436229 0.0454512 0.0473856 0.0494368 0.0516174 0.0539419 0.0564271 0.0590927 0.0619621 0.0650631
2.42600766027 0.0393602 0.0394534 0.0385672654498 0.0410189 0.0427695 0.0446211 0.0465841 0.0486702 0.0508933 0.0532692 0.0558169 0.0585584 0.0615202
2.44346095279 0.0369293 0.0372486 0.0364784720496 0.0385158 0.0401897 0.0419597 0.0438355 0.0458284 0.0479514 0.0502197 0.0526511 0.0552666 0.0580912
2.46091424531 0.0345968 0.0351179 0.0344523732791 0.036112 0.0377103 0.0393997 0.0411896 0.0430906 0.0451151 0.0472774 0.0495943 0.0520858 0.0547755
2.47836753783 0.032361 0.0330606 0.0324887560148 0.0338059 0.0353296 0.0369397 0.038645 0.0404556 0.0423831 0.0444411 0.0466455 0.0490151 0.0515723
2.49582083035 0.0302201 0.0310758 0.0305874196702 0.0315958 0.0330461 0.0345782 0.0362003 0.0379219 0.0397541 0.0417096 0.0438035 0.0460534 0.0484806
2.51327412287 0.0281723 0.0291626 0.0287481674195 0.02948 0.0308582 0.0323135 0.0338539 0.0354881 0.0372267 0.0390817 0.0410672 0.0431998 0.0454995
2.53072741539 0.0262158 0.0273201 0.0269708036905 0.0274568 0.028764 0.0301441 0.0316042 0.0331528 0.0347997 0.0365561 0.0384353 0.0404531 0.042628
2.54818070791 0.0243489 0.0255476 0.0252551291504 0.0255242 0.026762 0.0280682 0.0294497 0.0309144 0.0324715 0.0341314 0.0359068 0.0378121 0.0398651
2.56563400043 0.0225695 0.0238441 0.023600936944 0.0236806 0.0248504 0.0260843 0.0273889 0.0287715 0.0302406 0.0318063 0.0334801 0.0352758 0.0372097
2.58308729295 0.0208759 0.0222089 0.0220080076797 0.0219242 0.0230273 0.0241905 0.0254199 0.0267223 0.0281057 0.0295793 0.0311541 0.0328428 0.0346607
2.60054058547 0.0192661 0.0206411 0.0204761044143 0.0202529 0.021291 0.0223853 0.0235413 0.0247654 0.0260651 0.0274491 0.0289274 0.0305119 0.0322168
2.61799387799 0.0177382 0.0191398 0.0190049726536 0.0186651 0.0196398 0.0206667 0.0217512 0.0228991 0.0241174 0.025414 0.0267984 0.0282817 0.0298768
2.63544717051 0.0162903 0.0177042 0.0175943278151 0.0171588 0.0180716 0.0190331 0.020048 0.0211218 0.0222609 0.0234727 0.0247659 0.0261508 0.0276395
2.65290046303 0.0149203 0.0163334 0.0162438577356 0.015732 0.0165848 0.0174826 0.0184298 0.0194316 0.0204939 0.0216234 0.0228283 0.0241179 0.0255035
2.67035375555 0.0136264 0.0150265 0.0149532201643 0.0143828 0.0151773 0.0160133 0.016895 0.017827 0.0188148 0.0198647 0.020984 0.0221815 0.0234674
2.68780704807 0.0124064 0.0137826 0.0137220302253 0.0131094 0.0138473 0.0146235 0.0154417 0.0163062 0.017222 0.0181949 0.0192315 0.02034 0.0215298
2.70526034059 0.0112584 0.0126008 0.0125498641792 0.0119096 0.0125929 0.0133112 0.0140681 0.0148674 0.0157137 0.0166122 0.0175692 0.018592 0.0196891
2.72271363311 0.0101804 0.0114801 0.0114362569155 0.0107816 0.0114121 0.0120746 0.0127723 0.0135088 0.0142881 0.0151151 0.0159955 0.0169358 0.0179439
2.74016692563 0.00917037 0.0104195 0.0103806894162 0.00972333 0.010303 0.0109118 0.0115525 0.0122285 0.0129435 0.0137018 0.0145086 0.0153698 0.0162926
2.75762021815 0.00822622 0.00941823 0.00938259377012 0.00873282 0.00926357 0.00982073 0.0104068 0.0110248 0.0116781 0.0123706 0.0131069 0.0138924 0.0147335
2.77507351067 0.00734594 0.00847512 0.00844134941213 0.00780805 0.00829193 0.00879961 0.00933338 0.00989586 0.0104901 0.0111196 0.0117886 0.0125018 0.0132651
2.79252680319 0.00652749 0.00758919 0.00755627560111 0.00694701 0.00738607 0.00784645 0.00833022 0.00883971 0.00937765 0.00994718 0.010552 0.0111964 0.0118857
2.80998009571 0.00576881 0.0067594 0.00672663267355 0.00614771 0.00654401 0.00695931 0.00739545 0.0078545 0.00833887 0.00885137 0.00939526 0.00997441 0.0105934
2.82743338823 0.00506786 0.00598465 0.00595161702894 0.00540809 0.00576374 0.00613621 0.00652712 0.00693831 0.00737189 0.00783035 0.00831657 0.00883395 0.00938652
2.84488668075 0.00442259 0.00526384 0.00523036112978 0.00472615 0.00504328 0.00537519 0.0057233 0.00608923 0.00647484 0.00688228 0.00731408 0.00777323 0.00826327
2.86233997327 0.00383094 0.00459582 0.00456192848686 0.00409987 0.00438062 0.00467426 0.00498203 0.00530533 0.00564577 0.00600523 0.00638591 0.00679039 0.00722176
2.87979326579 0.00329087 0.00397941 0.0039453174203 0.0035272 0.00377375 0.00403145 0.00430135 0.00458465 0.00488277 0.0051973 0.00553014 0.00588352 0.0062601
2.89724655831 0.00280034 0.00341341 0.00337944977654 0.00300614 0.00322068 0.00344476 0.00367927 0.00392525 0.00418388 0.00445654 0.00474485 0.0050507 0.00537636
2.91469985083 0.0023573 0.00289655 0.002863179704 0.00253465 0.00271939 0.0029122 0.00311382 0.00332514 0.00354714 0.003781 0.00402807 0.00428996 0.00456856
2.93215314335 0.00195973 0.00242756 0.00239528237009 0.00211072 0.00226788 0.00243177 0.00260302 0.00278234 0.00297058 0.0031687 0.00337782 0.00359929 0.00383469
2.94960643587 0.00160559 0.0020051 0.0019744614832 0.00173233 0.00186414 0.00200148 0.00214486 0.00229487 0.0024522 0.00261763 0.00279209 0.00297668 0.0031727
2.96705972839 0.00129285 0.0016278 0.00159934427804 0.00139747 0.00150617 0.00161932 0.00173735 0.00186072 0.00198998 0.00212577 0.00226884 0.00242007 0.00258049
2.98451302091 0.00101951 0.00129425 0.00126847524729 0.00110412 0.00119195 0.0012833 0.00137848 0.00147787 0.00158191 0.00169109 0.00180601 0.00192735 0.00205594
3.00196631343 0.000783552 0.00100299 0.00098032366363 0.000850285 0.000919492 0.000991392 0.00106623 0.00114431 0.00122594 0.00131152 0.0014015 0.0014964 0.00159686
3.01941960595 0.000582963 0.00075249 0.000733276057721 0.000633952 0.000686774 0.000741591 0.00079859 0.000857981 0.000920011 0.000984965 0.00105318 0.00112504 0.00120102
3.03687289847 0.000415743 0.000541196 0.000525634964531 0.000453118 0.000491791 0.000531879 0.000573511 0.000616839 0.000662037 0.000709307 0.000758886 0.000811053 0.000866141
3.05432619099 0.000279887 0.000367475 0.000355613908681 0.000305774 0.000332527 0.000360222 0.000388947 0.000418804 0.000449908 0.000482395 0.000516423 0.000552179 0.000589886
3.07177948351 0.000173387 0.000229633 0.000221334897104 0.000189906 0.000206954 0.000224578 0.000242831 0.000261776 0.000281484 0.000302039 0.000323537 0.000346094 0.000369847
3.08923277603 9.42243e-05 0.000125903 0.000120817136045 0.000103486 0.000113029 0.000122878 0.000133064 0.000143619 0.000154581 0.000165996 0.000177916 0.000190403 0.00020353
3.10668606855 4.03547e-05 5.44166e-05 5.19607333915e-05 4.44554e-05 4.86733e-05 5.3019e-05 5.7505e-05 6.21451e-05 6.69557e-05 7.19558e-05 7.71676e-05 8.26172e-05 8.83361e-05
3.12413936107 9.6838e-06 1.31837e-05 1.25178643307e-05 1.07045e-05 1.17521e-05 1.28293e-05 1.39387e-05 1.50839e-05 1.62686e-05 1.74973e-05 1.87752e-05 2.01087e-05 2.15051e-05
3.14159265359 0.0 0.0 0.0 0.0 0.0 0.0 0.0 0.0 0.0 0.0 0.0 0.0 0.0
