alpha phi_iso phi_ray phi_vec g0=0.1 g0=0.2 g0=0.3 g0=0.4 g0=0.5 g0=0.6 g0=0.7 g0=0.8 g0=0.9 g0=1.0
0.0 1.0 1.0 1.0 1.0 1.0 1.0 1.0 1.0 1.0 1.0 1.0 1.0 1.0
0.0174532925199 0.999658 0.999512 0.999506651524 0.999674 0.999693 0.999717 0.999748 0.999788 0.999843 0.999925 1.00006 1.0003 1.00096
0.0349065850399 0.998701 0.998122 0.998099257392 0.998765 0.998841 0.998936 0.999057 0.999216 0.999435 0.999756 1.00028 1.00126 1.00383
0.0523598775598 0.997235 0.995941 0.995886389166 0.997376 0.997546 0.997756 0.998024 0.998377 0.998863 0.999577 1.00073 1.00291 1.00863
0.0698131700798 0.995341 0.993058 0.992954251962 0.995587 0.995885 0.996254 0.996724 0.997342 0.998195 0.999448 1.00147 1.00531 1.01536
0.0872664625997 0.993071 0.989531 0.989360215981 0.99345 0.993909 0.994478 0.995202 0.996157 0.997474 0.999409 1.00254 1.00846 1.02399
0.10471975512 0.990458 0.985399 0.985142492773 0.990996 0.991649 0.992459 0.99349 0.994849 0.996724 0.999481 1.00394 1.01238 1.03451
0.12217304764 0.987524 0.980692 0.980330164007 0.988248 0.989127 0.990217 0.991605 0.993436 0.995962 0.999678 1.00569 1.01707 1.04691
0.13962634016 0.984289 0.975433 0.974948715799 0.985225 0.98636 0.987769 0.989564 0.991932 0.995201 1.00001 1.00778 1.02251 1.06114
0.157079632679 0.980769 0.969648 0.969022294747 0.981941 0.983364 0.985129 0.98738 0.990349 0.994448 1.00048 1.01023 1.02872 1.07718
0.174532925199 0.97698 0.963359 0.962574289563 0.978412 0.980152 0.982312 0.985065 0.988698 0.993715 1.0011 1.01304 1.03566 1.095
0.191986217719 0.972935 0.95659 0.9556275602 0.974652 0.976738 0.979328 0.98263 0.986988 0.993006 1.00186 1.01619 1.04335 1.11455
0.209439510239 0.968648 0.94936 0.948204402605 0.970673 0.973133 0.976188 0.980083 0.985225 0.992328 1.00278 1.01969 1.05175 1.13581
0.226892802759 0.964132 0.941693 0.940326707342 0.966486 0.969348 0.972901 0.977434 0.983418 0.991684 1.00385 1.02354 1.06085 1.15871
0.244346095279 0.959396 0.933609 0.93201587147 0.962102 0.965392 0.969478 0.97469 0.981571 0.991078 1.00507 1.02772 1.07064 1.18322
0.261799387799 0.954453 0.925129 0.923292957167 0.957532 0.961275 0.965924 0.971857 0.97969 0.990512 1.00644 1.03223 1.0811 1.20928
0.279252680319 0.949312 0.916272 0.914178691731 0.952783 0.957005 0.962249 0.968941 0.977777 0.989988 1.00796 1.03706 1.09221 1.23685
0.296705972839 0.943982 0.907057 0.904693555707 0.947865 0.952589 0.958458 0.965947 0.975837 0.989504 1.00963 1.04219 1.10393 1.26587
0.314159265359 0.938471 0.897506 0.894857712384 0.942786 0.948034 0.954556 0.962879 0.973871 0.989062 1.01143 1.04763 1.11627 1.29629
0.331612557879 0.932789 0.887636 0.884691166427 0.937553 0.943348 0.950549 0.959741 0.971881 0.98866 1.01337 1.05336 1.12917 1.32804
0.349065850399 0.926942 0.877467 0.874213710995 0.932172 0.938535 0.946443 0.956537 0.969869 0.988297 1.01543 1.05936 1.14263 1.36108
0.366519142919 0.920939 0.867017 0.863444910119 0.926652 0.933602 0.942241 0.953268 0.967835 0.98797 1.01762 1.06562 1.15662 1.39533
0.383972435439 0.914786 0.856306 0.852404133954 0.920997 0.928553 0.937947 0.949938 0.965779 0.987676 1.01992 1.07212 1.1711 1.43073
0.401425727959 0.90849 0.84535 0.8411105764 0.915213 0.923394 0.933564 0.946548 0.963701 0.987413 1.02233 1.07886 1.18605 1.46723
0.418879020479 0.902057 0.834169 0.829583237481 0.909307 0.918129 0.929097 0.943101 0.961601 0.987176 1.02484 1.08582 1.20145 1.50476
0.436332312999 0.895493 0.82278 0.817840870468 0.903283 0.912762 0.924548 0.939596 0.959477 0.986963 1.02744 1.09298 1.21725 1.54325
0.453785605519 0.888805 0.811201 0.805902070001 0.897146 0.907298 0.919919 0.936036 0.957329 0.986768 1.03013 1.10033 1.23344 1.58263
0.471238898038 0.881997 0.799449 0.793785148722 0.890901 0.901739 0.915214 0.93242 0.955155 0.986588 1.03288 1.10784 1.24998 1.62285
0.488692190558 0.875076 0.787541 0.781508207763 0.884554 0.89609 0.910433 0.928751 0.952953 0.986417 1.03571 1.11551 1.26683 1.66383
0.506145483078 0.868046 0.775495 0.769089083884 0.878107 0.890353 0.90558 0.925026 0.950722 0.98625 1.03858 1.12331 1.28398 1.7055
0.523598775598 0.860913 0.763326 0.756545331835 0.871566 0.884532 0.900656 0.921248 0.948458 0.986082 1.0415 1.13123 1.30139 1.7478
0.541052068118 0.853682 0.751051 0.743894241992 0.864933 0.87863 0.895663 0.917415 0.94616 0.985907 1.04445 1.13925 1.31903 1.79065
0.558505360638 0.846356 0.738687 0.731152805098 0.858214 0.872649 0.890601 0.913528 0.943826 0.985721 1.04743 1.14736 1.33685 1.834
0.575958653158 0.838941 0.726249 0.718337677018 0.851411 0.866593 0.885473 0.909586 0.941452 0.985516 1.05043 1.15553 1.35485 1.87776
0.593411945678 0.831441 0.713752 0.705465196363 0.844529 0.860462 0.880278 0.905588 0.939035 0.985288 1.05342 1.16375 1.37297 1.92187
0.610865238198 0.823861 0.701211 0.692551331613 0.83757 0.854261 0.87502 0.901534 0.936574 0.985029 1.05641 1.17199 1.39119 1.96627
0.628318530718 0.816203 0.688642 0.679611733991 0.830538 0.847991 0.869697 0.897423 0.934064 0.984735 1.05938 1.18025 1.40948 2.01088
0.645771823238 0.808474 0.676058 0.666661614094 0.823436 0.841654 0.864312 0.893253 0.931503 0.984399 1.06232 1.1885 1.4278 2.05563
0.663225115758 0.800675 0.663474 0.653715847634 0.816267 0.835252 0.858864 0.889025 0.928888 0.984014 1.06522 1.19673 1.44613 2.10046
0.680678408278 0.792812 0.650903 0.640788869695 0.809035 0.828787 0.853355 0.884738 0.926215 0.983575 1.06808 1.20492 1.46443 2.1453
0.698131700798 0.784887 0.638359 0.627894692352 0.80174 0.822261 0.847785 0.880389 0.923481 0.983075 1.07087 1.21304 1.48267 2.19007
0.715584993318 0.776905 0.625854 0.615046904678 0.794388 0.815675 0.842154 0.875977 0.920682 0.982508 1.07359 1.22109 1.50082 2.23473
0.733038285838 0.768869 0.6134 0.60225865511 0.786979 0.809032 0.836463 0.871503 0.917816 0.981867 1.07623 1.22904 1.51884 2.27919
0.750491578358 0.760781 0.601011 0.589542598581 0.779518 0.802332 0.830711 0.866964 0.91488 0.981148 1.07878 1.23688 1.53672 2.3234
0.767944870878 0.752647 0.588696 0.576910984643 0.772006 0.795578 0.824901 0.862359 0.911869 0.980342 1.08122 1.24458 1.55441 2.3673
0.785398163397 0.744468 0.576468 0.564375534089 0.764445 0.788771 0.819031 0.857687 0.908781 0.979445 1.08355 1.25214 1.57189 2.4108
0.802851455917 0.736248 0.564336 0.551947491831 0.756839 0.781912 0.813102 0.852947 0.905612 0.97845 1.08576 1.25954 1.58913 2.45387
0.820304748437 0.72799 0.552312 0.539637591649 0.749189 0.775003 0.807115 0.848137 0.902359 0.977352 1.08784 1.26676 1.6061 2.49643
0.837758040957 0.719698 0.540405 0.527456091439 0.741498 0.768045 0.801068 0.843256 0.89902 0.976143 1.08977 1.27378 1.62277 2.53842
0.855211333477 0.711373 0.528623 0.515412720343 0.733768 0.761039 0.794964 0.838303 0.89559 0.97482 1.09155 1.28059 1.63911 2.57979
0.872664625997 0.703019 0.516976 0.503516713993 0.726 0.753987 0.788801 0.833277 0.892066 0.973375 1.09317 1.28717 1.65511 2.62047
0.890117918517 0.694638 0.505473 0.491776761639 0.718199 0.746889 0.78258 0.828177 0.888447 0.971805 1.09462 1.29351 1.67072 2.66042
0.907571211037 0.686235 0.49412 0.480201041399 0.710364 0.739748 0.776302 0.823 0.884728 0.970102 1.09589 1.29959 1.68592 2.69957
0.925024503557 0.67781 0.482925 0.468797202633 0.702498 0.732564 0.769965 0.817747 0.880907 0.968262 1.09696 1.30539 1.7007 2.73788
0.942477796077 0.669367 0.471895 0.457572365943 0.694604 0.725338 0.763572 0.812416 0.876981 0.96628 1.09785 1.31091 1.71502 2.77529
0.959931088597 0.660908 0.461036 0.4465331408 0.686683 0.718072 0.75712 0.807007 0.872948 0.964151 1.09852 1.31613 1.72886 2.81174
0.977384381117 0.652436 0.450354 0.43568555504 0.678737 0.710767 0.750612 0.801517 0.868804 0.96187 1.09899 1.32104 1.74219 2.84719
0.994837673637 0.643954 0.439855 0.425035195869 0.670769 0.703423 0.744047 0.795946 0.864549 0.959432 1.09923 1.32562 1.755 2.8816
1.01229096616 0.635463 0.429542 0.414587051234 0.662779 0.696043 0.737426 0.790294 0.860178 0.956834 1.09924 1.32986 1.76727 2.91491
1.02974425868 0.626967 0.419422 0.404345615574 0.654769 0.688627 0.730748 0.784559 0.85569 0.95407 1.09902 1.33376 1.77896 2.94708
1.0471975512 0.618467 0.409496 0.394314889821 0.646742 0.681177 0.724014 0.778741 0.851082 0.951137 1.09855 1.33729 1.79007 2.97807
1.06465084372 0.609965 0.399769 0.384498310901 0.6387 0.673692 0.717225 0.77284 0.846354 0.948032 1.09784 1.34044 1.80057 3.00784
1.08210413624 0.601465 0.390245 0.374898875107 0.630643 0.666176 0.71038 0.766853 0.841502 0.944749 1.09687 1.34322 1.81045 3.03634
1.09955742876 0.592968 0.380924 0.365519014723 0.622574 0.658628 0.703481 0.760782 0.836526 0.941287 1.09563 1.3456 1.81968 3.06355
1.11701072128 0.584476 0.371809 0.356360703778 0.614494 0.65105 0.696527 0.754626 0.831423 0.937641 1.09414 1.34757 1.82825 3.08942
1.1344640138 0.575992 0.362902 0.347425458043 0.606406 0.643444 0.68952 0.748384 0.826192 0.933809 1.09236 1.34914 1.83614 3.11391
1.15191730632 0.567518 0.354205 0.338714264534 0.59831 0.635809 0.682459 0.742056 0.820833 0.929788 1.09032 1.35029 1.84335 3.13701
1.16937059884 0.559055 0.345716 0.330227704882 0.590209 0.628148 0.675345 0.735641 0.815342 0.925576 1.08799 1.351 1.84984 3.15867
1.18682389136 0.550606 0.337438 0.321965867216 0.582104 0.620462 0.66818 0.729141 0.809721 0.92117 1.08537 1.35129 1.85562 3.17887
1.20427718388 0.542173 0.329369 0.313928434279 0.573997 0.612752 0.660963 0.722555 0.803967 0.916568 1.08246 1.35113 1.86067 3.19758
1.2217304764 0.533757 0.32151 0.306114612936 0.565889 0.605019 0.653696 0.715882 0.798081 0.911768 1.07927 1.35052 1.86498 3.21478
1.23918376892 0.525361 0.313859 0.298523239919 0.557782 0.597264 0.646379 0.709124 0.792061 0.906769 1.07577 1.34946 1.86853 3.23044
1.25663706144 0.516986 0.306414 0.291152746582 0.549678 0.589489 0.639013 0.70228 0.785908 0.90157 1.07198 1.34794 1.87132 3.24454
1.27409035396 0.508635 0.299176 0.284001158896 0.541578 0.581694 0.631599 0.695352 0.77962 0.896168 1.06788 1.34595 1.87334 3.25707
1.29154364648 0.500308 0.29214 0.277066132701 0.533484 0.573882 0.624138 0.688338 0.773199 0.890564 1.06348 1.3435 1.87459 3.268
1.308996939 0.492009 0.285306 0.270345006586 0.525397 0.566054 0.616631 0.681241 0.766643 0.884757 1.05877 1.34058 1.87505 3.27733
1.32645023152 0.483738 0.27867 0.263834713755 0.517319 0.558211 0.609079 0.674061 0.759954 0.878746 1.05376 1.33718 1.87471 3.28503
1.34390352404 0.475497 0.272229 0.25753190541 0.509251 0.550354 0.601483 0.666799 0.753132 0.872532 1.04844 1.33331 1.87359 3.29111
1.36135681656 0.467289 0.265981 0.251432933125 0.501196 0.542484 0.593844 0.659455 0.746177 0.866114 1.04281 1.32896 1.87166 3.29553
1.37881010908 0.459114 0.259922 0.245533831216 0.493154 0.534604 0.586165 0.652031 0.73909 0.859493 1.03688 1.32414 1.86893 3.29831
1.3962634016 0.450974 0.254047 0.239830369623 0.485127 0.526714 0.578445 0.644528 0.731872 0.85267 1.03063 1.31883 1.8654 3.29944
1.41371669412 0.442872 0.248353 0.234318071532 0.477117 0.518817 0.570687 0.636947 0.724525 0.845644 1.02408 1.31304 1.86107 3.2989
1.43116998664 0.434808 0.242836 0.228992231 0.469126 0.510913 0.562891 0.629289 0.717049 0.838419 1.01722 1.30678 1.85593 3.29671
1.44862327916 0.426784 0.237491 0.223847877704 0.461154 0.503004 0.55506 0.621556 0.709445 0.830994 1.01006 1.30004 1.84998 3.29286
1.46607657168 0.418802 0.232314 0.218879900323 0.453203 0.495091 0.547194 0.61375 0.701717 0.823371 1.00259 1.29282 1.84324 3.28735
1.4835298642 0.410863 0.2273 0.214082958403 0.445276 0.487177 0.539296 0.605872 0.693864 0.815553 0.994826 1.28513 1.8357 3.28018
1.50098315672 0.402969 0.222444 0.209451570491 0.437373 0.479263 0.531368 0.597924 0.68589 0.807542 0.986758 1.27697 1.82736 3.27137
1.51843644924 0.39512 0.21774 0.204980096506 0.429496 0.47135 0.52341 0.589908 0.677796 0.799339 0.978394 1.26834 1.81823 3.26092
1.53588974176 0.38732 0.213184 0.20066277299 0.421646 0.463441 0.515425 0.581826 0.669585 0.790948 0.969737 1.25925 1.80831 3.24884
1.55334303427 0.379568 0.20877 0.196493730733 0.413826 0.455536 0.507414 0.57368 0.661258 0.782371 0.960789 1.2497 1.79762 3.23514
1.57079632679 0.371867 0.204493 0.192466994774 0.406036 0.447637 0.49938 0.565471 0.652819 0.773611 0.951555 1.2397 1.78616 3.21984
1.58824961931 0.364217 0.200347 0.188576554902 0.398278 0.439747 0.491324 0.557203 0.644269 0.764671 0.942039 1.22925 1.77393 3.20294
1.60570291183 0.35662 0.196327 0.184816295153 0.390553 0.431866 0.483248 0.548878 0.635613 0.755555 0.932246 1.21836 1.76095 3.18448
1.62315620435 0.349078 0.192427 0.181180099566 0.382864 0.423997 0.475156 0.540498 0.626852 0.746268 0.92218 1.20703 1.74722 3.16446
1.64060949687 0.341591 0.188641 0.177661816925 0.375212 0.416142 0.467047 0.532066 0.617991 0.736812 0.911846 1.19527 1.73276 3.1429
1.65806278939 0.334162 0.184965 0.174255278393 0.367597 0.408302 0.458926 0.523584 0.609032 0.727191 0.90125 1.18309 1.71758 3.11984
1.67551608191 0.326791 0.181392 0.170954350381 0.360023 0.400479 0.450794 0.515056 0.599979 0.717411 0.890398 1.1705 1.70169 3.09528
1.69296937443 0.319479 0.177916 0.167752916927 0.352489 0.392675 0.442653 0.506483 0.590835 0.707476 0.879295 1.15751 1.6851 3.06926
1.71042266695 0.312228 0.174533 0.164644932567 0.344998 0.384892 0.434505 0.497869 0.581604 0.697391 0.867948 1.14412 1.66783 3.04181
1.72787595947 0.305038 0.171236 0.161624387091 0.337552 0.377132 0.426354 0.489218 0.57229 0.687159 0.856364 1.13034 1.64989 3.01294
1.74532925199 0.297912 0.168021 0.158685358413 0.330151 0.369397 0.418201 0.480531 0.562897 0.676788 0.84455 1.11619 1.6313 2.9827
1.76278254451 0.29085 0.164881 0.155822012574 0.322798 0.361688 0.41005 0.471813 0.553429 0.666281 0.832512 1.10167 1.61207 2.95111
1.78023583703 0.283853 0.161812 0.153028603742 0.315493 0.354007 0.401901 0.463066 0.54389 0.655645 0.820259 1.08679 1.59222 2.9182
1.79768912955 0.276923 0.158808 0.150299544711 0.308239 0.346358 0.393759 0.454294 0.534284 0.644886 0.807797 1.07157 1.57177 2.88402
1.81514242207 0.27006 0.155864 0.147629354028 0.301036 0.338741 0.385626 0.4455 0.524617 0.634008 0.795136 1.05602 1.55073 2.84858
1.83259571459 0.263266 0.152976 0.145012708865 0.293886 0.331158 0.377504 0.436688 0.514891 0.623019 0.782283 1.04015 1.52913 2.81194
1.85004900711 0.256541 0.150139 0.142444427399 0.286792 0.323612 0.369395 0.427861 0.505113 0.611924 0.769246 1.02397 1.50698 2.77412
1.86750229963 0.249887 0.147348 0.139919521682 0.279753 0.316104 0.361304 0.419022 0.495286 0.600729 0.756036 1.00749 1.4843 2.73517
1.88495559215 0.243305 0.144598 0.137433144769 0.272772 0.308637 0.353232 0.410176 0.485416 0.589442 0.742659 0.990725 1.46112 2.69513
1.90240888467 0.236795 0.141885 0.134980678844 0.265851 0.301213 0.345182 0.401326 0.475508 0.578069 0.729126 0.973694 1.43745 2.65404
1.91986217719 0.230359 0.139206 0.132557664719 0.258989 0.293834 0.337157 0.392476 0.465566 0.566616 0.715447 0.956405 1.41331 2.61194
1.93731546971 0.223998 0.136556 0.130159889956 0.25219 0.286501 0.32916 0.38363 0.455596 0.555091 0.701629 0.938874 1.38873 2.56887
1.95476876223 0.217712 0.133931 0.127783335999 0.245455 0.279217 0.321193 0.374791 0.445603 0.543501 0.687684 0.921114 1.36374 2.52488
1.97222205475 0.211503 0.131328 0.125424195793 0.238784 0.271985 0.313261 0.365963 0.435592 0.531852 0.673621 0.90314 1.33834 2.48001
1.98967534727 0.205371 0.128744 0.123078926662 0.23218 0.264805 0.305365 0.357151 0.425568 0.520152 0.65945 0.884967 1.31258 2.43432
2.00712863979 0.199317 0.126176 0.120744179806 0.225644 0.25768 0.297508 0.348358 0.415537 0.508408 0.645182 0.866608 1.28646 2.38784
2.02458193231 0.193343 0.12362 0.118416853183 0.219177 0.250613 0.289693 0.339589 0.405505 0.496628 0.630826 0.84808 1.26001 2.34062
2.04203522483 0.187448 0.121074 0.116094109126 0.21278 0.243605 0.281924 0.330847 0.395476 0.484819 0.616393 0.829397 1.23327 2.29272
2.05948851735 0.181634 0.118536 0.113773339097 0.206455 0.236658 0.274203 0.322136 0.385457 0.472989 0.601894 0.810575 1.20625 2.24418
2.07694180987 0.175902 0.116003 0.111452198937 0.200204 0.229775 0.266534 0.313461 0.375452 0.461145 0.58734 0.79163 1.17897 2.19505
2.09439510239 0.170251 0.113473 0.109128573617 0.194028 0.222958 0.258918 0.304826 0.365469 0.449296 0.572741 0.772577 1.15147 2.14538
2.11184839491 0.164685 0.110945 0.106800594859 0.187928 0.216208 0.25136 0.296234 0.355511 0.437448 0.558108 0.753433 1.12377 2.09522
2.12930168743 0.159202 0.108417 0.104466694016 0.181905 0.209528 0.243862 0.287691 0.345586 0.425611 0.543453 0.734213 1.09589 2.04462
2.14675497995 0.153803 0.105887 0.102125531569 0.175962 0.20292 0.236427 0.2792 0.335698 0.413791 0.528786 0.714934 1.06787 1.99365
2.16420827247 0.14849 0.103356 0.0997759795006 0.170098 0.196386 0.229059 0.270765 0.325853 0.401996 0.514118 0.695612 1.03972 1.94233
2.18166156499 0.143263 0.100821 0.0974172094246 0.164316 0.189928 0.221759 0.262391 0.316058 0.390235 0.49946 0.676264 1.01147 1.89074
2.19911485751 0.138122 0.098283 0.0950486220823 0.158617 0.183548 0.214532 0.254081 0.306318 0.378516 0.484824 0.656905 0.983151 1.83891
2.21656815003 0.133069 0.0957406 0.0926698649687 0.153001 0.177247 0.20738 0.245841 0.296638 0.366845 0.470221 0.637552 0.954789 1.78691
2.23402144255 0.128104 0.093194 0.0902808323322 0.147471 0.171029 0.200306 0.237673 0.287025 0.355233 0.455662 0.618221 0.926409 1.73479
2.25147473507 0.123227 0.0906434 0.0878816475495 0.142027 0.164895 0.193313 0.229583 0.277484 0.343685 0.441159 0.59893 0.898038 1.6826
2.26892802759 0.11844 0.0880889 0.085472680751 0.136672 0.158847 0.186404 0.221573 0.26802 0.332211 0.426722 0.579695 0.869702 1.63038
2.28638132011 0.113742 0.0855312 0.0830544783196 0.131405 0.152887 0.179582 0.21365 0.258641 0.320818 0.412362 0.560531 0.841428 1.5782
2.30383461263 0.109135 0.0829709 0.0806278862675 0.126228 0.147017 0.172849 0.205816 0.249351 0.309514 0.398091 0.541456 0.813242 1.52611
2.32128790515 0.104618 0.080409 0.0781938916088 0.121143 0.141239 0.166209 0.198075 0.240155 0.298307 0.383921 0.522486 0.78517 1.47416
2.33874119767 0.100193 0.0778465 0.0757537281113 0.11615 0.135555 0.159665 0.190432 0.231061 0.287204 0.369861 0.503637 0.757238 1.4224
2.35619449019 0.09586 0.0752847 0.0733088234205 0.11125 0.129966 0.153219 0.182891 0.222072 0.276215 0.355923 0.484925 0.729473 1.37088
2.37364778271 0.0916191 0.0727252 0.0708607638094 0.106445 0.124474 0.146874 0.175455 0.213195 0.265345 0.342117 0.466367 0.7019 1.31966
2.39110107523 0.0874711 0.0701695 0.0684113470537 0.101736 0.119082 0.140632 0.168129 0.204436 0.254603 0.328456 0.447977 0.674545 1.26879
2.40855436775 0.0834164 0.0676195 0.0659625471819 0.097124 0.113791 0.134497 0.160916 0.195799 0.243997 0.314948 0.429773 0.647434 1.21831
2.42600766027 0.0794555 0.0650771 0.0635164792244 0.0926096 0.108603 0.128471 0.153821 0.18729 0.233533 0.301606 0.41177 0.620592 1.16828
2.44346095279 0.0755887 0.0625445 0.0610754344643 0.088194 0.10352 0.122557 0.146846 0.178914 0.22322 0.288439 0.393982 0.594044 1.11875
2.46091424531 0.0718164 0.0600239 0.0586417923106 0.0838782 0.0985426 0.116758 0.139996 0.170676 0.213064 0.275458 0.376427 0.567814 1.06976
2.47836753783 0.068139 0.0575177 0.0562181436759 0.0796632 0.0936733 0.111075 0.133275 0.162582 0.203073 0.262672 0.359118 0.541927 1.02137
2.49582083035 0.0645568 0.0550283 0.053807132348 0.0755498 0.0889135 0.105512 0.126685 0.154637 0.193254 0.250093 0.34207 0.516407 0.973625
2.51327412287 0.0610702 0.0525584 0.0514115254918 0.071539 0.0842648 0.10007 0.120231 0.146846 0.183613 0.23773 0.325298 0.491277 0.92657
2.53072741539 0.0576794 0.0501106 0.0490342312742 0.0676316 0.0797288 0.0947524 0.113916 0.139213 0.174158 0.225592 0.308817 0.466561 0.880252
2.54818070791 0.0543848 0.0476878 0.0466781754873 0.0638285 0.0753069 0.0895614 0.107743 0.131743 0.164896 0.213689 0.292641 0.442281 0.834717
2.56563400043 0.0511867 0.0452927 0.0443464073 0.0601304 0.0710006 0.0844992 0.101716 0.124441 0.155832 0.202031 0.276783 0.418461 0.790009
2.58308729295 0.0480852 0.0429282 0.0420420111317 0.0565382 0.0668114 0.0795679 0.0958376 0.117312 0.146973 0.190626 0.261257 0.395121 0.746172
2.60054058547 0.0450805 0.0405974 0.0397681242775 0.0530525 0.0627405 0.0747698 0.0901112 0.110359 0.138326 0.179484 0.246076 0.372283 0.70325
2.61799387799 0.042173 0.0383033 0.0375279545336 0.0496741 0.0587894 0.0701068 0.0845398 0.103588 0.129897 0.168613 0.231253 0.349968 0.661283
2.63544717051 0.0393627 0.0360488 0.0353246744457 0.0464037 0.0549592 0.0655811 0.0791265 0.0970022 0.121691 0.158022 0.216801 0.328197 0.620314
2.65290046303 0.0366499 0.0338371 0.0331615270604 0.0432418 0.0512512 0.0611946 0.0738739 0.0906061 0.113715 0.147719 0.202732 0.306988 0.580381
2.67035375555 0.0340346 0.0316711 0.031041720174 0.0401891 0.0476666 0.056949 0.0687849 0.0844034 0.105973 0.137712 0.189058 0.286363 0.541522
2.68780704807 0.031517 0.029554 0.0289684439573 0.0372461 0.0442064 0.0528462 0.0638622 0.078398 0.0984715 0.128008 0.17579 0.266338 0.503776
2.70526034059 0.0290971 0.0274887 0.0269449062065 0.0344134 0.0408717 0.048888 0.0591084 0.0725936 0.0912155 0.118615 0.162939 0.246932 0.467177
2.72271363311 0.026775 0.0254784 0.0249742442168 0.0316915 0.0376636 0.0450759 0.0545257 0.0669937 0.08421 0.10954 0.150516 0.228162 0.431761
2.74016692563 0.0245507 0.0235258 0.0230595600328 0.0290807 0.0345829 0.0414115 0.0501167 0.0616016 0.0774597 0.100791 0.138531 0.210045 0.397562
2.75762021815 0.0224243 0.0216341 0.0212038851981 0.0265815 0.0316305 0.0378963 0.0458835 0.0564205 0.0709692 0.0923731 0.126994 0.192597 0.36461
2.77507351067 0.0203957 0.019806 0.0194101807554 0.0241942 0.0288073 0.0345316 0.0418282 0.0514535 0.0647429 0.0842931 0.115915 0.175833 0.332937
2.79252680319 0.0184649 0.0180443 0.0176813548716 0.0219192 0.0261139 0.0313188 0.0379527 0.0467035 0.0587848 0.076557 0.105302 0.159767 0.302572
2.80998009571 0.0166317 0.0163517 0.0160201923366 0.0197567 0.0235511 0.028259 0.0342591 0.0421732 0.0530989 0.0691704 0.095164 0.144414 0.273543
2.82743338823 0.0148962 0.0147309 0.0144293721892 0.0177069 0.0211196 0.0253534 0.0307488 0.0378651 0.0476887 0.0621386 0.0855084 0.129786 0.245875
2.84488668075 0.0132581 0.0131844 0.0129114853415 0.0157701 0.0188197 0.0226028 0.0274237 0.0337816 0.0425579 0.0554665 0.0763429 0.115895 0.219593
2.86233997327 0.0117173 0.0117145 0.0114689464533 0.0139463 0.0166521 0.0200084 0.024285 0.0299248 0.0377094 0.0491588 0.0676745 0.102753 0.19472
2.87979326579 0.0102736 0.0103235 0.0101040996834 0.0122356 0.014617 0.0175708 0.0213341 0.0262967 0.0331461 0.0432196 0.0595095 0.0903703 0.171278
2.89724655831 0.00892672 0.00901365 0.0088191129379 0.010638 0.0127149 0.0152907 0.0185722 0.0228991 0.0288708 0.0376529 0.0518539 0.0787564 0.149285
2.91469985083 0.00767642 0.00778689 0.00761597787058 0.00915346 0.0109459 0.0131687 0.0160003 0.0197336 0.0248857 0.0324621 0.0447129 0.0679201 0.128759
2.93215314335 0.0065224 0.00664508 0.00649658038353 0.00778192 0.00931026 0.0112053 0.0136192 0.0168015 0.0211929 0.0276503 0.0380912 0.0578692 0.109717
2.94960643587 0.00546428 0.00558993 0.0054625420001 0.00652321 0.00780797 0.00940086 0.0114296 0.0141041 0.0177943 0.0232203 0.0319932 0.0486107 0.0921723
2.96705972839 0.00450169 0.00462296 0.00451539611735 0.00537708 0.00643904 0.00775554 0.00943213 0.0116421 0.0146912 0.0191743 0.0264222 0.0401505 0.0761375
2.98451302091 0.00363416 0.00374553 0.00365644700407 0.00434325 0.00520335 0.00626948 0.00762707 0.00941638 0.0118849 0.0155141 0.0213812 0.0324937 0.0616227
3.00196631343 0.00286122 0.0029588 0.00288676980072 0.00342135 0.00410068 0.00494262 0.00601461 0.00742736 0.00937624 0.0122412 0.0168726 0.0256442 0.0486362
3.01941960595 0.0021823 0.00226375 0.00220726339525 0.00261093 0.00313068 0.00377477 0.00459474 0.00567526 0.00716567 0.00935652 0.0128979 0.0196048 0.0371842
3.03687289847 0.0015968 0.00166114 0.00161859754728 0.00191144 0.00229293 0.0027656 0.00336726 0.00416002 0.00525339 0.00686048 0.00945805 0.0143773 0.0272705
3.05432619099 0.00110402 0.00115152 0.00112119526292 0.00132227 0.00158684 0.00191459 0.00233174 0.0028813 0.00363917 0.00475303 0.00655325 0.00996227 0.018897
3.07177948351 0.000703201 0.000735207 0.000715285670464 0.00084267 0.0010117 0.00122107 0.00148751 0.00183846 0.0023224 0.00303357 0.00418287 0.00635914 0.0120627
3.08923277603 0.000393471 0.000412271 0.000400745393129 0.000471773 0.000566653 0.00068415 0.000833645 0.00103054 0.00130199 0.00170087 0.00234544 0.00356587 0.00676422
3.10668606855 0.000173843 0.000182506 0.000177221925844 0.000208561 0.000250618 0.00030269 0.000368928 0.000456153 0.000576393 0.000753052 0.00103849 0.00157891 0.00299509
3.12413936107 4.31606e-05 4.53924e-05 4.40278837153e-05 5.18134e-05 6.22926e-05 7.52636e-05 9.17596e-05 0.000113477 0.00014341 0.000187381 0.00025842 0.000392904 0.000745301
3.14159265359 0.0 0.0 0.0 0.0 0.0 0.0 0.0 0.0 0.0 0.0 0.0 0.0 0.0
