alpha phi_iso phi_ray phi_vec g0=0.1 g0=0.2 g0=0.3 g0=0.4 g0=0.5 g0=0.6 g0=0.7 g0=0.8 g0=0.9 g0=1.0
0.0 1.0 1.0 1.0 1.0 1.0 1.0 1.0 1.0 1.0 1.0 1.0 1.0 1.0
0.0174532925199 0.999699 0.99957 0.999553570613 0.999713 0.999729 0.999748 0.99977 0.999797 0.999831 0.999874 0.99993 1.00001 1.00013
0.0349065850399 0.99885 0.998342 0.998272823963 0.998904 0.998967 0.99904 0.999126 0.999232 0.999362 0.999529 0.999751 1.00006 1.00053
0.0523598775598 0.997534 0.996406 0.996244462998 0.997651 0.997787 0.997946 0.998135 0.998365 0.998651 0.999016 0.999502 1.00018 1.0012
0.0698131700798 0.995812 0.993837 0.993537469898 0.996014 0.996248 0.996522 0.996849 0.997246 0.997739 0.998371 0.999213 1.00039 1.00216
0.0872664625997 0.993725 0.990683 0.990198651771 0.994031 0.994386 0.994802 0.995299 0.995903 0.996655 0.99762 0.998903 1.0007 1.00341
0.10471975512 0.991299 0.986976 0.98626022716 0.991728 0.992226 0.992811 0.993509 0.994359 0.995418 0.996776 0.998585 1.00112 1.00494
0.12217304764 0.988553 0.982741 0.981747582778 0.989123 0.989786 0.990564 0.991494 0.992627 0.994039 0.995851 0.998268 1.00166 1.00676
0.13962634016 0.985503 0.978002 0.976683512194 0.986232 0.987079 0.988076 0.989267 0.990719 0.99253 0.994855 0.997956 1.00231 1.00887
0.157079632679 0.982164 0.972778 0.971089844351 0.983069 0.984121 0.985359 0.98684 0.988646 0.990899 0.993794 0.997657 1.00308 1.01126
0.174532925199 0.978549 0.967091 0.964987948574 0.979647 0.980922 0.982425 0.984224 0.986418 0.989156 0.992676 0.997375 1.00397 1.01392
0.191986217719 0.974672 0.960961 0.958398802664 0.975977 0.977496 0.979285 0.981428 0.984043 0.987308 0.991507 0.997113 1.00499 1.01687
0.209439510239 0.970543 0.954406 0.951343066662 0.972072 0.973851 0.975949 0.978462 0.981529 0.985361 0.99029 0.996873 1.00612 1.02008
0.226892802759 0.966174 0.947446 0.943841065827 0.967941 0.969999 0.972425 0.975333 0.978884 0.983322 0.989031 0.996657 1.00737 1.02355
0.244346095279 0.961575 0.940099 0.93591283603 0.963595 0.965948 0.968723 0.97205 0.976114 0.981195 0.987732 0.996467 1.00874 1.02728
0.261799387799 0.956756 0.932384 0.927578157798 0.959043 0.961707 0.964851 0.96862 0.973226 0.978985 0.986397 0.996304 1.01023 1.03125
0.279252680319 0.951728 0.924318 0.918856601713 0.954294 0.957285 0.960815 0.96505 0.970224 0.976696 0.985029 0.996166 1.01182 1.03547
0.296705972839 0.946497 0.915918 0.909767539754 0.949356 0.952688 0.956623 0.961344 0.967114 0.974332 0.983627 0.996053 1.01353 1.03992
0.314159265359 0.941073 0.907203 0.900330185021 0.944237 0.947925 0.952281 0.957509 0.9639 0.971896 0.982194 0.995965 1.01533 1.04458
0.331612557879 0.935464 0.898188 0.89056356904 0.938944 0.943001 0.947795 0.953549 0.960585 0.969389 0.980731 0.995898 1.01723 1.04946
0.349065850399 0.929677 0.888891 0.880486587151 0.933484 0.937924 0.943171 0.949469 0.957173 0.966815 0.979237 0.995851 1.01922 1.05453
0.366519142919 0.92372 0.879328 0.870117981489 0.927864 0.932699 0.938414 0.945275 0.953668 0.964174 0.977712 0.995821 1.02129 1.05979
0.383972435439 0.917599 0.869516 0.859476329636 0.922091 0.927332 0.933529 0.940969 0.950072 0.961469 0.976157 0.995805 1.02345 1.06523
0.401425727959 0.911321 0.859471 0.848580067317 0.91617 0.921829 0.92852 0.936556 0.946389 0.958701 0.974569 0.9958 1.02567 1.07082
0.418879020479 0.904893 0.849208 0.837447454354 0.910108 0.916195 0.923393 0.932038 0.942619 0.955869 0.972949 0.995802 1.02796 1.07657
0.436332312999 0.898321 0.838744 0.826096563319 0.90391 0.910434 0.918151 0.92742 0.938766 0.952976 0.971294 0.995807 1.0303 1.08245
0.453785605519 0.891611 0.828094 0.814545285204 0.897582 0.904552 0.912797 0.922704 0.93483 0.95002 0.969603 0.99581 1.03269 1.08846
0.471238898038 0.884769 0.817273 0.802811312406 0.891128 0.898553 0.907338 0.917892 0.930815 0.947002 0.967873 0.995808 1.03513 1.09457
0.488692190558 0.8778 0.806296 0.790912110346 0.884554 0.892442 0.901774 0.912989 0.92672 0.943922 0.966104 0.995795 1.03759 1.10078
0.506145483078 0.87071 0.795179 0.778864900456 0.877866 0.886222 0.896111 0.907995 0.922547 0.94078 0.964293 0.995767 1.04007 1.10706
0.523598775598 0.863504 0.783935 0.766686677192 0.871066 0.879898 0.89035 0.902913 0.918298 0.937575 0.962436 0.995718 1.04257 1.11342
0.541052068118 0.856188 0.77258 0.754394145626 0.864161 0.873474 0.884496 0.897746 0.913972 0.934306 0.960532 0.995643 1.04507 1.11982
0.558505360638 0.848766 0.761127 0.742003744137 0.857154 0.866953 0.878551 0.892494 0.909572 0.930973 0.958578 0.995537 1.04757 1.12626
0.575958653158 0.841243 0.74959 0.729531604694 0.85005 0.860339 0.872518 0.887161 0.905096 0.927575 0.956571 0.995394 1.05006 1.13272
0.593411945678 0.833624 0.737983 0.716993541504 0.842852 0.853635 0.8664 0.881747 0.900547 0.92411 0.954507 0.995208 1.05252 1.13919
0.610865238198 0.825914 0.726319 0.70440503967 0.835566 0.846845 0.860198 0.876254 0.895924 0.920578 0.952384 0.994975 1.05495 1.14565
0.628318530718 0.818116 0.71461 0.691781238161 0.828195 0.839972 0.853916 0.870684 0.891227 0.916978 0.950199 0.994687 1.05733 1.15208
0.645771823238 0.810236 0.702871 0.679136918468 0.820742 0.833019 0.847556 0.865038 0.886457 0.913307 0.947948 0.994339 1.05967 1.15848
0.663225115758 0.802278 0.691112 0.666486481904 0.813211 0.825989 0.84112 0.859317 0.881613 0.909564 0.945628 0.993926 1.06194 1.16482
0.680678408278 0.794245 0.679346 0.653843932585 0.805606 0.818885 0.834611 0.853523 0.876697 0.905749 0.943235 0.993441 1.06414 1.17109
0.698131700798 0.786142 0.667584 0.641222877426 0.797931 0.811711 0.828029 0.847656 0.871707 0.90186 0.940767 0.992878 1.06627 1.17728
0.715584993318 0.777973 0.655838 0.628636503445 0.790189 0.804467 0.821378 0.841718 0.866643 0.897894 0.93822 0.992232 1.0683 1.18337
0.733038285838 0.769742 0.644119 0.616097572092 0.782382 0.797159 0.814659 0.83571 0.861506 0.893851 0.93559 0.991496 1.07023 1.18934
0.750491578358 0.761452 0.632437 0.603618402219 0.774515 0.789787 0.807874 0.829632 0.856296 0.88973 0.932875 0.990665 1.07206 1.19519
0.767944870878 0.753108 0.620803 0.591210853066 0.766591 0.782354 0.801025 0.823485 0.851012 0.885527 0.93007 0.989734 1.07377 1.2009
0.785398163397 0.744712 0.609226 0.578886341277 0.758612 0.774864 0.794114 0.817272 0.845653 0.881243 0.927172 0.988695 1.07535 1.20645
0.802851455917 0.736269 0.597716 0.566655795509 0.750583 0.767318 0.787142 0.810991 0.840221 0.876874 0.924178 0.987545 1.0768 1.21182
0.820304748437 0.727781 0.586281 0.554529684802 0.742504 0.759719 0.780112 0.804644 0.834714 0.872421 0.921086 0.986276 1.0781 1.21702
0.837758040957 0.719253 0.574931 0.542517973186 0.734381 0.752069 0.773023 0.798233 0.829132 0.86788 0.91789 0.984884 1.07925 1.22201
0.855211333477 0.710687 0.563674 0.5306301594 0.726215 0.744371 0.76588 0.791757 0.823475 0.863252 0.914589 0.983363 1.08024 1.2268
0.872664625997 0.702088 0.552517 0.518875220149 0.718009 0.736626 0.758682 0.785217 0.817743 0.858533 0.91118 0.981708 1.08105 1.23136
0.890117918517 0.693457 0.541468 0.5072616555 0.709766 0.728837 0.751431 0.778614 0.811935 0.853723 0.907659 0.979914 1.0817 1.23568
0.907571211037 0.684799 0.530534 0.495797449161 0.701489 0.721006 0.744129 0.77195 0.806052 0.848821 0.904023 0.977976 1.08215 1.23976
0.925024503557 0.676115 0.519722 0.484490085501 0.69318 0.713136 0.736778 0.765223 0.800093 0.843824 0.900269 0.975888 1.08241 1.24357
0.942477796077 0.667411 0.509037 0.473346538207 0.684842 0.705227 0.729378 0.758437 0.794058 0.838732 0.896395 0.973647 1.08247 1.24712
0.959931088597 0.658687 0.498486 0.462373281629 0.676478 0.697283 0.721932 0.75159 0.787946 0.833544 0.892399 0.971248 1.08232 1.25037
0.977384381117 0.649948 0.488074 0.451576279431 0.668089 0.689305 0.71444 0.744684 0.781759 0.828258 0.888277 0.968685 1.08196 1.25334
0.994837673637 0.641196 0.477806 0.440960995942 0.659679 0.681295 0.706905 0.73772 0.775495 0.822873 0.884027 0.965956 1.08137 1.25599
1.01229096616 0.632433 0.467686 0.43053237913 0.65125 0.673255 0.699327 0.730698 0.769155 0.817388 0.879647 0.963056 1.08056 1.25833
1.02974425868 0.623664 0.457719 0.420294906001 0.642804 0.665188 0.691708 0.72362 0.762739 0.811803 0.875134 0.959982 1.07951 1.26035
1.0471975512 0.614889 0.447909 0.41025252585 0.634343 0.657094 0.68405 0.716485 0.756247 0.806116 0.870488 0.956729 1.07822 1.26203
1.06465084372 0.606113 0.438258 0.400408734033 0.625871 0.648977 0.676354 0.709296 0.749678 0.800327 0.865705 0.953294 1.07668 1.26337
1.08210413624 0.597337 0.42877 0.390766515218 0.617388 0.640837 0.668621 0.702052 0.743034 0.794436 0.860784 0.949674 1.07489 1.26436
1.09955742876 0.588564 0.419448 0.381328394458 0.608898 0.632678 0.660852 0.694755 0.736315 0.78844 0.855723 0.945866 1.07285 1.26498
1.11701072128 0.579797 0.410293 0.372096425842 0.600402 0.624499 0.65305 0.687405 0.72952 0.782341 0.850522 0.941867 1.07055 1.26524
1.1344640138 0.571038 0.401307 0.363072198168 0.591903 0.616305 0.645216 0.680004 0.72265 0.776137 0.845178 0.937675 1.06798 1.26512
1.15191730632 0.56229 0.392493 0.354256868987 0.583404 0.608095 0.637351 0.672553 0.715706 0.769829 0.839691 0.933287 1.06514 1.26462
1.16937059884 0.553554 0.38385 0.345651130562 0.574905 0.599873 0.629456 0.665052 0.708688 0.763417 0.834059 0.928701 1.06202 1.26374
1.18682389136 0.544834 0.375381 0.337255266605 0.566409 0.59164 0.621534 0.657503 0.701597 0.7569 0.828282 0.923915 1.05863 1.26246
1.20427718388 0.536131 0.367084 0.329069140936 0.557918 0.583397 0.613585 0.649907 0.694434 0.750278 0.822359 0.918928 1.05496 1.26078
1.2217304764 0.527448 0.358961 0.321092203148 0.549435 0.575148 0.605611 0.642266 0.687198 0.743552 0.81629 0.913738 1.05101 1.2587
1.23918376892 0.518788 0.351011 0.313323516986 0.540961 0.566892 0.597614 0.634579 0.679892 0.736721 0.810074 0.908344 1.04677 1.25621
1.25663706144 0.510151 0.343234 0.305761777367 0.532499 0.558633 0.589595 0.626849 0.672515 0.729788 0.803711 0.902745 1.04225 1.25331
1.27409035396 0.501541 0.335629 0.298405293356 0.52405 0.550371 0.581556 0.619076 0.665069 0.722751 0.797201 0.89694 1.03744 1.25
1.29154364648 0.492959 0.328194 0.291252039236 0.515615 0.54211 0.573498 0.611263 0.657555 0.715612 0.790545 0.89093 1.03233 1.24627
1.308996939 0.484407 0.320928 0.284299660182 0.507199 0.533849 0.565423 0.603411 0.649975 0.708371 0.783742 0.884713 1.02694 1.24212
1.32645023152 0.475889 0.31383 0.277545460914 0.498801 0.525593 0.557333 0.59552 0.642328 0.70103 0.776794 0.87829 1.02126 1.23755
1.34390352404 0.467405 0.306897 0.270986462436 0.490424 0.517341 0.549228 0.587593 0.634617 0.693589 0.769701 0.871661 1.01528 1.23256
1.36135681656 0.458957 0.300128 0.264619385015 0.48207 0.509096 0.541112 0.579631 0.626843 0.68605 0.762464 0.864828 1.00901 1.22715
1.37881010908 0.450548 0.293521 0.258440687904 0.473741 0.50086 0.532986 0.571635 0.619008 0.678414 0.755084 0.857789 1.00245 1.22131
1.3962634016 0.442179 0.287071 0.252446563663 0.465439 0.492635 0.524851 0.563608 0.611112 0.670682 0.747562 0.850548 0.995605 1.21505
1.41371669412 0.433852 0.280778 0.246632983555 0.457164 0.484421 0.516709 0.555551 0.603158 0.662856 0.739901 0.843104 0.988467 1.20838
1.43116998664 0.42557 0.274637 0.240995686199 0.448921 0.476222 0.508561 0.547466 0.595147 0.654938 0.7321 0.83546 0.981041 1.20128
1.44862327916 0.417333 0.268645 0.235530205939 0.440709 0.468038 0.500411 0.539354 0.587082 0.646929 0.724164 0.827618 0.97333 1.19376
1.46607657168 0.409144 0.2628 0.230231906891 0.432531 0.459873 0.492259 0.531217 0.578963 0.638832 0.716092 0.819579 0.965334 1.18583
1.4835298642 0.401004 0.257098 0.225095971594 0.424388 0.451726 0.484107 0.523058 0.570793 0.630648 0.707888 0.811346 0.957058 1.17748
1.50098315672 0.392915 0.251535 0.220117435056 0.416283 0.443601 0.475957 0.514878 0.562575 0.622379 0.699553 0.802921 0.948504 1.16873
1.51843644924 0.384879 0.246107 0.215291207451 0.408217 0.435499 0.467812 0.506679 0.554309 0.614029 0.691091 0.794308 0.939675 1.15957
1.53588974176 0.376897 0.240811 0.210612068444 0.400191 0.427422 0.459672 0.498463 0.545999 0.605599 0.682504 0.785509 0.930574 1.15001
1.55334303427 0.368971 0.235643 0.206074712587 0.392208 0.419371 0.45154 0.490233 0.537646 0.597091 0.673795 0.776528 0.921207 1.14005
1.57079632679 0.361103 0.230598 0.201673749318 0.384269 0.411349 0.443418 0.48199 0.529253 0.588509 0.664967 0.767367 0.911575 1.12971
1.58824961931 0.353293 0.225672 0.197403731329 0.376376 0.403357 0.435308 0.473736 0.520822 0.579854 0.656022 0.758031 0.901685 1.11898
1.60570291183 0.345544 0.220862 0.193259154574 0.36853 0.395396 0.427211 0.465474 0.512357 0.571131 0.646965 0.748523 0.891541 1.10786
1.62315620435 0.337857 0.216164 0.189234492307 0.360733 0.38747 0.419131 0.457206 0.503858 0.562342 0.637798 0.738849 0.881148 1.09638
1.64060949687 0.330234 0.211572 0.185324200759 0.352987 0.379579 0.411068 0.448935 0.49533 0.55349 0.628526 0.729012 0.870513 1.08453
1.65806278939 0.322675 0.207084 0.181522747511 0.345293 0.371726 0.403025 0.440662 0.486775 0.544578 0.619153 0.719018 0.85964 1.07233
1.67551608191 0.315183 0.202694 0.177824605817 0.337653 0.363912 0.395004 0.432391 0.478195 0.53561 0.609681 0.708869 0.848536 1.05977
1.69296937443 0.307759 0.198399 0.174224294327 0.330068 0.356139 0.387007 0.424123 0.469594 0.526589 0.600116 0.698573 0.837207 1.04688
1.71042266695 0.300403 0.194194 0.170716371408 0.32254 0.348409 0.379036 0.415861 0.460974 0.517518 0.590461 0.688134 0.825659 1.03365
1.72787595947 0.293118 0.190075 0.167295469196 0.315071 0.340724 0.371093 0.407608 0.452338 0.508401 0.580722 0.677557 0.8139 1.0201
1.74532925199 0.285904 0.186039 0.163956287915 0.307662 0.333085 0.363181 0.399365 0.44369 0.499242 0.570901 0.666848 0.801936 1.00623
1.76278254451 0.278763 0.18208 0.16069361858 0.300314 0.325494 0.355301 0.391137 0.435032 0.490045 0.561005 0.656013 0.789776 0.992063
1.78023583703 0.271696 0.178196 0.157502371365 0.293029 0.317953 0.347456 0.382924 0.426368 0.480812 0.551037 0.645058 0.777427 0.9776
1.79768912955 0.264704 0.174382 0.154377558581 0.285809 0.310464 0.339648 0.374731 0.417701 0.471549 0.541003 0.633989 0.764896 0.962855
1.81514242207 0.257789 0.170634 0.151314328721 0.278654 0.303029 0.331879 0.366559 0.409033 0.462259 0.530908 0.622812 0.752193 0.947838
1.83259571459 0.250951 0.16695 0.148307960787 0.271567 0.295649 0.324151 0.358411 0.40037 0.452947 0.520756 0.611533 0.739324 0.93256
1.85004900711 0.244192 0.163324 0.14535389266 0.264548 0.288326 0.316466 0.35029 0.391713 0.443616 0.510553 0.60016 0.7263 0.917033
1.86750229963 0.237513 0.159754 0.142447721102 0.2576 0.281062 0.308827 0.342199 0.383066 0.434271 0.500304 0.588699 0.713128 0.901269
1.88495559215 0.230914 0.156237 0.139585213103 0.250723 0.273858 0.301236 0.334141 0.374433 0.424916 0.490015 0.577157 0.699818 0.88528
1.90240888467 0.224397 0.152768 0.136762317229 0.243918 0.266717 0.293695 0.326117 0.365817 0.415555 0.479692 0.565541 0.686378 0.869079
1.91986217719 0.217963 0.149346 0.133975169297 0.237188 0.259641 0.286207 0.318132 0.357221 0.406193 0.469338 0.553857 0.672819 0.852678
1.93731546971 0.211613 0.145967 0.131220098052 0.230534 0.25263 0.278773 0.310188 0.34865 0.396834 0.458962 0.542115 0.65915 0.836091
1.95476876223 0.205347 0.142629 0.12849362516 0.223956 0.245686 0.271395 0.302287 0.340107 0.387483 0.448567 0.53032 0.64538 0.819329
1.97222205475 0.199167 0.139328 0.125792487914 0.217457 0.238813 0.264077 0.294433 0.331595 0.378145 0.43816 0.51848 0.631519 0.802408
1.98967534727 0.193073 0.136062 0.1231136449 0.211037 0.23201 0.256819 0.286628 0.323118 0.368823 0.427747 0.506603 0.617578 0.78534
2.00712863979 0.187067 0.13283 0.120454258981 0.204697 0.225279 0.249626 0.278875 0.314679 0.359523 0.417334 0.494697 0.603566 0.768139
2.02458193231 0.181149 0.129628 0.117811719989 0.198439 0.218623 0.242497 0.271178 0.306283 0.35025 0.406926 0.482768 0.589493 0.75082
2.04203522483 0.17532 0.126455 0.11518363338 0.192264 0.212043 0.235437 0.263538 0.297933 0.341007 0.39653 0.470826 0.57537 0.733395
2.05948851735 0.16958 0.123309 0.112567842928 0.186173 0.205541 0.228446 0.255959 0.289632 0.3318 0.386152 0.458877 0.561207 0.715881
2.07694180987 0.163932 0.120189 0.109962408031 0.180168 0.199118 0.221528 0.248444 0.281385 0.322633 0.375798 0.44693 0.547015 0.69829
2.09439510239 0.158374 0.117093 0.107365637754 0.174249 0.192776 0.214684 0.240996 0.273194 0.313512 0.365473 0.434993 0.532804 0.680637
2.11184839491 0.152908 0.114019 0.104776051112 0.168417 0.186516 0.207916 0.233617 0.265065 0.30444 0.355185 0.423073 0.518586 0.662938
2.12930168743 0.147535 0.110967 0.102192399763 0.162674 0.18034 0.201227 0.22631 0.256999 0.295423 0.344939 0.411179 0.504369 0.645206
2.14675497995 0.142254 0.107936 0.0996136736857 0.157021 0.17425 0.194619 0.219078 0.249002 0.286466 0.334741 0.399319 0.490166 0.627457
2.16420827247 0.137068 0.104925 0.097039078482 0.151458 0.168247 0.188094 0.211923 0.241077 0.277572 0.324598 0.387501 0.475987 0.609705
2.18166156499 0.131976 0.101934 0.0944680410499 0.145987 0.162332 0.181653 0.20485 0.233227 0.268748 0.314516 0.375732 0.461843 0.591965
2.19911485751 0.126978 0.0989617 0.0919002266068 0.140608 0.156507 0.175299 0.19786 0.225456 0.259997 0.3045 0.364022 0.447744 0.574251
2.21656815003 0.122076 0.0960084 0.0893354932959 0.135323 0.150774 0.169035 0.190955 0.217767 0.251325 0.294557 0.352377 0.4337 0.556579
2.23402144255 0.11727 0.093074 0.0867739262314 0.130132 0.145133 0.162861 0.18414 0.210165 0.242736 0.284694 0.340806 0.419724 0.538963
2.25147473507 0.11256 0.0901588 0.0842158204756 0.125037 0.139587 0.15678 0.177416 0.202652 0.234234 0.274916 0.329317 0.405826 0.521419
2.26892802759 0.107947 0.087263 0.0816616583421 0.120037 0.134136 0.150794 0.170786 0.195233 0.225825 0.265229 0.317918 0.392016 0.50396
2.28638132011 0.103431 0.084387 0.0791121320925 0.115135 0.128782 0.144905 0.164253 0.187911 0.217513 0.255639 0.306618 0.378304 0.486602
2.30383461263 0.0990126 0.0815315 0.0765681155656 0.110331 0.123526 0.139115 0.157819 0.180689 0.209302 0.246153 0.295422 0.364702 0.469359
2.32128790515 0.0946919 0.0786973 0.074030669851 0.105625 0.11837 0.133425 0.151488 0.173571 0.201198 0.236776 0.28434 0.35122 0.452245
2.33874119767 0.0904693 0.0758852 0.0715010149181 0.101018 0.113314 0.127837 0.14526 0.166559 0.193204 0.227513 0.27338 0.337867 0.435275
2.35619449019 0.0863451 0.0730963 0.0689805523134 0.0965111 0.10836 0.122353 0.139139 0.159658 0.185324 0.218372 0.262548 0.324655 0.418462
2.37364778271 0.0823194 0.0703318 0.0664708311144 0.0921048 0.103509 0.116975 0.133128 0.152871 0.177564 0.209357 0.251852 0.311593 0.401822
2.39110107523 0.0783926 0.0675929 0.0639735592782 0.0877996 0.0987614 0.111705 0.127228 0.1462 0.169927 0.200473 0.2413 0.298692 0.385368
2.40855436775 0.0745647 0.0648811 0.061490563922 0.0835962 0.0941192 0.106543 0.121442 0.139649 0.162418 0.191728 0.230899 0.285961 0.369113
2.42600766027 0.0708361 0.062198 0.0590238253683 0.0794952 0.0895832 0.101492 0.115772 0.133221 0.15504 0.183125 0.220657 0.27341 0.353071
2.44346095279 0.0672066 0.0595452 0.0565754204023 0.075497 0.0851542 0.0965534 0.110221 0.12692 0.147798 0.174671 0.21058 0.261048 0.337256
2.46091424531 0.0636765 0.0569244 0.0541475449692 0.0716021 0.0808332 0.0917283 0.10479 0.120747 0.140696 0.16637 0.200675 0.248886 0.32168
2.47836753783 0.0602458 0.0543374 0.0517424858023 0.0678109 0.0766211 0.0870182 0.0994814 0.114706 0.133737 0.158228 0.190949 0.236931 0.306356
2.49582083035 0.0569144 0.0517861 0.0493626204236 0.0641238 0.0725188 0.0824245 0.0942974 0.108799 0.126926 0.15025 0.181409 0.225194 0.291297
2.51327412287 0.0536824 0.0492725 0.0470104057949 0.0605412 0.0685269 0.0779485 0.0892399 0.10303 0.120265 0.14244 0.172062 0.213683 0.276515
2.53072741539 0.0505497 0.0467986 0.0446883442721 0.0570634 0.0646462 0.0735915 0.0843106 0.0974002 0.113758 0.134803 0.162913 0.202406 0.262022
2.54818070791 0.0475162 0.0443665 0.0423990119768 0.0536906 0.0608775 0.0693545 0.0795114 0.0919129 0.107409 0.127344 0.153968 0.191372 0.24783
2.56563400043 0.0445818 0.0419783 0.0401450077277 0.0504231 0.0572213 0.0652388 0.074844 0.0865704 0.101222 0.120067 0.145235 0.180589 0.23395
2.58308729295 0.0417462 0.0396361 0.0379289700635 0.047261 0.0536783 0.0612455 0.0703099 0.0813749 0.0951982 0.112977 0.136717 0.170064 0.220393
2.60054058547 0.0390094 0.0373422 0.0357535488713 0.0442045 0.0502489 0.0573754 0.0659108 0.0763287 0.0893421 0.106077 0.128422 0.159807 0.207169
2.61799387799 0.036371 0.0350986 0.0336214053869 0.0412537 0.0469337 0.0536295 0.0616481 0.0714338 0.0836561 0.0993721 0.120355 0.149823 0.19429
2.63544717051 0.0338309 0.0329077 0.0315351781489 0.0384086 0.043733 0.0500088 0.0575231 0.0666923 0.0781432 0.0928657 0.11252 0.140119 0.181765
2.65290046303 0.0313886 0.0307716 0.0294975056958 0.0356693 0.0406473 0.0465138 0.0535372 0.0621061 0.072806 0.0865613 0.104922 0.130704 0.169603
2.67035375555 0.0290439 0.0286925 0.0275109811722 0.0330355 0.0376767 0.0431453 0.0496914 0.0576769 0.067647 0.0804625 0.0975674 0.121583 0.157814
2.68780704807 0.0267963 0.0266724 0.025578169351 0.0305073 0.0348215 0.039904 0.0459869 0.0534063 0.0626684 0.0745724 0.090459 0.112762 0.146406
2.70526034059 0.0246453 0.0247136 0.0237015612398 0.0280845 0.0320818 0.0367904 0.0424247 0.049296 0.0578726 0.0688942 0.0836016 0.104247 0.135388
2.72271363311 0.0225906 0.0228181 0.0218836081259 0.0257668 0.0294579 0.0338048 0.0390056 0.0453472 0.0532615 0.0634307 0.076999 0.0960434 0.124768
2.74016692563 0.0206316 0.0209879 0.0201266591599 0.023554 0.0269496 0.0309477 0.0357304 0.0415612 0.0488371 0.0581846 0.0706551 0.0881567 0.114552
2.75762021815 0.0187677 0.019225 0.018432995401 0.0214458 0.0245569 0.0282194 0.0325998 0.0379393 0.044601 0.0531583 0.0645732 0.0805917 0.104748
2.77507351067 0.0169983 0.0175313 0.0168047900972 0.0194418 0.0222797 0.02562 0.0296143 0.0344823 0.0405547 0.0483541 0.0587565 0.0733525 0.0953615
2.79252680319 0.0153227 0.0159084 0.0152441086851 0.0175415 0.0201178 0.0231496 0.0267743 0.0311911 0.0366997 0.043774 0.0532079 0.0664435 0.0863992
2.80998009571 0.0137403 0.0143583 0.0137528974417 0.0157445 0.018071 0.0208083 0.0240802 0.0280664 0.0330372 0.0394197 0.04793 0.0598683 0.0778662
2.82743338823 0.0122503 0.0128824 0.0123329664611 0.0140501 0.0161389 0.0185959 0.0215322 0.0251088 0.029568 0.0352928 0.042925 0.0536301 0.0697673
2.84488668075 0.010852 0.0114823 0.0109860010035 0.0124578 0.014321 0.0165122 0.0191303 0.0223186 0.026293 0.0313945 0.0381948 0.0477319 0.0621066
2.86233997327 0.00954428 0.0101592 0.00971352177508 0.0109668 0.0126169 0.0145569 0.0168744 0.0196961 0.0232128 0.027726 0.0337412 0.0421761 0.054888
2.87979326579 0.00832642 0.00891463 0.00851689627646 0.00957632 0.0110258 0.0127296 0.0147644 0.0172413 0.0203278 0.0242881 0.0295654 0.0369647 0.0481145
2.89724655831 0.00719741 0.00774952 0.0073973274543 0.00828561 0.00954724 0.0110298 0.0128 0.0149542 0.0176381 0.0210811 0.0256685 0.0320993 0.0417887
2.91469985083 0.0061562 0.00666486 0.00635582532983 0.00709369 0.00818029 0.0094568 0.0109805 0.0128345 0.0151437 0.0181055 0.0220509 0.0275811 0.0359123
2.93215314335 0.0052017 0.00566149 0.00539323537028 0.00599958 0.00692408 0.00800984 0.00930552 0.0108816 0.0128442 0.015361 0.0187131 0.0234107 0.0304868
2.94960643587 0.00433275 0.00474005 0.00451018742034 0.0050022 0.00577763 0.00668804 0.00777416 0.00909498 0.0107393 0.0128475 0.0156548 0.0195883 0.0255126
2.96705972839 0.00354811 0.00390102 0.00370711272503 0.00410037 0.00473983 0.00549037 0.00638548 0.00747371 0.00882816 0.0105643 0.0128756 0.0161137 0.0209898
2.98451302091 0.00284646 0.00314468 0.00298423258115 0.00329283 0.00380948 0.00441567 0.00513839 0.00601677 0.00710974 0.00851034 0.0103746 0.0129859 0.0169175
3.00196631343 0.00222643 0.00247115 0.00234154131443 0.00257822 0.00298524 0.00346262 0.00403159 0.00472287 0.00558279 0.00668445 0.00815049 0.0102035 0.0132941
3.01941960595 0.00168651 0.00188032 0.00177878925667 0.00195506 0.00226564 0.00262977 0.00306359 0.0035905 0.00424574 0.00508495 0.00620146 0.00776468 0.0101175
3.03687289847 0.00122512 0.00137186 0.00129548842011 0.00142176 0.00164908 0.00191547 0.00223271 0.0026179 0.00309673 0.00370983 0.00452529 0.00566676 0.0073845
3.05432619099 0.000840566 0.000945217 0.000890878451672 0.000976601 0.00113378 0.00131789 0.00153705 0.00180304 0.00213358 0.00255666 0.00311923 0.00390651 0.00509101
3.07177948351 0.000531024 0.000599582 0.000563932307287 0.000617708 0.000717809 0.000835002 0.000974441 0.0011436 0.00135372 0.00162258 0.00197997 0.00247999 0.00323211
3.08923277603 0.000294513 0.000333864 0.000313288160569 0.00034303 0.000399023 0.000464538 0.000542449 0.000636918 0.000754215 0.000904239 0.0011036 0.00138243 0.00180174
3.10668606855 0.000128861 0.000146655 0.000137266425638 0.000150301 0.000175026 0.000203937 0.000238297 0.000279937 0.000331612 0.000397676 0.00048543 0.000608126 0.00079259
3.12413936107 3.16397e-05 3.61522e-05 3.37392487637e-05 3.69629e-05 4.30968e-05 5.02633e-05 5.87743e-05 6.90815e-05 8.18652e-05 9.81999e-05 0.000119887 0.000150198 0.000195754
3.14159265359 0.0 0.0 0.0 0.0 0.0 0.0 0.0 0.0 0.0 0.0 0.0 0.0 0.0
