alpha phi_iso phi_ray phi_vec g0=0.1 g0=0.2 g0=0.3 g0=0.4 g0=0.5 g0=0.6 g0=0.7 g0=0.8 g0=0.9 g0=1.0
0.0 1.0 1.0 1.0 1.0 1.0 1.0 1.0 1.0 1.0 1.0 1.0 1.0 1.0
0.0174532925199 0.999702 0.999574 0.999556988525 0.999716 0.999731 0.99975 0.999772 0.999798 0.99983 0.999871 0.999926 1.0 1.00011
0.0349065850399 0.99886 0.998358 0.998285530416 0.998914 0.998975 0.999047 0.999131 0.999233 0.99936 0.99952 0.99973 1.00002 1.00045
0.0523598775598 0.997554 0.99644 0.996270870694 0.99767 0.997803 0.997959 0.998144 0.998366 0.998642 0.998992 0.999453 1.00009 1.00103
0.0698131700798 0.995844 0.993894 0.993580832945 0.996043 0.996272 0.996541 0.996859 0.997244 0.997719 0.998324 0.999122 1.00022 1.00185
0.0872664625997 0.993769 0.990767 0.990261508359 0.994071 0.994419 0.994826 0.995309 0.995895 0.996619 0.997541 0.998757 1.00044 1.00293
0.10471975512 0.991356 0.98709 0.986344688233 0.991778 0.992266 0.992837 0.993516 0.994339 0.995358 0.996656 0.998368 1.00074 1.00425
0.12217304764 0.988623 0.98289 0.981855500985 0.989184 0.989832 0.990592 0.991496 0.992592 0.99395 0.995681 0.997966 1.00113 1.00581
0.13962634016 0.985587 0.978188 0.976816513214 0.986302 0.987131 0.988103 0.98926 0.990664 0.992404 0.994624 0.997556 1.00162 1.00763
0.157079632679 0.98226 0.973005 0.971249381968 0.983148 0.984176 0.985383 0.986821 0.988566 0.990731 0.993493 0.997143 1.0022 1.00969
0.174532925199 0.978658 0.967362 0.965175301445 0.979734 0.98098 0.982444 0.98419 0.986308 0.988939 0.992295 0.996733 1.00289 1.012
0.191986217719 0.974792 0.961278 0.958615121395 0.976071 0.977554 0.979297 0.981375 0.9839 0.987034 0.991036 0.99633 1.00367 1.01455
0.209439510239 0.970674 0.954772 0.951589336361 0.972172 0.973909 0.975951 0.978387 0.981347 0.985025 0.989721 0.995934 1.00455 1.01733
0.226892802759 0.966315 0.947863 0.944118155639 0.968046 0.970054 0.972415 0.975233 0.978659 0.982915 0.988353 0.99555 1.00553 1.02034
0.244346095279 0.961726 0.940569 0.936221487137 0.963703 0.965998 0.968698 0.971921 0.975841 0.980712 0.986937 0.995178 1.00661 1.02357
0.261799387799 0.956917 0.932908 0.927919018101 0.959153 0.961751 0.964808 0.968459 0.972899 0.97842 0.985476 0.994819 1.00779 1.02701
0.279252680319 0.951896 0.924899 0.919230204352 0.954405 0.957321 0.960753 0.964852 0.96984 0.976043 0.983972 0.994473 1.00905 1.03067
0.296705972839 0.946672 0.916558 0.910174324106 0.949467 0.952715 0.956538 0.961108 0.966667 0.973584 0.982427 0.99414 1.0104 1.03453
0.314159265359 0.941254 0.907902 0.90077049412 0.944346 0.94794 0.952171 0.95723 0.963386 0.971046 0.980842 0.993819 1.01184 1.03857
0.331612557879 0.93565 0.898948 0.891037664312 0.939049 0.943002 0.947658 0.953224 0.96 0.968432 0.979218 0.993508 1.01336 1.0428
0.349065850399 0.929867 0.889713 0.880994644665 0.933585 0.93791 0.943004 0.949096 0.956513 0.965745 0.977555 0.993206 1.01495 1.0472
0.366519142919 0.923912 0.880213 0.870660099852 0.927959 0.932667 0.938215 0.944849 0.952929 0.962987 0.975855 0.992911 1.0166 1.05176
0.383972435439 0.917793 0.870464 0.860052538468 0.922179 0.927281 0.933295 0.940488 0.94925 0.960158 0.974117 0.992619 1.01833 1.05648
0.401425727959 0.911516 0.860483 0.849190313029 0.916249 0.921757 0.92825 0.936017 0.945479 0.957261 0.972339 0.992329 1.0201 1.06133
0.418879020479 0.905088 0.850285 0.838091614594 0.910177 0.9161 0.923083 0.931439 0.941619 0.954296 0.970522 0.992036 1.02193 1.06631
0.436332312999 0.898514 0.839886 0.826774456617 0.903967 0.910316 0.9178 0.926757 0.937671 0.951264 0.968664 0.991737 1.0238 1.0714
0.453785605519 0.891802 0.829301 0.815256658801 0.897626 0.904407 0.912403 0.921974 0.933637 0.948165 0.966764 0.991429 1.02571 1.0766
0.471238898038 0.884956 0.818545 0.803555847096 0.891159 0.898381 0.906898 0.917094 0.92952 0.945001 0.964821 0.991107 1.02764 1.08189
0.488692190558 0.877983 0.807633 0.791689421411 0.88457 0.892241 0.901288 0.912119 0.925322 0.94177 0.962832 0.990767 1.0296 1.08725
0.506145483078 0.870888 0.79658 0.779674560996 0.877865 0.885991 0.895575 0.907052 0.921042 0.938474 0.960796 0.990405 1.03157 1.09268
0.523598775598 0.863676 0.785401 0.767528181381 0.871048 0.879635 0.889764 0.901895 0.916683 0.93511 0.95871 0.990015 1.03354 1.09816
0.541052068118 0.856352 0.774109 0.755266945145 0.864124 0.873177 0.883858 0.896649 0.912245 0.93168 0.956573 0.989595 1.03551 1.10368
0.558505360638 0.848922 0.762719 0.742907229622 0.857097 0.866621 0.877859 0.891319 0.90773 0.928183 0.954381 0.989137 1.03746 1.10923
0.575958653158 0.84139 0.751245 0.73046511614 0.849972 0.859971 0.871771 0.885904 0.903138 0.924618 0.952133 0.988638 1.0394 1.11478
0.593411945678 0.833762 0.739699 0.717956368488 0.842753 0.853231 0.865596 0.880407 0.898469 0.920984 0.949825 0.988092 1.0413 1.12033
0.610865238198 0.82604 0.728095 0.705396422156 0.835444 0.846403 0.859336 0.87483 0.893726 0.91728 0.947455 0.987495 1.04317 1.12587
0.628318530718 0.818231 0.716445 0.692800368187 0.828049 0.83949 0.852995 0.869174 0.888907 0.913506 0.945021 0.98684 1.045 1.13138
0.645771823238 0.810339 0.704763 0.680182937034 0.820571 0.832497 0.846575 0.863441 0.884013 0.909659 0.942518 0.986123 1.04676 1.13684
0.663225115758 0.802367 0.69306 0.667558487792 0.813015 0.825427 0.840078 0.857632 0.879044 0.90574 0.939945 0.985338 1.04847 1.14224
0.680678408278 0.794321 0.681348 0.654940986673 0.805384 0.818281 0.833506 0.851748 0.874002 0.901747 0.937298 0.98448 1.0501 1.14757
0.698131700798 0.786204 0.66964 0.642343996241 0.797682 0.811064 0.826861 0.845791 0.868885 0.897679 0.934575 0.983543 1.05165 1.15282
0.715584993318 0.778019 0.657945 0.62978066465 0.789912 0.803777 0.820146 0.839763 0.863694 0.893534 0.931772 0.982522 1.05311 1.15797
0.733038285838 0.769772 0.646275 0.617263720257 0.782078 0.796424 0.813363 0.833663 0.858429 0.889311 0.928885 0.981411 1.05447 1.16301
0.750491578358 0.761466 0.63464 0.604805433955 0.774182 0.789008 0.806514 0.827493 0.85309 0.885009 0.925914 0.980206 1.05573 1.16792
0.767944870878 0.753104 0.623051 0.592417646078 0.766228 0.781531 0.7996 0.821255 0.847677 0.880626 0.922853 0.978901 1.05687 1.17269
0.785398163397 0.744691 0.611517 0.580111728727 0.75822 0.773995 0.792623 0.814949 0.84219 0.876162 0.9197 0.977491 1.05788 1.17731
0.802851455917 0.73623 0.600048 0.567898596539 0.75016 0.766404 0.785585 0.808576 0.836629 0.871615 0.916453 0.975971 1.05876 1.18177
0.820304748437 0.727724 0.588652 0.555788674388 0.742051 0.758759 0.778489 0.802137 0.830994 0.866982 0.913107 0.974335 1.05951 1.18605
0.837758040957 0.719176 0.577338 0.543791913537 0.733897 0.751063 0.771335 0.795634 0.825285 0.862265 0.909661 0.972578 1.0601 1.19014
0.855211333477 0.710591 0.566114 0.53191777549 0.725699 0.743318 0.764125 0.789066 0.819501 0.85746 0.906111 0.970696 1.06054 1.19403
0.872664625997 0.701972 0.554989 0.520175237372 0.717462 0.735527 0.756861 0.782435 0.813643 0.852566 0.902455 0.968683 1.06082 1.1977
0.890117918517 0.693321 0.543968 0.508572754258 0.709187 0.727691 0.749545 0.775742 0.80771 0.847583 0.89869 0.966536 1.06092 1.20116
0.907571211037 0.684642 0.53306 0.497118312992 0.700878 0.719814 0.742178 0.768987 0.801703 0.84251 0.894814 0.96425 1.06085 1.20437
0.925024503557 0.675938 0.522271 0.485819372983 0.692537 0.711897 0.734762 0.762172 0.795622 0.837344 0.890823 0.961819 1.06059 1.20734
0.942477796077 0.667212 0.511608 0.474682898501 0.684167 0.703942 0.727298 0.755297 0.789466 0.832085 0.886715 0.95924 1.06014 1.21005
0.959931088597 0.658468 0.501075 0.463715353293 0.675771 0.695952 0.719788 0.748363 0.783235 0.826733 0.882488 0.956508 1.05949 1.21249
0.977384381117 0.649707 0.490678 0.452922689815 0.66735 0.687928 0.712233 0.741371 0.77693 0.821285 0.87814 0.953621 1.05863 1.21466
0.994837673637 0.640933 0.480422 0.442310365387 0.658908 0.679873 0.704636 0.734322 0.770551 0.815742 0.873669 0.950573 1.05757 1.21654
1.01229096616 0.632149 0.470313 0.431883331421 0.650447 0.671789 0.696996 0.727216 0.764098 0.810102 0.869072 0.947361 1.05628 1.21812
1.02974425868 0.623358 0.460353 0.421646054951 0.641969 0.663677 0.689317 0.720056 0.75757 0.804365 0.864348 0.943982 1.05478 1.21939
1.0471975512 0.614561 0.450547 0.411602497107 0.633477 0.65554 0.681599 0.71284 0.750969 0.798529 0.859494 0.940433 1.05304 1.22035
1.06465084372 0.605763 0.440898 0.401756140024 0.624973 0.647379 0.673844 0.705572 0.744294 0.792595 0.85451 0.936709 1.05107 1.22099
1.08210413624 0.596965 0.431409 0.392109986842 0.616459 0.639197 0.666053 0.698251 0.737546 0.786562 0.849394 0.93281 1.04886 1.2213
1.09955742876 0.58817 0.422082 0.382666561704 0.607938 0.630995 0.658229 0.690878 0.730726 0.78043 0.844143 0.92873 1.04641 1.22127
1.11701072128 0.579381 0.412921 0.373427936668 0.599412 0.622776 0.650372 0.683455 0.723832 0.774197 0.838758 0.924469 1.04372 1.2209
1.1344640138 0.570601 0.403926 0.364395715562 0.590883 0.61454 0.642483 0.675983 0.716867 0.767865 0.833236 0.920024 1.04077 1.22017
1.15191730632 0.56183 0.3951 0.355571050127 0.582354 0.606291 0.634566 0.668462 0.709831 0.761433 0.827578 0.915393 1.03757 1.21909
1.16937059884 0.553073 0.386443 0.346954672312 0.573825 0.59803 0.62662 0.660894 0.702724 0.7549 0.821782 0.910574 1.03411 1.21765
1.18682389136 0.544332 0.377956 0.33854686736 0.565301 0.589759 0.618648 0.65328 0.695547 0.748268 0.815847 0.905565 1.03038 1.21584
1.20427718388 0.535608 0.36964 0.330347527631 0.556782 0.58148 0.610651 0.645621 0.6883 0.741535 0.809773 0.900365 1.0264 1.21366
1.2217304764 0.526904 0.361495 0.322356125694 0.548272 0.573194 0.60263 0.637919 0.680986 0.734704 0.80356 0.894972 1.02215 1.2111
1.23918376892 0.518222 0.353521 0.314571746614 0.539771 0.564904 0.594588 0.630174 0.673603 0.727773 0.797208 0.889387 1.01763 1.20817
1.25663706144 0.509565 0.345716 0.30699310948 0.531282 0.556611 0.586526 0.622389 0.666155 0.720744 0.790716 0.883607 1.01284 1.20485
1.27409035396 0.500934 0.338081 0.299618562029 0.522807 0.548316 0.578445 0.614563 0.65864 0.713617 0.784085 0.877633 1.00778 1.20114
1.29154364648 0.492332 0.330615 0.292446102168 0.514348 0.540023 0.570348 0.6067 0.651062 0.706393 0.777315 0.871465 1.00244 1.19705
1.308996939 0.483761 0.323316 0.285473404885 0.505906 0.531733 0.562235 0.598799 0.64342 0.699073 0.770406 0.865101 0.996838 1.19256
1.32645023152 0.475223 0.316182 0.27869781687 0.497485 0.523447 0.554109 0.590864 0.635716 0.691658 0.76336 0.858543 0.990958 1.18769
1.34390352404 0.46672 0.309211 0.272116388803 0.489085 0.515167 0.545971 0.582894 0.627952 0.684149 0.756176 0.851791 0.984805 1.18242
1.36135681656 0.458254 0.302403 0.265725880738 0.480709 0.506896 0.537822 0.574893 0.620129 0.676547 0.748857 0.844846 0.978377 1.17676
1.37881010908 0.449827 0.295753 0.259522794395 0.472359 0.498635 0.529665 0.56686 0.612248 0.668853 0.741403 0.837708 0.971677 1.17071
1.3962634016 0.44144 0.289261 0.253503357012 0.464036 0.490385 0.521502 0.558799 0.604311 0.66107 0.733815 0.830378 0.964705 1.16427
1.41371669412 0.433097 0.282922 0.247663585932 0.455742 0.482149 0.513334 0.550711 0.596319 0.653198 0.726096 0.822859 0.957462 1.15743
1.43116998664 0.424797 0.276734 0.241999267073 0.447479 0.473929 0.505162 0.542598 0.588275 0.64524 0.718246 0.815151 0.949951 1.15021
1.44862327916 0.416544 0.270695 0.236505976454 0.43925 0.465726 0.496989 0.534461 0.580181 0.637197 0.710267 0.807257 0.942172 1.1426
1.46607657168 0.408339 0.2648 0.231179117875 0.431055 0.457541 0.488817 0.526302 0.572037 0.629071 0.702163 0.799179 0.934127 1.1346
1.4835298642 0.400184 0.259047 0.226013933673 0.422896 0.449378 0.480647 0.518123 0.563847 0.620865 0.693934 0.790919 0.925821 1.12622
1.50098315672 0.392081 0.253432 0.221005499345 0.414776 0.441237 0.472482 0.509927 0.555611 0.612579 0.685583 0.782479 0.917255 1.11747
1.51843644924 0.38403 0.247951 0.216148771987 0.406696 0.433121 0.464322 0.501714 0.547333 0.604218 0.677113 0.773862 0.908432 1.10833
1.53588974176 0.376035 0.242601 0.211438590289 0.398657 0.425032 0.456171 0.493488 0.539015 0.595783 0.668526 0.765072 0.899357 1.09883
1.55334303427 0.368096 0.237377 0.206869696065 0.390662 0.41697 0.44803 0.485251 0.530658 0.587276 0.659826 0.756112 0.890032 1.08896
1.57079632679 0.360216 0.232277 0.202436755785 0.382712 0.408938 0.439901 0.477003 0.522265 0.5787 0.651014 0.746984 0.880463 1.07873
1.58824961931 0.352394 0.227295 0.19813436595 0.374808 0.400938 0.431785 0.468748 0.513839 0.570058 0.642094 0.737693 0.870652 1.06815
1.60570291183 0.344634 0.222428 0.193957080006 0.366953 0.392971 0.423685 0.460488 0.505381 0.561353 0.633069 0.728243 0.860606 1.05721
1.62315620435 0.336937 0.217671 0.189899429872 0.359148 0.38504 0.415604 0.452225 0.496895 0.552588 0.623944 0.718637 0.850329 1.04593
1.64060949687 0.329304 0.213022 0.185955920557 0.351395 0.377146 0.407542 0.443961 0.488384 0.543765 0.614721 0.70888 0.839827 1.03432
1.65806278939 0.321736 0.208475 0.182121073216 0.343695 0.36929 0.399502 0.435699 0.479849 0.534889 0.605405 0.698977 0.829105 1.02238
1.67551608191 0.314235 0.204027 0.178389419766 0.33605 0.361476 0.391487 0.427441 0.471294 0.525962 0.595998 0.688932 0.818168 1.01011
1.69296937443 0.306803 0.199673 0.174755524419 0.328462 0.353704 0.383497 0.41919 0.462721 0.516987 0.586506 0.67875 0.807024 0.997534
1.71042266695 0.29944 0.19541 0.171214010585 0.320931 0.345977 0.375536 0.410947 0.454134 0.507968 0.576931 0.668436 0.795678 0.984651
1.72787595947 0.292149 0.191233 0.16775956088 0.31346 0.338295 0.367605 0.402716 0.445535 0.498908 0.567279 0.657995 0.784136 0.971471
1.74532925199 0.284929 0.187138 0.1643869225 0.30605 0.330662 0.359707 0.394499 0.436927 0.489811 0.557554 0.647433 0.772407 0.958004
1.76278254451 0.277784 0.183121 0.161090961046 0.298702 0.323078 0.351843 0.386298 0.428314 0.480681 0.54776 0.636755 0.760497 0.944259
1.78023583703 0.270712 0.17918 0.157866617465 0.291419 0.315546 0.344016 0.378116 0.419698 0.471522 0.537902 0.625968 0.748413 0.930245
1.79768912955 0.263717 0.175309 0.154708961875 0.284201 0.308067 0.336228 0.369956 0.411082 0.462337 0.527985 0.615076 0.736164 0.915973
1.81514242207 0.256799 0.171505 0.151613198939 0.27705 0.300643 0.328481 0.36182 0.40247 0.45313 0.518013 0.604087 0.723756 0.901454
1.83259571459 0.24996 0.167764 0.148574657108 0.269967 0.293276 0.320777 0.353711 0.393865 0.443905 0.507992 0.593006 0.711197 0.886697
1.85004900711 0.243199 0.164083 0.14558882629 0.262954 0.285967 0.313118 0.345632 0.385271 0.434666 0.497926 0.581839 0.698497 0.871714
1.86750229963 0.236519 0.160459 0.142651352472 0.256012 0.278719 0.305507 0.337584 0.37669 0.425418 0.487821 0.570594 0.685663 0.856516
1.88495559215 0.229921 0.156889 0.139758048482 0.249142 0.271533 0.297945 0.329572 0.368126 0.416165 0.477681 0.559277 0.672704 0.841114
1.90240888467 0.223405 0.153368 0.136904915515 0.242347 0.26441 0.290436 0.321597 0.359582 0.40691 0.467513 0.547894 0.659628 0.825521
1.91986217719 0.216972 0.149895 0.134088126992 0.235627 0.257353 0.28298 0.313663 0.351062 0.397658 0.457322 0.536452 0.646446 0.809748
1.93731546971 0.210624 0.146466 0.131304055463 0.228983 0.250364 0.275581 0.305772 0.34257 0.388414 0.447112 0.52496 0.633165 0.793807
1.95476876223 0.204362 0.143078 0.128549272616 0.222417 0.243443 0.268241 0.297927 0.334108 0.379181 0.43689 0.513422 0.619795 0.777711
1.97222205475 0.198186 0.13973 0.125820565412 0.21593 0.236593 0.260961 0.290131 0.32568 0.369965 0.426661 0.501848 0.606346 0.761473
1.98967534727 0.192097 0.136418 0.123114914568 0.209524 0.229815 0.253744 0.282386 0.317291 0.36077 0.416432 0.490243 0.592826 0.745105
2.00712863979 0.186096 0.13314 0.120429526841 0.203198 0.223111 0.246591 0.274695 0.308942 0.351599 0.406206 0.478615 0.579245 0.728621
2.02458193231 0.180184 0.129895 0.117761829649 0.196956 0.216483 0.239506 0.267062 0.300638 0.342458 0.395991 0.466972 0.565614 0.712032
2.04203522483 0.174362 0.12668 0.11510946569 0.190797 0.209931 0.23249 0.259488 0.292383 0.333352 0.385792 0.455321 0.551941 0.695354
2.05948851735 0.16863 0.123493 0.112470309085 0.184724 0.203459 0.225546 0.251977 0.28418 0.324284 0.375615 0.44367 0.538238 0.678598
2.07694180987 0.162989 0.120334 0.109842459998 0.178737 0.197067 0.218675 0.244532 0.276032 0.31526 0.365466 0.432026 0.524513 0.661779
2.09439510239 0.15744 0.1172 0.107224233874 0.172837 0.190757 0.21188 0.237154 0.267944 0.306283 0.35535 0.420397 0.510777 0.64491
2.11184839491 0.151984 0.11409 0.104614193726 0.167025 0.18453 0.205162 0.229848 0.259918 0.29736 0.345274 0.408791 0.497039 0.628006
2.12930168743 0.146621 0.111004 0.102011112466 0.161302 0.178388 0.198525 0.222615 0.251959 0.288493 0.335244 0.397215 0.483311 0.611078
2.14675497995 0.141351 0.107941 0.0994139944275 0.15567 0.172333 0.191969 0.215459 0.244069 0.279688 0.325265 0.385676 0.469602 0.594143
2.16420827247 0.136176 0.104899 0.0968220699906 0.15013 0.166365 0.185497 0.208382 0.236253 0.27095 0.315344 0.374183 0.455922 0.577212
2.18166156499 0.131096 0.101878 0.0942347901937 0.144682 0.160487 0.179111 0.201387 0.228514 0.262282 0.305485 0.362744 0.442282 0.560301
2.19911485751 0.126112 0.0988783 0.0916518213547 0.139327 0.1547 0.172813 0.194476 0.220855 0.25369 0.295696 0.351365 0.428691 0.543422
2.21656815003 0.121223 0.0958991 0.0890730450703 0.134066 0.149005 0.166605 0.187653 0.21328 0.245177 0.285982 0.340054 0.415159 0.526591
2.23402144255 0.116431 0.0929406 0.086498558216 0.1289 0.143404 0.160489 0.180919 0.205793 0.23675 0.276349 0.328821 0.401698 0.50982
2.25147473507 0.111735 0.090003 0.0839286514181 0.12383 0.137897 0.154466 0.174278 0.198396 0.228411 0.266802 0.31767 0.388317 0.493124
2.26892802759 0.107137 0.0870864 0.0813638198179 0.118857 0.132487 0.148539 0.167731 0.191094 0.220166 0.257348 0.306612 0.375026 0.476516
2.28638132011 0.102637 0.0841914 0.0788047576894 0.113982 0.127174 0.14271 0.161282 0.183889 0.212018 0.247993 0.295652 0.361836 0.460011
2.30383461263 0.0982347 0.0813185 0.0762523315299 0.109205 0.12196 0.136979 0.154933 0.176785 0.203973 0.238741 0.284799 0.348755 0.443621
2.32128790515 0.0939306 0.0784686 0.0737076069694 0.104527 0.116845 0.13135 0.148687 0.169786 0.196034 0.229599 0.27406 0.335794 0.42736
2.33874119767 0.0897251 0.0756424 0.0711717949512 0.0999484 0.111832 0.125823 0.142545 0.162894 0.188207 0.220572 0.263442 0.322963 0.411242
2.35619449019 0.0856184 0.0728411 0.0686462947874 0.0954703 0.106921 0.120401 0.136511 0.156112 0.180494 0.211666 0.252952 0.310271 0.395279
2.37364778271 0.0816108 0.0700657 0.0661326349574 0.0910932 0.102113 0.115085 0.130585 0.149444 0.1729 0.202886 0.242598 0.297728 0.379485
2.39110107523 0.0777023 0.0673176 0.0636325161639 0.0868176 0.09741 0.109877 0.124772 0.142893 0.165429 0.194237 0.232386 0.285343 0.363873
2.40855436775 0.0738933 0.064598 0.0611477521306 0.0826441 0.0928118 0.104777 0.119073 0.136462 0.158085 0.185725 0.222324 0.273126 0.348456
2.42600766027 0.0701837 0.0619087 0.0586802965127 0.0785733 0.08832 0.099789 0.113489 0.130153 0.150873 0.177355 0.212419 0.261086 0.333246
2.44346095279 0.0665737 0.0592511 0.0562322052227 0.0746055 0.0839354 0.0949127 0.108024 0.12397 0.143795 0.169132 0.202677 0.249231 0.318255
2.46091424531 0.0630634 0.0566269 0.0538056525765 0.0707412 0.079659 0.0901499 0.102679 0.117915 0.136857 0.161061 0.193104 0.237571 0.303497
2.47836753783 0.0596527 0.0540378 0.0514029043833 0.0669809 0.0754914 0.0855021 0.0974563 0.111992 0.13006 0.153147 0.183707 0.226115 0.288982
2.49582083035 0.0563417 0.0514859 0.0490262964182 0.0633248 0.0714335 0.0809704 0.0923576 0.106202 0.123409 0.145394 0.174493 0.21487 0.274722
2.51327412287 0.0531302 0.0489728 0.0466782613316 0.0597733 0.0674861 0.0765562 0.0873847 0.100548 0.116908 0.137807 0.165468 0.203845 0.260729
2.53072741539 0.0500182 0.0465007 0.0443612694476 0.0563266 0.0636498 0.0722606 0.0825394 0.0950334 0.110559 0.130391 0.156637 0.193048 0.247014
2.54818070791 0.0470055 0.0440715 0.0420778556742 0.0529849 0.0599252 0.0680847 0.0778235 0.0896596 0.104366 0.12315 0.148006 0.182486 0.233588
2.56563400043 0.044092 0.0416872 0.039830587211 0.0497484 0.0563129 0.0640295 0.0732384 0.0844292 0.0983322 0.116088 0.139581 0.172169 0.220461
2.58308729295 0.0412775 0.0393501 0.0376220527855 0.0466173 0.0528135 0.060096 0.0687857 0.0793443 0.0924603 0.109209 0.131368 0.162101 0.207644
2.60054058547 0.0385618 0.0370622 0.0354548572712 0.0435917 0.0494274 0.0562852 0.064467 0.074407 0.0867533 0.102517 0.123371 0.152292 0.195145
2.61799387799 0.0359445 0.0348255 0.0333316216875 0.0406716 0.046155 0.0525978 0.0602834 0.0696194 0.0812139 0.0960163 0.115596 0.142748 0.182976
2.63544717051 0.0334254 0.0326424 0.0312549401439 0.037857 0.0429966 0.0490347 0.0562364 0.0649833 0.0758448 0.0897098 0.108048 0.133475 0.171145
2.65290046303 0.0310042 0.0305148 0.0292273906039 0.0351478 0.0399527 0.0455965 0.052327 0.0605004 0.0706484 0.0836011 0.10073 0.12448 0.159661
2.67035375555 0.0286804 0.0284449 0.0272515187394 0.0325439 0.0370233 0.0422838 0.0485563 0.0561724 0.0656271 0.0776933 0.0936487 0.115768 0.148531
2.68780704807 0.0264535 0.0264347 0.0253298379304 0.0300452 0.0342086 0.0390973 0.0449253 0.0520007 0.060783 0.0719896 0.0868066 0.107345 0.137766
2.70526034059 0.0243232 0.0244863 0.0234647862092 0.0276514 0.0315088 0.0360372 0.0414349 0.0479869 0.0561182 0.0664928 0.0802081 0.0992178 0.127371
2.72271363311 0.0222888 0.0226017 0.0216587477886 0.0253624 0.0289238 0.0331041 0.0380859 0.0441321 0.0516346 0.0612056 0.0738569 0.09139 0.117354
2.74016692563 0.0203499 0.0207829 0.0199140261516 0.0231777 0.0264536 0.0302981 0.034879 0.0404375 0.0473339 0.0561303 0.0677563 0.0838667 0.107721
2.75762021815 0.0185058 0.0190316 0.0182328225239 0.021097 0.0240982 0.0276196 0.0318146 0.0369041 0.0432176 0.0512693 0.0619097 0.0766525 0.0984798
2.77507351067 0.0167559 0.0173498 0.0166172681658 0.0191198 0.0218573 0.0250685 0.0288933 0.0335328 0.0392871 0.0466246 0.0563197 0.0697512 0.0896351
2.79252680319 0.0150994 0.0157391 0.015069349024 0.0172457 0.0197306 0.0226449 0.0261154 0.0303243 0.0355436 0.0421979 0.0509891 0.0631668 0.0811925
2.80998009571 0.0135356 0.0142012 0.0135909487881 0.0154741 0.0177179 0.0203488 0.0234812 0.0272792 0.0319883 0.037991 0.0459202 0.0569024 0.0731568
2.82743338823 0.0120638 0.0127376 0.0121838273622 0.0138044 0.0158187 0.0181799 0.0209906 0.024398 0.0286218 0.034005 0.0411149 0.050961 0.0655323
2.84488668075 0.010683 0.0113498 0.0108495831915 0.0122359 0.0140325 0.016138 0.0186438 0.0216808 0.0254449 0.0302413 0.0365751 0.0453453 0.0583227
2.86233997327 0.00939237 0.0100389 0.00958968017165 0.0107678 0.0123587 0.0142227 0.0164405 0.0191279 0.022458 0.0267006 0.0323021 0.0400573 0.0515314
2.87979326579 0.0081909 0.00880627 0.00840541535754 0.00939938 0.0107967 0.0124335 0.0143805 0.0167392 0.0196613 0.0233835 0.0282971 0.0350988 0.0451609
2.89724655831 0.00707761 0.00765287 0.00729791896283 0.00812964 0.00934571 0.0107698 0.0124633 0.0145145 0.017055 0.0202905 0.0245608 0.0304711 0.0392134
2.91469985083 0.00605139 0.0065796 0.00626813283225 0.00695763 0.00800485 0.00923086 0.0106884 0.0124533 0.0146388 0.0174216 0.0210937 0.0261752 0.0336904
2.93215314335 0.00511111 0.00558721 0.00531683196948 0.0058823 0.00677319 0.00781585 0.00905507 0.0105552 0.0124124 0.0147766 0.0178958 0.0222114 0.028593
2.94960643587 0.00425553 0.00467627 0.00444457609939 0.00490252 0.00564966 0.00652382 0.00756244 0.00881942 0.0103751 0.0123551 0.0149668 0.0185796 0.0239212
2.96705972839 0.00348339 0.00384718 0.00365172581397 0.00401706 0.00463311 0.00535365 0.00620949 0.00724494 0.00852613 0.0101563 0.0123062 0.0152795 0.019675
2.98451302091 0.00279331 0.00310017 0.00293843180838 0.00322459 0.00372227 0.00430414 0.00499503 0.00583066 0.00686431 0.00817918 0.00991279 0.01231 0.0158531
3.00196631343 0.00218384 0.00243528 0.00230460797109 0.00252371 0.00291573 0.00337389 0.0039177 0.00457521 0.00538829 0.00642229 0.00778525 0.00966953 0.012454
3.01941960595 0.00165346 0.00185231 0.00174994752983 0.00191287 0.00221197 0.00256138 0.00297594 0.00347701 0.00409642 0.0048839 0.00592165 0.007356 0.00947521
3.03687289847 0.00120051 0.00135088 0.00127387999577 0.00139044 0.00160931 0.00186489 0.002168 0.00253421 0.00298676 0.00356192 0.00431965 0.00536672 0.00691343
3.05432619099 0.000823247 0.000930375 0.000875587309489 0.000954621 0.00110594 0.00128254 0.00149189 0.00174472 0.00205704 0.00245384 0.00297644 0.0036984 0.00476462
3.07177948351 0.000519792 0.000589906 0.000553955403199 0.000603494 0.000699846 0.00081224 0.000945409 0.00110616 0.00130465 0.00155674 0.00188863 0.00234701 0.0030238
3.08923277603 0.000288111 0.000328322 0.000307574200776 0.000334953 0.000388839 0.000451659 0.000526049 0.000615801 0.000726571 0.000867192 0.00105227 0.00130779 0.00168497
3.10668606855 0.000125978 0.000144146 0.000134678416074 0.000146674 0.000170465 0.00019818 0.00023098 0.000270529 0.000319313 0.000381216 0.000462652 0.000575048 0.000740906
3.12413936107 3.09094e-05 3.55131e-05 3.30775873238e-05 3.60471e-05 4.19478e-05 4.88162e-05 5.69382e-05 6.67248e-05 7.87891e-05 9.40887e-05 0.000114206 0.00014196 0.000182901
3.14159265359 0.0 0.0 0.0 0.0 0.0 0.0 0.0 0.0 0.0 0.0 0.0 0.0 0.0
