alpha phi_iso phi_ray phi_vec g0=0.1 g0=0.2 g0=0.3 g0=0.4 g0=0.5 g0=0.6 g0=0.7 g0=0.8 g0=0.9 g0=1.0
0.0 1.0 1.0 1.0 1.0 1.0 1.0 1.0 1.0 1.0 1.0 1.0 1.0 1.0
0.0174532925199 0.999651 0.999503 0.99949913779 0.999667 0.999687 0.999712 0.999744 0.999787 0.999847 0.999939 1.00009 1.00042 1.00149
0.0349065850399 0.998676 0.998087 0.998071646462 0.998741 0.99882 0.998919 0.999046 0.999216 0.999456 0.999819 1.00044 1.00171 1.00596
0.0523598775598 0.997185 0.995868 0.995829879071 0.997328 0.997504 0.997724 0.998007 0.998386 0.99892 0.999729 1.0011 1.00395 1.01342
0.0698131700798 0.995261 0.992936 0.992862997107 0.995514 0.995823 0.99621 0.996708 0.997375 0.998315 0.999739 1.00216 1.00717 1.02385
0.0872664625997 0.992961 0.989351 0.989230214689 0.993351 0.993829 0.994427 0.995197 0.996229 0.997684 0.999889 1.00363 1.0114 1.03724
0.10471975512 0.990317 0.985152 0.984970680188 0.990873 0.991554 0.992407 0.993506 0.994979 0.997054 1.0002 1.00555 1.01664 1.05354
0.12217304764 0.987352 0.98037 0.980114063686 0.988103 0.989021 0.990171 0.991654 0.993642 0.996444 1.00069 1.00791 1.02289 1.07271
0.13962634016 0.984087 0.97503 0.974686279237 0.985058 0.986247 0.987736 0.989658 0.992232 0.995863 1.00137 1.01073 1.03014 1.09473
0.157079632679 0.980537 0.969156 0.968711753609 0.981756 0.983248 0.985118 0.98753 0.990763 0.995324 1.00224 1.014 1.03838 1.11952
0.174532925199 0.976719 0.962773 0.962214207743 0.978212 0.980039 0.982329 0.985284 0.989245 0.994832 1.00331 1.01771 1.0476 1.14705
0.191986217719 0.972647 0.955902 0.955216757581 0.974438 0.976632 0.979381 0.982929 0.987686 0.994396 1.00458 1.02188 1.05778 1.17725
0.209439510239 0.968335 0.948566 0.947741914065 0.970449 0.973039 0.976285 0.980476 0.986094 0.99402 1.00605 1.02649 1.0689 1.21005
0.226892802759 0.963794 0.940787 0.939811734393 0.966256 0.969271 0.973052 0.977932 0.984475 0.993708 1.00772 1.03153 1.08095 1.24538
0.244346095279 0.959037 0.932585 0.93144787243 0.961869 0.965338 0.969688 0.975304 0.982835 0.993462 1.00959 1.037 1.09389 1.28318
0.261799387799 0.954073 0.923983 0.922671503083 0.957298 0.961249 0.966203 0.9726 0.981178 0.993284 1.01166 1.04289 1.1077 1.32336
0.279252680319 0.948913 0.914999 0.913503523971 0.952552 0.957011 0.962604 0.969824 0.979508 0.993175 1.01392 1.04918 1.12235 1.36586
0.296705972839 0.943567 0.905654 0.903964505005 0.947641 0.952634 0.958896 0.966982 0.977827 0.993133 1.01637 1.05586 1.13782 1.41058
0.314159265359 0.938042 0.895969 0.89407481443 0.942571 0.948122 0.955085 0.964077 0.976136 0.993158 1.019 1.06292 1.15407 1.45743
0.331612557879 0.932347 0.885962 0.883854492785 0.937351 0.943484 0.951177 0.961112 0.974438 0.993248 1.02181 1.07034 1.17108 1.50634
0.349065850399 0.926491 0.875652 0.873323454566 0.931987 0.938724 0.947175 0.958091 0.972733 0.9934 1.02478 1.07811 1.18881 1.55722
0.366519142919 0.920479 0.865059 0.862501362189 0.926486 0.933848 0.943085 0.955016 0.97102 0.993612 1.02791 1.08621 1.20722 1.60996
0.383972435439 0.91432 0.854202 0.851407701612 0.920853 0.928862 0.93891 0.951889 0.9693 0.993878 1.0312 1.09462 1.22629 1.66448
0.401425727959 0.90802 0.843099 0.840061731916 0.915095 0.92377 0.934653 0.948712 0.967572 0.994196 1.03462 1.10333 1.24597 1.72067
0.418879020479 0.901585 0.831769 0.82848253573 0.909218 0.918576 0.930318 0.945485 0.965834 0.994561 1.03818 1.11232 1.26623 1.77845
0.436332312999 0.895021 0.82023 0.816688943595 0.903225 0.913284 0.925906 0.942211 0.964085 0.994967 1.04186 1.12157 1.28703 1.83772
0.453785605519 0.888335 0.808499 0.804699609598 0.897123 0.907899 0.92142 0.938888 0.962323 0.99541 1.04565 1.13105 1.30833 1.89837
0.471238898038 0.881531 0.796595 0.792532910534 0.890916 0.902423 0.916863 0.935518 0.960546 0.995884 1.04954 1.14075 1.3301 1.9603
0.488692190558 0.874616 0.784535 0.780207046742 0.884608 0.896861 0.912236 0.932101 0.958752 0.996382 1.05352 1.15065 1.3523 2.02341
0.506145483078 0.867594 0.772336 0.767739890853 0.878204 0.891214 0.907541 0.928636 0.956938 0.996899 1.05758 1.16073 1.37488 2.0876
0.523598775598 0.860471 0.760015 0.755149088623 0.871708 0.885487 0.90278 0.925123 0.955101 0.997429 1.06171 1.17097 1.3978 2.15278
0.541052068118 0.85325 0.747589 0.742451983311 0.865123 0.879682 0.897954 0.921561 0.953238 0.997964 1.06589 1.18134 1.42104 2.21882
0.558505360638 0.845938 0.735074 0.729665565261 0.858453 0.873801 0.893063 0.917951 0.951345 0.998498 1.07011 1.19183 1.44454 2.28564
0.575958653158 0.838538 0.722486 0.716806623148 0.851702 0.867847 0.888109 0.91429 0.94942 0.999024 1.07436 1.20241 1.46826 2.35312
0.593411945678 0.831054 0.709842 0.703891517112 0.844874 0.861822 0.883093 0.910578 0.947459 0.999536 1.07862 1.21306 1.49218 2.42117
0.610865238198 0.823492 0.697156 0.690936279583 0.837971 0.855728 0.878016 0.906814 0.945458 1.00002 1.0829 1.22377 1.51623 2.48967
0.628318530718 0.815854 0.684443 0.677956564868 0.830997 0.849568 0.872877 0.902996 0.943413 1.00048 1.08716 1.2345 1.5404 2.55854
0.645771823238 0.808145 0.671718 0.664967724776 0.823954 0.843343 0.867678 0.899124 0.941321 1.00091 1.0914 1.24524 1.56462 2.62767
0.663225115758 0.800369 0.658996 0.651984581742 0.816846 0.837054 0.862419 0.895196 0.939179 1.00129 1.09561 1.25596 1.58888 2.69695
0.680678408278 0.79253 0.64629 0.639021680913 0.809676 0.830705 0.8571 0.891209 0.936981 1.00162 1.09978 1.26665 1.61311 2.76628
0.698131700798 0.78463 0.633614 0.626093038061 0.802445 0.824296 0.851722 0.887164 0.934724 1.00189 1.10389 1.27729 1.6373 2.83557
0.715584993318 0.776674 0.62098 0.613212341251 0.795158 0.817828 0.846285 0.883058 0.932405 1.00209 1.10793 1.28784 1.66139 2.90471
0.733038285838 0.768665 0.608402 0.600392723969 0.787816 0.811305 0.840788 0.878889 0.930019 1.00222 1.11188 1.2983 1.68535 2.97361
0.750491578358 0.760607 0.595892 0.587646916367 0.780421 0.804725 0.835233 0.874656 0.927562 1.00227 1.11574 1.30864 1.70914 3.04217
0.767944870878 0.752502 0.583461 0.574987169644 0.772977 0.798092 0.829618 0.870358 0.92503 1.00224 1.1195 1.31884 1.73272 3.1103
0.785398163397 0.744354 0.571121 0.562425281248 0.765486 0.791407 0.823944 0.865992 0.92242 1.00211 1.12313 1.32888 1.75605 3.1779
0.802851455917 0.736166 0.558883 0.549972468838 0.75795 0.78467 0.818211 0.861557 0.919727 1.00187 1.12664 1.33874 1.77911 3.24487
0.820304748437 0.72794 0.546757 0.537639571951 0.75037 0.777883 0.81242 0.857051 0.916947 1.00153 1.13 1.3484 1.80185 3.31113
0.837758040957 0.719681 0.534752 0.525436850335 0.74275 0.771048 0.806569 0.852473 0.914078 1.00108 1.13321 1.35784 1.82423 3.37659
0.855211333477 0.71139 0.522879 0.513374059573 0.735092 0.764164 0.800658 0.847821 0.911114 1.0005 1.13626 1.36705 1.84622 3.44116
0.872664625997 0.703071 0.511146 0.501460451082 0.727396 0.757234 0.794689 0.843093 0.908054 0.999792 1.13913 1.376 1.8678 3.50475
0.890117918517 0.694727 0.499561 0.489704746908 0.719666 0.750258 0.78866 0.838288 0.904891 0.99895 1.14181 1.38467 1.88891 3.56728
0.907571211037 0.686359 0.488133 0.478115139724 0.711904 0.743238 0.782572 0.833405 0.901625 0.997967 1.14429 1.39305 1.90954 3.62867
0.925024503557 0.677971 0.476869 0.466699292831 0.70411 0.736174 0.776424 0.828441 0.89825 0.996837 1.14657 1.40113 1.92965 3.68884
0.942477796077 0.669565 0.465775 0.455464390572 0.696288 0.729068 0.770217 0.823396 0.894764 0.995553 1.14863 1.40888 1.94921 3.74771
0.959931088597 0.661145 0.454859 0.444416987086 0.688439 0.721921 0.76395 0.818267 0.891163 0.99411 1.15047 1.41628 1.96819 3.8052
0.977384381117 0.652711 0.444125 0.433563207971 0.680565 0.714733 0.757624 0.813054 0.887445 0.992503 1.15207 1.42333 1.98655 3.86123
0.994837673637 0.644267 0.433581 0.422908548621 0.672668 0.707505 0.751238 0.807756 0.883606 0.990725 1.15342 1.43001 2.00428 3.91575
1.01229096616 0.635815 0.423229 0.412458101095 0.664748 0.70024 0.744793 0.802371 0.879644 0.988773 1.15452 1.4363 2.02135 3.96868
1.02974425868 0.627358 0.413075 0.402216327251 0.656809 0.692937 0.738288 0.796898 0.875556 0.98664 1.15536 1.44219 2.03772 4.01995
1.0471975512 0.618897 0.403123 0.392187209987 0.648852 0.685597 0.731724 0.791336 0.871339 0.984323 1.15593 1.44766 2.05337 4.0695
1.06465084372 0.610436 0.393376 0.382374228039 0.640879 0.678222 0.725101 0.785684 0.866991 0.981816 1.15622 1.4527 2.06829 4.11726
1.08210413624 0.601975 0.383837 0.372780355977 0.63289 0.670813 0.718419 0.779942 0.86251 0.979115 1.15622 1.4573 2.08243 4.16319
1.09955742876 0.593518 0.374509 0.36340801379 0.624889 0.663371 0.711678 0.774108 0.857893 0.976217 1.15593 1.46145 2.0958 4.20721
1.11701072128 0.585066 0.365393 0.354259192929 0.616876 0.655896 0.704879 0.768182 0.853139 0.973117 1.15534 1.46514 2.10835 4.24928
1.1344640138 0.576621 0.356491 0.345335380678 0.608853 0.64839 0.698022 0.762164 0.848245 0.969813 1.15445 1.46835 2.12008 4.28935
1.15191730632 0.568187 0.347804 0.336637585367 0.600822 0.640854 0.691107 0.756052 0.843211 0.9663 1.15325 1.47107 2.13095 4.32737
1.16937059884 0.559763 0.339333 0.328166311159 0.592784 0.633289 0.684136 0.749847 0.838034 0.962575 1.15173 1.4733 2.14097 4.36329
1.18682389136 0.551354 0.331078 0.319921684097 0.584741 0.625696 0.677107 0.743548 0.832714 0.958637 1.14989 1.47503 2.1501 4.39707
1.20427718388 0.54296 0.323038 0.311903351265 0.576695 0.618076 0.670022 0.737155 0.827248 0.954481 1.14773 1.47625 2.15834 4.42867
1.2217304764 0.534583 0.315214 0.304110505999 0.568647 0.610431 0.662882 0.730667 0.821637 0.950107 1.14523 1.47694 2.16566 4.45805
1.23918376892 0.526225 0.307604 0.296541938305 0.560598 0.602761 0.655687 0.724086 0.81588 0.945512 1.1424 1.47711 2.17206 4.48518
1.25663706144 0.517888 0.300206 0.289196060065 0.55255 0.595067 0.648438 0.717411 0.809975 0.940694 1.13923 1.47675 2.17752 4.51003
1.27409035396 0.509575 0.29302 0.28207087983 0.544505 0.587352 0.641136 0.710642 0.803922 0.935652 1.13572 1.47585 2.18203 4.53255
1.29154364648 0.501286 0.286042 0.275164028025 0.536464 0.579615 0.633781 0.703781 0.797721 0.930385 1.13187 1.47441 2.18559 4.55274
1.308996939 0.493023 0.27927 0.268472756955 0.528429 0.571859 0.626375 0.696826 0.791372 0.924891 1.12768 1.47242 2.18818 4.57057
1.32645023152 0.484789 0.272703 0.261994016425 0.520402 0.564084 0.618918 0.689779 0.784876 0.91917 1.12314 1.46988 2.18979 4.58601
1.34390352404 0.476584 0.266335 0.255724403323 0.512383 0.556293 0.611412 0.682641 0.778231 0.913223 1.11825 1.46678 2.19043 4.59906
1.36135681656 0.468411 0.260165 0.249660212042 0.504374 0.548486 0.603857 0.675412 0.771439 0.907047 1.11301 1.46313 2.19008 4.60968
1.37881010908 0.460271 0.254188 0.243797434473 0.496377 0.540664 0.596255 0.668094 0.764501 0.900645 1.10742 1.45893 2.18874 4.61788
1.3962634016 0.452165 0.2484 0.238131810427 0.488393 0.53283 0.588607 0.660687 0.757417 0.894016 1.10148 1.45416 2.1864 4.62364
1.41371669412 0.444096 0.242798 0.232658802423 0.480425 0.524984 0.580915 0.653193 0.750188 0.887161 1.09519 1.44884 2.18308 4.62696
1.43116998664 0.436065 0.237376 0.227373620899 0.472472 0.517127 0.573179 0.645613 0.742816 0.880082 1.08856 1.44295 2.17876 4.62784
1.44862327916 0.428073 0.23213 0.222271274626 0.464538 0.509263 0.565402 0.637948 0.735301 0.872778 1.08157 1.43651 2.17344 4.62626
1.46607657168 0.420122 0.227056 0.217346595918 0.456623 0.501391 0.557585 0.6302 0.727646 0.865253 1.07424 1.42952 2.16714 4.62225
1.4835298642 0.412213 0.222148 0.212594165007 0.448728 0.493514 0.549728 0.62237 0.719851 0.857507 1.06657 1.42197 2.15984 4.61579
1.50098315672 0.404349 0.217402 0.208008461292 0.440856 0.485633 0.541835 0.614461 0.71192 0.849544 1.05856 1.41387 2.15156 4.6069
1.51843644924 0.396529 0.212811 0.203583737297 0.433008 0.477749 0.533907 0.606474 0.703853 0.841365 1.05021 1.40522 2.1423 4.59559
1.53588974176 0.388756 0.20837 0.19931422034 0.425185 0.469865 0.525945 0.598411 0.695654 0.832972 1.04152 1.39603 2.13206 4.58188
1.55334303427 0.381031 0.204075 0.195193936071 0.41739 0.461982 0.517951 0.590274 0.687325 0.82437 1.0325 1.38631 2.12086 4.56577
1.57079632679 0.373356 0.199918 0.191216859724 0.409622 0.454101 0.509928 0.582066 0.678868 0.81556 1.02315 1.37605 2.10871 4.54728
1.58824961931 0.365731 0.195895 0.187376865702 0.401885 0.446225 0.501877 0.573789 0.670285 0.806547 1.01349 1.36526 2.0956 4.52645
1.60570291183 0.358158 0.192 0.183667828404 0.394179 0.438355 0.4938 0.565444 0.661581 0.797333 1.0035 1.35396 2.08156 4.50328
1.62315620435 0.350639 0.188226 0.180083496193 0.386505 0.430492 0.4857 0.557036 0.652758 0.787924 0.993197 1.34214 2.06659 4.47781
1.64060949687 0.343174 0.184569 0.176617667844 0.378867 0.42264 0.477578 0.548565 0.643819 0.778323 0.982589 1.32982 2.0507 4.45007
1.65806278939 0.335766 0.181022 0.173264116927 0.371264 0.414798 0.469437 0.540036 0.634768 0.768534 0.971678 1.317 2.03392 4.42009
1.67551608191 0.328414 0.177579 0.170016591801 0.363699 0.406971 0.461279 0.531451 0.625609 0.758563 0.960472 1.30369 2.01625 4.38789
1.69296937443 0.321121 0.174234 0.16686894166 0.356172 0.399158 0.453106 0.522812 0.616344 0.748413 0.948977 1.28991 1.99771 4.35352
1.71042266695 0.313887 0.170983 0.163815015697 0.348686 0.391362 0.444921 0.514123 0.606978 0.738091 0.9372 1.27566 1.97832 4.31702
1.72787595947 0.306714 0.167818 0.160848713522 0.341243 0.383586 0.436726 0.505387 0.597516 0.7276 0.925148 1.26095 1.95809 4.27842
1.74532925199 0.299603 0.164734 0.157964035578 0.333842 0.37583 0.428524 0.496608 0.58796 0.716948 0.912829 1.24579 1.93705 4.23776
1.76278254451 0.292554 0.161727 0.155155057931 0.326487 0.368097 0.420317 0.487787 0.578316 0.706139 0.90025 1.2302 1.91521 4.1951
1.78023583703 0.28557 0.158789 0.15241598269 0.319178 0.36039 0.412108 0.47893 0.568587 0.695179 0.887419 1.21419 1.89258 4.15047
1.79768912955 0.278652 0.155917 0.149741112796 0.311917 0.352709 0.4039 0.470039 0.558779 0.684075 0.874346 1.19777 1.8692 4.10393
1.81514242207 0.271799 0.153104 0.147124877233 0.304706 0.345057 0.395694 0.461117 0.548896 0.672833 0.861039 1.18095 1.84509 4.05553
1.83259571459 0.265014 0.150346 0.144561906647 0.297545 0.337436 0.387495 0.452169 0.538943 0.66146 0.847506 1.16374 1.82026 4.00532
1.85004900711 0.258297 0.147637 0.142046882104 0.290438 0.329848 0.379304 0.443198 0.528924 0.649961 0.833758 1.14617 1.79474 3.95335
1.86750229963 0.25165 0.144973 0.139574761959 0.283384 0.322296 0.371124 0.434208 0.518845 0.638344 0.819804 1.12824 1.76856 3.89968
1.88495559215 0.245073 0.14235 0.137140630608 0.276386 0.31478 0.362959 0.425202 0.508711 0.626616 0.805653 1.10997 1.74173 3.84437
1.90240888467 0.238567 0.139761 0.134739774114 0.269444 0.307304 0.354811 0.416186 0.498528 0.614784 0.791317 1.09137 1.71429 3.78748
1.91986217719 0.232134 0.137205 0.132367654995 0.262562 0.299869 0.346683 0.407161 0.4883 0.602855 0.776804 1.07247 1.68626 3.72907
1.93731546971 0.225774 0.134675 0.130019987853 0.255739 0.292478 0.338578 0.398133 0.478033 0.590837 0.762125 1.05327 1.65766 3.66919
1.95476876223 0.219488 0.132169 0.127692663749 0.248977 0.285133 0.3305 0.389106 0.467732 0.578737 0.747292 1.03378 1.62852 3.60793
1.97222205475 0.213278 0.129682 0.125381800615 0.242279 0.277835 0.32245 0.380084 0.457404 0.566563 0.732315 1.01404 1.59888 3.54533
1.98967534727 0.207143 0.127212 0.123083768467 0.235645 0.270588 0.314432 0.37107 0.447053 0.554324 0.717206 0.99405 1.56876 3.48147
2.00712863979 0.201086 0.124755 0.120795164195 0.229077 0.263393 0.30645 0.36207 0.436686 0.542026 0.701974 0.973831 1.53818 3.41641
2.02458193231 0.195106 0.122308 0.118512811563 0.222576 0.256252 0.298505 0.353086 0.426308 0.529678 0.686633 0.953401 1.50718 3.35023
2.04203522483 0.189205 0.119868 0.116233786417 0.216143 0.249168 0.290602 0.344125 0.415925 0.517288 0.671193 0.932775 1.47579 3.283
2.05948851735 0.183384 0.117432 0.113955441892 0.209781 0.242142 0.282744 0.335189 0.405544 0.504864 0.655667 0.911973 1.44403 3.21477
2.07694180987 0.177642 0.114999 0.111675358 0.20349 0.235177 0.274932 0.326284 0.395169 0.492415 0.640066 0.891012 1.41194 3.14564
2.09439510239 0.171982 0.112566 0.109391316417 0.197273 0.228276 0.267172 0.317413 0.384808 0.479948 0.624401 0.869911 1.37955 3.07566
2.11184839491 0.166403 0.110131 0.107101451734 0.191129 0.22144 0.259465 0.308581 0.374467 0.467473 0.608686 0.848686 1.34689 3.00492
2.12930168743 0.160908 0.107694 0.104804100208 0.185062 0.214671 0.251816 0.299793 0.36415 0.454999 0.592933 0.827358 1.31398 2.93348
2.14675497995 0.155495 0.105251 0.102497875388 0.179072 0.207971 0.244226 0.291053 0.353865 0.442532 0.577152 0.805944 1.28087 2.86143
2.16420827247 0.150167 0.102803 0.100181592486 0.17316 0.201344 0.2367 0.282365 0.343618 0.430083 0.561358 0.784462 1.24758 2.78883
2.18166156499 0.144923 0.100349 0.0978543692142 0.167328 0.19479 0.22924 0.273734 0.333415 0.417659 0.545562 0.762932 1.21414 2.71576
2.19911485751 0.139765 0.0978872 0.095515600576 0.161577 0.188312 0.221849 0.265164 0.323262 0.40527 0.529777 0.741373 1.18059 2.64231
2.21656815003 0.134692 0.0954178 0.0931648580312 0.155908 0.181912 0.214532 0.25666 0.313165 0.392924 0.514014 0.719802 1.14696 2.56854
2.23402144255 0.129707 0.0929408 0.0908019903305 0.150324 0.175593 0.20729 0.248226 0.303131 0.38063 0.498287 0.69824 1.11329 2.49453
2.25147473507 0.124809 0.090456 0.0884270983068 0.144825 0.169356 0.200127 0.239866 0.293165 0.368396 0.482609 0.676705 1.07959 2.42036
2.26892802759 0.119999 0.0879639 0.0860405348752 0.139412 0.163204 0.193046 0.231585 0.283274 0.356232 0.466991 0.655215 1.04591 2.34611
2.28638132011 0.115277 0.0854649 0.0836428294084 0.134086 0.157138 0.18605 0.223388 0.273465 0.344145 0.451445 0.633791 1.01228 2.27185
2.30383461263 0.110645 0.0829597 0.0812347381532 0.12885 0.15116 0.179143 0.215279 0.263742 0.332145 0.435986 0.61245 0.978729 2.19766
2.32128790515 0.106103 0.0804492 0.078817319855 0.123704 0.145274 0.172327 0.207261 0.254113 0.320239 0.420623 0.591211 0.94529 2.12361
2.33874119767 0.101651 0.0779346 0.0763917340922 0.118649 0.139479 0.165605 0.19934 0.244583 0.308437 0.405371 0.570094 0.911995 2.04978
2.35619449019 0.0972893 0.0754173 0.0739594177334 0.113687 0.13378 0.15898 0.19152 0.235159 0.296748 0.390242 0.549116 0.878877 1.97626
2.37364778271 0.0930194 0.0728986 0.0715219588968 0.108818 0.128177 0.152455 0.183805 0.225846 0.285179 0.375246 0.528297 0.845966 1.9031
2.39110107523 0.0888414 0.0703803 0.0690811473664 0.104044 0.122672 0.146034 0.176199 0.21665 0.273738 0.360397 0.507654 0.813294 1.83039
2.40855436775 0.0847557 0.0678643 0.066638974592 0.0993662 0.117268 0.139719 0.168706 0.207578 0.262435 0.345707 0.487206 0.780893 1.75821
2.42600766027 0.0807628 0.0653526 0.064197532856 0.0947855 0.111967 0.133512 0.161331 0.198634 0.251278 0.331187 0.466971 0.748793 1.68662
2.44346095279 0.0768631 0.0628474 0.0617591665233 0.0903028 0.106769 0.127418 0.154077 0.189826 0.240274 0.31685 0.446967 0.717025 1.6157
2.46091424531 0.0730571 0.0603509 0.0593262703754 0.0859193 0.101678 0.121438 0.146949 0.181158 0.229432 0.302706 0.427211 0.685619 1.54552
2.47836753783 0.0693452 0.0578656 0.0569014408592 0.081636 0.0966939 0.115575 0.139951 0.172636 0.218759 0.288767 0.407721 0.654605 1.47615
2.49582083035 0.0657278 0.0553941 0.0544873500467 0.077454 0.0918195 0.109832 0.133086 0.164265 0.208263 0.275044 0.388514 0.624013 1.40767
2.51327412287 0.0622053 0.0529391 0.052086846467 0.0733741 0.0870564 0.104212 0.126358 0.156052 0.197953 0.26155 0.369607 0.593871 1.34013
2.53072741539 0.0587779 0.0505034 0.0497028038579 0.0693974 0.0824062 0.0987163 0.119772 0.148001 0.187835 0.248293 0.351017 0.564208 1.27362
2.54818070791 0.0554461 0.0480897 0.0473382472061 0.0655247 0.0778705 0.0933487 0.11333 0.140118 0.177917 0.235286 0.33276 0.535052 1.20819
2.56563400043 0.0522101 0.0457011 0.0449962519152 0.0617569 0.0734508 0.0881113 0.107036 0.132408 0.168207 0.222539 0.314852 0.506431 1.14392
2.58308729295 0.0490703 0.0433406 0.0426799942213 0.0580949 0.0691488 0.0830064 0.100894 0.124875 0.15871 0.210062 0.297308 0.478371 1.08086
2.60054058547 0.0460269 0.0410113 0.0403926251525 0.0545396 0.064966 0.0780365 0.0949074 0.117525 0.149436 0.197865 0.280145 0.4509 1.01908
2.61799387799 0.0430802 0.0387163 0.0381374217779 0.0510917 0.0609037 0.0732036 0.0890794 0.110362 0.140389 0.185958 0.263377 0.424043 0.958649
2.63544717051 0.0402304 0.0364587 0.0359176863751 0.0477519 0.0569635 0.0685102 0.0834133 0.103391 0.131577 0.174351 0.24702 0.397825 0.899617
2.65290046303 0.0374778 0.0342417 0.0337366708048 0.0445211 0.0531467 0.0639584 0.0779122 0.0966171 0.123006 0.163052 0.231086 0.37227 0.842046
2.67035375555 0.0348226 0.0320686 0.0315977025527 0.0413999 0.0494545 0.0595501 0.0725793 0.090044 0.114683 0.152072 0.215591 0.347404 0.785993
2.68780704807 0.0322649 0.0299424 0.0295040334797 0.038389 0.0458883 0.0552874 0.0674173 0.0836761 0.106613 0.141419 0.200547 0.323248 0.731513
2.70526034059 0.0298048 0.0278664 0.0274589910716 0.035489 0.0424492 0.0511723 0.0624293 0.0775176 0.0988024 0.131101 0.185968 0.299825 0.67866
2.72271363311 0.0274426 0.0258437 0.0254658019809 0.0327005 0.0391384 0.0472065 0.0576179 0.0715723 0.0912568 0.121126 0.171866 0.277157 0.627486
2.74016692563 0.0251783 0.0238774 0.0235276676521 0.0300241 0.035957 0.0433919 0.0529858 0.065844 0.0839817 0.111503 0.158254 0.255264 0.57804
2.75762021815 0.0230121 0.0219705 0.0216477391134 0.0274602 0.0329059 0.0397301 0.0485355 0.0603364 0.0769822 0.102239 0.145142 0.234167 0.530371
2.77507351067 0.0209439 0.0201262 0.0198290917681 0.0250094 0.0299863 0.0362227 0.0442693 0.0550529 0.0702632 0.0933414 0.132543 0.213885 0.484524
2.79252680319 0.018974 0.0183473 0.0180747253948 0.022672 0.027199 0.0328712 0.0401896 0.0499969 0.0638296 0.084817 0.120466 0.194436 0.440544
2.80998009571 0.0171021 0.0166367 0.0163875641477 0.0204485 0.0245448 0.0296771 0.0362985 0.0451714 0.0576858 0.0766724 0.108922 0.175838 0.398472
2.82743338823 0.0153285 0.0149971 0.0147704313478 0.0183393 0.0220245 0.0266416 0.032598 0.0405794 0.0518361 0.0689139 0.0979209 0.158107 0.358347
2.84488668075 0.013653 0.0134313 0.0132260494833 0.0163446 0.0196389 0.023766 0.02909 0.0362237 0.0462844 0.0615473 0.087471 0.141258 0.320208
2.86233997327 0.0120755 0.0119417 0.0117569897932 0.0144647 0.0173886 0.0210514 0.0257763 0.0321069 0.0410346 0.0545782 0.077581 0.125307 0.28409
2.87979326579 0.0105961 0.0105309 0.0103656974751 0.0126998 0.0152741 0.0184989 0.0226584 0.0282312 0.03609 0.0480116 0.068259 0.110267 0.250025
2.89724655831 0.00921454 0.00920103 0.00905454210231 0.01105 0.013296 0.0161093 0.0197378 0.024599 0.0314539 0.0418522 0.0595121 0.096151 0.218044
2.91469985083 0.00793074 0.00795441 0.00782566637374 0.00951556 0.0114547 0.0138834 0.0170158 0.0212121 0.0271291 0.0361045 0.0513471 0.0829703 0.188175
2.93215314335 0.0067445 0.006793 0.00668108694738 0.00809646 0.00975056 0.0118221 0.0144937 0.0180724 0.0231184 0.0307722 0.0437701 0.0707357 0.160444
2.94960643587 0.00565562 0.00571868 0.0056226440236 0.00679271 0.0081838 0.00992584 0.0121723 0.0151814 0.019424 0.025859 0.0367866 0.0594567 0.134873
2.96705972839 0.00466386 0.00473315 0.00465202655344 0.00560427 0.00675465 0.00819512 0.0100526 0.0125405 0.016048 0.0213678 0.0304014 0.0491416 0.111484
2.98451302091 0.00376894 0.00383794 0.00377072182213 0.00453103 0.00546318 0.0066303 0.00813516 0.0101507 0.012992 0.0173013 0.0246186 0.039798 0.0902937
3.00196631343 0.00297053 0.0030344 0.00298001544911 0.0035728 0.00430941 0.00523161 0.00642058 0.00801289 0.0102575 0.0136616 0.0194417 0.0314318 0.0713172
3.01941960595 0.00226825 0.00232368 0.00228101659626 0.00272935 0.00329323 0.00399913 0.00490914 0.00612777 0.00784555 0.0104505 0.0148734 0.0240479 0.0545669
3.03687289847 0.00166169 0.00170675 0.00167460755143 0.00200035 0.00241446 0.00293281 0.00360099 0.00449569 0.00575677 0.00766903 0.0109157 0.0176502 0.0400518
3.05432619099 0.00115037 0.00118434 0.00116141852023 0.00138541 0.00167278 0.00203245 0.00249603 0.00311673 0.00399153 0.00531798 0.00756995 0.0122409 0.0277781
3.07177948351 0.000733738 0.000756995 0.000741928458908 0.000884032 0.00106776 0.00129768 0.001594 0.0019907 0.00254977 0.00339742 0.00483644 0.00782109 0.0177488
3.08923277603 0.000411181 0.000425 0.000416263408601 0.000495616 0.000598819 0.000727952 0.000894356 0.00111711 0.00143101 0.00190689 0.00271474 0.00439021 0.00996308
3.10668606855 0.000181975 0.000188395 0.00018439816108 0.00021944 0.000265224 0.000322503 0.000396304 0.000495085 0.000634269 0.000845262 0.00120341 0.00194618 0.00441664
3.12413936107 4.52679e-05 4.69312e-05 4.59041765314e-05 5.46136e-05 6.60323e-05 8.03152e-05 9.87148e-05 0.000123339 0.00015803 0.000210615 0.000299866 0.000484955 0.00110054
3.14159265359 0.0 0.0 0.0 0.0 0.0 0.0 0.0 0.0 0.0 0.0 0.0 0.0 0.0
