alpha phi_iso phi_ray phi_vec g0=0.1 g0=0.2 g0=0.3 g0=0.4 g0=0.5 g0=0.6 g0=0.7 g0=0.8 g0=0.9 g0=1.0
0.0 1.0 1.0 1.0 1.0 1.0 1.0 1.0 1.0 1.0 1.0 1.0 1.0 1.0
0.0174532925199 0.999657 0.99951 0.999505532981 0.999673 0.999692 0.999716 0.999747 0.999788 0.999844 0.999927 1.00006 1.00032 1.00101
0.0349065850399 0.998698 0.998117 0.998095192235 0.998761 0.998838 0.998934 0.999056 0.999216 0.999438 0.999765 1.0003 1.00132 1.00406
0.0523598775598 0.997228 0.99593 0.995878088539 0.997369 0.99754 0.997752 0.998022 0.998378 0.998871 0.999597 1.00078 1.00304 1.00915
0.0698131700798 0.99533 0.99304 0.992940842642 0.995576 0.995876 0.996248 0.996721 0.997347 0.998211 0.999488 1.00156 1.00554 1.01628
0.0872664625997 0.993055 0.989505 0.98934109101 0.993435 0.993897 0.994471 0.995202 0.996167 0.997503 0.999475 1.00268 1.00883 1.02543
0.10471975512 0.990437 0.985363 0.985117208757 0.990978 0.991635 0.992451 0.993492 0.994867 0.99677 0.99958 1.00415 1.01292 1.03658
0.12217304764 0.987499 0.980644 0.980298327758 0.988227 0.989112 0.99021 0.991612 0.993464 0.996029 0.999817 1.00598 1.01781 1.04971
0.13962634016 0.98426 0.975374 0.974910019124 0.9852 0.986344 0.987764 0.989577 0.991974 0.995292 1.00019 1.00818 1.02348 1.06478
0.157079632679 0.980735 0.969576 0.968976470244 0.981914 0.983347 0.985127 0.987401 0.990407 0.99457 1.00072 1.01074 1.02994 1.08178
0.174532925199 0.976942 0.963273 0.962521112078 0.978383 0.980135 0.982314 0.985095 0.988774 0.99387 1.0014 1.01366 1.03718 1.10065
0.191986217719 0.972893 0.956488 0.955566840545 0.974621 0.976722 0.979335 0.982672 0.987085 0.993199 1.00223 1.01695 1.04518 1.12136
0.209439510239 0.968603 0.949244 0.948136016529 0.97064 0.973119 0.976201 0.980138 0.985347 0.992563 1.00323 1.0206 1.05392 1.14387
0.226892802759 0.964082 0.94156 0.940250502774 0.966452 0.969336 0.972922 0.977504 0.983566 0.991965 1.00438 1.0246 1.0634 1.16812
0.244346095279 0.959344 0.933459 0.931931756135 0.962068 0.965383 0.969507 0.974776 0.981748 0.991409 1.00569 1.02896 1.07359 1.19407
0.261799387799 0.954398 0.92496 0.923200882923 0.957497 0.96127 0.965963 0.971961 0.979898 0.990897 1.00716 1.03365 1.08447 1.22167
0.279252680319 0.949254 0.916084 0.914078602009 0.952749 0.957004 0.962298 0.969065 0.97802 0.99043 1.00878 1.03867 1.09603 1.25086
0.296705972839 0.943921 0.906851 0.904585410871 0.947832 0.952594 0.958519 0.966092 0.976116 0.990009 1.01055 1.04402 1.10824 1.28159
0.314159265359 0.938409 0.89728 0.894741530239 0.942754 0.948046 0.95463 0.963048 0.974189 0.989631 1.01247 1.04967 1.12106 1.31379
0.331612557879 0.932724 0.88739 0.884566959452 0.937523 0.943366 0.950638 0.959934 0.97224 0.989298 1.01452 1.05563 1.13449 1.34741
0.349065850399 0.926876 0.8772 0.874081476453 0.932145 0.938561 0.946546 0.956756 0.970271 0.989006 1.01671 1.06186 1.14849 1.38238
0.366519142919 0.920872 0.86673 0.863304693138 0.926627 0.933636 0.94236 0.953515 0.968282 0.988754 1.01903 1.06837 1.16304 1.41864
0.383972435439 0.914718 0.855997 0.852256000009 0.920975 0.928596 0.938083 0.950213 0.966273 0.988539 1.02147 1.07513 1.17811 1.45612
0.401425727959 0.908421 0.84502 0.840954603072 0.915195 0.923447 0.933718 0.946854 0.964244 0.988356 1.02402 1.08213 1.19366 1.49476
0.418879020479 0.901988 0.833817 0.829419486938 0.909293 0.918192 0.92927 0.943437 0.962195 0.988204 1.02667 1.08936 1.20967 1.53449
0.436332312999 0.895424 0.822406 0.817669451722 0.903273 0.912836 0.92474 0.939965 0.960124 0.988077 1.02942 1.0968 1.22611 1.57523
0.453785605519 0.888736 0.810804 0.805723057696 0.897142 0.907382 0.920132 0.936439 0.958031 0.987971 1.03226 1.10443 1.24295 1.61693
0.471238898038 0.881929 0.79903 0.793598662185 0.890902 0.901836 0.915448 0.932858 0.955913 0.987882 1.03517 1.11224 1.26015 1.65951
0.488692190558 0.875009 0.7871 0.781314382669 0.884561 0.896199 0.910689 0.929224 0.953768 0.987804 1.03815 1.12021 1.27769 1.70289
0.506145483078 0.86798 0.775031 0.768888022989 0.87812 0.890475 0.905859 0.925537 0.951596 0.987733 1.04119 1.12832 1.29553 1.74701
0.523598775598 0.860849 0.76284 0.756337202486 0.871585 0.884668 0.900958 0.921796 0.949392 0.987662 1.04427 1.13655 1.31364 1.79179
0.541052068118 0.853619 0.750543 0.74367920841 0.86496 0.87878 0.895988 0.918002 0.947156 0.987587 1.0474 1.14488 1.33198 1.83717
0.558505360638 0.846295 0.738157 0.73093099592 0.858248 0.872813 0.890951 0.914154 0.944883 0.987501 1.05054 1.15331 1.35053 1.88306
0.575958653158 0.838882 0.725697 0.718109280329 0.851453 0.866771 0.885847 0.910252 0.942573 0.987398 1.05371 1.1618 1.36925 1.9294
0.593411945678 0.831385 0.713178 0.705230371061 0.844578 0.860656 0.880679 0.906295 0.940221 0.987273 1.05688 1.17034 1.38811 1.97612
0.610865238198 0.823807 0.700616 0.692310300794 0.837627 0.854471 0.875446 0.902282 0.937824 0.987119 1.06004 1.17892 1.40707 2.02313
0.628318530718 0.816153 0.688026 0.679364659418 0.830604 0.848216 0.87015 0.898212 0.93538 0.98693 1.06319 1.18751 1.42611 2.07038
0.645771823238 0.808426 0.675422 0.66640870473 0.82351 0.841895 0.864791 0.894086 0.932885 0.9867 1.06631 1.19609 1.44518 2.11778
0.663225115758 0.800631 0.662818 0.653457307087 0.81635 0.835509 0.859371 0.8899 0.930337 0.986422 1.0694 1.20466 1.46426 2.16527
0.680678408278 0.792771 0.650227 0.640524912505 0.809126 0.829061 0.853889 0.885655 0.927731 0.98609 1.07243 1.21318 1.48332 2.21277
0.698131700798 0.78485 0.637663 0.62762554266 0.801842 0.822552 0.848346 0.881349 0.925064 0.985698 1.0754 1.22164 1.50231 2.26021
0.715584993318 0.776872 0.62514 0.614772776437 0.794498 0.815983 0.842743 0.876982 0.922333 0.985238 1.07831 1.23002 1.52122 2.30753
0.733038285838 0.76884 0.612668 0.601979805281 0.7871 0.809357 0.837079 0.872551 0.919535 0.984706 1.08113 1.23831 1.54 2.35465
0.750491578358 0.760757 0.600261 0.589259267152 0.779648 0.802675 0.831356 0.868055 0.916666 0.984094 1.08385 1.24648 1.55862 2.40151
0.767944870878 0.752627 0.587929 0.576623412564 0.772146 0.795939 0.825574 0.863494 0.913723 0.983396 1.08648 1.25452 1.57707 2.44803
0.785398163397 0.744452 0.575685 0.564083956998 0.764595 0.789149 0.819732 0.858866 0.910703 0.982606 1.08899 1.26242 1.59529 2.49416
0.802851455917 0.736237 0.563538 0.551652173143 0.756999 0.782308 0.813832 0.854169 0.907601 0.981718 1.09138 1.27014 1.61327 2.53982
0.820304748437 0.727984 0.551499 0.53933879865 0.74936 0.775416 0.807872 0.849403 0.904415 0.980725 1.09363 1.27769 1.63097 2.58496
0.837758040957 0.719696 0.539577 0.527154109933 0.741679 0.768476 0.801854 0.844565 0.901142 0.979622 1.09574 1.28503 1.64837 2.6295
0.855211333477 0.711377 0.527782 0.515107811466 0.733959 0.761488 0.795777 0.839655 0.897778 0.978403 1.09769 1.29216 1.66543 2.67339
0.872664625997 0.703028 0.516123 0.503209146487 0.726202 0.754453 0.789642 0.834671 0.89432 0.977061 1.09948 1.29906 1.68213 2.71657
0.890117918517 0.694653 0.504608 0.491466804743 0.718411 0.747373 0.783449 0.829613 0.890765 0.975592 1.1011 1.30571 1.69845 2.75897
0.907571211037 0.686254 0.493244 0.479888977847 0.710587 0.740249 0.777198 0.824479 0.88711 0.97399 1.10254 1.3121 1.71434 2.80054
0.925024503557 0.677835 0.482039 0.46848332237 0.702732 0.733083 0.770889 0.819267 0.883353 0.97225 1.10378 1.31821 1.7298 2.84122
0.942477796077 0.669398 0.471 0.457256959848 0.694848 0.725874 0.764522 0.813977 0.879489 0.970365 1.10483 1.32403 1.74478 2.88096
0.959931088597 0.660945 0.460132 0.446216495229 0.686938 0.718625 0.758097 0.808607 0.875517 0.968332 1.10566 1.32954 1.75927 2.9197
0.977384381117 0.652478 0.449443 0.435367979972 0.679002 0.711337 0.751615 0.803157 0.871434 0.966145 1.10628 1.33474 1.77325 2.95739
0.994837673637 0.644002 0.438937 0.424716967399 0.671044 0.704011 0.745076 0.797625 0.867237 0.9638 1.10668 1.3396 1.78669 2.99399
1.01229096616 0.635517 0.428619 0.414268457345 0.663064 0.696647 0.73848 0.792011 0.862924 0.961292 1.10684 1.34412 1.79956 3.02943
1.02974425868 0.627026 0.418494 0.404026969956 0.655065 0.689247 0.731827 0.786314 0.858492 0.958617 1.10676 1.34828 1.81185 3.06368
1.0471975512 0.618532 0.408564 0.393996471888 0.647049 0.681813 0.725117 0.780532 0.85394 0.95577 1.10644 1.35207 1.82354 3.09669
1.06465084372 0.610036 0.398835 0.384180431663 0.639016 0.674345 0.718352 0.774666 0.849266 0.952748 1.10586 1.35548 1.8346 3.12841
1.08210413624 0.601542 0.389308 0.374581819661 0.630969 0.666844 0.711531 0.768715 0.844467 0.949548 1.10502 1.35849 1.84502 3.15881
1.09955742876 0.593051 0.379986 0.365203071227 0.62291 0.659311 0.704654 0.762678 0.839541 0.946164 1.10392 1.36111 1.85478 3.18784
1.11701072128 0.584565 0.370872 0.356046197363 0.614841 0.651748 0.697723 0.756554 0.834488 0.942595 1.10255 1.36332 1.86385 3.21548
1.1344640138 0.576087 0.361966 0.347112655586 0.606762 0.644156 0.690737 0.750344 0.829305 0.938837 1.1009 1.3651 1.87223 3.24167
1.15191730632 0.567619 0.353269 0.338403479073 0.598676 0.636536 0.683697 0.744047 0.823991 0.934887 1.09897 1.36646 1.87991 3.26638
1.16937059884 0.559162 0.344784 0.32991922131 0.590584 0.628889 0.676604 0.737662 0.818545 0.930743 1.09675 1.36738 1.88685 3.2896
1.18682389136 0.550719 0.336509 0.321659956096 0.582488 0.621217 0.669458 0.731191 0.812967 0.926403 1.09424 1.36786 1.89306 3.31127
1.20427718388 0.542291 0.328445 0.313625388237 0.57439 0.613519 0.662261 0.724632 0.807254 0.921863 1.09144 1.36788 1.89851 3.33138
1.2217304764 0.533881 0.32059 0.305814705952 0.56629 0.605799 0.655012 0.717986 0.801407 0.917123 1.08833 1.36745 1.9032 3.34991
1.23918376892 0.525491 0.312945 0.298226765368 0.558192 0.598056 0.647712 0.711253 0.795424 0.912181 1.08493 1.36656 1.90712 3.36681
1.25663706144 0.517121 0.305508 0.290859961372 0.550096 0.590293 0.640363 0.704434 0.789306 0.907035 1.08122 1.36519 1.91025 3.38209
1.27409035396 0.508776 0.298277 0.283712338309 0.542004 0.58251 0.632965 0.697528 0.783051 0.901684 1.07721 1.36335 1.91259 3.3957
1.29154364648 0.500455 0.29125 0.276781553083 0.533918 0.574709 0.62552 0.690536 0.776661 0.896127 1.07288 1.36104 1.91412 3.40764
1.308996939 0.492161 0.284425 0.270064893607 0.525838 0.566891 0.618027 0.68346 0.770135 0.890364 1.06825 1.35824 1.91485 3.41789
1.32645023152 0.483895 0.2778 0.263559334151 0.517768 0.559058 0.610489 0.676299 0.763473 0.884394 1.0633 1.35496 1.91477 3.42644
1.34390352404 0.47566 0.27137 0.257261498443 0.509707 0.551211 0.602906 0.669054 0.756676 0.878217 1.05804 1.35119 1.91387 3.43327
1.36135681656 0.467456 0.265133 0.251167751917 0.501659 0.54335 0.59528 0.661727 0.749744 0.871833 1.05247 1.34694 1.91214 3.43837
1.37881010908 0.459287 0.259086 0.245274091015 0.493623 0.535479 0.587611 0.654318 0.742679 0.865243 1.04658 1.34219 1.90959 3.44174
1.3962634016 0.451152 0.253224 0.239576309235 0.485603 0.527597 0.579902 0.646829 0.73548 0.858447 1.04038 1.33696 1.90621 3.44337
1.41371669412 0.443055 0.247544 0.23406990488 0.477599 0.519707 0.572153 0.63926 0.72815 0.851445 1.03386 1.33124 1.90201 3.44326
1.43116998664 0.434996 0.242041 0.228750154861 0.469613 0.51181 0.564366 0.631614 0.720688 0.84424 1.02703 1.32502 1.89697 3.4414
1.44862327916 0.426976 0.236711 0.223612114691 0.461647 0.503907 0.556543 0.623891 0.713098 0.836833 1.0199 1.31832 1.89111 3.43779
1.46607657168 0.418999 0.231549 0.21865061849 0.453702 0.496001 0.548684 0.616093 0.70538 0.829224 1.01245 1.31113 1.88442 3.43244
1.4835298642 0.411064 0.22655 0.21386035278 0.445779 0.488092 0.540793 0.608222 0.697536 0.821416 1.00469 1.30346 1.87691 3.42536
1.50098315672 0.403174 0.22171 0.209235801139 0.437881 0.480183 0.532869 0.60028 0.689568 0.813412 0.996634 1.29531 1.86858 3.41654
1.51843644924 0.39533 0.217023 0.204771336447 0.430008 0.472275 0.524916 0.592268 0.681478 0.805212 0.988271 1.28668 1.85943 3.40599
1.53588974176 0.387534 0.212484 0.200461165539 0.422162 0.464369 0.516934 0.584189 0.673268 0.796821 0.97961 1.27758 1.84948 3.39374
1.55334303427 0.379786 0.208087 0.196299421449 0.414345 0.456467 0.508926 0.576044 0.664941 0.78824 0.970653 1.26801 1.83872 3.37978
1.57079632679 0.372089 0.203828 0.192280144966 0.406559 0.448571 0.500893 0.567835 0.656499 0.779474 0.961404 1.25797 1.82717 3.36413
1.58824961931 0.364442 0.1997 0.18839724773 0.398804 0.440683 0.492838 0.559566 0.647945 0.770524 0.951867 1.24747 1.81483 3.3468
1.60570291183 0.356849 0.195698 0.184644659831 0.391082 0.432804 0.484762 0.551238 0.639282 0.761395 0.942047 1.23652 1.80171 3.32783
1.62315620435 0.349311 0.191817 0.181016219112 0.383395 0.424936 0.476669 0.542854 0.630513 0.75209 0.931949 1.22513 1.78783 3.30722
1.64060949687 0.341827 0.18805 0.177505763416 0.375745 0.417081 0.468559 0.534417 0.621641 0.742614 0.921577 1.2133 1.77319 3.28499
1.65806278939 0.334401 0.184393 0.174107149034 0.368132 0.409241 0.460434 0.525928 0.612669 0.73297 0.910938 1.20103 1.7578 3.26117
1.67551608191 0.327032 0.180838 0.17081421381 0.360559 0.401417 0.452299 0.517392 0.603601 0.723164 0.900037 1.18835 1.74169 3.23579
1.69296937443 0.319723 0.177382 0.167620832483 0.353027 0.393612 0.444153 0.50881 0.59444 0.713199 0.888881 1.17525 1.72485 3.20886
1.71042266695 0.312475 0.174018 0.164520916697 0.345537 0.385828 0.436 0.500186 0.585191 0.70308 0.877475 1.16174 1.70731 3.18042
1.72787595947 0.305288 0.170741 0.161508470338 0.338091 0.378065 0.427843 0.491522 0.575856 0.692813 0.865827 1.14784 1.68908 3.1505
1.74532925199 0.298163 0.167545 0.158577552644 0.33069 0.370327 0.419683 0.482823 0.56644 0.682402 0.853943 1.13355 1.67018 3.11912
1.76278254451 0.291103 0.164424 0.15572233355 0.323336 0.362615 0.411524 0.47409 0.556947 0.671853 0.841831 1.11889 1.65062 3.08633
1.78023583703 0.284108 0.161374 0.15293703834 0.316031 0.35493 0.403367 0.465327 0.547381 0.661172 0.829498 1.10386 1.63041 3.05215
1.79768912955 0.27718 0.15839 0.150216058343 0.308776 0.347276 0.395215 0.456538 0.537747 0.650364 0.816953 1.08848 1.60959 3.01662
1.81514242207 0.270318 0.155466 0.147553932485 0.301572 0.339654 0.387071 0.447726 0.528049 0.639436 0.804202 1.07276 1.58816 2.97977
1.83259571459 0.263525 0.152596 0.144945273491 0.294421 0.332066 0.378938 0.438895 0.518291 0.628393 0.791256 1.05671 1.56615 2.94166
1.85004900711 0.256802 0.149778 0.14238495238 0.287324 0.324514 0.370818 0.430047 0.508479 0.617241 0.778122 1.04034 1.54357 2.9023
1.86750229963 0.250149 0.147005 0.139867895519 0.280283 0.317 0.362714 0.421187 0.498617 0.605988 0.764809 1.02367 1.52044 2.86175
1.88495559215 0.243567 0.144274 0.137389306018 0.2733 0.309526 0.354629 0.412318 0.488709 0.594639 0.751326 1.0067 1.4968 2.82005
1.90240888467 0.237058 0.14158 0.134944516136 0.266375 0.302094 0.346565 0.403445 0.478762 0.583202 0.737682 0.989462 1.47265 2.77724
1.91986217719 0.230623 0.138918 0.132529097975 0.259511 0.294707 0.338525 0.39457 0.46878 0.571683 0.723888 0.971957 1.44802 2.73337
1.93731546971 0.224262 0.136286 0.130138771234 0.252708 0.287366 0.330512 0.385698 0.458768 0.560089 0.709952 0.954202 1.42293 2.68847
1.95476876223 0.217976 0.133678 0.127769550805 0.245969 0.280073 0.32253 0.376832 0.448731 0.548427 0.695885 0.936212 1.39741 2.6426
1.97222205475 0.211766 0.131093 0.125417599177 0.239294 0.272831 0.314581 0.367977 0.438675 0.536705 0.681696 0.918 1.37147 2.59581
1.98967534727 0.205634 0.128525 0.123079337133 0.232686 0.265642 0.306667 0.359136 0.428606 0.52493 0.667396 0.899583 1.34515 2.54814
2.00712863979 0.19958 0.125973 0.120751443748 0.226145 0.258507 0.298792 0.350313 0.418527 0.513108 0.652995 0.880975 1.31846 2.49964
2.02458193231 0.193604 0.123433 0.118430801046 0.219673 0.251429 0.290959 0.341513 0.408446 0.501249 0.638504 0.862192 1.29144 2.45036
2.04203522483 0.187708 0.120902 0.116114567792 0.213271 0.24441 0.283171 0.33274 0.398367 0.489359 0.623933 0.843249 1.2641 2.40036
2.05948851735 0.181893 0.118379 0.113800087248 0.206941 0.237452 0.27543 0.323997 0.388297 0.477446 0.609293 0.824162 1.23648 2.34968
2.07694180987 0.17616 0.115861 0.111485034767 0.200684 0.230557 0.26774 0.31529 0.37824 0.465517 0.594594 0.804947 1.20859 2.29837
2.09439510239 0.170508 0.113345 0.109167288648 0.194502 0.223727 0.260104 0.306621 0.368203 0.453582 0.579849 0.785619 1.18047 2.24649
2.11184839491 0.164939 0.110831 0.106844967035 0.188395 0.216965 0.252525 0.297995 0.358191 0.441647 0.565067 0.766196 1.15214 2.1941
2.12930168743 0.159454 0.108316 0.104516483264 0.182366 0.210272 0.245005 0.289417 0.348211 0.42972 0.550261 0.746694 1.12362 2.14124
2.14675497995 0.154054 0.105799 0.102180472067 0.176416 0.203651 0.237548 0.28089 0.338267 0.41781 0.53544 0.727129 1.09495 2.08797
2.16420827247 0.148738 0.10328 0.0998358449199 0.170545 0.197103 0.230157 0.27242 0.328365 0.405923 0.520617 0.707518 1.06614 2.03434
2.18166156499 0.143509 0.100757 0.0974817531412 0.164756 0.190631 0.222834 0.264009 0.318512 0.39407 0.505803 0.687877 1.03724 1.98041
2.19911485751 0.138365 0.0982294 0.0951175694458 0.159049 0.184237 0.215584 0.255662 0.308714 0.382257 0.491009 0.668223 1.00825 1.92624
2.21656815003 0.133309 0.0956977 0.0927429617414 0.153425 0.177922 0.208408 0.247384 0.298975 0.370492 0.476247 0.648572 0.979223 1.87187
2.23402144255 0.128341 0.0931612 0.0903578008809 0.147887 0.17169 0.201309 0.239178 0.289302 0.358784 0.461527 0.628943 0.950169 1.81737
2.25147473507 0.123461 0.0906201 0.0879621975619 0.142436 0.165541 0.194292 0.231049 0.279701 0.34714 0.446862 0.609351 0.921121 1.76278
2.26892802759 0.11867 0.0880747 0.0855565207757 0.137071 0.159478 0.187358 0.223001 0.270177 0.33557 0.432262 0.589814 0.892106 1.70817
2.28638132011 0.113969 0.0855255 0.0831413424592 0.131796 0.153502 0.180511 0.215039 0.260737 0.324079 0.417739 0.570347 0.86315 1.6536
2.30383461263 0.109358 0.0829731 0.0807174743936 0.126611 0.147617 0.173754 0.207165 0.251386 0.312678 0.403305 0.550968 0.834281 1.5991
2.32128790515 0.104838 0.0804186 0.0782859128558 0.121516 0.141823 0.167088 0.199385 0.242129 0.301373 0.38897 0.531694 0.805527 1.54475
2.33874119767 0.100409 0.077863 0.0758478939673 0.116514 0.136123 0.160518 0.191703 0.232973 0.290173 0.374746 0.512541 0.776913 1.49059
2.35619449019 0.0960711 0.0753076 0.0734048198957 0.111606 0.130518 0.154047 0.184122 0.223923 0.279085 0.360644 0.493525 0.748467 1.43668
2.37364778271 0.0918259 0.072754 0.0709582957539 0.106791 0.12501 0.147676 0.176646 0.214984 0.268118 0.346675 0.474664 0.720215 1.38307
2.39110107523 0.0876734 0.0702037 0.0685101480495 0.102073 0.119602 0.141408 0.16928 0.206163 0.257278 0.33285 0.455972 0.692184 1.32982
2.40855436775 0.0836141 0.0676585 0.0660622955384 0.0974511 0.114295 0.135247 0.162027 0.197464 0.246574 0.31918 0.437467 0.664401 1.27699
2.42600766027 0.0796484 0.0651205 0.0636168968205 0.092927 0.10909 0.129196 0.154892 0.188894 0.236014 0.305675 0.419165 0.63689 1.22461
2.44346095279 0.0757767 0.0625918 0.0611762211934 0.0885016 0.10399 0.123256 0.147877 0.180456 0.225604 0.292347 0.40108 0.609677 1.17275
2.46091424531 0.0719993 0.0600746 0.0587426671017 0.0841759 0.0989962 0.11743 0.140988 0.172158 0.215352 0.279206 0.38323 0.582789 1.12147
2.47836753783 0.0683168 0.0575714 0.0563188174857 0.0799509 0.0941103 0.111721 0.134227 0.164004 0.205266 0.266262 0.365628 0.55625 1.0708
2.49582083035 0.0647294 0.0550845 0.0539073290838 0.0758275 0.0893339 0.106132 0.127598 0.155998 0.195352 0.253525 0.348291 0.530085 1.02079
2.51327412287 0.0612374 0.0526166 0.0515109693323 0.0718066 0.0846686 0.100665 0.121105 0.148147 0.185618 0.241006 0.331234 0.504318 0.971513
2.53072741539 0.0578412 0.0501705 0.0491326532636 0.067889 0.0801161 0.0953218 0.114751 0.140455 0.17607 0.228714 0.31447 0.478973 0.923
2.54818070791 0.0545411 0.0477489 0.04677531436 0.0640757 0.0756777 0.0901054 0.10854 0.132927 0.166716 0.21666 0.298014 0.454073 0.875302
2.56563400043 0.0513373 0.0453546 0.0444420152506 0.0603675 0.071355 0.085018 0.102475 0.125567 0.157561 0.204851 0.281882 0.429642 0.828467
2.58308729295 0.0482301 0.0429906 0.0421358370143 0.056765 0.0671494 0.0800617 0.0965585 0.118381 0.148614 0.193299 0.266085 0.405702 0.782541
2.60054058547 0.0452198 0.0406599 0.0398599529776 0.0532692 0.0630623 0.0752389 0.090795 0.111372 0.139879 0.182012 0.250639 0.382275 0.737569
2.61799387799 0.0423064 0.0383655 0.0376175364672 0.0498806 0.0590951 0.0705515 0.085187 0.104545 0.131363 0.170998 0.235555 0.359382 0.693596
2.63544717051 0.0394903 0.0361105 0.0354118161585 0.0466 0.055249 0.0660017 0.0797375 0.0979051 0.123073 0.160267 0.220848 0.337045 0.650663
2.65290046303 0.0367716 0.0338979 0.0332460207268 0.0434281 0.0515252 0.0615914 0.0744495 0.0914555 0.115013 0.149827 0.206529 0.315285 0.608812
2.67035375555 0.0341504 0.0317307 0.0311233603979 0.0403654 0.047925 0.0573224 0.0693257 0.0852005 0.10719 0.139686 0.192611 0.29412 0.568085
2.68780704807 0.0316268 0.0296122 0.0290470822968 0.0374125 0.0444494 0.0531967 0.0643689 0.0791438 0.099609 0.129852 0.179105 0.273569 0.52852
2.70526034059 0.029201 0.0275453 0.0270203597501 0.03457 0.0410997 0.0492159 0.0595816 0.0732893 0.0922755 0.120331 0.166022 0.253653 0.490154
2.72271363311 0.026873 0.025533 0.0250463660844 0.0318383 0.0378766 0.0453817 0.0549663 0.0676405 0.0851945 0.111133 0.153374 0.234387 0.453026
2.74016692563 0.0246428 0.0235783 0.023128200828 0.0292179 0.0347814 0.0416957 0.0505255 0.0622009 0.0783708 0.102263 0.141172 0.21579 0.417169
2.75762021815 0.0225105 0.0216843 0.0212689450598 0.0267092 0.0318147 0.0381594 0.0462613 0.0569736 0.0718091 0.0937291 0.129424 0.197878 0.382618
2.77507351067 0.020476 0.0198537 0.0194715691611 0.0243127 0.0289775 0.0347742 0.0421759 0.0519619 0.0655139 0.0855366 0.118141 0.180667 0.349405
2.79252680319 0.0185394 0.0180894 0.0177389697149 0.0220286 0.0262706 0.0315415 0.0382713 0.0471686 0.0594893 0.0776921 0.107332 0.164171 0.31756
2.80998009571 0.0167006 0.0163941 0.016073969506 0.0198572 0.0236946 0.0284624 0.0345495 0.0425966 0.0537394 0.0702012 0.0970053 0.148406 0.287114
2.82743338823 0.0149594 0.0147705 0.0144792806216 0.0177988 0.0212501 0.0255381 0.0310121 0.0382483 0.0482678 0.0630695 0.0871695 0.133383 0.258092
2.84488668075 0.0133158 0.013221 0.0129574860021 0.0158535 0.0189379 0.0227696 0.0276609 0.0341263 0.0430781 0.0563019 0.077832 0.119116 0.230522
2.86233997327 0.0117697 0.0117482 0.0115110578902 0.0140215 0.0167583 0.0201579 0.0244972 0.0302328 0.0381735 0.0499032 0.069 0.105617 0.204427
2.87979326579 0.0103207 0.0103542 0.0101423209324 0.0123029 0.0147118 0.0177037 0.0215226 0.0265697 0.033557 0.0438778 0.0606801 0.092897 0.17983
2.89724655831 0.00896874 0.00904141 0.00885348907725 0.0106977 0.0127987 0.0154079 0.018738 0.023139 0.0292312 0.0382296 0.0528783 0.0809651 0.156752
2.91469985083 0.00771353 0.00781168 0.007646591778 0.00920595 0.0110192 0.0132711 0.0161447 0.0199422 0.0251987 0.0329622 0.0456002 0.0698309 0.135211
2.93215314335 0.00655478 0.00666695 0.00652349244153 0.0078275 0.00937368 0.0112936 0.0137435 0.0169808 0.0214615 0.0280789 0.0388507 0.0595026 0.115225
2.94960643587 0.00549217 0.00560895 0.0054858884286 0.00656224 0.00786209 0.009476 0.0115352 0.014256 0.0180216 0.0235825 0.0326341 0.0499875 0.0968088
2.96705972839 0.0045253 0.00463922 0.00453531105381 0.00540997 0.00648447 0.00781844 0.00952031 0.0117687 0.0148804 0.0194753 0.0269542 0.0412917 0.0799751
2.98451302091 0.00365378 0.00375915 0.00367307023688 0.00437042 0.00524074 0.00632109 0.00769926 0.00951986 0.0120393 0.0157593 0.021814 0.0334207 0.0647353
3.00196631343 0.00287711 0.00296994 0.00290032830094 0.00344325 0.00413069 0.00498394 0.00607227 0.00750986 0.00949906 0.0124361 0.0172159 0.0263786 0.0510983
3.01941960595 0.00219479 0.00227257 0.0022179708255 0.00262804 0.00315405 0.00380683 0.00463939 0.00573899 0.0072604 0.00950655 0.0131619 0.0201685 0.039071
3.03687289847 0.00160622 0.00166784 0.00162671734396 0.00192428 0.00231039 0.00278948 0.00340044 0.00420728 0.00532351 0.00697134 0.00965279 0.0147924 0.0286577
3.05432619099 0.00111074 0.00115634 0.00112702909562 0.00133138 0.00159918 0.00193142 0.00235505 0.00291443 0.00368824 0.00483047 0.00668904 0.0102513 0.0198608
3.07177948351 0.000707625 0.000738402 0.000719145924964 0.000848634 0.00101975 0.00123201 0.00150261 0.00185988 0.00235404 0.00308342 0.00427014 0.00654452 0.0126797
3.08923277603 0.000396034 0.000414135 0.000402994033685 0.000475207 0.000571264 0.000690397 0.000842248 0.00104271 0.00131994 0.00172909 0.00239473 0.00367037 0.00711126
3.10668606855 0.000175018 0.000183367 0.000178259779035 0.000210126 0.00025271 0.000305513 0.000372805 0.000461624 0.000584441 0.000765676 0.0010605 0.00162545 0.00314928
3.12413936107 4.34647e-05 4.5617e-05 4.42974259432e-05 5.22159e-05 6.28277e-05 7.59828e-05 9.27438e-05 0.000114862 0.000145442 0.000190561 0.000263948 0.000404566 0.000783826
3.14159265359 0.0 0.0 0.0 0.0 0.0 0.0 0.0 0.0 0.0 0.0 0.0 0.0 0.0
