alpha phi_iso phi_ray phi_vec g0=0.1 g0=0.2 g0=0.3 g0=0.4 g0=0.5 g0=0.6 g0=0.7 g0=0.8 g0=0.9 g0=1.0
0.0 1.0 1.0 1.0 1.0 1.0 1.0 1.0 1.0 1.0 1.0 1.0 1.0 1.0
0.0174532925199 0.999679 0.99954 0.999529668655 0.999694 0.999711 0.999733 0.999759 0.999792 0.999835 0.999893 0.999977 1.00011 1.00035
0.0349065850399 0.998777 0.998229 0.998184209318 0.998836 0.998905 0.998989 0.999092 0.999221 0.999389 0.999618 0.999947 1.00046 1.0014
0.0523598775598 0.997386 0.996169 0.996061071555 0.997516 0.997668 0.997852 0.998078 0.998363 0.998733 0.999236 0.999962 1.0011 1.00316
0.0698131700798 0.995579 0.993439 0.993237671558 0.995803 0.996069 0.996388 0.996781 0.997276 0.997921 0.998798 1.00006 1.00205 1.00564
0.0872664625997 0.9934 0.990094 0.989766064124 0.993743 0.994149 0.994638 0.995239 0.995997 0.996986 0.998331 1.00027 1.00332 1.00884
0.10471975512 0.990881 0.98617 0.985681449735 0.991364 0.991937 0.992628 0.993477 0.99455 0.99595 0.997855 1.00061 1.00493 1.01275
0.12217304764 0.988041 0.981694 0.981011116754 0.988687 0.989453 0.990377 0.991515 0.992952 0.994828 0.997382 1.00107 1.00687 1.01736
0.13962634016 0.984898 0.976689 0.975779281052 0.985728 0.986713 0.987901 0.989365 0.991215 0.993631 0.996921 1.00167 1.00916 1.02268
0.157079632679 0.981468 0.971179 0.970008986335 0.982503 0.983731 0.985214 0.987041 0.989351 0.992369 0.99648 1.00242 1.01177 1.02868
0.174532925199 0.977766 0.965185 0.963722699104 0.979025 0.980521 0.982327 0.984554 0.987371 0.99105 0.996066 1.00331 1.01473 1.03537
0.191986217719 0.973804 0.958729 0.956942397459 0.975308 0.977094 0.979252 0.981914 0.985282 0.989682 0.995683 1.00436 1.01801 1.04271
0.209439510239 0.969596 0.951831 0.949689651021 0.971363 0.973463 0.976 0.979131 0.983093 0.988272 0.995334 1.00554 1.02163 1.05071
0.226892802759 0.965152 0.944512 0.941985594283 0.967201 0.969636 0.97258 0.976213 0.980811 0.986823 0.995023 1.00688 1.02556 1.05934
0.244346095279 0.960485 0.93679 0.933851050943 0.962833 0.965625 0.969001 0.973168 0.978443 0.985341 0.994752 1.00836 1.0298 1.06859
0.261799387799 0.955604 0.928686 0.925306498372 0.958268 0.961437 0.96527 0.970002 0.975994 0.98383 0.994523 1.00999 1.03436 1.07844
0.279252680319 0.950519 0.920219 0.916372147543 0.953516 0.957082 0.961396 0.966722 0.973468 0.982293 0.994335 1.01175 1.0392 1.08887
0.296705972839 0.945238 0.911407 0.907067978548 0.948585 0.952566 0.957384 0.963334 0.970871 0.980731 0.994187 1.01366 1.04434 1.09985
0.314159265359 0.939771 0.902268 0.897413776117 0.943482 0.947897 0.953241 0.959842 0.968204 0.979146 0.99408 1.01569 1.04974 1.11137
0.331612557879 0.934126 0.892821 0.887429102978 0.938215 0.943082 0.948973 0.956251 0.965472 0.977539 0.994011 1.01785 1.05541 1.1234
0.349065850399 0.92831 0.883083 0.87713335314 0.932792 0.938126 0.944585 0.952565 0.962677 0.975911 0.993978 1.02012 1.06134 1.13592
0.366519142919 0.92233 0.873072 0.866545760771 0.927218 0.933036 0.940082 0.948787 0.959821 0.974261 0.993978 1.02251 1.06749 1.14891
0.383972435439 0.916194 0.862807 0.855685364678 0.9215 0.927818 0.935468 0.944922 0.956905 0.972591 0.994009 1.02501 1.07388 1.16233
0.401425727959 0.909909 0.852303 0.844571026067 0.915645 0.922475 0.930747 0.940972 0.953932 0.970898 0.994067 1.0276 1.08047 1.17617
0.418879020479 0.90348 0.841578 0.833221437423 0.909657 0.917014 0.925924 0.936939 0.950902 0.969182 0.994147 1.03029 1.08726 1.19039
0.436332312999 0.896915 0.830648 0.82165507811 0.903543 0.911439 0.921003 0.932826 0.947816 0.967441 0.994246 1.03305 1.09423 1.20498
0.453785605519 0.890218 0.819531 0.809890232132 0.897308 0.905754 0.915985 0.928635 0.944674 0.965675 0.994359 1.03589 1.10136 1.21989
0.471238898038 0.883396 0.808242 0.797944970371 0.890956 0.899963 0.910875 0.924368 0.941477 0.96388 0.994481 1.03878 1.10864 1.23511
0.488692190558 0.876454 0.796799 0.785837123949 0.884493 0.894071 0.905676 0.920026 0.938224 0.962055 0.994607 1.04174 1.11606 1.2506
0.506145483078 0.869397 0.785216 0.773584275345 0.877923 0.888081 0.90039 0.915612 0.934916 0.960197 0.994732 1.04474 1.12359 1.26635
0.523598775598 0.862231 0.773509 0.761203758399 0.87125 0.881997 0.89502 0.911126 0.931552 0.958304 0.99485 1.04777 1.13122 1.2823
0.541052068118 0.854961 0.761694 0.748712613908 0.864479 0.875822 0.889568 0.906569 0.928132 0.956373 0.994956 1.05083 1.13893 1.29845
0.558505360638 0.847592 0.749786 0.73612759851 0.857615 0.86956 0.884037 0.901942 0.924654 0.954401 0.995044 1.0539 1.14671 1.31476
0.575958653158 0.840127 0.737799 0.723465166918 0.85066 0.863213 0.878427 0.897246 0.921118 0.952385 0.995107 1.05697 1.15454 1.3312
0.593411945678 0.832573 0.725748 0.710741436406 0.843619 0.856785 0.872743 0.892482 0.917522 0.950322 0.995139 1.06004 1.1624 1.34774
0.610865238198 0.824932 0.713648 0.697972186807 0.836495 0.850278 0.866984 0.88765 0.913867 0.948209 0.995135 1.06309 1.17027 1.36435
0.628318530718 0.817211 0.701511 0.685172842751 0.829293 0.843695 0.861154 0.882751 0.91015 0.946043 0.995088 1.06612 1.17815 1.381
0.645771823238 0.809411 0.689352 0.672358455906 0.822015 0.837039 0.855252 0.877784 0.906371 0.943819 0.994992 1.0691 1.186 1.39766
0.663225115758 0.801539 0.677184 0.65954368722 0.814665 0.830313 0.849282 0.872751 0.902527 0.941535 0.99484 1.07204 1.19381 1.41431
0.680678408278 0.793597 0.665019 0.646742798036 0.807246 0.823518 0.843245 0.867651 0.898617 0.939186 0.994626 1.07492 1.20157 1.43091
0.698131700798 0.78559 0.65287 0.633969650099 0.799761 0.816657 0.837141 0.862485 0.894641 0.93677 0.994344 1.07773 1.20926 1.44744
0.715584993318 0.777521 0.640749 0.62123765227 0.792214 0.809733 0.830972 0.857252 0.890596 0.934283 0.993986 1.08046 1.21686 1.46386
0.733038285838 0.769394 0.628668 0.608559787168 0.784607 0.802747 0.82474 0.851952 0.886481 0.931721 0.993548 1.0831 1.22436 1.48015
0.750491578358 0.761213 0.616638 0.59594859341 0.776944 0.795702 0.818445 0.846586 0.882294 0.92908 0.993022 1.08564 1.23173 1.49628
0.767944870878 0.75298 0.604669 0.583416138971 0.769227 0.788599 0.812088 0.841153 0.878034 0.926358 0.992401 1.08806 1.23896 1.51223
0.785398163397 0.744701 0.592773 0.570974012304 0.761459 0.781441 0.805671 0.835653 0.873699 0.923549 0.991681 1.09037 1.24604 1.52795
0.802851455917 0.736377 0.580959 0.5586333401 0.753642 0.77423 0.799195 0.830087 0.869288 0.920652 0.990855 1.09254 1.25295 1.54344
0.820304748437 0.728012 0.569236 0.546404742886 0.74578 0.766968 0.79266 0.824453 0.864798 0.917662 0.989916 1.09458 1.25967 1.55866
0.837758040957 0.719609 0.557615 0.534298352791 0.737874 0.759655 0.786067 0.818752 0.860228 0.914576 0.988858 1.09646 1.26619 1.57358
0.855211333477 0.711172 0.546104 0.522323795776 0.729928 0.752295 0.779418 0.812983 0.855578 0.911391 0.987677 1.09818 1.2725 1.58818
0.872664625997 0.702704 0.53471 0.510490209405 0.721944 0.744889 0.772714 0.807147 0.850844 0.908103 0.986365 1.09973 1.27857 1.60244
0.890117918517 0.694207 0.523442 0.498806180675 0.713924 0.737439 0.765954 0.801243 0.846026 0.904709 0.984918 1.10111 1.28439 1.61633
0.907571211037 0.685684 0.512308 0.487279817065 0.705871 0.729946 0.759141 0.795271 0.841123 0.901206 0.98333 1.10229 1.28996 1.62982
0.925024503557 0.677139 0.501313 0.475918702128 0.697787 0.722412 0.752274 0.789231 0.836132 0.89759 0.981595 1.10328 1.29525 1.6429
0.942477796077 0.668573 0.490465 0.464729877737 0.689674 0.714838 0.745356 0.783123 0.831052 0.89386 0.979708 1.10407 1.30025 1.65554
0.959931088597 0.659991 0.47977 0.453719897362 0.681534 0.707227 0.738385 0.776946 0.825883 0.890011 0.977665 1.10464 1.30495 1.66771
0.977384381117 0.651394 0.469233 0.44289477279 0.67337 0.69958 0.731365 0.770701 0.820623 0.886042 0.975461 1.10499 1.30934 1.67941
0.994837673637 0.642785 0.45886 0.432260009646 0.665184 0.691898 0.724294 0.764388 0.815271 0.881949 0.97309 1.10512 1.3134 1.6906
1.01229096616 0.634168 0.448654 0.421820598513 0.656978 0.684183 0.717175 0.758006 0.809825 0.877731 0.970548 1.10501 1.31712 1.70126
1.02974425868 0.625543 0.438621 0.411581014932 0.648754 0.676437 0.710008 0.751556 0.804285 0.873384 0.967832 1.10465 1.32049 1.71139
1.0471975512 0.616915 0.428764 0.4015452194 0.640514 0.66866 0.702794 0.745038 0.79865 0.868906 0.964937 1.10405 1.32351 1.72095
1.06465084372 0.608284 0.419087 0.391716684013 0.63226 0.660855 0.695534 0.738451 0.792919 0.864296 0.961859 1.10319 1.32615 1.72993
1.08210413624 0.599655 0.409592 0.382098383585 0.623995 0.653024 0.688228 0.731797 0.787091 0.859551 0.958594 1.10207 1.32841 1.73832
1.09955742876 0.591029 0.400281 0.372692795647 0.615719 0.645166 0.680878 0.725075 0.781166 0.85467 0.95514 1.10068 1.33028 1.7461
1.11701072128 0.582408 0.391158 0.363501927089 0.607436 0.637285 0.673485 0.718286 0.775143 0.84965 0.951492 1.09902 1.33176 1.75325
1.1344640138 0.573794 0.382224 0.354527305276 0.599146 0.629382 0.66605 0.711429 0.769021 0.844491 0.947648 1.09708 1.33282 1.75976
1.15191730632 0.565191 0.373479 0.345769995815 0.590853 0.621458 0.658573 0.704506 0.762801 0.839191 0.943606 1.09486 1.33348 1.76561
1.16937059884 0.5566 0.364926 0.337230611428 0.582557 0.613514 0.651056 0.697517 0.756481 0.833748 0.939362 1.09235 1.33371 1.7708
1.18682389136 0.548023 0.356564 0.328909329716 0.574261 0.605552 0.643499 0.690462 0.750062 0.828163 0.934915 1.08956 1.33351 1.7753
1.20427718388 0.539463 0.348393 0.320805884277 0.565966 0.597574 0.635905 0.683342 0.743544 0.822433 0.930262 1.08646 1.33287 1.77912
1.2217304764 0.530922 0.340414 0.312919609109 0.557675 0.589581 0.628274 0.676158 0.736927 0.816558 0.925401 1.08307 1.3318 1.78224
1.23918376892 0.522401 0.332625 0.305249420846 0.549389 0.581575 0.620607 0.66891 0.730211 0.810538 0.920332 1.07938 1.33027 1.78464
1.25663706144 0.513902 0.325026 0.297793836522 0.54111 0.573557 0.612905 0.661599 0.723396 0.804372 0.915052 1.07538 1.3283 1.78633
1.27409035396 0.505428 0.317616 0.290551026848 0.532839 0.565529 0.60517 0.654227 0.716483 0.79806 0.909562 1.07108 1.32587 1.78729
1.29154364648 0.496981 0.310393 0.283518780695 0.524579 0.557492 0.597403 0.646793 0.709472 0.791603 0.903859 1.06647 1.32298 1.78752
1.308996939 0.488562 0.303354 0.276694531731 0.516332 0.549448 0.589605 0.6393 0.702364 0.784999 0.897944 1.06155 1.31963 1.78701
1.32645023152 0.480174 0.296499 0.270075393941 0.508098 0.541398 0.581778 0.631747 0.69516 0.77825 0.891817 1.05632 1.31582 1.78576
1.34390352404 0.471818 0.289824 0.263658170513 0.49988 0.533344 0.573923 0.624137 0.68786 0.771356 0.885476 1.05078 1.31154 1.78377
1.36135681656 0.463496 0.283327 0.25743936271 0.491679 0.525288 0.566041 0.616471 0.680466 0.764318 0.878924 1.04493 1.3068 1.78102
1.37881010908 0.455209 0.277004 0.251415187635 0.483498 0.517231 0.558134 0.608749 0.672979 0.757137 0.872159 1.03877 1.30158 1.77752
1.3962634016 0.446961 0.270853 0.245581595988 0.475337 0.509174 0.550204 0.600974 0.665399 0.749813 0.865184 1.03229 1.2959 1.77326
1.41371669412 0.438751 0.26487 0.239934289832 0.467199 0.50112 0.542251 0.593147 0.657729 0.742349 0.857998 1.02551 1.28975 1.76826
1.43116998664 0.430583 0.259052 0.234468749224 0.459085 0.493071 0.534279 0.585268 0.64997 0.734744 0.850604 1.01842 1.28313 1.7625
1.44862327916 0.422457 0.253394 0.229180241104 0.450997 0.485026 0.526287 0.577341 0.642123 0.727002 0.843003 1.01102 1.27605 1.75599
1.46607657168 0.414376 0.247894 0.224063837048 0.442936 0.47699 0.518278 0.569367 0.634191 0.719123 0.835197 1.00332 1.26851 1.74873
1.4835298642 0.40634 0.242545 0.219114431035 0.434904 0.468962 0.510254 0.561346 0.626174 0.71111 0.827187 0.995312 1.2605 1.74072
1.50098315672 0.398352 0.237345 0.214326766079 0.426903 0.460945 0.502217 0.553282 0.618076 0.702965 0.818977 0.987005 1.25204 1.73198
1.51843644924 0.390413 0.232289 0.209695425356 0.418935 0.45294 0.494168 0.545177 0.609898 0.694691 0.810568 0.978401 1.24313 1.72249
1.53588974176 0.382525 0.227371 0.205214903241 0.411 0.444949 0.486108 0.537031 0.601642 0.686288 0.801964 0.969503 1.23376 1.71228
1.55334303427 0.374689 0.222589 0.200879560908 0.403101 0.436975 0.478041 0.528848 0.59331 0.677761 0.793168 0.960315 1.22395 1.70134
1.57079632679 0.366907 0.217936 0.196683688491 0.395239 0.429018 0.469967 0.520629 0.584906 0.669112 0.784183 0.95084 1.2137 1.68968
1.58824961931 0.359179 0.213409 0.192621513964 0.387416 0.42108 0.461889 0.512377 0.576431 0.660344 0.775012 0.941083 1.20302 1.67732
1.60570291183 0.351508 0.209001 0.18868718538 0.379633 0.413163 0.453809 0.504093 0.567888 0.65146 0.765659 0.93105 1.19191 1.66425
1.62315620435 0.343894 0.204709 0.184874850792 0.371893 0.405269 0.445729 0.495781 0.55928 0.642463 0.756129 0.920744 1.18038 1.65049
1.64060949687 0.33634 0.200528 0.181178631614 0.364195 0.3974 0.43765 0.487442 0.55061 0.633357 0.746425 0.910173 1.16843 1.63606
1.65806278939 0.328847 0.196452 0.177592640379 0.356543 0.389557 0.429576 0.47908 0.541881 0.624146 0.736553 0.89934 1.15608 1.62096
1.67551608191 0.321416 0.192477 0.174111016259 0.348937 0.381743 0.421508 0.470696 0.533095 0.614832 0.726516 0.888253 1.14333 1.6052
1.69296937443 0.314047 0.188597 0.17072792507 0.34138 0.373959 0.413448 0.462294 0.524257 0.605421 0.71632 0.876918 1.1302 1.58879
1.71042266695 0.306743 0.184808 0.167437577023 0.333872 0.366207 0.405398 0.453875 0.515369 0.595916 0.70597 0.86534 1.11668 1.57176
1.72787595947 0.299505 0.181105 0.164234262253 0.326415 0.358488 0.397361 0.445444 0.506434 0.586321 0.69547 0.853528 1.1028 1.55412
1.74532925199 0.292334 0.177483 0.161112333054 0.319011 0.350806 0.38934 0.437001 0.497457 0.576641 0.684828 0.841489 1.08855 1.53587
1.76278254451 0.285231 0.173938 0.158066248281 0.311661 0.34316 0.381335 0.428551 0.48844 0.56688 0.674047 0.829229 1.07395 1.51704
1.78023583703 0.278197 0.170465 0.155090555589 0.304367 0.335555 0.373351 0.420097 0.479388 0.557042 0.663135 0.816757 1.05902 1.49764
1.79768912955 0.271234 0.167059 0.152179926954 0.29713 0.32799 0.365388 0.41164 0.470303 0.547133 0.652096 0.804081 1.04376 1.47769
1.81514242207 0.264343 0.163716 0.149329185312 0.289951 0.320468 0.35745 0.403184 0.46119 0.537157 0.640939 0.79121 1.02818 1.4572
1.83259571459 0.257524 0.160431 0.146533277921 0.282833 0.312992 0.349538 0.394733 0.452052 0.527119 0.629668 0.77815 1.01229 1.4362
1.85004900711 0.250779 0.157202 0.143787302997 0.275776 0.305562 0.341655 0.386289 0.442895 0.517024 0.61829 0.764913 0.996119 1.4147
1.86750229963 0.244108 0.154022 0.141086536359 0.268782 0.298182 0.333805 0.377856 0.43372 0.506877 0.606813 0.751505 0.979664 1.39272
1.88495559215 0.237514 0.150889 0.138426440306 0.261852 0.290852 0.325988 0.369436 0.424533 0.496684 0.595242 0.737938 0.962944 1.37028
1.90240888467 0.230996 0.147799 0.135802628099 0.254989 0.283574 0.318208 0.361032 0.415338 0.48645 0.583586 0.72422 0.945969 1.34741
1.91986217719 0.224557 0.144748 0.133210943879 0.248192 0.276351 0.310467 0.352649 0.406139 0.47618 0.571851 0.71036 0.928756 1.32412
1.93731546971 0.218196 0.141732 0.130647409387 0.241464 0.269184 0.302767 0.344289 0.39694 0.46588 0.560045 0.696369 0.911316 1.30043
1.95476876223 0.211915 0.138749 0.128108268366 0.234806 0.262076 0.295112 0.335956 0.387745 0.455555 0.548174 0.682257 0.893665 1.27637
1.97222205475 0.205715 0.135796 0.125589977681 0.22822 0.255028 0.287503 0.327653 0.378559 0.445211 0.536246 0.668033 0.875817 1.25195
1.98967534727 0.199597 0.132869 0.123089207315 0.221706 0.248042 0.279944 0.319383 0.369387 0.434855 0.52427 0.653709 0.857786 1.2272
2.00712863979 0.193561 0.129965 0.120602875895 0.215266 0.24112 0.272436 0.311149 0.360232 0.424491 0.512252 0.639294 0.839587 1.20215
2.02458193231 0.187608 0.127083 0.118128115168 0.208901 0.234263 0.264982 0.302956 0.351099 0.414126 0.500201 0.624799 0.821235 1.17681
2.04203522483 0.181739 0.12422 0.115662296642 0.202613 0.227474 0.257586 0.294806 0.341992 0.403765 0.488124 0.610235 0.802746 1.15121
2.05948851735 0.175956 0.121374 0.113203031585 0.196403 0.220755 0.250248 0.286704 0.332917 0.393414 0.47603 0.595613 0.784134 1.12537
2.07694180987 0.170258 0.118543 0.110748162149 0.190272 0.214107 0.242973 0.278651 0.323878 0.38308 0.463926 0.580943 0.765415 1.09931
2.09439510239 0.164647 0.115725 0.108295796884 0.184222 0.207533 0.235762 0.270652 0.314878 0.372769 0.45182 0.566237 0.746606 1.07307
2.11184839491 0.159123 0.112918 0.105844257463 0.178253 0.201033 0.228619 0.262711 0.305924 0.362487 0.439722 0.551506 0.727721 1.04666
2.12930168743 0.153687 0.110123 0.103392131959 0.172368 0.194611 0.221545 0.25483 0.297019 0.352239 0.427637 0.536761 0.708777 1.02011
2.14675497995 0.148339 0.107336 0.100938230447 0.166566 0.188267 0.214543 0.247014 0.288168 0.342032 0.415576 0.522013 0.689789 0.993442
2.16420827247 0.143081 0.104558 0.0984816294029 0.16085 0.182003 0.207616 0.239265 0.279376 0.331872 0.403546 0.507274 0.670774 0.966683
2.18166156499 0.137913 0.101788 0.096021609543 0.155219 0.175822 0.200766 0.231587 0.270647 0.321765 0.391556 0.492554 0.651748 0.939857
2.19911485751 0.132836 0.0990255 0.0935577091055 0.149677 0.169725 0.193995 0.223984 0.261986 0.311718 0.379613 0.477865 0.632727 0.912989
2.21656815003 0.12785 0.0962698 0.0910896972092 0.144223 0.163713 0.187307 0.216458 0.253397 0.301736 0.367726 0.463219 0.613727 0.886103
2.23402144255 0.122955 0.0935213 0.0886175827342 0.138859 0.157789 0.180704 0.209014 0.244885 0.291825 0.355904 0.448626 0.594764 0.859226
2.25147473507 0.118153 0.0907799 0.0861415610413 0.133586 0.151954 0.174187 0.201654 0.236455 0.281993 0.344154 0.434099 0.575855 0.832381
2.26892802759 0.113444 0.088046 0.0836620850127 0.128405 0.14621 0.167761 0.194382 0.228112 0.272244 0.332485 0.419648 0.557015 0.805595
2.28638132011 0.108828 0.0853202 0.0811797940113 0.123316 0.140558 0.161426 0.187202 0.219858 0.262585 0.320905 0.405285 0.538262 0.778891
2.30383461263 0.104306 0.082603 0.0786955405209 0.118322 0.135001 0.155185 0.180116 0.2117 0.253022 0.309421 0.39102 0.51961 0.752295
2.32128790515 0.0998778 0.0798953 0.0762103901464 0.113422 0.129539 0.149041 0.173129 0.203642 0.243561 0.298043 0.376866 0.501077 0.725831
2.33874119767 0.0955446 0.0771982 0.0737255772135 0.108619 0.124174 0.142996 0.166242 0.195687 0.234207 0.286778 0.362832 0.482676 0.699524
2.35619449019 0.0913066 0.0745128 0.0712425402887 0.103911 0.118908 0.137052 0.159459 0.187841 0.224968 0.275634 0.348931 0.464426 0.673398
2.37364778271 0.087164 0.0718406 0.0687628600192 0.099302 0.113742 0.131211 0.152784 0.180108 0.215847 0.26462 0.335172 0.44634 0.647478
2.39110107523 0.0831173 0.0691829 0.0662883212931 0.094791 0.108677 0.125476 0.14622 0.172491 0.206852 0.253742 0.321567 0.428435 0.621786
2.40855436775 0.0791667 0.0665415 0.0638208421992 0.0903794 0.103716 0.119849 0.139769 0.164995 0.197988 0.243008 0.308127 0.410725 0.596348
2.42600766027 0.0753127 0.0639181 0.061362491787 0.0860678 0.0988594 0.114332 0.133435 0.157625 0.189261 0.232427 0.294861 0.393227 0.571187
2.44346095279 0.0715554 0.0613146 0.0589154723064 0.0818572 0.0941085 0.108927 0.12722 0.150383 0.180675 0.222005 0.281781 0.375955 0.546325
2.46091424531 0.0678951 0.058733 0.0564821192082 0.0777482 0.0894649 0.103635 0.121127 0.143275 0.172237 0.21175 0.268896 0.358923 0.521786
2.47836753783 0.064332 0.0561755 0.0540648745034 0.0737415 0.0849296 0.0984595 0.11516 0.136304 0.163952 0.20167 0.256217 0.342146 0.497592
2.49582083035 0.0608664 0.0536442 0.0516662778837 0.0698377 0.0805041 0.0934018 0.109321 0.129474 0.155825 0.191771 0.243753 0.325639 0.473765
2.51327412287 0.0574984 0.0511414 0.0492889933612 0.0660377 0.0761893 0.0884638 0.103612 0.122789 0.147861 0.18206 0.231514 0.309415 0.450327
2.53072741539 0.0542281 0.0486696 0.0469357204682 0.0623418 0.0719866 0.0836473 0.0980371 0.116252 0.140064 0.172545 0.21951 0.293487 0.427299
2.54818070791 0.0510556 0.0462311 0.0446092652975 0.0587507 0.067897 0.0789539 0.0925976 0.109867 0.132441 0.163231 0.20775 0.277871 0.404702
2.56563400043 0.0479811 0.0438286 0.0423124694621 0.0552649 0.0639215 0.0743855 0.0872964 0.103637 0.124996 0.154126 0.196243 0.262577 0.382556
2.58308729295 0.0450046 0.0414645 0.0400482189751 0.0518849 0.0600612 0.0699436 0.0821359 0.0975654 0.117733 0.145235 0.184998 0.24762 0.360881
2.60054058547 0.0421261 0.0391414 0.03781945313 0.0486112 0.0563169 0.0656297 0.0771183 0.091656 0.110656 0.136566 0.174023 0.233011 0.339697
2.61799387799 0.0393457 0.036862 0.0356291112201 0.0454441 0.0526897 0.0614455 0.0722459 0.0859117 0.103771 0.128123 0.163326 0.218764 0.319022
2.63544717051 0.0366632 0.0346289 0.0334801502989 0.0423841 0.0491803 0.0573922 0.0675208 0.0803355 0.0970811 0.119913 0.152917 0.204888 0.298874
2.65290046303 0.0340787 0.0324447 0.03137552742 0.0394314 0.0457895 0.0534713 0.0629451 0.0749302 0.0905905 0.111941 0.142802 0.191396 0.279272
2.67035375555 0.031592 0.0303121 0.0293181729967 0.0365863 0.0425181 0.0496839 0.0585206 0.0696986 0.0843031 0.104213 0.13299 0.178299 0.260232
2.68780704807 0.029203 0.0282338 0.0273109996822 0.0338491 0.0393666 0.0460313 0.0542491 0.0646433 0.0782226 0.0967337 0.123486 0.165607 0.24177
2.70526034059 0.0269116 0.0262122 0.0253568668496 0.03122 0.0363358 0.0425146 0.0501325 0.0597669 0.0723526 0.0895077 0.114299 0.15333 0.223903
2.72271363311 0.0247174 0.02425 0.0234586072319 0.028699 0.0334262 0.0391348 0.0461723 0.0550717 0.0666963 0.0825401 0.105435 0.141478 0.206645
2.74016692563 0.0226204 0.0223497 0.0216189736415 0.0262864 0.0306382 0.0358929 0.04237 0.05056 0.0612569 0.0758351 0.0968996 0.130059 0.19001
2.75762021815 0.0206203 0.0205137 0.0198406478508 0.023982 0.0279722 0.0327896 0.038727 0.0462338 0.0560374 0.069397 0.0886993 0.119083 0.174013
2.77507351067 0.0187167 0.0187445 0.0181262139515 0.021786 0.0254286 0.0298258 0.0352447 0.0420951 0.0510405 0.0632297 0.0808396 0.108558 0.158666
2.79252680319 0.0169092 0.0170443 0.0164781672349 0.0196983 0.0230077 0.0270022 0.0319241 0.0381456 0.0462689 0.0573369 0.0733257 0.0984905 0.143981
2.80998009571 0.0151976 0.0154154 0.0148989141922 0.0177187 0.0207097 0.0243193 0.0287663 0.0343869 0.0417249 0.0517219 0.0661625 0.0888889 0.129969
2.82743338823 0.0135814 0.0138599 0.0133907192335 0.0158471 0.0185346 0.0217775 0.0257723 0.0308206 0.0374107 0.0463879 0.0593543 0.0797594 0.116642
2.84488668075 0.0120601 0.0123798 0.0119557135686 0.0140832 0.0164826 0.0193773 0.0229427 0.0274478 0.0333281 0.0413377 0.0529054 0.071108 0.104007
2.86233997327 0.0106332 0.0109771 0.0105959040866 0.0124267 0.0145535 0.0171189 0.0202782 0.0242697 0.0294789 0.0365737 0.0468193 0.0629403 0.0920756
2.87979326579 0.00930019 0.00965344 0.0093131378361 0.0108774 0.0127473 0.0150025 0.0177794 0.0212872 0.0258646 0.0320982 0.0410993 0.055261 0.0808539
2.89724655831 0.00806039 0.00841057 0.00810911978472 0.00943468 0.0110637 0.0130281 0.0154465 0.018501 0.0224864 0.027913 0.0357483 0.0480747 0.0703494
2.91469985083 0.00691315 0.00724995 0.00698535065935 0.00809814 0.00950252 0.0111957 0.0132798 0.0159116 0.0193452 0.0240198 0.0307686 0.0413849 0.060568
2.93215314335 0.00585779 0.00617292 0.00594318910617 0.00686721 0.00806326 0.00950498 0.0112793 0.0135195 0.0164417 0.0204198 0.0261622 0.0351947 0.0515148
2.94960643587 0.00489351 0.00518067 0.00498377177038 0.00574122 0.00674546 0.0079557 0.00944484 0.0113248 0.0137766 0.0171138 0.0219307 0.0295065 0.0431938
2.96705972839 0.00401948 0.00427419 0.00410807545644 0.00471947 0.0055485 0.00654739 0.00777622 0.00932725 0.0113498 0.0141023 0.0180748 0.0243221 0.0356081
2.98451302091 0.0032348 0.0034543 0.0033168372077 0.00380113 0.00447168 0.00527944 0.00627294 0.00752669 0.0091613 0.0113856 0.0145953 0.0196424 0.0287596
3.00196631343 0.00253851 0.00272164 0.00261058094655 0.0029853 0.00351418 0.00415112 0.00493434 0.00592254 0.0072107 0.00896328 0.0114919 0.0154677 0.022649
3.01941960595 0.00192953 0.00207662 0.00198960859437 0.00227097 0.00267502 0.00316151 0.00375958 0.004514 0.00549723 0.00683473 0.00876422 0.0117976 0.0172762
3.03687289847 0.00140673 0.00151944 0.0014539734314 0.00165702 0.00195312 0.00230953 0.00274757 0.0033 0.00401983 0.00499884 0.00641096 0.0086307 0.0126394
3.05432619099 0.000968863 0.00105008 0.00100348009675 0.00114221 0.00134723 0.00159391 0.00189702 0.00227919 0.00277705 0.00345403 0.00443035 0.00596483 0.00873569
3.07177948351 0.000614564 0.000668243 0.000637657948281 0.000725162 0.000855913 0.00101319 0.00120638 0.00144989 0.00176704 0.0021982 0.00281989 0.00379687 0.00556082
3.08923277603 0.000342335 0.000373387 0.000355725542422 0.000404319 0.000477568 0.000565643 0.000673792 0.000810068 0.000987506 0.00122868 0.00157635 0.00212262 0.00310881
3.10668606855 0.000150502 0.000164639 0.00015657287411 0.000177931 0.00021033 0.00024927 0.000297066 0.000357272 0.000435639 0.000542125 0.000695601 0.0009367 0.00137189
3.12413936107 3.71532e-05 4.07611e-05 3.86814564215e-05 4.39745e-05 5.2027e-05 6.17004e-05 7.3568e-05 8.85107e-05 0.000107954 0.000134364 0.000172419 0.000232187 0.000340053
3.14159265359 0.0 0.0 0.0 0.0 0.0 0.0 0.0 0.0 0.0 0.0 0.0 0.0 0.0
