alpha phi_iso phi_ray phi_vec g0=0.1 g0=0.2 g0=0.3 g0=0.4 g0=0.5 g0=0.6 g0=0.7 g0=0.8 g0=0.9 g0=1.0
0.0 1.0 1.0 1.0 1.0 1.0 1.0 1.0 1.0 1.0 1.0 1.0 1.0 1.0
0.0174532925199 0.999674 0.999534 0.999524440146 0.999689 0.999707 0.999729 0.999757 0.999791 0.999837 0.999899 0.999991 1.00014 1.00043
0.0349065850399 0.99876 0.998205 0.998164855855 0.99882 0.998891 0.998977 0.999084 0.999219 0.999398 0.999644 1.00001 1.00059 1.00172
0.0523598775598 0.997353 0.996117 0.996021186096 0.997484 0.997641 0.997831 0.998066 0.998364 0.998757 0.9993 1.0001 1.0014 1.00389
0.0698131700798 0.995526 0.993352 0.993172774646 0.995755 0.996028 0.996358 0.996767 0.997287 0.997973 0.99892 1.00032 1.00259 1.00694
0.0872664625997 0.993327 0.989966 0.989672859269 0.993678 0.994095 0.994601 0.995228 0.996026 0.997079 0.998534 1.00068 1.00417 1.01086
0.10471975512 0.990786 0.985994 0.98555732065 0.991282 0.991872 0.992588 0.993476 0.994607 0.996099 0.998162 1.00121 1.00616 1.01565
0.12217304764 0.987925 0.981465 0.980853873802 0.988589 0.989379 0.990339 0.991528 0.993045 0.995048 0.997817 1.0019 1.00856 1.0213
0.13962634016 0.984762 0.976402 0.975587005681 0.985615 0.986632 0.987868 0.9894 0.991355 0.993936 0.997507 1.00278 1.01136 1.02781
0.157079632679 0.981311 0.970829 0.96978004678 0.982376 0.983646 0.985189 0.987104 0.989547 0.992774 0.99724 1.00383 1.01457 1.03516
0.174532925199 0.977589 0.964768 0.963455653817 0.978887 0.980435 0.982316 0.984651 0.987632 0.99157 0.997022 1.00507 1.01818 1.04333
0.191986217719 0.973609 0.95824 0.956636030985 0.975159 0.97701 0.979259 0.982053 0.985619 0.990333 0.996859 1.0065 1.0222 1.05231
0.209439510239 0.969383 0.951267 0.949342919885 0.971206 0.973383 0.976029 0.979318 0.983516 0.989066 0.996753 1.00811 1.0266 1.06208
0.226892802759 0.964923 0.943868 0.941597639759 0.967038 0.969564 0.972636 0.976454 0.98133 0.987777 0.996706 1.0099 1.03139 1.07262
0.244346095279 0.96024 0.936064 0.933421137766 0.962666 0.965564 0.969089 0.97347 0.979067 0.986469 0.996722 1.01187 1.03656 1.08391
0.261799387799 0.955345 0.927874 0.924834049321 0.958099 0.961391 0.965395 0.970373 0.976733 0.985145 0.996799 1.01403 1.04209 1.09593
0.279252680319 0.950247 0.919318 0.915856718211 0.953347 0.957053 0.961561 0.967168 0.974331 0.983808 0.996939 1.01635 1.04797 1.10865
0.296705972839 0.944955 0.910415 0.906509226756 0.948418 0.952558 0.957595 0.963861 0.971867 0.98246 0.99714 1.01884 1.0542 1.12205
0.314159265359 0.939479 0.901182 0.896811456155 0.94332 0.947913 0.953503 0.960456 0.969343 0.981103 0.9974 1.02149 1.06076 1.1361
0.331612557879 0.933825 0.891639 0.886783096537 0.93806 0.943124 0.949289 0.956959 0.966762 0.979735 0.997716 1.0243 1.06763 1.15078
0.349065850399 0.928002 0.881803 0.876443636906 0.932645 0.938199 0.94496 0.953372 0.964126 0.978359 0.998087 1.02726 1.0748 1.16605
0.366519142919 0.922017 0.871693 0.865812385252 0.927083 0.933142 0.94052 0.9497 0.961438 0.976973 0.998509 1.03036 1.08226 1.18188
0.383972435439 0.915878 0.861327 0.854908458499 0.921378 0.927959 0.935973 0.945946 0.958698 0.975577 0.998978 1.03359 1.08999 1.19825
0.401425727959 0.90959 0.85072 0.843750822727 0.915539 0.922656 0.931324 0.942112 0.955907 0.97417 0.999489 1.03694 1.09797 1.21513
0.418879020479 0.903161 0.839892 0.832358232832 0.909569 0.917237 0.926576 0.938201 0.953067 0.972749 1.00004 1.0404 1.10619 1.23248
0.436332312999 0.896596 0.828859 0.820749252645 0.903474 0.911706 0.921733 0.934215 0.950178 0.971314 1.00062 1.04397 1.11463 1.25027
0.453785605519 0.889901 0.817637 0.808942234814 0.89726 0.906068 0.916798 0.930155 0.94724 0.969861 1.00123 1.04763 1.12327 1.26847
0.471238898038 0.883083 0.806244 0.796955300692 0.890932 0.900327 0.911774 0.926024 0.944252 0.968389 1.00186 1.05137 1.13209 1.28704
0.488692190558 0.876146 0.794696 0.784806370511 0.884494 0.894487 0.906663 0.921823 0.941215 0.966895 1.00251 1.05519 1.14108 1.30596
0.506145483078 0.869096 0.783008 0.772513082924 0.877951 0.888552 0.901469 0.917553 0.938128 0.965375 1.00316 1.05907 1.15021 1.32518
0.523598775598 0.861938 0.771197 0.760092835237 0.871308 0.882525 0.896194 0.913215 0.93499 0.963828 1.00382 1.063 1.15947 1.34468
0.541052068118 0.854677 0.759279 0.747562733123 0.864568 0.876409 0.89084 0.90881 0.9318 0.962249 1.00448 1.06696 1.16883 1.36441
0.558505360638 0.847318 0.747268 0.734939590624 0.857735 0.870208 0.885408 0.904338 0.928557 0.960635 1.00513 1.07096 1.17829 1.38435
0.575958653158 0.839866 0.73518 0.722239910041 0.850814 0.863924 0.879901 0.8998 0.92526 0.958983 1.00576 1.07497 1.18781 1.40446
0.593411945678 0.832324 0.723029 0.709479861815 0.843808 0.85756 0.874321 0.895197 0.921907 0.957288 1.00636 1.07898 1.19738 1.4247
0.610865238198 0.824698 0.710829 0.696675284534 0.836721 0.85112 0.86867 0.890529 0.918498 0.955547 1.00694 1.08299 1.20698 1.44504
0.628318530718 0.816991 0.698596 0.683841664815 0.829557 0.844605 0.862948 0.885795 0.91503 0.953757 1.00748 1.08697 1.21658 1.46545
0.645771823238 0.809209 0.686342 0.670994076972 0.822318 0.838018 0.857157 0.880996 0.911501 0.951912 1.00797 1.09092 1.22618 1.48589
0.663225115758 0.801354 0.67408 0.658147253403 0.815009 0.831363 0.851299 0.876132 0.907911 0.950009 1.00841 1.09483 1.23575 1.50632
0.680678408278 0.793431 0.661825 0.645315504146 0.807631 0.82464 0.845374 0.871203 0.904256 0.948045 1.00879 1.09869 1.24527 1.52672
0.698131700798 0.785443 0.649587 0.632512706821 0.800189 0.817852 0.839385 0.866209 0.900536 0.946014 1.00911 1.10247 1.25471 1.54704
0.715584993318 0.777395 0.637381 0.619752346851 0.792686 0.811002 0.833332 0.861149 0.896749 0.943913 1.00935 1.10618 1.26407 1.56726
0.733038285838 0.769289 0.625217 0.607047426964 0.785124 0.804091 0.827215 0.856023 0.892892 0.941738 1.00951 1.10979 1.27333 1.58734
0.750491578358 0.76113 0.613106 0.594410527521 0.777506 0.797121 0.821037 0.850832 0.888964 0.939484 1.00958 1.1133 1.28245 1.60725
0.767944870878 0.752921 0.601061 0.581853746188 0.769835 0.790095 0.814798 0.845574 0.884962 0.937148 1.00955 1.1167 1.29143 1.62695
0.785398163397 0.744665 0.589091 0.569388728095 0.762113 0.783014 0.808499 0.840249 0.880885 0.934724 1.00942 1.11997 1.30025 1.64641
0.802851455917 0.736366 0.577206 0.557026615564 0.754344 0.775881 0.80214 0.834857 0.87673 0.93221 1.00919 1.12311 1.30888 1.66561
0.820304748437 0.728026 0.565417 0.544778058157 0.746529 0.768696 0.795723 0.829397 0.872496 0.929602 1.00883 1.12609 1.31731 1.6845
0.837758040957 0.71965 0.553733 0.53265322274 0.738672 0.761461 0.789249 0.823869 0.868182 0.926895 1.00836 1.12892 1.32553 1.70307
0.855211333477 0.711239 0.542161 0.520661773365 0.730775 0.754179 0.782717 0.818273 0.863784 0.924085 1.00775 1.13158 1.33351 1.72127
0.872664625997 0.702797 0.530712 0.508812841102 0.72284 0.746851 0.776129 0.812609 0.859301 0.921169 1.00701 1.13406 1.34124 1.73909
0.890117918517 0.694328 0.519393 0.497115074322 0.714869 0.739478 0.769486 0.806875 0.854732 0.918143 1.00613 1.13634 1.3487 1.75648
0.907571211037 0.685833 0.50821 0.48557657836 0.706865 0.732063 0.762788 0.801072 0.850074 0.915003 1.00509 1.13843 1.35587 1.77343
0.925024503557 0.677316 0.497172 0.474204955738 0.69883 0.724606 0.756036 0.795198 0.845326 0.911746 1.00391 1.14031 1.36275 1.7899
0.942477796077 0.66878 0.486285 0.463007265939 0.690767 0.717109 0.749231 0.789255 0.840486 0.908369 1.00256 1.14196 1.3693 1.80587
0.959931088597 0.660227 0.475554 0.451990085749 0.682677 0.709574 0.742373 0.783241 0.835552 0.904868 1.00105 1.14339 1.37553 1.82131
0.977384381117 0.651659 0.464987 0.441159418745 0.674562 0.702002 0.735464 0.777157 0.830524 0.90124 0.999362 1.14458 1.38141 1.83621
0.994837673637 0.64308 0.454586 0.430520795863 0.666425 0.694395 0.728503 0.771001 0.8254 0.897482 0.9975 1.14553 1.38694 1.85052
1.01229096616 0.634492 0.444358 0.420079205001 0.658268 0.686754 0.721491 0.764774 0.820178 0.893591 0.995456 1.14622 1.39209 1.86424
1.02974425868 0.625898 0.434307 0.409839121189 0.650093 0.679081 0.714431 0.758477 0.814857 0.889564 0.993226 1.14665 1.39685 1.87733
1.0471975512 0.6173 0.424437 0.399804526698 0.641901 0.671377 0.707321 0.752107 0.809435 0.8854 0.990805 1.14681 1.40122 1.88978
1.06465084372 0.6087 0.41475 0.389978880879 0.633696 0.663643 0.700163 0.745667 0.803913 0.881094 0.988187 1.14669 1.40518 1.90156
1.08210413624 0.600101 0.40525 0.380365150322 0.625477 0.655881 0.692957 0.739155 0.798289 0.876645 0.985371 1.14629 1.40871 1.91266
1.09955742876 0.591505 0.395939 0.370965818922 0.617249 0.648093 0.685705 0.732571 0.792561 0.872052 0.98235 1.14559 1.41182 1.92305
1.11701072128 0.582914 0.386819 0.361782877814 0.609012 0.640279 0.678408 0.725917 0.78673 0.867311 0.979122 1.14461 1.41448 1.93273
1.1344640138 0.574332 0.377893 0.352817845492 0.600768 0.632442 0.671065 0.719191 0.780794 0.862421 0.975683 1.14331 1.41669 1.94166
1.15191730632 0.565759 0.369161 0.344071767805 0.592519 0.624582 0.663679 0.712395 0.774753 0.85738 0.97203 1.14171 1.41844 1.94984
1.16937059884 0.557198 0.360624 0.335545248127 0.584268 0.616701 0.65625 0.705529 0.768606 0.852187 0.96816 1.1398 1.41972 1.95724
1.18682389136 0.548651 0.352283 0.32723844736 0.576015 0.6088 0.648779 0.698593 0.762354 0.846841 0.964071 1.13757 1.42052 1.96386
1.20427718388 0.54012 0.344137 0.319151073871 0.567764 0.600882 0.641267 0.691587 0.755996 0.84134 0.959759 1.13502 1.42083 1.96969
1.2217304764 0.531608 0.336186 0.311282443837 0.559514 0.592947 0.633716 0.684512 0.749531 0.835684 0.955224 1.13214 1.42066 1.9747
1.23918376892 0.523117 0.328431 0.303631441013 0.551269 0.584997 0.626125 0.677369 0.742961 0.829872 0.950463 1.12894 1.41999 1.9789
1.25663706144 0.514647 0.320868 0.296196567019 0.54303 0.577033 0.618497 0.670159 0.736285 0.823903 0.945474 1.1254 1.41881 1.98226
1.27409035396 0.506202 0.313499 0.288975951394 0.534798 0.569057 0.610832 0.662882 0.729503 0.817777 0.940257 1.12153 1.41713 1.98478
1.29154364648 0.497783 0.30632 0.281967351594 0.526576 0.561071 0.603132 0.655538 0.722616 0.811493 0.93481 1.11732 1.41494 1.98646
1.308996939 0.489392 0.299329 0.275168163053 0.518365 0.553075 0.595398 0.64813 0.715624 0.805052 0.929132 1.11277 1.41223 1.98727
1.32645023152 0.481031 0.292525 0.268575489571 0.510167 0.545071 0.587632 0.640658 0.708528 0.798454 0.923224 1.10788 1.409 1.98723
1.34390352404 0.472702 0.285904 0.262186062868 0.501983 0.537062 0.579834 0.633123 0.701329 0.791699 0.917084 1.10265 1.40525 1.98632
1.36135681656 0.464406 0.279465 0.255996353203 0.493816 0.529048 0.572006 0.625526 0.694027 0.784788 0.910714 1.09707 1.40098 1.98455
1.37881010908 0.456146 0.273203 0.250002529146 0.485666 0.52103 0.564149 0.617869 0.686625 0.777721 0.904113 1.09116 1.39618 1.9819
1.3962634016 0.447923 0.267116 0.244200507861 0.477536 0.513012 0.556265 0.610153 0.679122 0.770501 0.897282 1.08491 1.39086 1.97837
1.41371669412 0.439738 0.2612 0.238585934993 0.469428 0.504993 0.548356 0.602379 0.67152 0.763127 0.890222 1.07831 1.38502 1.97397
1.43116998664 0.431594 0.255452 0.233154245008 0.461342 0.496976 0.540423 0.594549 0.663822 0.755601 0.882934 1.07137 1.37865 1.96869
1.44862327916 0.423492 0.249866 0.227900661188 0.45328 0.488963 0.532467 0.586664 0.656027 0.747924 0.87542 1.0641 1.37176 1.96255
1.46607657168 0.415433 0.24444 0.22282018558 0.445245 0.480954 0.52449 0.578727 0.648139 0.740099 0.867682 1.05649 1.36436 1.95553
1.4835298642 0.40742 0.239168 0.217907669386 0.437237 0.472952 0.516495 0.570738 0.640158 0.732128 0.859722 1.04854 1.35643 1.94764
1.50098315672 0.399454 0.234047 0.213157782795 0.429259 0.464959 0.508482 0.5627 0.632087 0.724011 0.851541 1.04026 1.34799 1.93889
1.51843644924 0.391536 0.229071 0.208565085379 0.421311 0.456975 0.500453 0.554615 0.623928 0.715753 0.843144 1.03166 1.33905 1.92928
1.53588974176 0.383668 0.224237 0.204123975809 0.413396 0.449003 0.492411 0.546484 0.615683 0.707355 0.834531 1.02273 1.32959 1.91881
1.55334303427 0.375851 0.219539 0.199828772306 0.405515 0.441045 0.484357 0.53831 0.607354 0.69882 0.825708 1.01347 1.31964 1.90751
1.57079632679 0.368087 0.214972 0.19567369253 0.39767 0.433101 0.476293 0.530095 0.598944 0.69015 0.816676 1.0039 1.30919 1.89536
1.58824961931 0.360378 0.210531 0.191652913913 0.389862 0.425175 0.468221 0.521841 0.590455 0.681349 0.80744 0.994022 1.29825 1.88239
1.60570291183 0.352723 0.206212 0.187760513327 0.382093 0.417267 0.460143 0.51355 0.58189 0.67242 0.798004 0.983832 1.28683 1.8686
1.62315620435 0.345126 0.20201 0.1839905777 0.374364 0.409379 0.452061 0.505225 0.573252 0.663366 0.788372 0.973341 1.27493 1.85401
1.64060949687 0.337588 0.197919 0.180337163791 0.366677 0.401514 0.443978 0.496867 0.564544 0.654191 0.778547 0.962553 1.26257 1.83862
1.65806278939 0.330109 0.193934 0.176794308245 0.359034 0.393673 0.435894 0.488481 0.555769 0.644899 0.768536 0.951475 1.24975 1.82244
1.67551608191 0.322691 0.19005 0.173356077879 0.351436 0.385857 0.427813 0.480068 0.546929 0.635493 0.758343 0.940114 1.23648 1.80551
1.69296937443 0.315335 0.186262 0.170016589788 0.343884 0.37807 0.419737 0.471631 0.538029 0.625978 0.747972 0.928475 1.22277 1.78781
1.71042266695 0.308043 0.182565 0.166769981182 0.33638 0.370311 0.411667 0.463172 0.529071 0.616357 0.73743 0.916566 1.20863 1.76938
1.72787595947 0.300816 0.178954 0.163610469718 0.328926 0.362584 0.403607 0.454695 0.52006 0.606636 0.726721 0.904394 1.19407 1.75023
1.74532925199 0.293655 0.175425 0.16053234345 0.321523 0.354891 0.395558 0.446202 0.510997 0.596818 0.715852 0.891968 1.1791 1.73037
1.76278254451 0.286561 0.171972 0.157529980936 0.314172 0.347232 0.387522 0.437697 0.501888 0.586907 0.704829 0.879294 1.16373 1.70982
1.78023583703 0.279535 0.16859 0.154597871354 0.306876 0.339611 0.379503 0.429181 0.492736 0.57691 0.693657 0.866382 1.14798 1.68861
1.79768912955 0.272579 0.165275 0.1517306145 0.299635 0.332028 0.371503 0.420659 0.483545 0.566831 0.682343 0.85324 1.13185 1.66674
1.81514242207 0.265694 0.162022 0.148922971069 0.292451 0.324486 0.363523 0.412133 0.474318 0.556674 0.670895 0.839876 1.11536 1.64425
1.83259571459 0.25888 0.158827 0.146169812378 0.285326 0.316987 0.355567 0.403606 0.46506 0.546445 0.659317 0.826301 1.09852 1.62114
1.85004900711 0.252139 0.155686 0.143466170639 0.278261 0.309532 0.347636 0.395082 0.455774 0.53615 0.647618 0.812523 1.08135 1.59745
1.86750229963 0.245472 0.152594 0.140807269137 0.271257 0.302124 0.339734 0.386563 0.446466 0.525793 0.635805 0.798552 1.06386 1.57319
1.88495559215 0.238879 0.149548 0.138188492055 0.264316 0.294764 0.331863 0.378054 0.437138 0.51538 0.623885 0.784398 1.04606 1.54839
1.90240888467 0.232363 0.146542 0.135605384476 0.257439 0.287455 0.324025 0.369557 0.427796 0.504917 0.611865 0.770071 1.02797 1.52306
1.91986217719 0.225924 0.143575 0.133053742889 0.250628 0.280197 0.316224 0.361076 0.418444 0.494409 0.599752 0.755582 1.0096 1.49724
1.93731546971 0.219562 0.140642 0.130529514628 0.243884 0.272995 0.308461 0.352614 0.409086 0.483863 0.587556 0.740941 0.990972 1.47095
1.95476876223 0.213279 0.137739 0.128028888376 0.237208 0.265848 0.300739 0.344174 0.399727 0.473284 0.575282 0.726159 0.972095 1.4442
1.97222205475 0.207076 0.134864 0.125548263995 0.230603 0.25876 0.293061 0.33576 0.390371 0.462678 0.56294 0.711246 0.952988 1.41704
1.98967534727 0.200954 0.132014 0.123084252533 0.224069 0.251731 0.285429 0.327376 0.381022 0.452051 0.550538 0.696214 0.933665 1.38947
2.00712863979 0.194913 0.129186 0.120633716439 0.217607 0.244765 0.277846 0.319025 0.371687 0.441409 0.538083 0.681074 0.914145 1.36154
2.02458193231 0.188954 0.126377 0.118193729348 0.211219 0.237862 0.270315 0.31071 0.362368 0.430759 0.525585 0.665838 0.894442 1.33325
2.04203522483 0.183079 0.123584 0.115761616296 0.204906 0.231025 0.262838 0.302435 0.353071 0.420107 0.51305 0.650517 0.874574 1.30465
2.05948851735 0.177288 0.120807 0.113334933617 0.19867 0.224256 0.255419 0.294204 0.3438 0.409458 0.500489 0.635123 0.854558 1.27576
2.07694180987 0.171581 0.118042 0.110911499106 0.192512 0.217557 0.248059 0.28602 0.334561 0.39882 0.487909 0.619667 0.834411 1.2466
2.09439510239 0.16596 0.115288 0.108489341737 0.186433 0.210929 0.240761 0.277887 0.325358 0.388199 0.475318 0.604162 0.814151 1.21721
2.11184839491 0.160425 0.112544 0.106066762007 0.180435 0.204374 0.233528 0.269809 0.316196 0.377601 0.462727 0.588619 0.793794 1.1876
2.12930168743 0.154977 0.109807 0.103642301758 0.174518 0.197895 0.226362 0.261788 0.30708 0.367033 0.450143 0.573051 0.773358 1.15782
2.14675497995 0.149617 0.107078 0.101214734129 0.168684 0.191493 0.219267 0.253829 0.298015 0.356501 0.437575 0.55747 0.752861 1.12788
2.16420827247 0.144345 0.104354 0.0987830937215 0.162934 0.18517 0.212245 0.245935 0.289005 0.346011 0.425033 0.541887 0.732321 1.09782
2.18166156499 0.139163 0.101636 0.0963466464281 0.15727 0.178928 0.205298 0.238109 0.280055 0.335571 0.412524 0.526316 0.711755 1.06766
2.19911485751 0.13407 0.0989227 0.0939048994934 0.151691 0.172768 0.198429 0.230357 0.27117 0.325186 0.400057 0.510768 0.691181 1.03743
2.21656815003 0.129067 0.0962138 0.0914575914548 0.146201 0.166693 0.191641 0.22268 0.262355 0.314863 0.387642 0.495256 0.670618 1.00717
2.23402144255 0.124155 0.0935095 0.0890046921436 0.140799 0.160704 0.184936 0.215082 0.253615 0.30461 0.375287 0.479792 0.650082 0.976893
2.25147473507 0.119335 0.0908097 0.0865464026849 0.135487 0.154803 0.178316 0.207568 0.244955 0.294431 0.363002 0.464388 0.629593 0.946638
2.26892802759 0.114607 0.0881149 0.0840831454408 0.130266 0.148992 0.171785 0.20014 0.236379 0.284334 0.350794 0.449057 0.609167 0.91643
2.28638132011 0.109971 0.0854254 0.0816155640111 0.125137 0.143272 0.165345 0.192802 0.227893 0.274325 0.338673 0.43381 0.588824 0.886299
2.30383461263 0.105428 0.0827421 0.0791444830079 0.120101 0.137645 0.158998 0.185558 0.2195 0.264411 0.326648 0.41866 0.56858 0.856273
2.32128790515 0.100979 0.0800657 0.0766709683933 0.11516 0.132113 0.152747 0.17841 0.211206 0.254597 0.314726 0.40362 0.548453 0.82638
2.33874119767 0.0966239 0.0773974 0.0741962470293 0.110313 0.126678 0.146594 0.171363 0.203015 0.244891 0.302918 0.3887 0.528461 0.796648
2.35619449019 0.092363 0.0747383 0.0717217670151 0.105562 0.121341 0.140541 0.16442 0.194931 0.235298 0.29123 0.373914 0.508621 0.767107
2.37364778271 0.0881969 0.0720898 0.0692491172376 0.100908 0.116103 0.134592 0.157584 0.186961 0.225824 0.279672 0.359272 0.488951 0.737782
2.39110107523 0.0841259 0.0694534 0.0667800776523 0.0963522 0.110966 0.128747 0.150857 0.179107 0.216476 0.268253 0.344786 0.469468 0.708703
2.40855436775 0.0801504 0.0668309 0.0643165790583 0.091895 0.105932 0.12301 0.144245 0.171374 0.20726 0.256979 0.330469 0.450188 0.679897
2.42600766027 0.0762709 0.0642241 0.061860723211 0.0875374 0.101002 0.117383 0.137749 0.163767 0.198182 0.245861 0.316332 0.43113 0.65139
2.44346095279 0.0724875 0.0616348 0.0594147124281 0.0832802 0.0961775 0.111867 0.131373 0.156291 0.189248 0.234905 0.302385 0.412308 0.62321
2.46091424531 0.0688006 0.0590653 0.0569809199836 0.0791243 0.0914601 0.106466 0.12512 0.148948 0.180463 0.22412 0.288641 0.39374 0.595382
2.47836753783 0.0652104 0.0565176 0.0545618096576 0.0750703 0.0868511 0.10118 0.118993 0.141744 0.171833 0.213513 0.27511 0.375442 0.567934
2.49582083035 0.0617171 0.053994 0.0521599659053 0.071119 0.0823516 0.0960131 0.112994 0.134683 0.163364 0.203092 0.261803 0.35743 0.54089
2.51327412287 0.0583211 0.0514969 0.0497780536318 0.0672711 0.0779631 0.0909661 0.107128 0.127768 0.155062 0.192866 0.24873 0.339719 0.514275
2.53072741539 0.0550223 0.0490287 0.0474188383045 0.0635273 0.0736867 0.0860411 0.101395 0.121003 0.146931 0.18284 0.235903 0.322325 0.488115
2.54818070791 0.0518211 0.046592 0.0450851557848 0.0598882 0.0695237 0.08124 0.0958003 0.114393 0.138976 0.173023 0.22333 0.305262 0.462433
2.56563400043 0.0487174 0.0441894 0.0427799022714 0.0563543 0.0654751 0.0765647 0.090345 0.107941 0.131204 0.163421 0.211022 0.288545 0.437253
2.58308729295 0.0457115 0.0418235 0.040506014188 0.0529263 0.0615421 0.0720169 0.0850322 0.10165 0.123619 0.154041 0.19899 0.272188 0.412598
2.60054058547 0.0428035 0.039497 0.0382664782394 0.0496046 0.0577258 0.0675982 0.0798642 0.0955239 0.116225 0.144891 0.187241 0.256206 0.388491
2.61799387799 0.0399932 0.0372125 0.036064291187 0.0463897 0.054027 0.0633104 0.0748435 0.0895665 0.109028 0.135976 0.175786 0.240612 0.364954
2.63544717051 0.0372809 0.0349729 0.0339024699044 0.0432821 0.0504468 0.0591549 0.0699724 0.0837808 0.102033 0.127303 0.164633 0.225419 0.342007
2.65290046303 0.0346664 0.0327809 0.0317840413215 0.0402822 0.046986 0.0551332 0.0652531 0.07817 0.0952421 0.118878 0.153792 0.210639 0.319672
2.67035375555 0.0321497 0.0306392 0.0297119921433 0.0373902 0.0436455 0.0512467 0.0606877 0.072737 0.0886613 0.110706 0.143269 0.196286 0.297968
2.68780704807 0.0297307 0.0285506 0.0276893191308 0.0346066 0.0404259 0.0474968 0.0562781 0.0674847 0.0822941 0.102794 0.133074 0.182371 0.276915
2.70526034059 0.0274094 0.0265176 0.0257189486517 0.0319316 0.0373281 0.0438846 0.0520264 0.0624158 0.0761444 0.0951472 0.123213 0.168905 0.25653
2.72271363311 0.0251856 0.0245431 0.0238037970171 0.0293654 0.0343527 0.0404114 0.0479343 0.0575331 0.070216 0.0877701 0.113695 0.155899 0.236833
2.74016692563 0.0230591 0.0226296 0.0219467000883 0.0269081 0.0315002 0.0370782 0.0440034 0.0528389 0.0645122 0.0806679 0.104526 0.143363 0.217838
2.75762021815 0.0210297 0.0207796 0.0201504032203 0.02456 0.0287712 0.033886 0.0402354 0.0483356 0.0590365 0.0738452 0.0957128 0.131308 0.199564
2.77507351067 0.0190973 0.0189958 0.0184176014869 0.022321 0.0261661 0.0308356 0.0366318 0.0440253 0.0537918 0.0673064 0.0872618 0.119743 0.182024
2.79252680319 0.0172614 0.0172805 0.0167508893995 0.0201912 0.0236853 0.027928 0.0331937 0.03991 0.0487811 0.0610557 0.0791789 0.108676 0.165233
2.80998009571 0.0155219 0.015636 0.0151527407945 0.0181706 0.0213291 0.0251638 0.0299226 0.0359916 0.0440071 0.0550969 0.0714696 0.0981161 0.149206
2.82743338823 0.0138782 0.0140646 0.0136255188897 0.0162591 0.0190977 0.0225436 0.0268193 0.0322717 0.0394721 0.0494334 0.0641389 0.0880706 0.133953
2.84488668075 0.0123302 0.0125685 0.012171476284 0.0144565 0.0169913 0.0200679 0.023885 0.028752 0.0351786 0.0440686 0.0571916 0.0785468 0.119487
2.86233997327 0.0108772 0.0111496 0.0107927147328 0.0127627 0.0150099 0.0177371 0.0211203 0.0254335 0.0311283 0.0390052 0.050632 0.0695509 0.105819
2.87979326579 0.00951894 0.0098099 0.00949118514765 0.0111773 0.0131536 0.0155516 0.018526 0.0223176 0.0273231 0.034246 0.0444637 0.0610888 0.0929581
2.89724655831 0.00825476 0.00855108 0.0082686875966 0.00970008 0.0114222 0.0135115 0.0161026 0.0194051 0.0237645 0.0297932 0.0386904 0.0531659 0.0809129
2.91469985083 0.00708412 0.00737476 0.0071268511914 0.00833062 0.00981558 0.0116169 0.0138504 0.0166969 0.0204538 0.0256488 0.0333148 0.0457864 0.0696911
2.93215314335 0.00600639 0.00628242 0.00606714414391 0.00706844 0.00833344 0.00986764 0.0117697 0.0141934 0.0173919 0.0218142 0.0283395 0.0389544 0.0592991
2.94960643587 0.00502089 0.00527536 0.00509083354108 0.00591302 0.00697541 0.00826365 0.00986053 0.011895 0.0145795 0.0182908 0.0237663 0.0326729 0.0497424
2.96705972839 0.00412689 0.00435469 0.00419899540118 0.00486373 0.00574101 0.00680458 0.00812274 0.00980184 0.0120171 0.0150793 0.0195968 0.0269444 0.0410251
2.98451302091 0.00332358 0.00352136 0.00339248450509 0.00391987 0.00462965 0.00548998 0.00655605 0.0079138 0.00970487 0.0121803 0.0158319 0.0217704 0.0331503
3.00196631343 0.00261009 0.00277611 0.00267197462125 0.00308065 0.00364063 0.00431924 0.00515997 0.00623054 0.00764255 0.00959385 0.0124718 0.017152 0.0261197
3.01941960595 0.00198548 0.00211948 0.002037888112 0.00234517 0.00277312 0.00329161 0.00393382 0.00475145 0.00582966 0.00731947 0.00951652 0.013089 0.0199337
3.03687289847 0.0014487 0.00155181 0.00149040598974 0.00171245 0.00202616 0.00240615 0.0028767 0.00347567 0.00426538 0.00535639 0.00696511 0.00958065 0.0145915
3.05432619099 0.000998628 0.00107318 0.00102946791701 0.00118136 0.00139864 0.00166175 0.00198749 0.00240203 0.00294848 0.00370329 0.00481611 0.00662519 0.0100907
3.07177948351 0.000634029 0.000683445 0.000654742037691 0.000750651 0.000889277 0.00105709 0.0012648 0.00152906 0.00187734 0.00235833 0.00306734 0.00421982 0.00642735
3.08923277603 0.00035353 0.000382183 0.000365604864568 0.000418914 0.000496605 0.000590624 0.000706957 0.000854925 0.00104989 0.00131909 0.00171584 0.00236065 0.00359565
3.10668606855 0.000155594 0.000168665 0.000161090998061 0.000184539 0.000218918 0.000260507 0.000311948 0.000377357 0.000463517 0.000582455 0.000757716 0.00104251 0.00158791
3.12413936107 3.84585e-05 4.18e-05 3.9852901262e-05 4.56599e-05 5.42091e-05 6.45461e-05 7.73266e-05 9.35716e-05 0.000114964 0.000144485 0.000187976 0.000258635 0.000393931
3.14159265359 0.0 0.0 0.0 0.0 0.0 0.0 0.0 0.0 0.0 0.0 0.0 0.0 0.0
