alpha phi_iso phi_ray phi_vec g0=0.1 g0=0.2 g0=0.3 g0=0.4 g0=0.5 g0=0.6 g0=0.7 g0=0.8 g0=0.9 g0=1.0
0.0 1.0 1.0 1.0 1.0 1.0 1.0 1.0 1.0 1.0 1.0 1.0 1.0 1.0
0.0174532925199 0.999771 0.999692 0.999661894733 0.999779 0.999788 0.999797 0.999808 0.999819 0.999831 0.999844 0.999859 0.999876 0.999895
0.0349065850399 0.99911 0.998803 0.998680520627 0.999141 0.999175 0.999211 0.99925 0.999293 0.999339 0.99939 0.999447 0.999511 0.999583
0.0523598775598 0.998056 0.997383 0.997104053612 0.998123 0.998195 0.998272 0.998355 0.998446 0.998546 0.998656 0.998778 0.998915 0.99907
0.0698131700798 0.996641 0.995473 0.994971103893 0.996753 0.996874 0.997004 0.997145 0.997299 0.997468 0.997655 0.997862 0.998096 0.99836
0.0872664625997 0.994883 0.993099 0.992308891647 0.99505 0.99523 0.995424 0.995635 0.995865 0.996118 0.996397 0.996708 0.997058 0.997455
0.10471975512 0.992798 0.990282 0.98913732886 0.993028 0.993276 0.993543 0.993835 0.994153 0.994503 0.99489 0.995322 0.995808 0.99636
0.12217304764 0.990397 0.987037 0.985473060951 0.990698 0.991021 0.991372 0.991754 0.992171 0.992631 0.99314 0.993708 0.994348 0.995076
0.13962634016 0.98769 0.983378 0.981331634733 0.988068 0.988476 0.988918 0.9894 0.989927 0.990508 0.991152 0.991872 0.992684 0.993608
0.157079632679 0.984685 0.979319 0.976728302718 0.985148 0.985647 0.986189 0.98678 0.987427 0.988141 0.988933 0.989819 0.990819 0.991958
0.174532925199 0.981393 0.974874 0.971678255267 0.981946 0.982544 0.983194 0.983902 0.984679 0.985537 0.986489 0.987554 0.988757 0.990129
0.191986217719 0.977821 0.970055 0.966196649838 0.978471 0.979175 0.979939 0.980774 0.981689 0.9827 0.983823 0.985082 0.986503 0.988124
0.209439510239 0.973978 0.964876 0.960298607331 0.974731 0.975546 0.976432 0.9774 0.978463 0.979637 0.980942 0.982405 0.984059 0.985947
0.226892802759 0.969872 0.959349 0.953999210255 0.970734 0.971666 0.972681 0.973789 0.975007 0.976353 0.977851 0.97953 0.981429 0.983599
0.244346095279 0.965512 0.953487 0.947313502735 0.966486 0.967542 0.96869 0.969946 0.971327 0.972854 0.974554 0.97646 0.978618 0.981083
0.261799387799 0.960904 0.947303 0.940256512445 0.961996 0.96318 0.964469 0.965879 0.967429 0.969145 0.971056 0.9732 0.975628 0.978403
0.279252680319 0.956056 0.940808 0.932843241465 0.95727 0.958587 0.960022 0.961592 0.963319 0.965231 0.967362 0.969754 0.972463 0.975561
0.296705972839 0.950975 0.934016 0.925088675424 0.952316 0.953771 0.955356 0.957092 0.959003 0.961118 0.963476 0.966125 0.969126 0.972559
0.314159265359 0.945669 0.926938 0.917007790813 0.94714 0.948737 0.950478 0.952385 0.954484 0.95681 0.959403 0.962317 0.96562 0.969401
0.331612557879 0.940143 0.919585 0.908615536701 0.941749 0.943492 0.945393 0.947476 0.94977 0.952312 0.955147 0.958335 0.961949 0.966087
0.349065850399 0.934406 0.911971 0.899926840223 0.936149 0.938042 0.940107 0.94237 0.944864 0.947629 0.950713 0.954182 0.958116 0.962622
0.366519142919 0.928463 0.904107 0.890956597438 0.930347 0.932394 0.934627 0.937075 0.939773 0.942765 0.946105 0.949861 0.954123 0.959006
0.383972435439 0.922322 0.896004 0.88171965688 0.924349 0.926552 0.928957 0.931594 0.934501 0.937726 0.941326 0.945377 0.949974 0.955243
0.401425727959 0.915988 0.887674 0.872230810412 0.918162 0.920524 0.923104 0.925933 0.929053 0.932515 0.936382 0.940733 0.945673 0.951335
0.418879020479 0.909469 0.879128 0.86250478044 0.911791 0.914315 0.917072 0.920097 0.923434 0.927138 0.931275 0.935932 0.94122 0.947284
0.436332312999 0.902769 0.870378 0.852556205278 0.905242 0.907931 0.910868 0.914092 0.917649 0.921598 0.92601 0.930978 0.936621 0.943092
0.453785605519 0.895896 0.861436 0.842399626362 0.898521 0.901377 0.904497 0.907922 0.911702 0.9159 0.920591 0.925874 0.931876 0.938762
0.471238898038 0.888855 0.852311 0.832049469965 0.891635 0.894659 0.897964 0.901593 0.905599 0.910048 0.915021 0.920624 0.92699 0.934295
0.488692190558 0.881653 0.843017 0.821520032575 0.884589 0.887783 0.891275 0.895109 0.899343 0.904046 0.909305 0.915231 0.921964 0.929693
0.506145483078 0.874296 0.833562 0.810825468099 0.877388 0.880754 0.884434 0.888476 0.89294 0.897899 0.903446 0.909697 0.916802 0.924959
0.523598775598 0.866788 0.823958 0.799979767755 0.870039 0.873577 0.877446 0.881698 0.886393 0.891611 0.897448 0.904027 0.911507 0.920094
0.541052068118 0.859137 0.814216 0.788996750933 0.862546 0.866258 0.870318 0.874779 0.879708 0.885186 0.891314 0.898224 0.90608 0.915101
0.558505360638 0.851347 0.804346 0.77789004326 0.854916 0.858802 0.863053 0.867725 0.872888 0.878627 0.885049 0.892289 0.900524 0.909982
0.575958653158 0.843424 0.794358 0.766673063801 0.847153 0.851214 0.855657 0.860541 0.865938 0.871939 0.878655 0.886228 0.894842 0.904738
0.593411945678 0.835375 0.784263 0.755359014096 0.839263 0.843499 0.848134 0.85323 0.858863 0.865125 0.872136 0.880042 0.889037 0.899371
0.610865238198 0.827204 0.774071 0.743960859876 0.831252 0.835663 0.84049 0.845798 0.851665 0.85819 0.865495 0.873735 0.883111 0.893884
0.628318530718 0.818916 0.76379 0.732491314614 0.823125 0.82771 0.832729 0.838248 0.844351 0.851138 0.858737 0.86731 0.877066 0.888278
0.645771823238 0.810518 0.753432 0.720962835869 0.814886 0.819646 0.824856 0.830586 0.836922 0.843971 0.851864 0.86077 0.870905 0.882554
0.663225115758 0.802015 0.743005 0.709387605178 0.806541 0.811474 0.816875 0.822816 0.829385 0.836694 0.84488 0.854117 0.864631 0.876716
0.680678408278 0.793411 0.732519 0.69777751343 0.798095 0.803201 0.808791 0.814941 0.821743 0.829311 0.837788 0.847355 0.858245 0.870765
0.698131700798 0.784712 0.721982 0.686144157215 0.789553 0.79483 0.800609 0.806967 0.813999 0.821825 0.830592 0.840486 0.851751 0.864702
0.715584993318 0.775923 0.711404 0.674498822367 0.780919 0.786367 0.792333 0.798897 0.806159 0.81424 0.823294 0.833514 0.84515 0.85853
0.733038285838 0.767049 0.700793 0.662852474828 0.7722 0.777816 0.783967 0.790736 0.798225 0.80656 0.815898 0.826441 0.838445 0.85225
0.750491578358 0.758096 0.690157 0.651215753335 0.763399 0.769182 0.775517 0.782488 0.790201 0.798787 0.808408 0.81927 0.831639 0.845864
0.767944870878 0.749067 0.679505 0.639598958452 0.754521 0.76047 0.766985 0.774157 0.782092 0.790926 0.800826 0.812003 0.824733 0.839374
0.785398163397 0.739968 0.668844 0.62801204343 0.745572 0.751683 0.758377 0.765747 0.773902 0.782981 0.793155 0.804645 0.817731 0.832783
0.802851455917 0.730804 0.658183 0.616464606895 0.736554 0.742826 0.749698 0.757262 0.765633 0.774953 0.7854 0.797197 0.810634 0.826091
0.820304748437 0.72158 0.647529 0.604965891022 0.727475 0.733905 0.74095 0.748706 0.75729 0.766848 0.777562 0.789662 0.803445 0.8193
0.837758040957 0.7123 0.636888 0.593524768736 0.718336 0.724922 0.732138 0.740083 0.748877 0.758669 0.769645 0.782043 0.796166 0.812414
0.855211333477 0.702968 0.626269 0.582149745542 0.709144 0.715883 0.723267 0.731397 0.740396 0.750418 0.761653 0.774342 0.788799 0.805432
0.872664625997 0.69359 0.615677 0.570848946731 0.699903 0.706791 0.71434 0.722652 0.731853 0.7421 0.753587 0.766564 0.781348 0.798358
0.890117918517 0.684169 0.605119 0.559630124686 0.690617 0.697652 0.705361 0.713851 0.72325 0.733717 0.745452 0.758709 0.773814 0.791194
0.907571211037 0.674711 0.594602 0.548500644267 0.68129 0.688468 0.696335 0.704998 0.71459 0.725273 0.73725 0.750781 0.766199 0.78394
0.925024503557 0.66522 0.584132 0.537467491942 0.671926 0.679244 0.687265 0.696098 0.705878 0.716771 0.728985 0.742783 0.758506 0.7766
0.942477796077 0.655699 0.573713 0.526537264824 0.66253 0.669985 0.678155 0.687154 0.697117 0.708215 0.720658 0.734718 0.750738 0.769175
0.959931088597 0.646154 0.563352 0.515716176156 0.653106 0.660693 0.669009 0.678168 0.68831 0.699607 0.712275 0.726587 0.742897 0.761667
0.977384381117 0.636588 0.553054 0.505010057134 0.643658 0.651374 0.659831 0.669146 0.679461 0.690951 0.703836 0.718394 0.734985 0.754079
0.994837673637 0.627006 0.542824 0.494424347773 0.63419 0.64203 0.650625 0.660091 0.670573 0.68225 0.695345 0.710142 0.727004 0.746411
1.01229096616 0.617411 0.532667 0.483964111527 0.624705 0.632666 0.641393 0.651005 0.66165 0.673508 0.686806 0.701832 0.718957 0.738667
1.02974425868 0.607809 0.522587 0.473634031633 0.615209 0.623286 0.63214 0.641894 0.652694 0.664727 0.678221 0.693469 0.710847 0.730849
1.0471975512 0.598201 0.512588 0.463438409284 0.605704 0.613893 0.62287 0.632759 0.64371 0.65591 0.669593 0.685054 0.702676 0.722958
1.06465084372 0.588593 0.502675 0.453381180083 0.596194 0.604491 0.613586 0.623605 0.6347 0.647061 0.660925 0.67659 0.694445 0.714997
1.08210413624 0.578989 0.492851 0.443465906726 0.586684 0.595083 0.604291 0.614435 0.625668 0.638183 0.652219 0.668081 0.686159 0.706968
1.09955742876 0.569391 0.48312 0.433695786318 0.577176 0.585674 0.594989 0.605251 0.616617 0.629279 0.64348 0.659528 0.677819 0.698872
1.11701072128 0.559805 0.473484 0.424073663169 0.567675 0.576266 0.585684 0.596059 0.607549 0.620351 0.634709 0.650934 0.669427 0.690714
1.1344640138 0.550232 0.463948 0.41460202696 0.558183 0.566863 0.576378 0.58686 0.598469 0.611403 0.625909 0.642302 0.660987 0.682494
1.15191730632 0.540678 0.454513 0.405283025548 0.548706 0.557468 0.567075 0.577658 0.589379 0.602438 0.617084 0.633635 0.6525 0.674215
1.16937059884 0.531145 0.445183 0.396118470442 0.539244 0.548086 0.557779 0.568457 0.580283 0.593459 0.608236 0.624936 0.64397 0.665879
1.18682389136 0.521637 0.435959 0.387109840463 0.529804 0.538719 0.548492 0.559259 0.571183 0.584468 0.599368 0.616206 0.635398 0.657489
1.20427718388 0.512157 0.426845 0.378258298195 0.520387 0.52937 0.539218 0.550067 0.562083 0.575469 0.590483 0.60745 0.626788 0.649047
1.2217304764 0.502709 0.417841 0.369564691813 0.510996 0.520042 0.52996 0.540885 0.552985 0.566465 0.581584 0.598669 0.618142 0.640556
1.23918376892 0.493295 0.40895 0.361029571531 0.501636 0.51074 0.520721 0.531716 0.543892 0.557458 0.572673 0.589866 0.609462 0.632018
1.25663706144 0.48392 0.400173 0.352653195094 0.492309 0.501465 0.511504 0.522562 0.534808 0.548452 0.563754 0.581045 0.600752 0.623435
1.27409035396 0.474586 0.391511 0.344435538737 0.483018 0.492222 0.502311 0.513426 0.525735 0.539449 0.554828 0.572207 0.592014 0.614811
1.29154364648 0.465296 0.382966 0.336376304503 0.473766 0.483012 0.493147 0.504312 0.516677 0.530451 0.545899 0.563355 0.583249 0.606147
1.308996939 0.456053 0.374538 0.328474940348 0.464557 0.473839 0.484014 0.495223 0.507635 0.521463 0.53697 0.554493 0.574463 0.597447
1.32645023152 0.44686 0.366228 0.320730641968 0.455393 0.464706 0.474915 0.48616 0.498613 0.512486 0.528043 0.545622 0.565656 0.588712
1.34390352404 0.43772 0.358037 0.313142371081 0.446276 0.455615 0.465852 0.477128 0.489614 0.503524 0.519122 0.536746 0.556831 0.579946
1.36135681656 0.428636 0.349966 0.305708862737 0.437211 0.44657 0.456829 0.468128 0.480641 0.494578 0.510208 0.527868 0.547992 0.571152
1.37881010908 0.419611 0.342014 0.298428639944 0.428199 0.437573 0.447847 0.459164 0.471695 0.485653 0.501305 0.518989 0.53914 0.562331
1.3962634016 0.410646 0.334181 0.291300026461 0.419244 0.428626 0.438911 0.450238 0.46278 0.47675 0.492415 0.510113 0.53028 0.553487
1.41371669412 0.401745 0.326468 0.284321155939 0.410347 0.419733 0.430022 0.441353 0.453899 0.467873 0.483541 0.501243 0.521413 0.544623
1.43116998664 0.392911 0.318874 0.277489986545 0.401511 0.410896 0.421182 0.432511 0.445053 0.459023 0.474686 0.492381 0.512542 0.535741
1.44862327916 0.384145 0.3114 0.270804315585 0.39274 0.402118 0.412396 0.423715 0.436247 0.450204 0.465852 0.483529 0.50367 0.526845
1.46607657168 0.375451 0.304044 0.264261786816 0.384034 0.3934 0.403664 0.414967 0.427481 0.441418 0.457042 0.474692 0.4948 0.517936
1.4835298642 0.36683 0.296806 0.257859908728 0.375397 0.384745 0.39499 0.406271 0.41876 0.432667 0.448259 0.465871 0.485935 0.509019
1.50098315672 0.358285 0.289685 0.251596065506 0.366831 0.376157 0.386376 0.397628 0.410084 0.423955 0.439505 0.457069 0.477077 0.500096
1.51843644924 0.349817 0.282681 0.245467526176 0.358339 0.367636 0.377824 0.389041 0.401458 0.415284 0.430783 0.448288 0.468229 0.49117
1.53588974176 0.34143 0.275793 0.239471459225 0.349922 0.359185 0.369336 0.380512 0.392882 0.406656 0.422096 0.439533 0.459395 0.482243
1.55334303427 0.333125 0.269019 0.233604950883 0.341582 0.350807 0.360915 0.372043 0.38436 0.398074 0.413445 0.430804 0.450576 0.473319
1.57079632679 0.324905 0.26236 0.227865008777 0.333321 0.342503 0.352563 0.363637 0.375894 0.38954 0.404834 0.422105 0.441776 0.464402
1.58824961931 0.31677 0.255812 0.222248574726 0.325142 0.334276 0.344281 0.355296 0.367486 0.381057 0.396265 0.413439 0.432997 0.455492
1.60570291183 0.308723 0.249376 0.216752544853 0.317047 0.326127 0.336073 0.347022 0.359138 0.372626 0.387741 0.404808 0.424243 0.446595
1.62315620435 0.300766 0.243051 0.211373775061 0.309037 0.318058 0.32794 0.338817 0.350853 0.364251 0.379264 0.396215 0.415516 0.437713
1.64060949687 0.2929 0.236834 0.206109088356 0.301114 0.310072 0.319885 0.330684 0.342633 0.355934 0.370837 0.387662 0.40682 0.428849
1.65806278939 0.285128 0.230724 0.200955300426 0.29328 0.302171 0.311908 0.322624 0.334481 0.347677 0.362462 0.379152 0.398156 0.420006
1.67551608191 0.277451 0.224721 0.195909210513 0.285537 0.294355 0.304012 0.31464 0.326397 0.339482 0.354141 0.370689 0.389528 0.411187
1.69296937443 0.26987 0.218823 0.190967634305 0.277886 0.286627 0.296199 0.306733 0.318385 0.331352 0.345878 0.362273 0.380938 0.402396
1.71042266695 0.262387 0.213028 0.186127394807 0.270329 0.278989 0.288471 0.298905 0.310446 0.323288 0.337673 0.353909 0.37239 0.393634
1.72787595947 0.255003 0.207334 0.181385342439 0.262867 0.271441 0.280829 0.291158 0.302582 0.315293 0.32953 0.345598 0.363885 0.384907
1.74532925199 0.24772 0.201741 0.176738366012 0.255502 0.263986 0.273275 0.283494 0.294795 0.307369 0.321452 0.337343 0.355428 0.376215
1.76278254451 0.240538 0.196246 0.17218339455 0.248235 0.256625 0.26581 0.275914 0.287088 0.299519 0.313439 0.329146 0.347021 0.367564
1.78023583703 0.23346 0.190849 0.167717411916 0.241068 0.24936 0.258437 0.268421 0.279462 0.291743 0.305495 0.321011 0.338666 0.358955
1.79768912955 0.226486 0.185548 0.163337462297 0.234001 0.242192 0.251157 0.261017 0.271919 0.284045 0.297622 0.312939 0.330366 0.350392
1.81514242207 0.219617 0.180341 0.159040662996 0.227036 0.235121 0.24397 0.253701 0.26446 0.276426 0.289822 0.304933 0.322125 0.341877
1.83259571459 0.212855 0.175226 0.154824204436 0.220175 0.228151 0.236879 0.246477 0.257088 0.268888 0.282097 0.296995 0.313944 0.333415
1.85004900711 0.2062 0.170203 0.150685361128 0.213417 0.221281 0.229885 0.239346 0.249804 0.261433 0.274449 0.289128 0.305826 0.325007
1.86750229963 0.199654 0.16527 0.146621498978 0.206765 0.214512 0.222989 0.232309 0.24261 0.254062 0.26688 0.281335 0.297775 0.316657
1.88495559215 0.193216 0.160425 0.142630078947 0.200219 0.207847 0.216193 0.225368 0.235507 0.246779 0.259393 0.273617 0.289792 0.308369
1.90240888467 0.186888 0.155667 0.138708668019 0.19378 0.201286 0.209497 0.218523 0.228497 0.239583 0.251989 0.265976 0.28188 0.300144
1.91986217719 0.180671 0.150995 0.134854933714 0.187449 0.19483 0.202903 0.211777 0.221581 0.232479 0.244671 0.258416 0.274043 0.291986
1.93731546971 0.174565 0.146408 0.131066658716 0.181226 0.188479 0.196412 0.20513 0.214762 0.225465 0.23744 0.250937 0.266282 0.283898
1.95476876223 0.168571 0.141903 0.127341742695 0.175113 0.182236 0.190025 0.198584 0.208039 0.218546 0.230298 0.243543 0.2586 0.275883
1.97222205475 0.162689 0.13748 0.123678198659 0.16911 0.1761 0.183743 0.192141 0.201416 0.211721 0.223247 0.236236 0.250999 0.267944
1.98967534727 0.15692 0.133138 0.120074167569 0.163217 0.170072 0.177566 0.1858 0.194892 0.204993 0.216289 0.229018 0.243482 0.260083
2.00712863979 0.151264 0.128875 0.116527911035 0.157436 0.164153 0.171496 0.179563 0.188469 0.198363 0.209426 0.22189 0.236052 0.252303
2.02458193231 0.145721 0.124691 0.113037816793 0.151766 0.158344 0.165534 0.173431 0.182149 0.191833 0.202659 0.214854 0.22871 0.244607
2.04203522483 0.140293 0.120584 0.109602398713 0.146208 0.152645 0.159679 0.167404 0.175933 0.185403 0.19599 0.207914 0.221459 0.236998
2.05948851735 0.134978 0.116553 0.106220305929 0.140762 0.147056 0.153934 0.161485 0.169821 0.179076 0.18942 0.20107 0.214302 0.229479
2.07694180987 0.129777 0.112598 0.102890304567 0.135429 0.141579 0.148298 0.155674 0.163814 0.172852 0.182952 0.194324 0.20724 0.222052
2.09439510239 0.12469 0.108717 0.0996113015073 0.130209 0.136213 0.142771 0.149971 0.157915 0.166733 0.176586 0.187679 0.200275 0.214719
2.11184839491 0.119718 0.10491 0.0963823224455 0.125102 0.130959 0.137356 0.144376 0.152122 0.160719 0.170324 0.181136 0.193411 0.207484
2.12930168743 0.114859 0.101176 0.0932025246914 0.120109 0.125817 0.132051 0.138892 0.146439 0.154813 0.164168 0.174696 0.186648 0.200348
2.14675497995 0.110115 0.0975137 0.0900711862002 0.115228 0.120787 0.126858 0.133518 0.140864 0.149015 0.158118 0.168362 0.179989 0.193315
2.16420827247 0.105485 0.0939231 0.0869877128843 0.110461 0.11587 0.121776 0.128255 0.1354 0.143326 0.152177 0.162135 0.173436 0.186386
2.18166156499 0.100968 0.0904034 0.0839516276457 0.105807 0.111066 0.116807 0.123103 0.130046 0.137747 0.146345 0.156017 0.16699 0.179564
2.19911485751 0.0965648 0.086954 0.0809625722041 0.101265 0.106374 0.111949 0.118063 0.124804 0.132278 0.140623 0.150008 0.160655 0.172851
2.21656815003 0.0922746 0.0835745 0.0780203034404 0.0968371 0.101794 0.107204 0.113135 0.119673 0.126922 0.135012 0.144111 0.15443 0.16625
2.23402144255 0.0880972 0.0802644 0.0751246842576 0.0925214 0.0973276 0.102571 0.10832 0.114655 0.121678 0.129515 0.138326 0.148318 0.159761
2.25147473507 0.0840321 0.0770233 0.0722756872362 0.088318 0.0929732 0.0980512 0.103617 0.10975 0.116547 0.12413 0.132656 0.142321 0.153388
2.26892802759 0.0800788 0.0738508 0.0694733854947 0.0842266 0.0887309 0.0936435 0.099027 0.104958 0.11153 0.118861 0.1271 0.136441 0.147133
2.28638132011 0.0762368 0.0707468 0.0667179508614 0.0802468 0.0846007 0.0893483 0.0945499 0.100279 0.106627 0.113706 0.121662 0.130678 0.140997
2.30383461263 0.0725054 0.0677108 0.0640096410791 0.0763781 0.0805821 0.0851654 0.0901859 0.0957146 0.101839 0.108668 0.11634 0.125034 0.134982
2.32128790515 0.068884 0.0647428 0.0613488016324 0.07262 0.0766748 0.0810945 0.0859349 0.0912642 0.0971662 0.103746 0.111137 0.11951 0.12909
2.33874119767 0.0653719 0.0618425 0.0587358639203 0.0689719 0.0728784 0.0771355 0.0817969 0.0869279 0.0926093 0.0989419 0.106053 0.114108 0.123322
2.35619449019 0.0619683 0.0590098 0.0561713233203 0.0654333 0.0691924 0.073288 0.0777717 0.082706 0.0881684 0.0942556 0.10109 0.10883 0.11768
2.37364778271 0.0586724 0.0562447 0.0536557465006 0.0620034 0.0656162 0.0695518 0.0738591 0.0785984 0.0838437 0.0896877 0.0962477 0.103675 0.112166
2.39110107523 0.0554834 0.053547 0.051189765936 0.0586814 0.0621494 0.0659262 0.0700589 0.0746051 0.0796354 0.0852387 0.091527 0.0986447 0.106781
2.40855436775 0.0524003 0.0509167 0.0487740598001 0.0554667 0.0587912 0.062411 0.0663709 0.0707259 0.0755437 0.0809089 0.0869286 0.0937408 0.101526
2.42600766027 0.0494221 0.0483539 0.0464093556217 0.0523584 0.055541 0.0590055 0.0627946 0.0669608 0.0715686 0.0766987 0.0824532 0.0889638 0.0964025
2.44346095279 0.046548 0.0458586 0.0440964248006 0.0493556 0.0523981 0.0557092 0.0593297 0.0633095 0.06771 0.0726081 0.0781012 0.0843143 0.0914114
2.46091424531 0.0437767 0.0434308 0.0418360643281 0.0464574 0.0493616 0.0525214 0.0559756 0.0597716 0.0639679 0.0686375 0.0738729 0.0797931 0.086554
2.47836753783 0.0411072 0.0410705 0.0396291022708 0.0436628 0.0464307 0.0494415 0.0527319 0.0563469 0.0603421 0.0647868 0.0697687 0.0754008 0.0818311
2.49582083035 0.0385384 0.0387778 0.037476381319 0.0409708 0.0436045 0.0464686 0.0495978 0.0530349 0.0568324 0.061056 0.0657888 0.0711379 0.0772434
2.51327412287 0.036069 0.0365528 0.0353787533029 0.0383802 0.0408821 0.0436019 0.0465729 0.0498351 0.0534385 0.057445 0.0619334 0.0670048 0.0727918
2.53072741539 0.0336977 0.0343956 0.0333370737084 0.0358899 0.0382623 0.0408407 0.0436562 0.046747 0.0501599 0.0539536 0.0582024 0.0630018 0.0684767
2.54818070791 0.0314234 0.0323061 0.0313521943658 0.0334988 0.0357442 0.0381838 0.0408471 0.0437698 0.0469963 0.0505816 0.0545959 0.059129 0.0642988
2.56563400043 0.0292445 0.0302846 0.0294249543093 0.0312056 0.0333266 0.0356304 0.0381447 0.040903 0.0439471 0.0473287 0.0511138 0.0553868 0.0602585
2.58308729295 0.0271599 0.028331 0.0275561688099 0.0290091 0.0310085 0.0331795 0.0355481 0.0381458 0.0410117 0.0441945 0.0477558 0.051775 0.056356
2.60054058547 0.025168 0.0264454 0.025746627547 0.0269079 0.0287885 0.0308299 0.0330564 0.0354974 0.0381896 0.0411785 0.0445218 0.0482937 0.0525915
2.61799387799 0.0232674 0.0246279 0.0239970891246 0.0249007 0.0266655 0.0285805 0.0306685 0.0329569 0.0354799 0.0382801 0.0414112 0.0449427 0.0489652
2.63544717051 0.0214566 0.0228783 0.02230826462 0.0229861 0.0246381 0.0264302 0.0283834 0.0305234 0.032882 0.0354987 0.0384238 0.0417217 0.045477
2.65290046303 0.0197341 0.0211968 0.020680819411 0.0211626 0.0227051 0.0243776 0.0262 0.0281959 0.0303948 0.0328337 0.0355589 0.0386304 0.0421267
2.67035375555 0.0180982 0.0195832 0.0191153622089 0.0194287 0.0208648 0.0224215 0.024117 0.0259732 0.0280176 0.0302841 0.0328159 0.0356683 0.0389141
2.68780704807 0.0165474 0.0180375 0.0176124395743 0.017783 0.0191161 0.0205606 0.0221332 0.0238544 0.0257492 0.0278492 0.030194 0.0328349 0.0358388
2.70526034059 0.01508 0.0165595 0.0161725249492 0.0162237 0.0174573 0.0187933 0.0202474 0.0218381 0.0235886 0.0255279 0.0276925 0.0301294 0.0329003
2.72271363311 0.0136944 0.0151491 0.0147960204851 0.0147494 0.0158869 0.0171184 0.0184581 0.0199231 0.0215347 0.0233193 0.0253104 0.0275512 0.0300981
2.74016692563 0.0123887 0.0138061 0.0134832442474 0.0133583 0.0144033 0.0155342 0.0167639 0.0181081 0.0195861 0.0212222 0.0230468 0.0250994 0.0274313
2.75762021815 0.0111612 0.0125301 0.0122344320432 0.0120488 0.013005 0.0140393 0.0151634 0.0163917 0.0177418 0.0192354 0.0209006 0.0227729 0.0248993
2.77507351067 0.0100102 0.0113209 0.0110497173136 0.0108192 0.0116902 0.012632 0.0136551 0.0147726 0.0160001 0.0173577 0.0188705 0.0205708 0.0225009
2.79252680319 0.00893378 0.010178 0.0099291439297 0.00966757 0.0104572 0.0113107 0.0122374 0.013249 0.0143599 0.0155878 0.0169554 0.0184919 0.0202352
2.80998009571 0.00793016 0.00910113 0.00887264791287 0.00859226 0.00930442 0.0100737 0.0109087 0.0118196 0.0128195 0.0139241 0.0151539 0.0165348 0.018101
2.82743338823 0.0069974 0.00808966 0.00788005926266 0.00759136 0.0082299 0.00891931 0.00966716 0.0104827 0.0113773 0.0123653 0.0134645 0.0146983 0.0160969
2.84488668075 0.00613362 0.00714306 0.00695109281707 0.00666303 0.00723188 0.00784571 0.00851121 0.00923656 0.0100318 0.0109096 0.0118857 0.0129808 0.0142215
2.86233997327 0.00533685 0.00626065 0.00608535008045 0.00580535 0.00630847 0.00685106 0.007439 0.00807945 0.00878124 0.0095554 0.0104159 0.0113806 0.0124732
2.87979326579 0.00460511 0.00544171 0.00528231008373 0.00501638 0.00545777 0.0059335 0.00644869 0.00700957 0.0076238 0.00830099 0.00905326 0.00989623 0.0108503
2.89724655831 0.00393643 0.00468544 0.0045413312124 0.00429415 0.00467783 0.00509112 0.0055384 0.00602505 0.00655767 0.00714452 0.00779605 0.00852572 0.0093511
2.91469985083 0.00332874 0.00399094 0.00386163841071 0.00363664 0.00396667 0.00432193 0.00470616 0.00512394 0.00558089 0.00608405 0.00664233 0.00726717 0.00797357
2.93215314335 0.00278 0.00335722 0.00324233414951 0.00304182 0.00332226 0.00362394 0.00394999 0.00430426 0.0046915 0.00511761 0.00559009 0.00611857 0.00671565
2.94960643587 0.00228813 0.00278323 0.0026823838025 0.00250762 0.00274255 0.00299508 0.00326782 0.00356396 0.00388742 0.0042431 0.00463722 0.00507776 0.00557516
2.96705972839 0.00185099 0.0022678 0.00218061381833 0.00203192 0.00222541 0.00243325 0.00265754 0.0029009 0.0031665 0.00345835 0.00378151 0.00414247 0.00454974
2.98451302091 0.00146646 0.00180967 0.00173571720442 0.00161258 0.00176873 0.0019363 0.00211701 0.00231291 0.00252655 0.00276112 0.00302065 0.00331033 0.00363694
3.00196631343 0.00113235 0.00140747 0.0013462443872 0.00124743 0.0013703 0.00150204 0.00164399 0.00179773 0.00196526 0.00214905 0.00235223 0.00257883 0.00283413
3.01941960595 0.000846459 0.00105973 0.00101059590025 0.00093425 0.00102789 0.00112821 0.00123619 0.00135305 0.00148026 0.0016197 0.00177371 0.00194534 0.00213854
3.03687289847 0.000606536 0.000764879 0.000727026040195 0.000670781 0.00073924 0.000812503 0.000891284 0.000976452 0.00106908 0.00117052 0.00128245 0.00140707 0.00154724
3.05432619099 0.000410297 0.000521193 0.000493631898986 0.000454719 0.000502001 0.000552545 0.000606837 0.000665467 0.000729167 0.000798849 0.000875668 0.000961111 0.00105713
3.07177948351 0.00025541 0.000326838 0.000308347879978 0.000283704 0.000313783 0.000345898 0.000380353 0.000417518 0.000457849 0.000501919 0.000550449 0.00060437 0.000664902
3.08923277603 0.000139481 0.000179826 0.000168925590361 0.000155312 0.000172119 0.000190039 0.000209239 0.000229922 0.000252339 0.000276803 0.000303711 0.000333573 0.000367059
3.10668606855 6.00356e-05 7.79966e-05 7.29192174729e-05 6.70299e-05 7.44437e-05 8.23364e-05 9.07798e-05 9.98619e-05 0.000109691 0.000120402 0.000132168 0.000145208 0.000159813
3.12413936107 1.44802e-05 1.89637e-05 1.76325179049e-05 1.62168e-05 1.80541e-05 2.00065e-05 2.20913e-05 2.43298e-05 2.67482e-05 2.93794e-05 3.22648e-05 3.5458e-05 3.9029e-05
3.14159265359 0.0 0.0 0.0 0.0 0.0 0.0 0.0 0.0 0.0 0.0 0.0 0.0 0.0
