alpha phi_iso phi_ray phi_vec g0=0.1 g0=0.2 g0=0.3 g0=0.4 g0=0.5 g0=0.6 g0=0.7 g0=0.8 g0=0.9 g0=1.0
0.0 1.0 1.0 1.0 1.0 1.0 1.0 1.0 1.0 1.0 1.0 1.0 1.0 1.0
0.0174532925199 0.999653 0.999505 0.999501234647 0.999669 0.999689 0.999713 0.999745 0.999787 0.999846 0.999935 1.00008 1.00038 1.0013
0.0349065850399 0.998683 0.998097 0.998079370418 0.998747 0.998826 0.998924 0.999049 0.999216 0.999449 0.9998 1.00039 1.00157 1.00521
0.0523598775598 0.997199 0.995888 0.995845672088 0.997342 0.997516 0.997733 0.998012 0.998383 0.998903 0.999684 1.00099 1.00362 1.01173
0.0698131700798 0.995284 0.99297 0.992888471133 0.995535 0.995841 0.996222 0.996712 0.997365 0.998279 0.999653 1.00195 1.00659 1.02085
0.0872664625997 0.992992 0.989401 0.989266474987 0.993379 0.993851 0.994441 0.995198 0.996208 0.997622 0.999747 1.0033 1.01048 1.03255
0.10471975512 0.990356 0.985221 0.985018566619 0.990908 0.991581 0.992421 0.993501 0.99494 0.996957 0.999989 1.00506 1.0153 1.0468
0.12217304764 0.9874 0.98046 0.980174257441 0.988143 0.989051 0.990183 0.991639 0.993581 0.996302 1.00039 1.00724 1.02106 1.06358
0.13962634016 0.984143 0.975142 0.974759319247 0.985105 0.986279 0.987745 0.98963 0.992145 0.995669 1.00097 1.00984 1.02774 1.08284
0.157079632679 0.980602 0.969293 0.968798127111 0.981808 0.98328 0.98512 0.987486 0.990642 0.995067 1.00172 1.01286 1.03534 1.10454
0.174532925199 0.976792 0.962936 0.962314312689 0.978268 0.98007 0.982323 0.98522 0.989085 0.994505 1.00265 1.0163 1.04385 1.12864
0.191986217719 0.972728 0.956094 0.95533085433 0.974498 0.976661 0.979365 0.982842 0.987482 0.993989 1.00378 1.02016 1.05324 1.15507
0.209439510239 0.968423 0.948787 0.947870302355 0.970512 0.973064 0.976256 0.980362 0.985841 0.993525 1.00508 1.02444 1.06351 1.18378
0.226892802759 0.963889 0.94104 0.939954621364 0.96632 0.969291 0.973007 0.977787 0.984167 0.993116 1.00658 1.02912 1.07463 1.21472
0.244346095279 0.959138 0.932871 0.931605392983 0.961934 0.965352 0.969626 0.975126 0.982468 0.992765 1.00825 1.0342 1.08658 1.24782
0.261799387799 0.95418 0.924302 0.922843770809 0.957363 0.961254 0.966122 0.972384 0.980746 0.992473 1.01012 1.03967 1.09933 1.28301
0.279252680319 0.949025 0.915354 0.913690593053 0.952616 0.957008 0.9625 0.969568 0.979005 0.992243 1.01216 1.04552 1.11287 1.32023
0.296705972839 0.943683 0.906046 0.904166405063 0.947703 0.952619 0.958768 0.966682 0.977249 0.992072 1.01437 1.05173 1.12716 1.35939
0.314159265359 0.938162 0.896398 0.894291526907 0.942631 0.948095 0.954931 0.96373 0.975479 0.991961 1.01676 1.0583 1.14219 1.40044
0.331612557879 0.932471 0.886429 0.884086008323 0.937407 0.943443 0.950995 0.960716 0.973696 0.991907 1.01931 1.06521 1.1579 1.44328
0.349065850399 0.926617 0.876159 0.873569696297 0.932038 0.938668 0.946964 0.957642 0.971902 0.991909 1.02202 1.07245 1.17429 1.48785
0.366519142919 0.920608 0.865606 0.862762235064 0.926531 0.933776 0.942841 0.954511 0.970096 0.991963 1.02487 1.07999 1.19131 1.53405
0.383972435439 0.914451 0.85479 0.851683111168 0.920892 0.928772 0.938632 0.951326 0.968279 0.992066 1.02786 1.08783 1.20894 1.58181
0.401425727959 0.908151 0.843728 0.840351518287 0.915127 0.923661 0.934339 0.948087 0.966449 0.992215 1.03099 1.09595 1.22713 1.63104
0.418879020479 0.901717 0.832439 0.828786537463 0.909241 0.918446 0.929966 0.944797 0.964607 0.992404 1.03424 1.10433 1.24586 1.68166
0.436332312999 0.895153 0.820942 0.817007001931 0.90324 0.913133 0.925515 0.941456 0.96275 0.99263 1.0376 1.11294 1.26509 1.73358
0.453785605519 0.888467 0.809254 0.80503151965 0.897128 0.907725 0.920988 0.938065 0.960876 0.992887 1.04106 1.12178 1.28479 1.78671
0.471238898038 0.881662 0.797392 0.792878473299 0.89091 0.902226 0.916389 0.934625 0.958985 0.99317 1.04462 1.13082 1.30492 1.84096
0.488692190558 0.874745 0.785375 0.780566020279 0.884591 0.896639 0.911718 0.931135 0.957073 0.993473 1.04826 1.14005 1.32544 1.89625
0.506145483078 0.867721 0.773218 0.768112002603 0.878175 0.890967 0.906978 0.927596 0.955138 0.993791 1.05197 1.14945 1.34631 1.95248
0.523598775598 0.860595 0.76094 0.755534082063 0.871666 0.885213 0.90217 0.924007 0.953178 0.994117 1.05574 1.15898 1.3675 2.00957
0.541052068118 0.853372 0.748557 0.742849560002 0.865068 0.87938 0.897296 0.920367 0.951189 0.994446 1.05956 1.16865 1.38898 2.06741
0.558505360638 0.846056 0.736084 0.730075467433 0.858384 0.873471 0.892357 0.916677 0.949169 0.99477 1.06341 1.17842 1.4107 2.12593
0.575958653158 0.838651 0.723538 0.717228497452 0.851618 0.867488 0.887353 0.912936 0.947114 0.995083 1.06729 1.18827 1.43262 2.18503
0.593411945678 0.831163 0.710935 0.704325050292 0.844775 0.861433 0.882286 0.909142 0.945021 0.995379 1.07118 1.19819 1.45472 2.24461
0.610865238198 0.823596 0.69829 0.691381120686 0.837856 0.855309 0.877157 0.905295 0.942887 0.995651 1.07507 1.20815 1.47694 2.3046
0.628318530718 0.815953 0.685617 0.67841238798 0.830865 0.849117 0.871966 0.901393 0.940709 0.995891 1.07896 1.21814 1.49926 2.36489
0.645771823238 0.808238 0.672932 0.665434103489 0.823806 0.84286 0.866714 0.897436 0.938481 0.996094 1.08282 1.22813 1.52163 2.4254
0.663225115758 0.800456 0.660248 0.652461180613 0.816681 0.83654 0.861401 0.893421 0.936202 0.996251 1.08664 1.2381 1.54402 2.48603
0.680678408278 0.79261 0.64758 0.639508082195 0.809493 0.830157 0.856028 0.889348 0.933867 0.996356 1.09042 1.24804 1.5664 2.54671
0.698131700798 0.784703 0.634941 0.626588865579 0.802245 0.823715 0.850595 0.885216 0.931473 0.996402 1.09414 1.25792 1.58871 2.60733
0.715584993318 0.77674 0.622344 0.613717137553 0.794939 0.817214 0.845102 0.881022 0.929016 0.996382 1.09779 1.26772 1.61094 2.66782
0.733038285838 0.768724 0.609801 0.600906076875 0.787578 0.810657 0.83955 0.876766 0.926491 0.996288 1.10136 1.27742 1.63304 2.72808
0.750491578358 0.760657 0.597324 0.588168389221 0.780165 0.804043 0.833939 0.872446 0.923896 0.996115 1.10483 1.28701 1.65497 2.78804
0.767944870878 0.752544 0.584926 0.575516329711 0.772702 0.797376 0.828269 0.868059 0.921226 0.995855 1.1082 1.29646 1.6767 2.8476
0.785398163397 0.744387 0.572618 0.562961635325 0.765191 0.790656 0.822539 0.863606 0.918478 0.995501 1.11145 1.30575 1.6982 2.90668
0.802851455917 0.73619 0.560409 0.550515592489 0.757635 0.783885 0.816751 0.859083 0.915647 0.995047 1.11457 1.31487 1.71943 2.9652
0.820304748437 0.727956 0.548312 0.538188969487 0.750036 0.777063 0.810903 0.854491 0.912732 0.994486 1.11756 1.32379 1.74035 3.02308
0.837758040957 0.719688 0.536334 0.525992038993 0.742396 0.770193 0.804996 0.849826 0.909727 0.993811 1.12039 1.33251 1.76094 3.08025
0.855211333477 0.711388 0.524487 0.513934533015 0.734717 0.763275 0.799031 0.845088 0.906629 0.993016 1.12306 1.34099 1.78116 3.13662
0.872664625997 0.703059 0.512778 0.502025710475 0.727001 0.75631 0.793006 0.840275 0.903435 0.992094 1.12556 1.34922 1.80098 3.19211
0.890117918517 0.694704 0.501216 0.490274289631 0.719251 0.7493 0.786923 0.835385 0.900141 0.991041 1.12788 1.3572 1.82037 3.24666
0.907571211037 0.686327 0.489809 0.478688470597 0.711469 0.742245 0.780781 0.830418 0.896744 0.989848 1.13001 1.36488 1.8393 3.30019
0.925024503557 0.677929 0.478565 0.467275912826 0.703655 0.735148 0.774579 0.825371 0.89324 0.988512 1.13193 1.37228 1.85773 3.35263
0.942477796077 0.669513 0.467489 0.456043735098 0.695813 0.728008 0.768319 0.820244 0.889628 0.987025 1.13365 1.37935 1.87565 3.40391
0.959931088597 0.661081 0.456589 0.444998538059 0.687944 0.720827 0.762 0.815035 0.885902 0.985382 1.13514 1.3861 1.89301 3.45397
0.977384381117 0.652637 0.44587 0.434146449267 0.680049 0.713606 0.755622 0.809743 0.882062 0.983579 1.13641 1.39251 1.9098 3.50273
0.994837673637 0.644183 0.435338 0.423492965505 0.672132 0.706346 0.749185 0.804367 0.878103 0.98161 1.13743 1.39855 1.92598 3.55014
1.01229096616 0.63572 0.424998 0.41304311047 0.664193 0.699048 0.74269 0.798906 0.874023 0.97947 1.13821 1.40423 1.94154 3.59613
1.02974425868 0.627252 0.414854 0.402801412249 0.656234 0.691713 0.736136 0.793358 0.869819 0.977154 1.13874 1.40951 1.95644 3.64065
1.0471975512 0.61878 0.404909 0.392771858262 0.648257 0.684342 0.729523 0.787723 0.86549 0.974657 1.139 1.4144 1.97067 3.68364
1.06465084372 0.610308 0.395168 0.382957872733 0.640264 0.676936 0.722853 0.782 0.861033 0.971976 1.13899 1.41888 1.9842 3.72505
1.08210413624 0.601836 0.385633 0.373362451858 0.632257 0.669497 0.716125 0.776188 0.856445 0.969107 1.13871 1.42293 1.99701 3.76482
1.09955742876 0.593368 0.376307 0.363988051168 0.624237 0.662025 0.709339 0.770286 0.851725 0.966045 1.13814 1.42655 2.00907 3.8029
1.11701072128 0.584905 0.367192 0.35483663058 0.616205 0.654521 0.702496 0.764294 0.84687 0.962786 1.13729 1.42972 2.02038 3.83924
1.1344640138 0.57645 0.358289 0.345909676929 0.608164 0.646987 0.695597 0.758212 0.841879 0.959329 1.13614 1.43243 2.0309 3.87381
1.15191730632 0.568004 0.349599 0.337208203965 0.600115 0.639423 0.688641 0.752038 0.836751 0.955668 1.13469 1.43468 2.04062 3.90655
1.16937059884 0.55957 0.341123 0.328732752355 0.592059 0.631831 0.681629 0.745773 0.831485 0.951802 1.13293 1.43646 2.04953 3.93743
1.18682389136 0.551149 0.332862 0.320483389683 0.583999 0.624211 0.674561 0.739417 0.826078 0.947728 1.13086 1.43775 2.05761 3.96641
1.20427718388 0.542744 0.324814 0.312459823088 0.575935 0.616566 0.667439 0.732968 0.820529 0.943443 1.12848 1.43855 2.06485 3.99346
1.2217304764 0.534356 0.31698 0.304661219041 0.56787 0.608896 0.660263 0.726428 0.814839 0.938945 1.12577 1.43885 2.07123 4.01853
1.23918376892 0.525988 0.309359 0.297086406096 0.559805 0.601202 0.653033 0.719797 0.809006 0.934232 1.12275 1.43865 2.07673 4.04161
1.25663706144 0.517641 0.301949 0.289733784781 0.551742 0.593485 0.645751 0.713074 0.80303 0.929304 1.1194 1.43794 2.08136 4.06266
1.27409035396 0.509317 0.294747 0.282601350122 0.543682 0.585748 0.638417 0.706259 0.796909 0.924157 1.11572 1.43672 2.08509 4.08165
1.29154364648 0.501017 0.287754 0.275686781756 0.535626 0.57799 0.631032 0.699354 0.790645 0.918792 1.1117 1.43497 2.08792 4.09857
1.308996939 0.492744 0.280965 0.268987331292 0.527576 0.570213 0.623597 0.692359 0.784237 0.913208 1.10736 1.4327 2.08984 4.1134
1.32645023152 0.4845 0.274378 0.262499934951 0.519534 0.56242 0.616114 0.685274 0.777685 0.907403 1.10268 1.4299 2.09084 4.1261
1.34390352404 0.476285 0.26799 0.256221213563 0.511502 0.55461 0.608582 0.678101 0.77099 0.901378 1.09766 1.42658 2.09093 4.13668
1.36135681656 0.468102 0.261798 0.250147495097 0.50348 0.546785 0.601004 0.670839 0.764151 0.895132 1.09231 1.42272 2.09008 4.14512
1.37881010908 0.459952 0.255798 0.24427474708 0.495471 0.538947 0.59338 0.663491 0.75717 0.888667 1.08662 1.41832 2.08831 4.1514
1.3962634016 0.451838 0.249987 0.238598756813 0.487475 0.531097 0.585712 0.656057 0.750048 0.881981 1.08059 1.4134 2.0856 4.15553
1.41371669412 0.443759 0.244359 0.233114951154 0.479495 0.523236 0.578001 0.648538 0.742785 0.875077 1.07422 1.40793 2.08195 4.15749
1.43116998664 0.435719 0.238911 0.227818621794 0.471532 0.515367 0.570248 0.640936 0.735383 0.867955 1.06752 1.40193 2.07738 4.15728
1.44862327916 0.427718 0.233637 0.222704767564 0.463587 0.50749 0.562456 0.633251 0.727843 0.860617 1.06049 1.3954 2.07187 4.1549
1.46607657168 0.419758 0.228535 0.21776820707 0.455662 0.499607 0.554625 0.625487 0.720167 0.853064 1.05312 1.38834 2.06542 4.15035
1.4835298642 0.411841 0.223597 0.21300355617 0.447758 0.491719 0.546757 0.617644 0.712356 0.845297 1.04542 1.38075 2.05805 4.14365
1.50098315672 0.403968 0.21882 0.208405295554 0.439877 0.483829 0.538854 0.609724 0.704412 0.83732 1.03739 1.37263 2.04975 4.13479
1.51843644924 0.396141 0.214198 0.203967748219 0.432021 0.475937 0.530917 0.601728 0.696338 0.829134 1.02903 1.36399 2.04053 4.12378
1.53588974176 0.38836 0.209725 0.199685101994 0.424191 0.468046 0.522949 0.59366 0.688136 0.820742 1.02035 1.35483 2.0304 4.11065
1.55334303427 0.380628 0.205396 0.195551432068 0.416388 0.460157 0.51495 0.585521 0.679807 0.812148 1.01136 1.34516 2.01936 4.09539
1.57079632679 0.372945 0.201206 0.191560700994 0.408615 0.452271 0.506924 0.577313 0.671355 0.803353 1.00204 1.33498 2.00742 4.07803
1.58824961931 0.365313 0.197149 0.187706871322 0.400871 0.444391 0.498872 0.569038 0.662783 0.794361 0.99242 1.32429 1.99459 4.05859
1.60570291183 0.357734 0.193219 0.183983747909 0.39316 0.436518 0.490796 0.560699 0.654092 0.785176 0.98249 1.31311 1.98088 4.03709
1.62315620435 0.350208 0.18941 0.18038515814 0.385483 0.428654 0.482697 0.552299 0.645288 0.775803 0.972259 1.30144 1.9663 4.01354
1.64060949687 0.342738 0.185717 0.176904906871 0.37784 0.4208 0.47458 0.54384 0.636371 0.766244 0.961732 1.28929 1.95086 3.98799
1.65806278939 0.335323 0.182133 0.173536776432 0.370234 0.41296 0.466444 0.535324 0.627347 0.756505 0.950915 1.27667 1.93458 3.96045
1.67551608191 0.327966 0.178654 0.170274594206 0.362666 0.405133 0.458294 0.526756 0.618218 0.746589 0.939813 1.26358 1.91747 3.93096
1.69296937443 0.320667 0.175273 0.167112142524 0.355138 0.397323 0.45013 0.518136 0.608989 0.736502 0.928434 1.25003 1.89955 3.89954
1.71042266695 0.313429 0.171984 0.164043338879 0.347651 0.389531 0.441956 0.509469 0.599662 0.726248 0.916784 1.23604 1.88082 3.86623
1.72787595947 0.306251 0.168783 0.161062100769 0.340206 0.38176 0.433774 0.500757 0.590242 0.715834 0.90487 1.22161 1.86131 3.83108
1.74532925199 0.299136 0.165663 0.158162458328 0.332806 0.37401 0.425586 0.492005 0.580734 0.705263 0.8927 1.20676 1.84104 3.7941
1.76278254451 0.292084 0.162618 0.155338509274 0.325451 0.366284 0.417395 0.483214 0.57114 0.694542 0.88028 1.19149 1.82002 3.75535
1.78023583703 0.285096 0.159644 0.152584486492 0.318143 0.358584 0.409203 0.474388 0.561467 0.683677 0.86762 1.17582 1.79827 3.71487
1.79768912955 0.278174 0.156735 0.149894690449 0.310884 0.350912 0.401014 0.465531 0.551717 0.672673 0.854728 1.15976 1.77581 3.6727
1.81514242207 0.271318 0.153885 0.147263579309 0.303676 0.34327 0.392829 0.456646 0.541896 0.661537 0.841611 1.14332 1.75266 3.62888
1.83259571459 0.264531 0.151091 0.144685813985 0.296518 0.33566 0.384651 0.447737 0.532009 0.650276 0.828279 1.12652 1.72884 3.58346
1.85004900711 0.257812 0.148346 0.142156122972 0.289414 0.328084 0.376484 0.438807 0.52206 0.638894 0.814741 1.10937 1.70438 3.5365
1.86750229963 0.251162 0.145646 0.139669437518 0.282365 0.320544 0.36833 0.429861 0.512054 0.627401 0.801006 1.09187 1.6793 3.48803
1.88495559215 0.244584 0.142987 0.137220914146 0.275371 0.313043 0.360191 0.420901 0.501996 0.615801 0.787083 1.07406 1.65362 3.43812
1.90240888467 0.238077 0.140364 0.134805799492 0.268436 0.305581 0.352071 0.411932 0.491892 0.604102 0.772984 1.05593 1.62736 3.38681
1.91986217719 0.231643 0.137773 0.132419633053 0.261559 0.298162 0.343973 0.402958 0.481746 0.592312 0.758716 1.03751 1.60055 3.33416
1.93731546971 0.225283 0.13521 0.130058134549 0.254743 0.290788 0.335899 0.393982 0.471565 0.580438 0.744292 1.01881 1.57321 3.28023
1.95476876223 0.218997 0.132671 0.12771720392 0.247989 0.28346 0.327852 0.385009 0.461353 0.568486 0.729721 0.999851 1.54538 3.22507
1.97222205475 0.212787 0.130152 0.125393011441 0.241298 0.276181 0.319836 0.376042 0.451116 0.556465 0.715013 0.98064 1.51707 3.16874
1.98967534727 0.206653 0.127649 0.123081930139 0.234672 0.268953 0.311852 0.367086 0.44086 0.544383 0.70018 0.961197 1.48831 3.1113
2.00712863979 0.200596 0.125161 0.120780580844 0.228113 0.261777 0.303906 0.358145 0.43059 0.532246 0.685233 0.941538 1.45914 3.05281
2.02458193231 0.194618 0.122683 0.118485787136 0.221622 0.254657 0.295998 0.349223 0.420311 0.520063 0.670182 0.921681 1.42957 2.99334
2.04203522483 0.188718 0.120213 0.116194687987 0.215199 0.247595 0.288134 0.340324 0.410031 0.507842 0.655039 0.90164 1.39963 2.93293
2.05948851735 0.182899 0.117749 0.113904602588 0.208848 0.240592 0.280314 0.331453 0.399754 0.495591 0.639816 0.881435 1.36936 2.87167
2.07694180987 0.17716 0.115288 0.111613142994 0.202568 0.23365 0.272543 0.322614 0.389486 0.483318 0.624523 0.861081 1.33879 2.8096
2.09439510239 0.171502 0.112828 0.109318146537 0.196362 0.226772 0.264824 0.313811 0.379234 0.471032 0.609173 0.840596 1.30793 2.7468
2.11184839491 0.165927 0.110367 0.107017720881 0.190231 0.21996 0.25716 0.305048 0.369003 0.458739 0.593777 0.819998 1.27682 2.68334
2.12930168743 0.160435 0.107904 0.104710244025 0.184176 0.213217 0.249553 0.29633 0.358799 0.44645 0.578347 0.799305 1.2455 2.61927
2.14675497995 0.155026 0.105437 0.102394319247 0.178199 0.206543 0.242008 0.287661 0.348629 0.434171 0.562895 0.778533 1.21398 2.55466
2.16420827247 0.149702 0.102965 0.100068820157 0.1723 0.199942 0.234526 0.279046 0.338498 0.421913 0.547433 0.757702 1.1823 2.48959
2.18166156499 0.144462 0.100488 0.0977328456426 0.166482 0.193415 0.227112 0.270488 0.328412 0.409682 0.531972 0.736829 1.1505 2.42411
2.19911485751 0.139309 0.098005 0.0953857874537 0.160746 0.186965 0.219768 0.261993 0.318378 0.397488 0.516526 0.715932 1.11859 2.3583
2.21656815003 0.134242 0.0955151 0.0930272626178 0.155092 0.180594 0.212498 0.253564 0.308402 0.385338 0.501105 0.69503 1.08662 2.29223
2.23402144255 0.129262 0.0930185 0.0906571359681 0.149523 0.174303 0.205303 0.245206 0.298489 0.373242 0.485722 0.674139 1.0546 2.22595
2.25147473507 0.12437 0.0905151 0.0882754976159 0.144039 0.168095 0.198189 0.236923 0.288645 0.361208 0.47039 0.65328 1.02258 2.15955
2.26892802759 0.119566 0.0880054 0.0858826854779 0.138642 0.161972 0.191157 0.22872 0.278878 0.349244 0.45512 0.632469 0.990575 2.09309
2.28638132011 0.114851 0.0854898 0.0834792627491 0.133334 0.155936 0.184211 0.220601 0.269192 0.337359 0.439924 0.611726 0.958626 2.02663
2.30383461263 0.110226 0.082969 0.0810660179023 0.128114 0.149989 0.177353 0.212571 0.259594 0.325561 0.424815 0.591067 0.926759 1.96025
2.32128790515 0.10569 0.0804439 0.078643964688 0.122985 0.144133 0.170587 0.204633 0.25009 0.313859 0.409804 0.570512 0.895006 1.89402
2.33874119767 0.101246 0.0779158 0.0762143196074 0.117947 0.13837 0.163915 0.196791 0.240686 0.302261 0.394903 0.550077 0.863395 1.82799
2.35619449019 0.0968922 0.0753858 0.0737784568556 0.113003 0.132702 0.157341 0.189051 0.231387 0.290774 0.380124 0.529782 0.831957 1.76224
2.37364778271 0.0926303 0.0728555 0.0713380209617 0.108152 0.12713 0.150868 0.181415 0.2222 0.279409 0.36548 0.509643 0.800722 1.69684
2.39110107523 0.0884605 0.0703266 0.0688947916214 0.103396 0.121657 0.144498 0.173889 0.213129 0.268172 0.350981 0.489679 0.76972 1.63185
2.40855436775 0.0843833 0.0678009 0.0664507512805 0.0987366 0.116285 0.138234 0.166477 0.204182 0.257071 0.336639 0.469906 0.738979 1.56734
2.42600766027 0.0803992 0.0652804 0.0640079950239 0.0941744 0.111016 0.132079 0.159182 0.195364 0.246115 0.322466 0.450343 0.70853 1.50337
2.44346095279 0.0765086 0.0627673 0.0615688432142 0.0897105 0.10585 0.126035 0.152008 0.18668 0.235312 0.308473 0.431007 0.678401 1.44001
2.46091424531 0.0727119 0.0602639 0.0591357063255 0.085346 0.100791 0.120106 0.144959 0.178136 0.22467 0.294672 0.411913 0.64862 1.37732
2.47836753783 0.0690095 0.0577726 0.0567111525262 0.0810818 0.0958397 0.114295 0.13804 0.169738 0.214195 0.281073 0.39308 0.619216 1.31537
2.49582083035 0.0654018 0.0552959 0.0542978851516 0.076919 0.0909977 0.108603 0.131254 0.16149 0.203896 0.267688 0.374523 0.590216 1.25421
2.51327412287 0.0618892 0.0528365 0.051898697648 0.0728585 0.0862669 0.103033 0.124605 0.153398 0.193781 0.254526 0.356259 0.561648 1.19392
2.53072741539 0.058472 0.0503972 0.0495164961009 0.0689012 0.0816489 0.0975886 0.118096 0.145468 0.183856 0.2416 0.338304 0.533538 1.13454
2.54818070791 0.0551504 0.0479808 0.0471542767068 0.065048 0.0771454 0.0922713 0.111731 0.137704 0.174128 0.228918 0.320673 0.505913 1.07615
2.56563400043 0.0519249 0.0455902 0.0448150807179 0.0612998 0.0727577 0.0870836 0.105513 0.130111 0.164606 0.216492 0.303382 0.478799 1.01879
2.58308729295 0.0487957 0.0432284 0.0425020845531 0.0576573 0.0684876 0.0820281 0.0994466 0.122694 0.155295 0.204331 0.286447 0.452222 0.962528
2.60054058547 0.045763 0.0408985 0.0402184421035 0.0541215 0.0643364 0.077107 0.0935344 0.115459 0.146203 0.192445 0.269881 0.426205 0.907416
2.61799387799 0.0428272 0.0386035 0.0379673973714 0.0506931 0.0603055 0.0723224 0.0877798 0.108409 0.137336 0.180843 0.253698 0.400774 0.85351
2.63544717051 0.0399884 0.0363466 0.0357521943592 0.0473728 0.0563964 0.0676767 0.082186 0.101549 0.1287 0.169535 0.237915 0.375953 0.800863
2.65290046303 0.0372468 0.034131 0.0335761221246 0.0441613 0.0526103 0.0631718 0.076756 0.0948838 0.120302 0.15853 0.222543 0.351763 0.749527
2.67035375555 0.0346026 0.0319596 0.0314424471978 0.0410593 0.0489485 0.0588098 0.0714928 0.0884174 0.112148 0.147837 0.207596 0.328228 0.699552
2.68780704807 0.032056 0.0298358 0.0293544361089 0.0380675 0.0454122 0.0545926 0.0663993 0.082154 0.104243 0.137463 0.193087 0.305369 0.650988
2.70526034059 0.0296071 0.0277626 0.027315355388 0.0351863 0.0420026 0.050522 0.0614783 0.0760975 0.096594 0.127418 0.179028 0.283208 0.603881
2.72271363311 0.0272561 0.0257432 0.0253284265095 0.0324165 0.0387209 0.0466 0.0567323 0.0702517 0.0892055 0.117709 0.165432 0.261764 0.558278
2.74016692563 0.0250029 0.0237806 0.0233968033646 0.0297585 0.0355679 0.0428281 0.052164 0.0646203 0.082083 0.108343 0.15231 0.241057 0.514222
2.75762021815 0.0228477 0.0218779 0.0215235947889 0.0272128 0.0325448 0.0392079 0.0477758 0.0592068 0.0752315 0.0993284 0.139673 0.221106 0.471756
2.77507351067 0.0207906 0.0200379 0.01971188709 0.0247798 0.0296524 0.0357411 0.04357 0.0540145 0.0686559 0.0906718 0.127531 0.201929 0.43092
2.79252680319 0.0188315 0.0182637 0.0179646314089 0.0224599 0.0268916 0.0324291 0.0395487 0.0490467 0.0623606 0.0823798 0.115895 0.183542 0.391753
2.80998009571 0.0169704 0.016558 0.0162847113033 0.0202536 0.0242633 0.0292731 0.0357141 0.0443063 0.05635 0.0744587 0.104775 0.165963 0.354292
2.82743338823 0.0152074 0.0149235 0.0146748976917 0.0181611 0.0217681 0.0262746 0.0320681 0.0397961 0.0506282 0.0669145 0.0941789 0.149207 0.318572
2.84488668075 0.0135423 0.013363 0.0131378939095 0.0161826 0.0194067 0.0234346 0.0286124 0.0355189 0.045199 0.0597527 0.084116 0.133287 0.284625
2.86233997327 0.0119751 0.0118788 0.0116762455972 0.0143185 0.0171798 0.0207542 0.0253488 0.031477 0.0400659 0.0529786 0.0745941 0.118219 0.252483
2.87979326579 0.0105056 0.0104734 0.0102923407011 0.0125688 0.0150878 0.0182343 0.0222787 0.0276728 0.0352323 0.0465971 0.0656207 0.104014 0.222174
2.89724655831 0.00913378 0.00914909 0.00898849958383 0.0109337 0.0131312 0.0158759 0.0194036 0.0241082 0.0307012 0.0406125 0.0572027 0.0906835 0.193725
2.91469985083 0.00785934 0.00790794 0.0077668173303 0.00941334 0.0113104 0.0136796 0.0167246 0.0207852 0.0264754 0.0350291 0.0493463 0.0782394 0.16716
2.93215314335 0.00668211 0.00675194 0.00662927638631 0.00800763 0.0096256 0.0116462 0.0142428 0.0177053 0.0225572 0.0298504 0.0420573 0.0666909 0.142501
2.94960643587 0.00560185 0.00568291 0.00557765644759 0.00671657 0.00807711 0.00977606 0.0119592 0.0148702 0.018949 0.0250797 0.0353407 0.0560468 0.119769
2.96705972839 0.00461826 0.00470251 0.00461362457085 0.00554006 0.00666502 0.00806968 0.00987452 0.0122809 0.0156524 0.0207199 0.0292009 0.0463147 0.0989805
2.98451302091 0.00373102 0.00381222 0.00373857747931 0.00447793 0.00538937 0.0065273 0.00798931 0.00993845 0.0126692 0.0167733 0.0236418 0.0375012 0.080151
3.00196631343 0.00293975 0.00301334 0.00295377672942 0.00352996 0.00425009 0.00514909 0.00630402 0.00784363 0.0100005 0.0132419 0.0186664 0.0296117 0.0632932
3.01941960595 0.00224403 0.00230698 0.0022602360719 0.00269583 0.00324702 0.00393504 0.00481885 0.00599693 0.00764721 0.0101272 0.0142772 0.0226505 0.0484169
3.03687289847 0.00164339 0.00169402 0.00165881156291 0.00197517 0.00237989 0.00288503 0.00353384 0.0043986 0.00560988 0.00743004 0.0104757 0.0166207 0.0355295
3.05432619099 0.00113729 0.00117518 0.00115008892509 0.00136752 0.00164833 0.00199876 0.00244881 0.00304861 0.00388869 0.00515095 0.00726299 0.0115241 0.0246356
3.07177948351 0.000725113 0.000750905 0.000734406075331 0.000872303 0.0010518 0.00127577 0.00156338 0.00194664 0.00248339 0.00328982 0.00463907 0.0073611 0.0157366
3.08923277603 0.000406175 0.000421438 0.000411875652616 0.00048885 0.000589654 0.000715417 0.000876892 0.00109204 0.00139333 0.00184595 0.00260319 0.0041308 0.00883098
3.10668606855 0.000179674 0.000186745 0.000182362490178 0.00021635 0.000261059 0.000316829 0.000388425 0.000483807 0.000617358 0.000817975 0.00115358 0.00183057 0.00391349
3.12413936107 4.46707e-05 4.64994e-05 4.53709765558e-05 5.38174e-05 6.49651e-05 7.88676e-05 9.67117e-05 0.000120481 0.000153756 0.000203736 0.000287339 0.000455974 0.00097479
3.14159265359 0.0 0.0 0.0 0.0 0.0 0.0 0.0 0.0 0.0 0.0 0.0 0.0 0.0
