alpha phi_iso phi_ray phi_vec g0=0.1 g0=0.2 g0=0.3 g0=0.4 g0=0.5 g0=0.6 g0=0.7 g0=0.8 g0=0.9 g0=1.0
0.0 1.0 1.0 1.0 1.0 1.0 1.0 1.0 1.0 1.0 1.0 1.0 1.0 1.0
0.0174532925199 0.999722 0.999606 0.999582839648 0.999734 0.999748 0.999764 0.999782 0.999804 0.999829 0.999859 0.999897 0.999945 1.00001
0.0349065850399 0.998933 0.998477 0.998382022088 0.998981 0.999034 0.999096 0.999166 0.999248 0.999346 0.999464 0.99961 0.999797 1.00004
0.0523598775598 0.9977 0.996693 0.996472277979 0.997803 0.997919 0.998051 0.998204 0.998382 0.998594 0.99885 0.999168 0.999575 1.00011
0.0698131700798 0.996075 0.994317 0.993913151522 0.996251 0.996449 0.996675 0.996937 0.997242 0.997606 0.998047 0.998595 0.999295 1.00023
0.0872664625997 0.994092 0.991391 0.990745525231 0.994356 0.994655 0.994996 0.995391 0.995854 0.996404 0.997072 0.997903 0.998966 1.00038
0.10471975512 0.991773 0.987946 0.9869980821 0.992141 0.992558 0.993034 0.993586 0.994232 0.995003 0.995939 0.997104 0.998596 1.00058
0.12217304764 0.989135 0.984002 0.982693863129 0.989622 0.990173 0.990803 0.991534 0.992391 0.993414 0.994658 0.996205 0.998189 1.00083
0.13962634016 0.986193 0.979581 0.977853818841 0.986811 0.987513 0.988316 0.989247 0.990341 0.991646 0.993235 0.995213 0.997751 1.00113
0.157079632679 0.982959 0.974701 0.972498159705 0.983723 0.98459 0.985583 0.986736 0.988091 0.989709 0.991679 0.994133 0.997283 1.00148
0.174532925199 0.979446 0.969381 0.966646771933 0.980368 0.981415 0.982617 0.984011 0.98565 0.98761 0.989996 0.992971 0.996791 1.00189
0.191986217719 0.975666 0.96364 0.960319270894 0.976759 0.978 0.979425 0.98108 0.983028 0.985356 0.988193 0.991731 0.996277 1.00234
0.209439510239 0.97163 0.957495 0.95353503544 0.972904 0.974354 0.976019 0.977953 0.98023 0.982954 0.986274 0.990417 0.995741 1.00284
0.226892802759 0.967346 0.950963 0.946313215543 0.968815 0.970486 0.972406 0.974637 0.977265 0.98041 0.984245 0.989032 0.995185 1.0034
0.244346095279 0.962827 0.944062 0.938672743733 0.9645 0.966405 0.968594 0.971139 0.974139 0.977729 0.98211 0.987579 0.994612 1.004
0.261799387799 0.95808 0.936807 0.930632380876 0.959969 0.962119 0.964592 0.967468 0.970859 0.974918 0.979873 0.986061 0.99402 1.00465
0.279252680319 0.953116 0.929216 0.922210723805 0.955229 0.957637 0.960407 0.963629 0.967429 0.971981 0.977538 0.98448 0.99341 1.00534
0.296705972839 0.947941 0.921303 0.91342622821 0.950289 0.952966 0.956045 0.959629 0.963857 0.968922 0.975107 0.982837 0.992783 1.00607
0.314159265359 0.942564 0.913086 0.904297227707 0.945157 0.948112 0.951513 0.955473 0.960146 0.965745 0.972585 0.981134 0.992136 1.00684
0.331612557879 0.936994 0.90458 0.894841941469 0.939839 0.943083 0.946818 0.951167 0.956301 0.962454 0.969972 0.979371 0.991469 1.00764
0.349065850399 0.931237 0.895799 0.885078462787 0.934343 0.937885 0.941964 0.946716 0.952326 0.959052 0.967271 0.977548 0.99078 1.00847
0.366519142919 0.9253 0.88676 0.875024762876 0.928675 0.932524 0.936959 0.942126 0.948226 0.955542 0.964484 0.975668 0.990068 1.00932
0.383972435439 0.919191 0.877477 0.864698698511 0.922841 0.927007 0.931806 0.937399 0.944004 0.951928 0.961613 0.973729 0.989332 1.0102
0.401425727959 0.912916 0.867966 0.854117981508 0.916849 0.921338 0.926512 0.932542 0.939665 0.948211 0.958658 0.971731 0.988568 1.01109
0.418879020479 0.906482 0.85824 0.84330018635 0.910704 0.915525 0.921081 0.927558 0.935211 0.944394 0.955622 0.969673 0.987774 1.01198
0.436332312999 0.899894 0.848314 0.832262727304 0.904412 0.90957 0.915517 0.922452 0.930645 0.940479 0.952505 0.967556 0.986947 1.01289
0.453785605519 0.89316 0.838203 0.821022846971 0.897979 0.903481 0.909826 0.917226 0.925971 0.936468 0.949307 0.965378 0.986085 1.01379
0.471238898038 0.886284 0.82792 0.809597604847 0.891409 0.897262 0.904012 0.911885 0.921191 0.932363 0.946029 0.963137 0.985185 1.01468
0.488692190558 0.879274 0.81748 0.798003854431 0.884709 0.890917 0.898078 0.906433 0.916308 0.928165 0.942672 0.960834 0.984243 1.01557
0.506145483078 0.872133 0.806896 0.786258243228 0.877883 0.884452 0.89203 0.900871 0.911324 0.923876 0.939235 0.958467 0.983255 1.01643
0.523598775598 0.864868 0.796182 0.774377174597 0.870936 0.87787 0.88587 0.895205 0.906242 0.919498 0.93572 0.956033 0.982219 1.01726
0.541052068118 0.857485 0.78535 0.762376807757 0.863874 0.871176 0.879602 0.889436 0.901064 0.915031 0.932125 0.953532 0.98113 1.01807
0.558505360638 0.849987 0.774414 0.750273034893 0.856701 0.864375 0.873231 0.883568 0.895792 0.910477 0.92845 0.950962 0.979986 1.01884
0.575958653158 0.842381 0.763387 0.738081462088 0.849422 0.85747 0.866759 0.877603 0.890428 0.905836 0.924696 0.94832 0.978781 1.01956
0.593411945678 0.834671 0.75228 0.725817405502 0.84204 0.850465 0.860191 0.871544 0.884974 0.901109 0.920861 0.945605 0.977512 1.02023
0.610865238198 0.826862 0.741107 0.713495853228 0.834562 0.843365 0.853529 0.865394 0.879431 0.896297 0.916946 0.942815 0.976174 1.02084
0.628318530718 0.818958 0.729879 0.70113147674 0.82699 0.836173 0.846776 0.859156 0.873802 0.891401 0.91295 0.939947 0.974765 1.02138
0.645771823238 0.810965 0.718608 0.688738596551 0.819329 0.828893 0.839936 0.85283 0.868087 0.886422 0.908871 0.937 0.973279 1.02186
0.663225115758 0.802888 0.707304 0.676331174591 0.811583 0.821528 0.833011 0.846421 0.862289 0.881359 0.904711 0.933972 0.971713 1.02225
0.680678408278 0.794729 0.69598 0.663922802763 0.803757 0.814081 0.826005 0.83993 0.856408 0.876213 0.900467 0.93086 0.970063 1.02256
0.698131700798 0.786494 0.684646 0.651526680049 0.795853 0.806557 0.81892 0.833359 0.850447 0.870986 0.896139 0.927661 0.968323 1.02278
0.715584993318 0.778187 0.673312 0.6391556087 0.787876 0.798959 0.811759 0.826711 0.844406 0.865676 0.891727 0.924375 0.96649 1.02289
0.733038285838 0.769812 0.661989 0.626821986605 0.77983 0.791289 0.804526 0.819987 0.838287 0.860285 0.887228 0.920997 0.964561 1.0229
0.750491578358 0.761373 0.650686 0.614537784403 0.771717 0.783551 0.797221 0.81319 0.832091 0.854812 0.882644 0.917527 0.962529 1.0228
0.767944870878 0.752874 0.639413 0.602314545482 0.763543 0.775749 0.789849 0.806321 0.825819 0.849259 0.877972 0.913961 0.960393 1.02258
0.785398163397 0.744319 0.628179 0.590163363091 0.75531 0.767885 0.782411 0.799383 0.819472 0.843625 0.873212 0.910298 0.958147 1.02224
0.802851455917 0.735712 0.616993 0.578094895601 0.747022 0.759961 0.774911 0.792376 0.813052 0.837911 0.868363 0.906536 0.955787 1.02176
0.820304748437 0.727057 0.605863 0.566119332168 0.738682 0.751982 0.767349 0.785304 0.806559 0.832116 0.863424 0.902671 0.953311 1.02114
0.837758040957 0.718357 0.594797 0.554246400367 0.730293 0.74395 0.75973 0.778168 0.799995 0.826241 0.858395 0.898703 0.950713 1.02038
0.855211333477 0.709616 0.583803 0.54248536619 0.721859 0.735868 0.752055 0.770969 0.793361 0.820287 0.853274 0.894628 0.94799 1.01947
0.872664625997 0.700838 0.572889 0.530845018786 0.713383 0.727739 0.744326 0.763709 0.786658 0.814253 0.848061 0.890446 0.945138 1.0184
0.890117918517 0.692026 0.562061 0.519333659018 0.704868 0.719564 0.736546 0.756391 0.779886 0.808139 0.842755 0.886153 0.942154 1.01717
0.907571211037 0.683183 0.551327 0.507959122352 0.696317 0.711348 0.728718 0.749015 0.773047 0.801947 0.837356 0.881748 0.939034 1.01578
0.925024503557 0.674313 0.540691 0.496728748339 0.687733 0.703093 0.720842 0.741583 0.766142 0.795676 0.831862 0.87723 0.935775 1.01421
0.942477796077 0.665419 0.530162 0.485649399687 0.67912 0.694801 0.712921 0.734098 0.759172 0.789326 0.826273 0.872596 0.932375 1.01246
0.959931088597 0.656504 0.519743 0.474727458447 0.670479 0.686474 0.704958 0.72656 0.752138 0.782898 0.820589 0.867845 0.928828 1.01053
0.977384381117 0.647572 0.50944 0.463968810757 0.661815 0.678116 0.696955 0.718971 0.745041 0.776393 0.814809 0.862975 0.925133 1.00841
0.994837673637 0.638626 0.499258 0.453378873539 0.653129 0.669729 0.688913 0.711334 0.737882 0.76981 0.808933 0.857985 0.921288 1.0061
1.01229096616 0.629668 0.489202 0.442962575431 0.644425 0.661316 0.680836 0.703649 0.730662 0.76315 0.80296 0.852873 0.917288 1.00359
1.02974425868 0.620703 0.479275 0.432724375859 0.635706 0.652878 0.672724 0.695918 0.723383 0.756414 0.796889 0.847638 0.913132 1.00088
1.0471975512 0.611732 0.469482 0.422668261221 0.626973 0.644418 0.664579 0.688143 0.716045 0.749602 0.790722 0.84228 0.908818 0.997961
1.06465084372 0.602759 0.459826 0.412797744887 0.61823 0.635939 0.656405 0.680325 0.708649 0.742715 0.784457 0.836796 0.904342 0.994836
1.08210413624 0.593786 0.450309 0.403115893906 0.60948 0.627443 0.648203 0.672466 0.701197 0.735752 0.778095 0.831187 0.899704 0.9915
1.09955742876 0.584817 0.440935 0.39362530611 0.600724 0.618932 0.639974 0.664568 0.693691 0.728716 0.771636 0.82545 0.894901 0.987947
1.11701072128 0.575855 0.431707 0.38432814827 0.591966 0.610408 0.631722 0.656632 0.68613 0.721607 0.765079 0.819587 0.889932 0.984177
1.1344640138 0.566901 0.422625 0.375226140832 0.583208 0.601874 0.623447 0.64866 0.678517 0.714424 0.758425 0.813595 0.884795 0.980184
1.15191730632 0.557958 0.413693 0.36632057699 0.574453 0.593333 0.615152 0.640654 0.670852 0.707171 0.751675 0.807475 0.879489 0.975968
1.16937059884 0.54903 0.404911 0.357612334134 0.565702 0.584785 0.606839 0.632615 0.663137 0.699846 0.744828 0.801227 0.874013 0.971526
1.18682389136 0.540119 0.39628 0.349101877661 0.556959 0.576234 0.59851 0.624545 0.655374 0.692452 0.737885 0.79485 0.868365 0.966856
1.20427718388 0.531227 0.387802 0.340789287681 0.548226 0.567681 0.590167 0.616446 0.647564 0.684988 0.730847 0.788344 0.862546 0.961956
1.2217304764 0.522357 0.379476 0.332674243755 0.539504 0.55913 0.581811 0.608319 0.639708 0.677458 0.723714 0.78171 0.856555 0.956825
1.23918376892 0.513511 0.371304 0.324756063047 0.530797 0.550581 0.573445 0.600167 0.631808 0.66986 0.716487 0.774948 0.850391 0.951462
1.25663706144 0.504692 0.363285 0.317033704134 0.522106 0.542037 0.565071 0.59199 0.623865 0.662198 0.709168 0.768058 0.844054 0.945865
1.27409035396 0.495903 0.355419 0.309505774637 0.513435 0.533501 0.55669 0.583791 0.61588 0.654471 0.701756 0.76104 0.837545 0.940036
1.29154364648 0.487144 0.347705 0.302170554111 0.504784 0.524974 0.548305 0.575572 0.607856 0.646682 0.694254 0.753897 0.830864 0.933972
1.308996939 0.478419 0.340143 0.295025997858 0.496157 0.516458 0.539918 0.567333 0.599795 0.638831 0.686662 0.746628 0.82401 0.927674
1.32645023152 0.46973 0.332731 0.288069767445 0.487555 0.507955 0.53153 0.559078 0.591697 0.630922 0.678982 0.739235 0.816986 0.921142
1.34390352404 0.461079 0.325468 0.28129923452 0.478981 0.499469 0.523143 0.550808 0.583564 0.622954 0.671215 0.731718 0.809792 0.914378
1.36135681656 0.452469 0.318354 0.274711492255 0.470437 0.490999 0.51476 0.542525 0.575399 0.61493 0.663362 0.72408 0.802428 0.907381
1.37881010908 0.443901 0.311385 0.268303385864 0.461924 0.482549 0.506382 0.534231 0.567203 0.606851 0.655426 0.716321 0.794897 0.900153
1.3962634016 0.435377 0.304561 0.262071512603 0.453445 0.474121 0.498012 0.525928 0.558978 0.598719 0.647408 0.708444 0.7872 0.892695
1.41371669412 0.4269 0.297879 0.256012256103 0.445002 0.465716 0.48965 0.517617 0.550726 0.590537 0.639309 0.70045 0.779338 0.885009
1.43116998664 0.418471 0.291337 0.250121778741 0.436597 0.457337 0.481301 0.509301 0.542449 0.582306 0.631133 0.69234 0.771314 0.877097
1.44862327916 0.410093 0.284932 0.244396067416 0.428231 0.448985 0.472964 0.500982 0.534149 0.574027 0.622881 0.684119 0.76313 0.868961
1.46607657168 0.401767 0.278663 0.238830918289 0.419907 0.440663 0.464643 0.492661 0.525828 0.565704 0.614554 0.675786 0.754788 0.860603
1.4835298642 0.393496 0.272526 0.233421982563 0.411627 0.432372 0.456339 0.484341 0.517488 0.557339 0.606156 0.667346 0.746291 0.852028
1.50098315672 0.38528 0.26652 0.228164762664 0.403392 0.424115 0.448055 0.476024 0.509131 0.548933 0.597689 0.6588 0.737641 0.843237
1.51843644924 0.377123 0.26064 0.223054646579 0.395205 0.415893 0.439792 0.467712 0.500759 0.540489 0.589155 0.650151 0.728842 0.834233
1.53588974176 0.369025 0.254884 0.218086900222 0.387067 0.407708 0.431552 0.459406 0.492376 0.53201 0.580557 0.641402 0.719897 0.825022
1.55334303427 0.360989 0.249248 0.213256709395 0.37898 0.399562 0.423337 0.45111 0.483982 0.523498 0.571898 0.632557 0.710808 0.815605
1.57079632679 0.353016 0.243731 0.208559179795 0.370946 0.391457 0.41515 0.442826 0.475581 0.514955 0.563179 0.623617 0.70158 0.805988
1.58824961931 0.345107 0.238328 0.20398936371 0.362966 0.383395 0.406992 0.434554 0.467174 0.506383 0.554405 0.614586 0.692216 0.796175
1.60570291183 0.337265 0.233036 0.199542267652 0.355043 0.375378 0.398865 0.426298 0.458764 0.497787 0.545578 0.605468 0.68272 0.786169
1.62315620435 0.329491 0.227852 0.195212867614 0.347177 0.367407 0.390771 0.41806 0.450353 0.489167 0.536701 0.596266 0.673097 0.775978
1.64060949687 0.321786 0.222773 0.190996131962 0.339371 0.359485 0.382713 0.409842 0.441945 0.480528 0.527778 0.586984 0.66335 0.765605
1.65806278939 0.314153 0.217795 0.186887036688 0.331627 0.351612 0.374692 0.401646 0.433541 0.471872 0.518811 0.577626 0.653484 0.755056
1.67551608191 0.306592 0.212915 0.182880569232 0.323946 0.343792 0.366711 0.393475 0.425144 0.463202 0.509804 0.568196 0.643504 0.744336
1.69296937443 0.299105 0.208129 0.178971755179 0.316329 0.336026 0.358771 0.385331 0.416756 0.454521 0.500761 0.558697 0.633414 0.733451
1.71042266695 0.291693 0.203435 0.175155658261 0.308778 0.328315 0.350874 0.377216 0.408381 0.445831 0.491685 0.549133 0.623219 0.722408
1.72787595947 0.284358 0.198829 0.171427414692 0.301295 0.320662 0.343023 0.369132 0.400021 0.437137 0.482579 0.539509 0.612925 0.711212
1.74532925199 0.277101 0.194307 0.167782229349 0.293881 0.313067 0.335219 0.361082 0.391678 0.42844 0.473447 0.52983 0.602536 0.699869
1.76278254451 0.269923 0.189867 0.164215391035 0.286538 0.305534 0.327464 0.353068 0.383355 0.419745 0.464293 0.520099 0.592058 0.688388
1.78023583703 0.262826 0.185505 0.160722287734 0.279267 0.298063 0.319761 0.345092 0.375055 0.411054 0.455121 0.510321 0.581497 0.676773
1.79768912955 0.255811 0.181219 0.157298421875 0.27207 0.290656 0.312111 0.337157 0.366781 0.40237 0.445934 0.500502 0.570857 0.665033
1.81514242207 0.248879 0.177004 0.153939406512 0.264947 0.283315 0.304517 0.329265 0.358535 0.393698 0.436737 0.490645 0.560146 0.653174
1.83259571459 0.242031 0.172858 0.150640995845 0.257902 0.276042 0.29698 0.321418 0.350321 0.38504 0.427533 0.480755 0.549368 0.641204
1.85004900711 0.235268 0.168779 0.147399081403 0.250933 0.268838 0.289502 0.313619 0.34214 0.376399 0.418327 0.470837 0.538531 0.629131
1.86750229963 0.228592 0.164763 0.144209707308 0.244044 0.261705 0.282085 0.30587 0.333997 0.367779 0.409122 0.460897 0.527639 0.616961
1.88495559215 0.222003 0.160807 0.141069070268 0.237236 0.254644 0.274731 0.298174 0.325893 0.359184 0.399923 0.450939 0.516699 0.604703
1.90240888467 0.215503 0.15691 0.13797354247 0.230509 0.247657 0.267443 0.290532 0.317831 0.350616 0.390734 0.440968 0.505718 0.592365
1.91986217719 0.209092 0.153068 0.134919660135 0.223865 0.240745 0.260222 0.282947 0.309815 0.34208 0.381559 0.43099 0.494701 0.579955
1.93731546971 0.202771 0.14928 0.131904150219 0.217305 0.233911 0.253069 0.275422 0.301848 0.333579 0.372402 0.42101 0.483656 0.567481
1.95476876223 0.196542 0.145542 0.128923918974 0.210831 0.227156 0.245988 0.267959 0.293931 0.325115 0.363268 0.411033 0.472589 0.554951
1.97222205475 0.190405 0.141854 0.125976067199 0.204443 0.22048 0.238979 0.260559 0.286068 0.316694 0.354161 0.401064 0.461506 0.542374
1.98967534727 0.184361 0.138212 0.123057890249 0.198143 0.213886 0.232045 0.253227 0.278262 0.308318 0.345085 0.391109 0.450415 0.529758
2.00712863979 0.17841 0.134615 0.120166889471 0.191932 0.207375 0.225187 0.245963 0.270516 0.299991 0.336045 0.381173 0.439322 0.517112
2.02458193231 0.172555 0.131061 0.117300760765 0.18581 0.200949 0.218407 0.238769 0.262833 0.291717 0.327045 0.371262 0.428234 0.504444
2.04203522483 0.166794 0.127549 0.114457409843 0.179779 0.194608 0.211708 0.23165 0.255214 0.283498 0.318089 0.361381 0.417157 0.491763
2.05948851735 0.161129 0.124077 0.111634956039 0.17384 0.188354 0.20509 0.224605 0.247664 0.275339 0.309182 0.351536 0.406099 0.479078
2.07694180987 0.155561 0.120644 0.108831713241 0.167994 0.182189 0.198556 0.217639 0.240185 0.267243 0.300329 0.341732 0.395066 0.466398
2.09439510239 0.15009 0.117249 0.10604622422 0.162241 0.176114 0.192107 0.210753 0.23278 0.259213 0.291533 0.331974 0.384066 0.453732
2.11184839491 0.144717 0.11389 0.10327721867 0.156584 0.17013 0.185745 0.203949 0.225452 0.251254 0.282799 0.322269 0.373105 0.441088
2.12930168743 0.139443 0.110567 0.100523651352 0.151021 0.164238 0.179471 0.197229 0.218203 0.243368 0.274132 0.312621 0.362191 0.428476
2.14675497995 0.134267 0.10728 0.0977846715805 0.145556 0.158439 0.173288 0.190596 0.211037 0.235559 0.265536 0.303036 0.35133 0.415904
2.16420827247 0.129191 0.104026 0.0950596461102 0.140187 0.152736 0.167197 0.184051 0.203955 0.227831 0.257014 0.29352 0.340529 0.403381
2.18166156499 0.124214 0.100807 0.0923481286167 0.134916 0.147128 0.161199 0.177598 0.196961 0.220186 0.248573 0.284078 0.329795 0.390916
2.19911485751 0.119337 0.0976214 0.0896498787717 0.129744 0.141617 0.155297 0.171237 0.190057 0.212629 0.240215 0.274715 0.319135 0.378518
2.21656815003 0.114561 0.0944693 0.0869648469837 0.124671 0.136204 0.14949 0.16497 0.183246 0.205163 0.231945 0.265437 0.308556 0.366195
2.23402144255 0.109886 0.0913508 0.0842931743979 0.119698 0.13089 0.143782 0.158801 0.176531 0.19779 0.223767 0.25625 0.298065 0.353957
2.25147473507 0.105312 0.088266 0.0816351852668 0.114825 0.125676 0.138173 0.152731 0.169914 0.190515 0.215686 0.247158 0.287669 0.341813
2.26892802759 0.10084 0.085215 0.0789913831353 0.110054 0.120563 0.132665 0.146761 0.163397 0.183341 0.207705 0.238167 0.277373 0.32977
2.28638132011 0.0964687 0.0821982 0.0763624432116 0.105385 0.115552 0.127259 0.140894 0.156983 0.17627 0.19983 0.229282 0.267186 0.317838
2.30383461263 0.0921996 0.0792161 0.0737492009227 0.100818 0.110644 0.121957 0.135131 0.150675 0.169306 0.192063 0.220508 0.257113 0.306025
2.32128790515 0.0880324 0.0762694 0.0711526557291 0.0963534 0.105839 0.116759 0.129474 0.144475 0.162452 0.184408 0.21185 0.247161 0.294339
2.33874119767 0.0839672 0.0733586 0.0685739520514 0.091992 0.101139 0.111668 0.123925 0.138384 0.155712 0.17687 0.203314 0.237336 0.282789
2.35619449019 0.0800041 0.0704846 0.0660143830847 0.0877341 0.0965439 0.106683 0.118485 0.132407 0.149087 0.169453 0.194903 0.227645 0.271384
2.37364778271 0.0761431 0.0676484 0.063475360281 0.08358 0.0920547 0.101807 0.113157 0.126543 0.142581 0.16216 0.186624 0.218094 0.26013
2.39110107523 0.0723841 0.0648509 0.0609584400523 0.07953 0.0876719 0.0970398 0.107941 0.120797 0.136196 0.154995 0.17848 0.208689 0.249036
2.40855436775 0.0687271 0.0620933 0.0584652779935 0.0755844 0.0833962 0.0923831 0.10284 0.115169 0.129936 0.147961 0.170477 0.199435 0.23811
2.42600766027 0.0651721 0.0593768 0.0559976441417 0.0717434 0.0792282 0.0878377 0.0978539 0.109662 0.123803 0.141062 0.162619 0.19034 0.227359
2.44346095279 0.0617189 0.0567025 0.0535573924581 0.0680071 0.0751685 0.0834046 0.092985 0.104278 0.1178 0.134301 0.15491 0.181409 0.216791
2.46091424531 0.0583674 0.054072 0.0511464760872 0.0643758 0.0712173 0.0790845 0.0882344 0.0990182 0.111929 0.127682 0.147354 0.172646 0.206414
2.47836753783 0.0551172 0.0514865 0.0487669168384 0.0608493 0.0673753 0.0748783 0.0836033 0.0938849 0.106193 0.121208 0.139957 0.164059 0.196234
2.49582083035 0.0519681 0.0489475 0.0464207937424 0.0574279 0.0636426 0.0707867 0.079093 0.0888797 0.100594 0.114882 0.132721 0.155651 0.186258
2.51327412287 0.0489199 0.0464565 0.0441102583097 0.0541113 0.0600197 0.0668104 0.0747045 0.0840042 0.0951335 0.108707 0.125651 0.147428 0.176493
2.53072741539 0.0459722 0.044015 0.0418374811246 0.0508997 0.0565067 0.0629499 0.0704389 0.0792599 0.0898147 0.102686 0.118751 0.139395 0.166946
2.54818070791 0.0431245 0.0416247 0.039604682363 0.0477928 0.0531038 0.0592059 0.0662971 0.0746482 0.0846393 0.0968211 0.112023 0.131557 0.157623
2.56563400043 0.0403765 0.0392871 0.0374140974595 0.0447905 0.0498113 0.0555788 0.0622801 0.0701706 0.0796091 0.0911155 0.105473 0.123919 0.148529
2.58308729295 0.0377277 0.0370038 0.0352679694783 0.0418926 0.0466291 0.052069 0.0583885 0.0658282 0.074726 0.0855715 0.0991023 0.116484 0.139672
2.60054058547 0.0351776 0.0347764 0.033168537669 0.0390988 0.0435573 0.048677 0.0546233 0.0616224 0.0699918 0.0801916 0.092915 0.109257 0.131055
2.61799387799 0.0327256 0.0326067 0.0311180336515 0.0364089 0.0405959 0.0454028 0.0509849 0.057554 0.065408 0.074978 0.0869139 0.102242 0.122686
2.63544717051 0.0303712 0.0304961 0.0291186623427 0.0338224 0.0377447 0.0422469 0.047474 0.0536243 0.060976 0.0699327 0.0811018 0.0954434 0.114569
2.65290046303 0.0281136 0.0284463 0.0271725981416 0.0313389 0.0350037 0.0392093 0.0440911 0.0498339 0.0566974 0.0650577 0.0754814 0.0888639 0.106708
2.67035375555 0.0259523 0.0264589 0.0252819620409 0.0289579 0.0323725 0.03629 0.0408365 0.0461837 0.0525732 0.0603547 0.0700552 0.0825071 0.0991079
2.68780704807 0.0238863 0.0245353 0.0234488254417 0.026679 0.0298508 0.0334891 0.0377104 0.0426743 0.0486045 0.0558253 0.0648253 0.0763763 0.0917736
2.70526034059 0.0219151 0.0226772 0.0216751872652 0.0245015 0.0274384 0.0308063 0.0347132 0.0393063 0.0447924 0.0514711 0.059794 0.0704742 0.0847086
2.72271363311 0.0200376 0.0208858 0.0199629663232 0.0224248 0.0251347 0.0282417 0.0318449 0.0360801 0.0411376 0.0472933 0.0549631 0.0648035 0.0779167
2.74016692563 0.0182531 0.0191627 0.0183140051326 0.0204482 0.0229394 0.0257948 0.0291055 0.0329959 0.0376408 0.0432931 0.0503343 0.0593666 0.071401
2.75762021815 0.0165606 0.017509 0.0167300355831 0.0185709 0.0208517 0.0234653 0.0264949 0.0300541 0.0343026 0.0394714 0.045909 0.0541656 0.0651647
2.77507351067 0.0149592 0.0159261 0.0152126865667 0.0167921 0.0188711 0.0212528 0.0240129 0.0272547 0.0311233 0.035829 0.0416886 0.0492024 0.0592103
2.79252680319 0.0134477 0.0144152 0.0137634725332 0.0151109 0.0169969 0.0191569 0.0216593 0.0245976 0.0281033 0.0323666 0.037674 0.0444786 0.0535403
2.80998009571 0.0120252 0.0129772 0.0123837744166 0.0135265 0.0152283 0.0171768 0.0194335 0.0220827 0.0252426 0.0290845 0.0338662 0.0399956 0.0481566
2.82743338823 0.0106904 0.0116132 0.0110748396353 0.0120377 0.0135644 0.0153118 0.0173352 0.0197097 0.0225412 0.0259829 0.0302657 0.0357543 0.0430608
2.84488668075 0.00944227 0.010324 0.00983777446251 0.0106435 0.0120043 0.0135613 0.0153636 0.0174781 0.0199988 0.023062 0.0268728 0.0317555 0.0382542
2.86233997327 0.00827944 0.00911029 0.00867352495249 0.00934276 0.0105469 0.0119242 0.013518 0.0153873 0.017615 0.0203215 0.0236877 0.0279997 0.0337377
2.87979326579 0.00720064 0.0079728 0.00758288075539 0.00813427 0.00919116 0.0103996 0.0117975 0.0134366 0.0153894 0.0177611 0.0207102 0.024487 0.0295118
2.89724655831 0.00620451 0.00691197 0.00656645604357 0.00701676 0.00793588 0.00898644 0.0102012 0.0116251 0.013321 0.0153802 0.0179399 0.0212173 0.0255766
2.91469985083 0.0052896 0.00592814 0.00562469714103 0.00598884 0.00677976 0.00768343 0.00872799 0.00995191 0.0114092 0.013178 0.0153762 0.01819 0.0219318
2.93215314335 0.00445445 0.00502154 0.00475785200555 0.0050491 0.00572143 0.0064893 0.00737654 0.00841573 0.00965261 0.0111535 0.0130181 0.0154043 0.0185767
2.94960643587 0.00369747 0.00419221 0.00396598167288 0.00419602 0.00475944 0.00540263 0.00614551 0.00701528 0.00805013 0.0093054 0.0108645 0.012859 0.0155101
2.96705972839 0.00301705 0.00344004 0.0032489526273 0.003428 0.0038922 0.00442188 0.00503339 0.00574906 0.00660022 0.00763231 0.00891376 0.0105527 0.0127304
2.98451302091 0.00241148 0.00276475 0.00260641009845 0.00274336 0.00311805 0.0035454 0.00403853 0.0046154 0.00530121 0.00613248 0.00716422 0.00848336 0.0102357
3.00196631343 0.00187897 0.00216589 0.00203778950554 0.00214032 0.00243522 0.00277138 0.0031591 0.00361245 0.00415118 0.0048039 0.00561374 0.00664882 0.00802346
3.01941960595 0.00141764 0.00164278 0.00154229738368 0.00161698 0.00184179 0.0020979 0.00239314 0.00273817 0.00314799 0.00364432 0.00425988 0.00504636 0.00609052
3.03687289847 0.00102553 0.0011946 0.00111889993966 0.00117138 0.00133574 0.00152288 0.00173848 0.00199032 0.00228929 0.0026512 0.00309986 0.00367288 0.00443339
3.05432619099 0.000700571 0.000820244 0.000766319237255 0.000801374 0.000914901 0.00104407 0.0011928 0.00136642 0.00157242 0.00182167 0.00213051 0.0025248 0.00304792
3.07177948351 0.000440555 0.000518424 0.000482998864548 0.000504731 0.000576951 0.000659066 0.000753546 0.000863766 0.000994467 0.00115252 0.00134826 0.00159805 0.00192932
3.08923277603 0.000243147 0.000287564 0.000267100119244 0.000279033 0.000319383 0.000365224 0.000417926 0.000479365 0.000552172 0.00064016 0.000749073 0.000887987 0.00107213
3.10668606855 0.000105827 0.000125792 0.000116444787625 0.000121669 0.000139465 0.000159663 0.000182864 0.000209889 0.00024189 0.000280536 0.000328344 0.000389287 0.000470035
3.12413936107 2.5832e-05 3.08654e-05 2.84617382627e-05 2.97614e-05 3.417e-05 3.91682e-05 4.49034e-05 5.15774e-05 5.9473e-05 6.90004e-05 8.07776e-05 9.57807e-05 0.000115648
3.14159265359 0.0 0.0 0.0 0.0 0.0 0.0 0.0 0.0 0.0 0.0 0.0 0.0 0.0
