alpha phi_iso phi_ray phi_vec g0=0.1 g0=0.2 g0=0.3 g0=0.4 g0=0.5 g0=0.6 g0=0.7 g0=0.8 g0=0.9 g0=1.0
0.0 1.0 1.0 1.0 1.0 1.0 1.0 1.0 1.0 1.0 1.0 1.0 1.0 1.0
0.0174532925199 0.999761 0.999673 0.999642650381 0.99977 0.99978 0.999791 0.999802 0.999816 0.99983 0.999846 0.999865 0.999886 0.999911
0.0349065850399 0.999073 0.99873 0.998607461322 0.999108 0.999146 0.999188 0.999233 0.999283 0.999339 0.999401 0.999472 0.999553 0.999647
0.0523598775598 0.997982 0.997229 0.996948416012 0.998057 0.998138 0.998227 0.998324 0.998432 0.998551 0.998685 0.998838 0.999013 0.999216
0.0698131700798 0.996523 0.995215 0.994708727472 0.99665 0.996787 0.996937 0.997102 0.997284 0.997487 0.997716 0.997975 0.998274 0.998621
0.0872664625997 0.994719 0.992719 0.991918684526 0.994907 0.995112 0.995336 0.995583 0.995856 0.99616 0.996503 0.996894 0.997342 0.997866
0.10471975512 0.992585 0.989762 0.988600248065 0.992845 0.993128 0.993438 0.993779 0.994158 0.994581 0.995057 0.9956 0.996224 0.996954
0.12217304764 0.990135 0.986362 0.984771630236 0.990476 0.990847 0.991254 0.991702 0.992199 0.992756 0.993384 0.994099 0.994924 0.995888
0.13962634016 0.987379 0.982534 0.980449740948 0.987809 0.988277 0.988791 0.989358 0.989988 0.990694 0.99149 0.992398 0.993446 0.994671
0.157079632679 0.984328 0.978294 0.975651118647 0.984855 0.98543 0.986061 0.986758 0.987532 0.9884 0.989381 0.990501 0.991793 0.993306
0.174532925199 0.980991 0.973656 0.970392177966 0.981623 0.982312 0.98307 0.983907 0.984839 0.985883 0.987064 0.988413 0.989971 0.991796
0.191986217719 0.977378 0.968635 0.964689260947 0.978122 0.978934 0.979827 0.980815 0.981915 0.983148 0.984544 0.986139 0.987983 0.990144
0.209439510239 0.973498 0.963244 0.95855862638 0.97436 0.975303 0.97634 0.977488 0.978766 0.980201 0.981826 0.983683 0.985832 0.988351
0.226892802759 0.969359 0.957497 0.952016458333 0.970346 0.971427 0.972616 0.973933 0.9754 0.977048 0.978915 0.981051 0.983522 0.986421
0.244346095279 0.964969 0.951409 0.945078872561 0.966088 0.967313 0.968662 0.970157 0.971823 0.973695 0.975816 0.978245 0.981057 0.984356
0.261799387799 0.960338 0.944993 0.937761920773 0.961594 0.96297 0.964486 0.966166 0.96804 0.970146 0.972535 0.97527 0.978438 0.982158
0.279252680319 0.955472 0.938262 0.930081609848 0.956871 0.958404 0.960094 0.961967 0.964057 0.966408 0.969075 0.97213 0.97567 0.979828
0.296705972839 0.950379 0.931229 0.922053901834 0.951926 0.953622 0.955492 0.957565 0.959881 0.962486 0.965442 0.968829 0.972756 0.977369
0.314159265359 0.945066 0.923907 0.913694720352 0.946766 0.94863 0.950686 0.952968 0.955516 0.958383 0.961638 0.96537 0.969697 0.974783
0.331612557879 0.939541 0.916308 0.905019939921 0.941398 0.943436 0.945684 0.948179 0.950967 0.954105 0.957669 0.961756 0.966497 0.97207
0.349065850399 0.93381 0.908447 0.896045392366 0.935829 0.938045 0.94049 0.943205 0.94624 0.949657 0.953538 0.957991 0.963158 0.969234
0.366519142919 0.927881 0.900334 0.886786856138 0.930065 0.932464 0.935111 0.938052 0.941339 0.945042 0.94925 0.954079 0.959682 0.966274
0.383972435439 0.921759 0.891983 0.877260037108 0.924113 0.926698 0.929553 0.932724 0.93627 0.940266 0.944808 0.950021 0.956073 0.963193
0.401425727959 0.915452 0.883406 0.867480570696 0.917979 0.920754 0.92382 0.927227 0.931038 0.935333 0.940216 0.945821 0.952331 0.959992
0.418879020479 0.908966 0.874616 0.857464000523 0.911668 0.914638 0.917919 0.921566 0.925646 0.930246 0.935476 0.941483 0.94846 0.956672
0.436332312999 0.902307 0.865623 0.847225761338 0.905188 0.908355 0.911854 0.915745 0.920099 0.925009 0.930594 0.937008 0.94446 0.953234
0.453785605519 0.895481 0.856441 0.836781176877 0.898543 0.90191 0.905632 0.90977 0.914402 0.919627 0.925571 0.9324 0.940335 0.949679
0.471238898038 0.888494 0.84708 0.826145427843 0.89174 0.89531 0.899256 0.903645 0.90856 0.914104 0.920412 0.927661 0.936085 0.946008
0.488692190558 0.881353 0.837553 0.815333551908 0.884785 0.888559 0.892733 0.897376 0.902576 0.908443 0.91512 0.922793 0.931714 0.942223
0.506145483078 0.874062 0.827872 0.804360418089 0.877682 0.881663 0.886067 0.890966 0.896454 0.902647 0.909697 0.9178 0.927222 0.938323
0.523598775598 0.866629 0.818047 0.793240707545 0.870437 0.874627 0.879262 0.88442 0.890199 0.896721 0.904147 0.912684 0.922611 0.93431
0.541052068118 0.859058 0.808089 0.781988913565 0.863056 0.867456 0.872325 0.877743 0.883814 0.890668 0.898473 0.907447 0.917884 0.930185
0.558505360638 0.851355 0.79801 0.77061930742 0.855544 0.860156 0.865258 0.870939 0.877304 0.884492 0.892677 0.902091 0.91304 0.925948
0.575958653158 0.843525 0.78782 0.759145936225 0.847907 0.85273 0.858068 0.864012 0.870673 0.878195 0.886763 0.896618 0.908083 0.921599
0.593411945678 0.835575 0.777531 0.74758259732 0.840149 0.845185 0.850759 0.856966 0.863923 0.871782 0.880734 0.891032 0.903013 0.917141
0.610865238198 0.827509 0.767152 0.735942831866 0.832275 0.837524 0.843334 0.849805 0.85706 0.865255 0.874591 0.885333 0.897833 0.912572
0.628318530718 0.819332 0.756694 0.724239907769 0.824291 0.829753 0.835799 0.842535 0.850086 0.858618 0.868339 0.879524 0.892542 0.907895
0.645771823238 0.81105 0.746166 0.712486804732 0.816201 0.821875 0.828158 0.835157 0.843006 0.851874 0.861979 0.873608 0.887144 0.903108
0.663225115758 0.802667 0.735579 0.700696199317 0.808011 0.813897 0.820415 0.827678 0.835822 0.845025 0.855514 0.867586 0.881638 0.898214
0.680678408278 0.79419 0.724943 0.688880458533 0.799724 0.805822 0.812575 0.820099 0.828539 0.838076 0.848947 0.86146 0.876027 0.893212
0.698131700798 0.785622 0.714266 0.67705162063 0.791347 0.797654 0.804641 0.812426 0.821159 0.831029 0.842281 0.855233 0.870312 0.888103
0.715584993318 0.776969 0.703557 0.665221388689 0.782883 0.789399 0.796618 0.804662 0.813687 0.823888 0.835517 0.848905 0.864494 0.882888
0.733038285838 0.768235 0.692826 0.653401117818 0.774336 0.78106 0.788509 0.796811 0.806125 0.816654 0.828659 0.84248 0.858574 0.877566
0.750491578358 0.759425 0.682081 0.641601804473 0.765713 0.772642 0.780319 0.788876 0.798477 0.809332 0.821708 0.835959 0.852554 0.872139
0.767944870878 0.750545 0.671331 0.629834080056 0.757016 0.764148 0.772051 0.780861 0.790746 0.801923 0.814668 0.829343 0.846435 0.866607
0.785398163397 0.741597 0.660584 0.618108202376 0.74825 0.755584 0.76371 0.77277 0.782936 0.794431 0.80754 0.822636 0.840219 0.860971
0.802851455917 0.732588 0.649847 0.606434042841 0.739421 0.746953 0.7553 0.764606 0.775049 0.786859 0.800327 0.815838 0.833906 0.855232
0.820304748437 0.723521 0.639128 0.594821086454 0.730531 0.738259 0.746823 0.756372 0.76709 0.779209 0.793032 0.808952 0.827497 0.849389
0.837758040957 0.714401 0.628435 0.583278419008 0.721585 0.729506 0.738285 0.748073 0.75906 0.771485 0.785656 0.80198 0.820995 0.843443
0.855211333477 0.705233 0.617774 0.57181473349 0.712588 0.720698 0.729688 0.739711 0.750963 0.763688 0.778203 0.794922 0.814401 0.837396
0.872664625997 0.696019 0.607153 0.560438308731 0.703543 0.71184 0.721036 0.73129 0.742802 0.755822 0.770674 0.787782 0.807715 0.831247
0.890117918517 0.686766 0.596578 0.549157020081 0.694455 0.702934 0.712333 0.722814 0.73458 0.747889 0.763072 0.780562 0.800939 0.824998
0.907571211037 0.677476 0.586055 0.537978328736 0.685327 0.693984 0.703582 0.714285 0.726301 0.739893 0.755398 0.773262 0.794075 0.818649
0.925024503557 0.668155 0.575591 0.526909288138 0.676164 0.684995 0.694787 0.705707 0.717967 0.731835 0.747656 0.765884 0.787123 0.812201
0.942477796077 0.658805 0.56519 0.515956531175 0.666968 0.67597 0.685951 0.697082 0.70958 0.723718 0.739848 0.758432 0.780086 0.805655
0.959931088597 0.649432 0.554858 0.505126280845 0.657745 0.666913 0.677078 0.688415 0.701145 0.715546 0.731976 0.750906 0.772965 0.799012
0.977384381117 0.640038 0.544602 0.494424341724 0.648497 0.657827 0.668171 0.679709 0.692664 0.70732 0.724042 0.743308 0.76576 0.792273
0.994837673637 0.630628 0.534424 0.483856108501 0.639229 0.648715 0.659234 0.670966 0.684139 0.699043 0.716048 0.735641 0.758475 0.785438
1.01229096616 0.621206 0.524331 0.473426568115 0.629944 0.639582 0.650269 0.662189 0.675574 0.690718 0.707997 0.727907 0.751109 0.778509
1.02974425868 0.611775 0.514326 0.46314029335 0.620646 0.63043 0.64128 0.653382 0.666972 0.682347 0.699891 0.720106 0.743665 0.771486
1.0471975512 0.602339 0.504414 0.453001455644 0.611338 0.621264 0.63227 0.644548 0.658335 0.673933 0.691732 0.712242 0.736144 0.764371
1.06465084372 0.592902 0.494597 0.443013831493 0.602024 0.612086 0.623243 0.635689 0.649666 0.665479 0.683524 0.704316 0.728549 0.757166
1.08210413624 0.583466 0.484881 0.433180796048 0.592707 0.602899 0.614201 0.626809 0.640968 0.656987 0.675267 0.696331 0.720879 0.749871
1.09955742876 0.574037 0.475268 0.42350533592 0.58339 0.593707 0.605148 0.617911 0.632243 0.648459 0.666964 0.688287 0.713138 0.742487
1.11701072128 0.564616 0.46576 0.41399006413 0.574077 0.584514 0.596087 0.608997 0.623495 0.639899 0.658618 0.680188 0.705327 0.735016
1.1344640138 0.555208 0.456362 0.40463720516 0.564772 0.575321 0.58702 0.60007 0.614726 0.631308 0.65023 0.672035 0.697448 0.72746
1.15191730632 0.545815 0.447075 0.395448626977 0.555477 0.566133 0.577951 0.591134 0.605939 0.62269 0.641804 0.663831 0.689503 0.71982
1.16937059884 0.536442 0.437901 0.386425834629 0.546195 0.556953 0.568882 0.582191 0.597136 0.614046 0.633342 0.655578 0.681493 0.712098
1.18682389136 0.527091 0.428844 0.377569980919 0.53693 0.547783 0.559818 0.573243 0.58832 0.605379 0.624845 0.647277 0.67342 0.704294
1.20427718388 0.517765 0.419903 0.368881879213 0.527685 0.538626 0.550759 0.564295 0.579494 0.596692 0.616317 0.638931 0.665287 0.696412
1.2217304764 0.508468 0.411082 0.360362014115 0.518462 0.529486 0.54171 0.555347 0.570661 0.587988 0.60776 0.630543 0.657095 0.688452
1.23918376892 0.499202 0.402381 0.352010545736 0.509265 0.520365 0.532673 0.546404 0.561823 0.579268 0.599175 0.622114 0.648847 0.680417
1.25663706144 0.489971 0.393802 0.343827331045 0.500097 0.511266 0.523651 0.537467 0.552982 0.570536 0.590566 0.613646 0.640544 0.672309
1.27409035396 0.480777 0.385345 0.335811921728 0.49096 0.502192 0.514647 0.52854 0.544142 0.561793 0.581935 0.605143 0.632189 0.664129
1.29154364648 0.471623 0.377011 0.327963587677 0.481857 0.493146 0.505663 0.519625 0.535304 0.553043 0.573284 0.596606 0.623785 0.65588
1.308996939 0.462512 0.3688 0.320281323392 0.472792 0.48413 0.496702 0.510725 0.526472 0.544288 0.564615 0.588037 0.615332 0.647563
1.32645023152 0.453447 0.360714 0.31276386506 0.463766 0.475147 0.487766 0.501843 0.517648 0.53553 0.555932 0.57944 0.606834 0.639182
1.34390352404 0.444431 0.352751 0.305409690554 0.454783 0.4662 0.478859 0.49298 0.508835 0.526771 0.547237 0.570816 0.598293 0.630738
1.36135681656 0.435465 0.344913 0.298217051457 0.445844 0.457291 0.469983 0.484139 0.500034 0.518016 0.538531 0.562168 0.589711 0.622233
1.37881010908 0.426554 0.337198 0.291183973061 0.436954 0.448423 0.46114 0.475324 0.491249 0.509265 0.529819 0.553499 0.581091 0.613671
1.3962634016 0.417698 0.329607 0.284308271444 0.428113 0.439599 0.452333 0.466536 0.482483 0.500521 0.521101 0.54481 0.572436 0.605053
1.41371669412 0.408901 0.322139 0.277587564149 0.419325 0.43082 0.443565 0.457779 0.473737 0.491788 0.512381 0.536105 0.563747 0.596383
1.43116998664 0.400165 0.314793 0.27101928939 0.410591 0.42209 0.434837 0.449053 0.465013 0.483066 0.503661 0.527386 0.555028 0.587662
1.44862327916 0.391492 0.307569 0.26460071887 0.401916 0.41341 0.426152 0.440363 0.456316 0.47436 0.494944 0.518655 0.546281 0.578894
1.46607657168 0.382885 0.300465 0.258328968445 0.393299 0.404783 0.417513 0.43171 0.447646 0.465671 0.486232 0.509916 0.537508 0.570082
1.4835298642 0.374346 0.293481 0.252201010942 0.384745 0.396211 0.408922 0.423096 0.439007 0.457002 0.477528 0.501171 0.528713 0.561227
1.50098315672 0.365876 0.286615 0.246213693232 0.376255 0.387697 0.400381 0.414525 0.4304 0.448355 0.468834 0.492422 0.519899 0.552334
1.51843644924 0.357479 0.279867 0.24036375331 0.36783 0.379243 0.391893 0.405997 0.421829 0.439733 0.460153 0.483672 0.511068 0.543406
1.53588974176 0.349156 0.273234 0.2346478267 0.359475 0.370851 0.383459 0.397517 0.413295 0.431138 0.451488 0.474924 0.502223 0.534444
1.55334303427 0.34091 0.266715 0.229062463533 0.351189 0.362522 0.375082 0.389085 0.404802 0.422573 0.44284 0.466181 0.493367 0.525453
1.57079632679 0.332741 0.26031 0.223604143492 0.342976 0.35426 0.366764 0.380705 0.39635 0.41404 0.434214 0.457445 0.484502 0.516435
1.58824961931 0.324652 0.254015 0.218269284349 0.334837 0.346065 0.358507 0.372377 0.387943 0.405542 0.42561 0.448719 0.475632 0.507393
1.60570291183 0.316645 0.24783 0.213054263315 0.326775 0.33794 0.350313 0.364105 0.379582 0.39708 0.417032 0.440006 0.46676 0.498332
1.62315620435 0.308722 0.241753 0.207955421308 0.31879 0.329888 0.342185 0.355891 0.371271 0.388658 0.408483 0.431309 0.457889 0.489254
1.64060949687 0.300884 0.235783 0.202969082169 0.310886 0.321909 0.334123 0.347737 0.363012 0.380279 0.399965 0.422631 0.449022 0.480163
1.65806278939 0.293133 0.229916 0.19809155693 0.303063 0.314007 0.326131 0.339645 0.354806 0.371943 0.391481 0.413974 0.440162 0.471062
1.67551608191 0.28547 0.224153 0.193319167295 0.295323 0.306181 0.31821 0.331616 0.346656 0.363655 0.383033 0.405341 0.431313 0.461954
1.69296937443 0.277898 0.21849 0.18864824778 0.287669 0.298435 0.310363 0.323654 0.338564 0.355415 0.374624 0.396735 0.422476 0.452843
1.71042266695 0.270417 0.212926 0.184075158517 0.280101 0.29077 0.302589 0.315759 0.330532 0.347227 0.366256 0.388159 0.413656 0.443733
1.72787595947 0.263029 0.207459 0.179596302333 0.272621 0.283188 0.294893 0.307934 0.322562 0.339093 0.357933 0.379616 0.404856 0.434627
1.74532925199 0.255736 0.202088 0.175208129025 0.26523 0.27569 0.287275 0.300182 0.314657 0.331014 0.349656 0.371109 0.396079 0.425529
1.76278254451 0.248538 0.196809 0.170907146026 0.257931 0.268278 0.279737 0.292503 0.306819 0.322995 0.341428 0.36264 0.387328 0.416443
1.78023583703 0.241437 0.191623 0.166689931221 0.250724 0.260953 0.272281 0.284899 0.299049 0.315036 0.333252 0.354213 0.378606 0.407371
1.79768912955 0.234434 0.186525 0.162553137212 0.243611 0.253717 0.264908 0.277373 0.29135 0.30714 0.325131 0.34583 0.369916 0.398319
1.81514242207 0.227531 0.181516 0.158493510534 0.236592 0.246572 0.257621 0.269927 0.283724 0.29931 0.317066 0.337494 0.361263 0.389289
1.83259571459 0.220728 0.176593 0.15450788098 0.22967 0.239518 0.25042 0.262561 0.276172 0.291547 0.309061 0.329208 0.352649 0.380285
1.85004900711 0.214026 0.171754 0.150593191487 0.222846 0.232557 0.243307 0.255278 0.268697 0.283853 0.301117 0.320975 0.344077 0.371311
1.86750229963 0.207427 0.166998 0.146746489599 0.21612 0.22569 0.236284 0.24808 0.261301 0.276232 0.293238 0.312798 0.335551 0.362371
1.88495559215 0.200931 0.162323 0.142964938143 0.209493 0.218919 0.229352 0.240967 0.253985 0.268685 0.285426 0.30468 0.327074 0.353469
1.90240888467 0.19454 0.157727 0.13924582376 0.202968 0.212245 0.222512 0.233942 0.246751 0.261214 0.277683 0.296622 0.318649 0.344608
1.91986217719 0.188253 0.153209 0.135586561185 0.196544 0.205669 0.215766 0.227007 0.239602 0.253821 0.270013 0.288629 0.310279 0.335792
1.93731546971 0.182072 0.148768 0.131984695374 0.190222 0.199192 0.209116 0.220162 0.232538 0.246509 0.262416 0.280704 0.301969 0.327026
1.95476876223 0.175998 0.144401 0.128437912184 0.184004 0.192814 0.202561 0.213409 0.225562 0.239279 0.254895 0.272847 0.29372 0.318312
1.97222205475 0.170031 0.140108 0.124944034098 0.17789 0.186538 0.196105 0.20675 0.218675 0.232134 0.247454 0.265064 0.285536 0.309654
1.98967534727 0.164171 0.135887 0.121501028768 0.171881 0.180364 0.189746 0.200186 0.211879 0.225075 0.240094 0.257355 0.277421 0.301057
2.00712863979 0.15842 0.131736 0.118107013281 0.165978 0.174292 0.183488 0.193718 0.205176 0.218104 0.232817 0.249725 0.269377 0.292524
2.02458193231 0.152777 0.127656 0.114760249896 0.160181 0.168325 0.177331 0.187348 0.198567 0.211224 0.225626 0.242175 0.261408 0.284058
2.04203522483 0.147244 0.123644 0.111459152441 0.154491 0.162462 0.171275 0.181077 0.192053 0.204435 0.218523 0.234708 0.253517 0.275664
2.05948851735 0.14182 0.1197 0.108202284183 0.148908 0.156704 0.165322 0.174907 0.185637 0.19774 0.211509 0.227327 0.245706 0.267345
2.07694180987 0.136506 0.115822 0.104988364229 0.143434 0.151052 0.159473 0.168837 0.179319 0.191141 0.204588 0.220035 0.237979 0.259105
2.09439510239 0.131302 0.11201 0.10181625899 0.138068 0.145507 0.153728 0.16287 0.173101 0.184639 0.197762 0.212833 0.23034 0.250947
2.11184839491 0.126208 0.108263 0.098684986449 0.132811 0.140068 0.148089 0.157006 0.166985 0.178236 0.191031 0.205724 0.22279 0.242875
2.12930168743 0.121225 0.104581 0.0955937118917 0.127662 0.134738 0.142557 0.151247 0.160971 0.171934 0.184399 0.198712 0.215333 0.234892
2.14675497995 0.116352 0.100962 0.0925417521756 0.122624 0.129516 0.137131 0.145593 0.155061 0.165734 0.177867 0.191797 0.207971 0.227003
2.16420827247 0.11159 0.0974054 0.0895285650565 0.117695 0.124402 0.131812 0.140046 0.149257 0.159638 0.171438 0.184983 0.200708 0.219209
2.18166156499 0.106939 0.0939117 0.086553751323 0.112875 0.119398 0.126602 0.134606 0.143558 0.153646 0.165112 0.178271 0.193546 0.211515
2.19911485751 0.102398 0.09048 0.0836170547969 0.108166 0.114502 0.1215 0.129274 0.137967 0.147761 0.158892 0.171664 0.186489 0.203925
2.21656815003 0.097967 0.0871099 0.0807183473889 0.103567 0.109717 0.116508 0.12405 0.132484 0.141984 0.152779 0.165165 0.179537 0.19644
2.23402144255 0.0936466 0.0838013 0.0778576355034 0.0990773 0.105041 0.111625 0.118936 0.12711 0.136317 0.146776 0.158774 0.172696 0.189065
2.25147473507 0.0894363 0.0805539 0.0750350536342 0.0946979 0.100475 0.106852 0.113932 0.121847 0.130759 0.140883 0.152495 0.165965 0.181802
2.26892802759 0.0853357 0.0773676 0.0722508515551 0.0904285 0.0960192 0.102189 0.109039 0.116694 0.125314 0.135102 0.146328 0.159349 0.174655
2.28638132011 0.0813446 0.0742422 0.0695054007247 0.0862688 0.0916736 0.0976374 0.104257 0.111654 0.119981 0.129436 0.140277 0.15285 0.167626
2.30383461263 0.0774625 0.0711778 0.0667991750732 0.0822187 0.0874381 0.0931963 0.0995867 0.106726 0.114762 0.123884 0.134343 0.146469 0.160719
2.32128790515 0.073689 0.0681743 0.0641327574062 0.0782779 0.0833128 0.0888663 0.0950284 0.101911 0.109657 0.118449 0.128527 0.14021 0.153936
2.33874119767 0.0700237 0.0652319 0.0615068265965 0.0744461 0.0792973 0.0846474 0.0905825 0.0972107 0.104669 0.113132 0.122831 0.134074 0.14728
2.35619449019 0.066466 0.0623507 0.0589221469095 0.0707229 0.0753917 0.0805396 0.0862493 0.0926245 0.0997965 0.107934 0.117258 0.128063 0.140753
2.37364778271 0.0630154 0.0595309 0.0563795680036 0.067108 0.0715957 0.0765429 0.0820291 0.0881534 0.0950417 0.102856 0.111807 0.122179 0.134359
2.39110107523 0.0596711 0.0567728 0.0538800142556 0.0636008 0.067909 0.0726573 0.0779218 0.0837975 0.0904049 0.0978988 0.106482 0.116425 0.128098
2.40855436775 0.0564326 0.0540766 0.0514244783569 0.0602009 0.0643313 0.0688827 0.0739278 0.0795575 0.0858869 0.093064 0.101283 0.110802 0.121975
2.42600766027 0.0532991 0.0514426 0.0490140085038 0.0569077 0.0608622 0.0652189 0.0700471 0.0754335 0.0814882 0.0883523 0.0962109 0.105311 0.115991
2.44346095279 0.0502698 0.0488713 0.0466497105332 0.0537206 0.0575013 0.0616656 0.0662795 0.0714258 0.0772092 0.0837645 0.0912679 0.0999549 0.110147
2.46091424531 0.047344 0.046363 0.0443327265734 0.0506389 0.0542481 0.0582225 0.0626251 0.0675346 0.0730506 0.0793013 0.0864546 0.0947344 0.104447
2.47836753783 0.0445206 0.043918 0.04206423718 0.047662 0.0511021 0.0548894 0.0590837 0.0637598 0.0690125 0.0749634 0.0817721 0.0896513 0.098892
2.49582083035 0.0417989 0.0415369 0.039845448526 0.0447889 0.0480625 0.0516657 0.0556551 0.0601016 0.0650952 0.0707514 0.0772212 0.0847067 0.0934837
2.51327412287 0.0391778 0.03922 0.0376775838632 0.042019 0.0451289 0.0485509 0.0523389 0.0565599 0.0612991 0.0666657 0.0728029 0.0799018 0.0882237
2.53072741539 0.0366563 0.0369677 0.0355618749827 0.0393513 0.0423004 0.0455446 0.0491349 0.0531346 0.0576241 0.0627067 0.0685177 0.0752378 0.0831136
2.54818070791 0.0342333 0.0347806 0.0334995536754 0.0367849 0.0395762 0.0426461 0.0460426 0.0498254 0.0540703 0.0588747 0.0643664 0.0707155 0.0781549
2.56563400043 0.0319078 0.032659 0.0314918453278 0.0343188 0.0369556 0.0398548 0.0430615 0.046632 0.0506376 0.0551701 0.0603494 0.0663359 0.0733487
2.58308729295 0.0296786 0.0306035 0.0295399561133 0.031952 0.0344377 0.03717 0.0401912 0.0435542 0.047326 0.0515928 0.0564672 0.0620998 0.0686963
2.60054058547 0.0275444 0.0286144 0.0276450687219 0.0296835 0.0320216 0.0345909 0.037431 0.0405916 0.0441353 0.048143 0.0527201 0.0580077 0.0641986
2.61799387799 0.0255041 0.0266921 0.0258083295519 0.0275121 0.0297062 0.0321166 0.0347803 0.0377436 0.0410652 0.0448205 0.0491082 0.0540602 0.0598564
2.63544717051 0.0235563 0.0248371 0.0240308444399 0.0254366 0.0274906 0.0297463 0.0322383 0.0350097 0.0381153 0.0416253 0.0456318 0.0502576 0.0556707
2.65290046303 0.0216997 0.0230496 0.0223136701217 0.0234559 0.0253736 0.027479 0.0298042 0.0323893 0.0352851 0.0385571 0.0422908 0.0466003 0.0516418
2.67035375555 0.0199329 0.0213301 0.0206578014233 0.0215686 0.0233541 0.0253137 0.0274771 0.0298815 0.0325742 0.0356156 0.039085 0.0430884 0.0477703
2.68780704807 0.0182546 0.0196788 0.0190641669914 0.0197734 0.0214308 0.0232492 0.025256 0.0274857 0.0299818 0.0328002 0.0360143 0.0397218 0.0440564
2.70526034059 0.0166632 0.0180959 0.0175336250234 0.018069 0.0196026 0.0212845 0.0231401 0.025201 0.0275073 0.0301106 0.0330783 0.0365005 0.0405004
2.72271363311 0.0151572 0.0165816 0.0160669483243 0.016454 0.0178681 0.0194184 0.0211281 0.0230263 0.0251498 0.0275459 0.0302765 0.0334243 0.0371021
2.74016692563 0.013735 0.0151361 0.0146648243058 0.0149268 0.0162259 0.0176495 0.019219 0.0209608 0.0229086 0.0251056 0.0276085 0.0304926 0.0338614
2.75762021815 0.0123952 0.0137594 0.0133278379087 0.013486 0.0146746 0.0159766 0.0174114 0.0190032 0.0207825 0.0227887 0.0250734 0.0277052 0.030778
2.77507351067 0.011136 0.0124516 0.0120564801415 0.0121301 0.0132128 0.0143983 0.0157043 0.0171524 0.0187706 0.0205944 0.0226705 0.0250612 0.0278515
2.79252680319 0.00995583 0.0112126 0.0108511310021 0.0108574 0.0118389 0.0129132 0.0140961 0.0154072 0.0168717 0.0185215 0.0203989 0.0225599 0.0250812
2.80998009571 0.0088529 0.0100424 0.00971204880376 0.0096663 0.0105514 0.0115197 0.0125854 0.0137662 0.0150845 0.016569 0.0182576 0.0202004 0.0224664
2.82743338823 0.00782549 0.00894058 0.00863937871416 0.00855507 0.00934861 0.0102163 0.0111709 0.012228 0.0134077 0.0147356 0.0162453 0.0179817 0.020006
2.84488668075 0.00687181 0.00790701 0.0076331399467 0.00752201 0.00822886 0.00900142 0.00985086 0.0107911 0.0118399 0.0130199 0.0143609 0.0159026 0.0176991
2.86233997327 0.00599001 0.00694127 0.00669321508629 0.00656532 0.00719042 0.00787327 0.0086237 0.00945396 0.0103796 0.0114205 0.0126029 0.0139616 0.0155442
2.87979326579 0.00517824 0.00604289 0.0058193522242 0.00568316 0.00623149 0.00683016 0.00748772 0.00821485 0.00902508 0.00993579 0.0109697 0.0121573 0.01354
2.89724655831 0.00443457 0.00521133 0.00501116282323 0.00487367 0.00535025 0.00587028 0.00644115 0.00707207 0.00777472 0.00856409 0.00945982 0.0104881 0.0116848
2.91469985083 0.00375705 0.00444592 0.00426810890879 0.00413492 0.00454479 0.00499176 0.00548214 0.00602379 0.00662668 0.0073036 0.00807132 0.00895222 0.00997686
2.93215314335 0.0031437 0.0037459 0.00358950520372 0.00346494 0.00381317 0.00419268 0.00460878 0.00506811 0.00557906 0.00615244 0.00680235 0.00754767 0.00841417
2.94960643587 0.00259248 0.00311038 0.00297451058904 0.00286172 0.00315338 0.00347102 0.00381907 0.00420303 0.00462988 0.00510857 0.00565085 0.00627238 0.00699457
2.96705972839 0.00210132 0.00253839 0.00242213237354 0.00232319 0.00256336 0.00282475 0.00311096 0.00342648 0.00377702 0.00416987 0.00461464 0.0051241 0.00571573
2.98451302091 0.0016681 0.00202882 0.00193120921526 0.00184724 0.002041 0.00225173 0.0024823 0.00273629 0.00301828 0.00333409 0.0036914 0.00410042 0.00457512
3.00196631343 0.00129066 0.00158044 0.00150042393038 0.00143169 0.00158413 0.00174977 0.00193086 0.0021302 0.00235134 0.00259883 0.00287865 0.00319874 0.00357001
3.01941960595 0.000966778 0.00119188 0.00112828001024 0.00107434 0.00119048 0.00131659 0.00145434 0.00160584 0.00177378 0.00196159 0.00217376 0.00241631 0.00269743
3.03687289847 0.000694202 0.00086165 0.000813112295402 0.000772884 0.000857768 0.000949843 0.00105033 0.00116076 0.00128305 0.0014197 0.00157395 0.00175016 0.00195424
3.05432619099 0.000470603 0.000588092 0.000553069897112 0.000524985 0.000583592 0.0006471 0.000716342 0.000792358 0.000876467 0.000970362 0.00107626 0.00119713 0.00133702
3.07177948351 0.000293591 0.000369399 0.000346105523194 0.000328213 0.000365484 0.000405826 0.000449762 0.000497946 0.000551205 0.000610602 0.000677531 0.000753852 0.000842106
3.08923277603 0.000160692 0.000203586 0.000189966938772 0.000180054 0.000200871 0.000223376 0.000247856 0.00027467 0.000304276 0.000337257 0.000374382 0.000416674 0.000465534
3.10668606855 6.93263e-05 8.84547e-05 8.21628091533e-05 7.7876e-05 8.70545e-05 9.6963e-05 0.000107726 0.0001195 0.000132483 0.000146928 0.000163169 0.000181649 0.000202978
3.12413936107 1.67619e-05 2.15453e-05 1.99093293362e-05 1.88833e-05 2.11568e-05 2.36069e-05 2.62639e-05 2.91658e-05 3.23606e-05 3.59102e-05 3.98954e-05 4.44244e-05 4.9645e-05
3.14159265359 0.0 0.0 0.0 0.0 0.0 0.0 0.0 0.0 0.0 0.0 0.0 0.0 0.0
