alpha phi_iso phi_ray phi_vec g0=0.1 g0=0.2 g0=0.3 g0=0.4 g0=0.5 g0=0.6 g0=0.7 g0=0.8 g0=0.9 g0=1.0
0.0 1.0 1.0 1.0 1.0 1.0 1.0 1.0 1.0 1.0 1.0 1.0 1.0 1.0
0.0174532925199 0.999715 0.999595 0.999574075938 0.999728 0.999743 0.999759 0.999779 0.999802 0.999829 0.999863 0.999905 0.999961 1.00004
0.0349065850399 0.998909 0.998437 0.998349245408 0.998959 0.999015 0.99908 0.999155 0.999243 0.999349 0.99948 0.999645 0.99986 1.00015
0.0523598775598 0.997652 0.996608 0.996403691522 0.997759 0.997881 0.998021 0.998184 0.998376 0.998607 0.998891 0.99925 0.999719 1.00036
0.0698131700798 0.995999 0.994175 0.993799668607 0.996183 0.996391 0.996631 0.99691 0.997241 0.997638 0.998128 0.998746 0.999556 1.00067
0.0872664625997 0.993986 0.991182 0.990579790728 0.994262 0.994577 0.99494 0.995362 0.995863 0.996466 0.997209 0.998149 0.999381 1.00107
0.10471975512 0.991636 0.987659 0.986773775194 0.992022 0.992461 0.992968 0.99356 0.994261 0.995106 0.996149 0.997469 0.9992 1.00157
0.12217304764 0.988967 0.983629 0.982405364431 0.989477 0.99006 0.990732 0.991517 0.992447 0.993571 0.994957 0.996714 0.999019 1.00218
0.13962634016 0.985993 0.979114 0.977496075674 0.986643 0.987386 0.988243 0.989245 0.990434 0.99187 0.993643 0.995891 0.998842 1.00289
0.157079632679 0.982729 0.974132 0.972066619315 0.983533 0.984451 0.985513 0.986755 0.988229 0.990011 0.992213 0.995006 0.998673 1.00371
0.174532925199 0.979186 0.968705 0.966137336298 0.980158 0.981269 0.982554 0.984057 0.985844 0.988004 0.990674 0.994063 0.998514 1.00463
0.191986217719 0.975378 0.962849 0.959728270309 0.976531 0.97785 0.979375 0.981162 0.983286 0.985855 0.989032 0.993066 0.998367 1.00565
0.209439510239 0.971314 0.956583 0.952859205992 0.972661 0.974203 0.975987 0.978077 0.980563 0.983571 0.987293 0.99202 0.998234 1.00678
0.226892802759 0.967006 0.949925 0.945549651968 0.968559 0.970338 0.972397 0.97481 0.977682 0.981159 0.985461 0.990927 0.998115 1.008
0.244346095279 0.962464 0.942892 0.937818900285 0.964235 0.966264 0.968614 0.97137 0.97465 0.978623 0.98354 0.98979 0.99801 1.00932
0.261799387799 0.957696 0.935502 0.929686034909 0.959697 0.96199 0.964647 0.967763 0.971473 0.975969 0.981534 0.988611 0.99792 1.01073
0.279252680319 0.952713 0.927772 0.921169965698 0.954954 0.957524 0.960502 0.963996 0.968157 0.973201 0.979448 0.987391 0.997843 1.01223
0.296705972839 0.947523 0.919716 0.912289445387 0.950015 0.952873 0.956186 0.960075 0.964708 0.970325 0.977282 0.986132 0.997779 1.01381
0.314159265359 0.942133 0.911353 0.903063086577 0.944886 0.948044 0.951706 0.956005 0.961129 0.967342 0.97504 0.984834 0.997726 1.01548
0.331612557879 0.936551 0.902698 0.893509378718 0.939574 0.943043 0.947067 0.951793 0.957425 0.964257 0.972723 0.983496 0.99768 1.01721
0.349065850399 0.930786 0.893766 0.883646671125 0.934088 0.937879 0.942277 0.947443 0.953601 0.961073 0.970334 0.98212 0.997641 1.01902
0.366519142919 0.924844 0.884574 0.873493189961 0.928434 0.932556 0.937339 0.942959 0.949661 0.957792 0.967873 0.980705 0.997605 1.02089
0.383972435439 0.918732 0.875137 0.863067029748 0.922618 0.927081 0.93226 0.938348 0.945607 0.954418 0.965342 0.97925 0.99757 1.02281
0.401425727959 0.912458 0.86547 0.852386140626 0.916647 0.921459 0.927045 0.933612 0.941444 0.950951 0.962741 0.977754 0.997531 1.02478
0.418879020479 0.906026 0.855587 0.841468319858 0.910526 0.915696 0.921698 0.928755 0.937174 0.947395 0.960071 0.976216 0.997486 1.0268
0.436332312999 0.899444 0.845505 0.830331199093 0.904261 0.909796 0.916224 0.923782 0.9328 0.94375 0.957333 0.974634 0.99743 1.02885
0.453785605519 0.892718 0.835237 0.818992244364 0.897859 0.903766 0.910627 0.918696 0.928325 0.940019 0.954526 0.973006 0.997359 1.03093
0.471238898038 0.885854 0.824798 0.807468709376 0.891323 0.897609 0.904911 0.9135 0.923751 0.936202 0.95165 0.971331 0.997269 1.03302
0.488692190558 0.878857 0.814203 0.795777660989 0.88466 0.891331 0.899081 0.908198 0.919082 0.932301 0.948705 0.969607 0.997155 1.03513
0.506145483078 0.871733 0.803464 0.783935936747 0.877874 0.884935 0.89314 0.902793 0.914317 0.928318 0.945691 0.96783 0.997014 1.03725
0.523598775598 0.864487 0.792597 0.771960127896 0.870971 0.878427 0.887092 0.897288 0.909461 0.924251 0.942607 0.966 0.996838 1.03936
0.541052068118 0.857125 0.781614 0.759866583626 0.863956 0.871811 0.880941 0.891685 0.904514 0.920103 0.939452 0.964113 0.996625 1.04146
0.558505360638 0.849651 0.770529 0.74767137286 0.856832 0.86509 0.874689 0.885987 0.899479 0.915874 0.936226 0.962166 0.996369 1.04353
0.575958653158 0.842071 0.759355 0.735390275753 0.849604 0.858268 0.868341 0.880197 0.894356 0.911564 0.932927 0.960158 0.996064 1.04558
0.593411945678 0.83439 0.748104 0.723038775201 0.842277 0.85135 0.861899 0.874317 0.889148 0.907174 0.929554 0.958084 0.995705 1.04759
0.610865238198 0.826612 0.73679 0.710632027119 0.834856 0.84434 0.855367 0.868349 0.883855 0.902704 0.926107 0.955942 0.995288 1.04955
0.628318530718 0.818742 0.725424 0.69818485619 0.827344 0.83724 0.848747 0.862295 0.87848 0.898154 0.922583 0.953729 0.994805 1.05146
0.645771823238 0.810785 0.714019 0.685711730387 0.819744 0.830054 0.842043 0.856159 0.873023 0.893524 0.918982 0.951442 0.994253 1.05331
0.663225115758 0.802745 0.702585 0.673226760975 0.812063 0.822785 0.835256 0.849941 0.867485 0.888815 0.915303 0.949078 0.993626 1.05508
0.680678408278 0.794626 0.691135 0.660743672781 0.804302 0.815438 0.828391 0.843643 0.861868 0.884025 0.911543 0.946633 0.992917 1.05677
0.698131700798 0.786432 0.679679 0.648275804199 0.796466 0.808015 0.821449 0.837268 0.856172 0.879156 0.907702 0.944105 0.992123 1.05837
0.715584993318 0.778168 0.668228 0.635836085953 0.78856 0.80052 0.814433 0.830818 0.850398 0.874207 0.903778 0.94149 0.991236 1.05987
0.733038285838 0.769838 0.656793 0.623437028362 0.780585 0.792955 0.807345 0.824294 0.844548 0.869177 0.899769 0.938784 0.990252 1.06126
0.750491578358 0.761446 0.645383 0.611090721333 0.772546 0.785323 0.800188 0.817697 0.838621 0.864067 0.895674 0.935986 0.989165 1.06254
0.767944870878 0.752995 0.634008 0.598808813135 0.764446 0.777628 0.792965 0.81103 0.83262 0.858876 0.891492 0.933091 0.987971 1.06369
0.785398163397 0.74449 0.622678 0.586602497658 0.756289 0.769873 0.785677 0.804294 0.826544 0.853605 0.887221 0.930097 0.986663 1.06471
0.802851455917 0.735934 0.611401 0.574482522902 0.748078 0.762059 0.778327 0.79749 0.820395 0.848252 0.882859 0.927 0.985237 1.06559
0.820304748437 0.727331 0.600186 0.562459173997 0.739817 0.754191 0.770917 0.790621 0.814173 0.842818 0.878405 0.923797 0.983686 1.06632
0.837758040957 0.718685 0.589042 0.550542251963 0.731507 0.746271 0.76345 0.783688 0.807879 0.837302 0.873857 0.920486 0.982008 1.0669
0.855211333477 0.709999 0.577975 0.538741094951 0.723154 0.7383 0.755926 0.776691 0.801513 0.831705 0.869215 0.917063 0.980195 1.06731
0.872664625997 0.701276 0.566994 0.527064552756 0.714759 0.730283 0.748349 0.769634 0.795077 0.826025 0.864476 0.913525 0.978244 1.06755
0.890117918517 0.69252 0.556106 0.515520999563 0.706325 0.722221 0.740721 0.762516 0.78857 0.820263 0.85964 0.909871 0.97615 1.06761
0.907571211037 0.683735 0.545318 0.504118304216 0.697856 0.714118 0.733043 0.75534 0.781995 0.814419 0.854704 0.906096 0.973908 1.06749
0.925024503557 0.674923 0.534636 0.492863859949 0.689355 0.705975 0.725317 0.748106 0.77535 0.808491 0.849669 0.902199 0.971514 1.06717
0.942477796077 0.666088 0.524065 0.481764567393 0.680825 0.697795 0.717546 0.740817 0.768638 0.802481 0.844532 0.898177 0.968964 1.06665
0.959931088597 0.657232 0.513612 0.470826826089 0.672267 0.689581 0.709731 0.733474 0.761859 0.796388 0.839292 0.894027 0.966253 1.06593
0.977384381117 0.64836 0.503282 0.460056555721 0.663685 0.681334 0.701875 0.726077 0.755013 0.790212 0.833949 0.889748 0.963377 1.06499
0.994837673637 0.639474 0.49308 0.449459179122 0.655083 0.673058 0.693978 0.718629 0.748101 0.783953 0.828502 0.885336 0.960333 1.06383
1.01229096616 0.630577 0.48301 0.439039630778 0.646461 0.664754 0.686044 0.711131 0.741124 0.777612 0.82295 0.880791 0.957118 1.06245
1.02974425868 0.621672 0.473076 0.428802373804 0.637824 0.656425 0.678074 0.703584 0.734083 0.771187 0.817291 0.876109 0.953727 1.06084
1.0471975512 0.612763 0.463283 0.41875137872 0.629173 0.648072 0.67007 0.69599 0.726979 0.76468 0.811525 0.871291 0.950157 1.059
1.06465084372 0.60385 0.453633 0.40889015317 0.620511 0.6397 0.662033 0.688349 0.719813 0.75809 0.805652 0.866332 0.946406 1.05691
1.08210413624 0.594939 0.44413 0.399221733432 0.611842 0.631308 0.653966 0.680664 0.712585 0.751418 0.799671 0.861233 0.942471 1.05458
1.09955742876 0.58603 0.434776 0.389748688666 0.603166 0.6229 0.64587 0.672936 0.705296 0.744664 0.793582 0.855991 0.938348 1.052
1.11701072128 0.577128 0.425573 0.38047314639 0.594487 0.614479 0.637747 0.665166 0.697948 0.737829 0.787384 0.850607 0.934036 1.04917
1.1344640138 0.568234 0.416525 0.371396779742 0.585807 0.606045 0.6296 0.657356 0.690541 0.730912 0.781077 0.845077 0.929532 1.04609
1.15191730632 0.559352 0.407631 0.362520832958 0.577128 0.597601 0.621429 0.649507 0.683077 0.723916 0.774661 0.839402 0.924835 1.04274
1.16937059884 0.550483 0.398894 0.35384612987 0.568454 0.589149 0.613237 0.641621 0.675556 0.716839 0.768137 0.833581 0.919942 1.03912
1.18682389136 0.541631 0.390315 0.345373065404 0.559785 0.580692 0.605026 0.633699 0.66798 0.709683 0.761503 0.827614 0.914853 1.03525
1.20427718388 0.532797 0.381895 0.337101639561 0.551124 0.572231 0.596796 0.625742 0.660349 0.702449 0.754761 0.821499 0.909565 1.0311
1.2217304764 0.523985 0.373633 0.329031465906 0.542475 0.563768 0.588551 0.617754 0.652666 0.695138 0.747911 0.815237 0.904078 1.02668
1.23918376892 0.515196 0.36553 0.321161775814 0.533838 0.555306 0.580292 0.609733 0.644932 0.68775 0.740953 0.808827 0.898391 1.02199
1.25663706144 0.506433 0.357586 0.313491426966 0.525216 0.546846 0.572021 0.601684 0.637147 0.680286 0.733888 0.80227 0.892504 1.01702
1.27409035396 0.497698 0.3498 0.306018937316 0.516611 0.538391 0.563739 0.593607 0.629313 0.672748 0.726717 0.795566 0.886415 1.01178
1.29154364648 0.488994 0.342172 0.298742480853 0.508026 0.529943 0.55545 0.585503 0.621432 0.665137 0.719441 0.788716 0.880125 1.00627
1.308996939 0.480322 0.3347 0.291659904577 0.499462 0.521502 0.547153 0.577375 0.613505 0.657454 0.712059 0.781719 0.873634 1.00047
1.32645023152 0.471686 0.327384 0.284768762481 0.490922 0.513073 0.538851 0.569224 0.605533 0.6497 0.704575 0.774577 0.866943 0.994402
1.34390352404 0.463086 0.320221 0.27806629431 0.482407 0.504655 0.530547 0.561052 0.597519 0.641877 0.696988 0.767291 0.860052 0.988054
1.36135681656 0.454525 0.313211 0.27154948502 0.47392 0.496253 0.522242 0.552861 0.589464 0.633986 0.689301 0.759862 0.852962 0.98143
1.37881010908 0.446005 0.306351 0.265215043538 0.465462 0.487866 0.513937 0.544653 0.58137 0.62603 0.681514 0.75229 0.845673 0.97453
1.3962634016 0.437529 0.29964 0.259059432495 0.457036 0.479498 0.505636 0.536429 0.573238 0.618009 0.67363 0.744579 0.838189 0.967355
1.41371669412 0.429097 0.293075 0.253078902192 0.448644 0.47115 0.497339 0.528192 0.56507 0.609925 0.66565 0.736729 0.830509 0.959908
1.43116998664 0.420713 0.286653 0.247269477864 0.440287 0.462824 0.489049 0.519942 0.556869 0.601781 0.657576 0.728743 0.822636 0.952189
1.44862327916 0.412378 0.280372 0.241626989406 0.431968 0.454523 0.480767 0.511683 0.548636 0.593578 0.649409 0.720621 0.814572 0.944202
1.46607657168 0.404093 0.27423 0.236147101098 0.423688 0.446247 0.472496 0.503416 0.540373 0.585319 0.641153 0.712367 0.806319 0.935948
1.4835298642 0.395861 0.268222 0.230825307356 0.415449 0.437999 0.464237 0.495143 0.532082 0.577005 0.632809 0.703983 0.79788 0.92743
1.50098315672 0.387684 0.262348 0.225656953968 0.407253 0.429781 0.455992 0.486866 0.523765 0.568639 0.62438 0.695472 0.789258 0.918652
1.51843644924 0.379563 0.256602 0.220637276314 0.399102 0.421595 0.447764 0.478588 0.515425 0.560223 0.615868 0.686836 0.780455 0.909617
1.53588974176 0.3715 0.250983 0.215761382375 0.390998 0.413442 0.439554 0.470309 0.507064 0.55176 0.607276 0.678078 0.771475 0.900329
1.55334303427 0.363496 0.245486 0.211024303694 0.382942 0.405325 0.431365 0.462034 0.498684 0.543251 0.598607 0.6692 0.762322 0.890791
1.57079632679 0.355554 0.240108 0.206420978394 0.374936 0.397245 0.423197 0.453762 0.490287 0.5347 0.589862 0.660207 0.752998 0.881008
1.58824961931 0.347675 0.234846 0.20194629788 0.366982 0.389204 0.415054 0.445497 0.481876 0.526109 0.581046 0.651102 0.743509 0.870985
1.60570291183 0.33986 0.229696 0.197595102604 0.359081 0.381204 0.406937 0.437241 0.473452 0.517481 0.572161 0.641887 0.733857 0.860727
1.62315620435 0.332111 0.224655 0.193362211782 0.351236 0.373246 0.398848 0.428997 0.46502 0.508818 0.563211 0.632568 0.724048 0.850239
1.64060949687 0.32443 0.21972 0.189242427645 0.343448 0.365334 0.39079 0.420765 0.45658 0.500124 0.554198 0.623147 0.714086 0.839527
1.65806278939 0.316819 0.214886 0.185230560918 0.335718 0.357468 0.382764 0.41255 0.448137 0.491401 0.545127 0.61363 0.703976 0.828596
1.67551608191 0.309277 0.21015 0.181321435062 0.328049 0.34965 0.374772 0.404352 0.439691 0.482653 0.536001 0.604019 0.693723 0.817454
1.69296937443 0.301808 0.205508 0.177509916008 0.320441 0.341882 0.366817 0.396174 0.431247 0.473882 0.526823 0.594319 0.683331 0.806105
1.71042266695 0.294412 0.200957 0.173790907903 0.312897 0.334166 0.358899 0.388019 0.422806 0.465092 0.517596 0.584534 0.672807 0.794557
1.72787595947 0.287091 0.196493 0.17015938284 0.305417 0.326503 0.351023 0.379889 0.414371 0.456285 0.508326 0.574669 0.662156 0.782816
1.74532925199 0.279845 0.192113 0.166610385103 0.298004 0.318896 0.343189 0.371786 0.405946 0.447466 0.499015 0.564729 0.651383 0.77089
1.76278254451 0.272677 0.187814 0.163139052399 0.290659 0.311346 0.335399 0.363713 0.397532 0.438637 0.489668 0.554719 0.640494 0.758787
1.78023583703 0.265588 0.183591 0.15974061586 0.283383 0.303855 0.327656 0.355672 0.389134 0.429802 0.480288 0.544643 0.629496 0.746513
1.79768912955 0.258578 0.179442 0.156410425521 0.276178 0.296424 0.319961 0.347666 0.380753 0.420964 0.47088 0.534506 0.618395 0.734077
1.81514242207 0.251649 0.175363 0.15314395032 0.269046 0.289056 0.312318 0.339696 0.372393 0.412126 0.461449 0.524313 0.607196 0.721487
1.83259571459 0.244803 0.171351 0.149936795084 0.261987 0.281751 0.304726 0.331766 0.364056 0.403293 0.451997 0.514071 0.595907 0.70875
1.85004900711 0.238039 0.167403 0.146784709024 0.255003 0.274512 0.29719 0.323877 0.355745 0.394468 0.44253 0.503783 0.584534 0.695876
1.86750229963 0.23136 0.163515 0.143683598472 0.248095 0.267341 0.28971 0.316033 0.347464 0.385654 0.433052 0.493456 0.573084 0.682873
1.88495559215 0.224766 0.159686 0.140629526882 0.241265 0.260238 0.282289 0.308236 0.339215 0.376855 0.423568 0.483095 0.561564 0.66975
1.90240888467 0.218259 0.155913 0.137618736062 0.234514 0.253206 0.274928 0.300487 0.331002 0.368074 0.414081 0.472705 0.54998 0.656516
1.91986217719 0.211839 0.152192 0.134647637685 0.227844 0.246246 0.267631 0.292791 0.322827 0.359317 0.404597 0.462293 0.538341 0.64318
1.93731546971 0.205507 0.148521 0.13171283876 0.221255 0.23936 0.260398 0.285149 0.314694 0.350585 0.39512 0.451864 0.526653 0.629752
1.95476876223 0.199265 0.144897 0.128811124656 0.214749 0.232549 0.253232 0.277563 0.306606 0.341884 0.385656 0.441424 0.514923 0.61624
1.97222205475 0.193112 0.14132 0.125939493066 0.208326 0.225816 0.246135 0.270037 0.298565 0.333216 0.376208 0.430978 0.503159 0.602654
1.98967534727 0.187051 0.137785 0.123095132778 0.201989 0.21916 0.239108 0.262572 0.290575 0.324586 0.366781 0.420533 0.491369 0.589005
2.00712863979 0.181081 0.134292 0.120275440661 0.195739 0.212585 0.232154 0.255171 0.282639 0.315997 0.35738 0.410095 0.47956 0.575301
2.02458193231 0.175204 0.130838 0.117478025911 0.189575 0.206091 0.225275 0.247836 0.274759 0.307454 0.34801 0.39967 0.467739 0.561553
2.04203522483 0.169421 0.127422 0.114700705804 0.1835 0.19968 0.218472 0.240571 0.26694 0.298959 0.338676 0.389263 0.455915 0.547771
2.05948851735 0.163731 0.124042 0.111941514191 0.177515 0.193353 0.211747 0.233377 0.259183 0.290518 0.329383 0.378881 0.444095 0.533965
2.07694180987 0.158136 0.120697 0.10919869725 0.17162 0.187112 0.205103 0.226256 0.251493 0.282134 0.320135 0.36853 0.432287 0.520144
2.09439510239 0.152637 0.117386 0.106470721979 0.165816 0.180958 0.198541 0.219212 0.243872 0.27381 0.310937 0.358216 0.420499 0.50632
2.11184839491 0.147233 0.114107 0.103756267702 0.160106 0.174893 0.192063 0.212247 0.236324 0.265551 0.301794 0.347945 0.408738 0.492502
2.12930168743 0.141926 0.110859 0.101054226071 0.154488 0.168918 0.18567 0.205362 0.22885 0.25736 0.292712 0.337724 0.397013 0.4787
2.14675497995 0.136716 0.107643 0.0983637095594 0.148965 0.163034 0.179365 0.198561 0.221455 0.249242 0.283694 0.327558 0.385332 0.464926
2.16420827247 0.131604 0.104456 0.0956840302266 0.143537 0.157242 0.17315 0.191845 0.214141 0.2412 0.274746 0.317454 0.373701 0.451188
2.18166156499 0.12659 0.1013 0.0930147209529 0.138205 0.151544 0.167025 0.185217 0.206911 0.233237 0.265873 0.307418 0.36213 0.437497
2.19911485751 0.121675 0.0981723 0.0903555099596 0.132971 0.145941 0.160993 0.178679 0.199769 0.225358 0.257079 0.297456 0.350626 0.423864
2.21656815003 0.116858 0.095074 0.0877063293019 0.127833 0.140433 0.155055 0.172234 0.192716 0.217567 0.248369 0.287574 0.339196 0.410299
2.23402144255 0.112141 0.0920051 0.0850673148693 0.122794 0.135023 0.149213 0.165883 0.185756 0.209866 0.239747 0.277777 0.327849 0.396812
2.25147473507 0.107524 0.0889654 0.0824387851524 0.117854 0.129712 0.143469 0.159629 0.178892 0.202261 0.23122 0.268073 0.316593 0.383413
2.26892802759 0.103006 0.0859553 0.07982124549 0.113014 0.1245 0.137824 0.153474 0.172127 0.194753 0.22279 0.258467 0.305434 0.370112
2.28638132011 0.0985893 0.0829752 0.0772153795757 0.108274 0.119388 0.132279 0.147419 0.165463 0.187348 0.214463 0.248965 0.294382 0.356919
2.30383461263 0.0942728 0.0800256 0.0746220494575 0.103635 0.114378 0.126837 0.141468 0.158903 0.180047 0.206244 0.239573 0.283442 0.343845
2.32128790515 0.090057 0.0771071 0.0720422743062 0.0990975 0.10947 0.121498 0.135621 0.15245 0.172856 0.198136 0.230296 0.272623 0.330898
2.33874119767 0.0859421 0.0742206 0.0694772389071 0.094662 0.104665 0.116264 0.129882 0.146106 0.165777 0.190144 0.22114 0.261932 0.318089
2.35619449019 0.0819282 0.0713668 0.066928268182 0.0903289 0.0999648 0.111136 0.124251 0.139874 0.158814 0.182273 0.212111 0.251377 0.305428
2.37364778271 0.0780154 0.0685469 0.0643968356813 0.0860988 0.0953694 0.106116 0.11873 0.133756 0.15197 0.174527 0.203215 0.240964 0.292923
2.39110107523 0.0742037 0.0657619 0.0618845423521 0.0819719 0.0908798 0.101205 0.113322 0.127755 0.145248 0.166909 0.194456 0.2307 0.280584
2.40855436775 0.0704932 0.063013 0.0593931080443 0.0779486 0.0864968 0.0964034 0.108029 0.121872 0.138651 0.159425 0.185841 0.220593 0.268421
2.42600766027 0.066884 0.0603016 0.0569243715112 0.0740294 0.082221 0.0917132 0.102851 0.116112 0.132182 0.152078 0.177374 0.21065 0.256441
2.44346095279 0.0633758 0.057629 0.0544802734234 0.0702144 0.0780532 0.0871352 0.09779 0.110475 0.125845 0.144872 0.16906 0.200876 0.244655
2.46091424531 0.0599686 0.0549967 0.0520628351354 0.0665039 0.0739938 0.0826705 0.0928483 0.104964 0.119642 0.13781 0.160905 0.191279 0.233071
2.47836753783 0.0566623 0.0524062 0.0496741799189 0.062898 0.0700436 0.07832 0.088027 0.0995806 0.113576 0.130898 0.152913 0.181866 0.221697
2.49582083035 0.0534567 0.0498591 0.0473164820042 0.059397 0.0662029 0.0740847 0.0833276 0.0943273 0.10765 0.124137 0.145089 0.172641 0.210542
2.51327412287 0.0503515 0.0473571 0.0449919835664 0.0560008 0.0624721 0.0699655 0.0787514 0.0892058 0.101867 0.117532 0.137438 0.163611 0.199613
2.53072741539 0.0473466 0.0449017 0.0427029777387 0.0527095 0.0588518 0.065963 0.0742996 0.0842179 0.0962278 0.111086 0.129964 0.154783 0.188918
2.54818070791 0.0444416 0.0424948 0.0404517958736 0.0495231 0.0553422 0.0620781 0.0699734 0.0793654 0.0907363 0.104802 0.122671 0.146161 0.178465
2.56563400043 0.0416362 0.0401382 0.0382407905562 0.0464417 0.0519436 0.0583114 0.065774 0.0746499 0.0853944 0.0986835 0.115564 0.137752 0.168262
2.58308729295 0.03893 0.0378335 0.0360723271112 0.043465 0.0486563 0.0546635 0.0617024 0.070073 0.0802044 0.0927332 0.108646 0.129559 0.158314
2.60054058547 0.0363226 0.0355826 0.0339487836029 0.0405929 0.0454804 0.051135 0.0577596 0.0656361 0.0751682 0.0869542 0.101922 0.12159 0.14863
2.61799387799 0.0338136 0.0333873 0.031872525356 0.0378254 0.0424161 0.0477263 0.0539463 0.0613407 0.0702878 0.0813489 0.0953939 0.113848 0.139215
2.63544717051 0.0314024 0.0312494 0.029845892216 0.035162 0.0394633 0.0444378 0.0502636 0.057188 0.0655651 0.07592 0.0890664 0.106337 0.130076
2.65290046303 0.0290885 0.0291707 0.0278712070421 0.0326026 0.0366221 0.0412699 0.0467119 0.0531792 0.0610018 0.0706698 0.0829425 0.0990632 0.121219
2.67035375555 0.0268713 0.0271528 0.0259507374885 0.0301467 0.0338924 0.0382227 0.043292 0.0493152 0.0565994 0.0656006 0.0770251 0.0920297 0.112649
2.68780704807 0.0247502 0.0251976 0.0240867087441 0.0277939 0.0312741 0.0352964 0.0400043 0.045597 0.0523594 0.0607144 0.071317 0.0852403 0.104371
2.70526034059 0.0227244 0.0233067 0.0222812780528 0.0255439 0.0287668 0.0324911 0.0368493 0.0420254 0.0482831 0.0560131 0.065821 0.0786989 0.0963911
2.72271363311 0.0207933 0.0214817 0.0205365219745 0.0233961 0.0263705 0.0298068 0.0338272 0.0386012 0.0443716 0.0514984 0.0605395 0.0724088 0.0887131
2.74016692563 0.0189561 0.0197242 0.0188544406311 0.0213498 0.0240847 0.0272435 0.0309383 0.0353249 0.0406259 0.0471718 0.0554746 0.0663729 0.0813414
2.75762021815 0.017212 0.0180357 0.0172369322275 0.0194045 0.0219089 0.0248009 0.0281828 0.0321969 0.0370469 0.0430347 0.0506283 0.0605941 0.07428
2.77507351067 0.01556 0.0164176 0.0156857972982 0.0175595 0.0198428 0.0224787 0.0255605 0.0292176 0.0336353 0.0390882 0.0460023 0.0550749 0.0675323
2.79252680319 0.0139994 0.0148714 0.0142027089813 0.015814 0.0178857 0.0202767 0.0230715 0.0263872 0.0303916 0.0353334 0.0415982 0.0498175 0.0611015
2.80998009571 0.012529 0.0133982 0.0127892215117 0.0141672 0.016037 0.0181944 0.0207155 0.0237057 0.0273162 0.031771 0.0374173 0.0448238 0.0549903
2.82743338823 0.0111479 0.0119992 0.0114467574815 0.0126183 0.014296 0.0162313 0.0184922 0.0211731 0.0244094 0.0284016 0.0334605 0.0400953 0.0492012
2.84488668075 0.00985493 0.0106754 0.010176586607 0.0111662 0.0126619 0.0143867 0.0164011 0.0187892 0.0216712 0.0252255 0.0297287 0.0356334 0.043736
2.86233997327 0.00864905 0.00942789 0.00897982997596 0.00981 0.0111338 0.0126599 0.0144417 0.0165535 0.0191014 0.0222429 0.0262221 0.0314389 0.0385962
2.87979326579 0.00752901 0.00825732 0.00785744306047 0.00854856 0.00971072 0.0110501 0.0126133 0.0144655 0.0166997 0.0194536 0.0229412 0.0275125 0.033783
2.89724655831 0.00649358 0.00716442 0.0068102199642 0.00738073 0.00839163 0.00955623 0.0109151 0.0125247 0.0144656 0.0168575 0.0198859 0.0238544 0.029297
2.91469985083 0.00554141 0.0061497 0.00583876369633 0.00630527 0.00717536 0.00817738 0.00934618 0.0107301 0.0123985 0.014454 0.0170557 0.0204644 0.0251383
2.93215314335 0.00467114 0.00521355 0.00494349466466 0.00532088 0.00606067 0.00691233 0.00790538 0.00908085 0.0104974 0.0122422 0.0144501 0.0173421 0.0213068
2.94960643587 0.00388131 0.0043562 0.00412464218253 0.00442614 0.00504623 0.0057598 0.00659153 0.0075757 0.00876135 0.0102212 0.0120681 0.0144867 0.0178016
2.96705972839 0.0031704 0.0035777 0.00338223172921 0.00361959 0.0041306 0.00471839 0.00540325 0.00621332 0.0071889 0.00838975 0.00990848 0.0118968 0.0146214
2.98451302091 0.0025368 0.00287793 0.00271606371716 0.00289964 0.00331221 0.00378657 0.00433903 0.00499223 0.0057786 0.00674622 0.00796962 0.00957083 0.0117645
3.00196631343 0.00197884 0.00225659 0.0021257304782 0.00226462 0.00258941 0.00296267 0.00339717 0.0039107 0.00452868 0.00528883 0.00624959 0.00750669 0.00922847
3.01941960595 0.00149473 0.00171318 0.00161059078426 0.00171275 0.0019604 0.00224486 0.00257583 0.00296682 0.00343714 0.00401544 0.0047461 0.00570183 0.00701049
3.03687289847 0.00108261 0.00124699 0.00116976135432 0.00124215 0.00142326 0.00163118 0.00187296 0.00215846 0.00250172 0.00292361 0.00345647 0.00415323 0.00510702
3.05432619099 0.0007405 0.000857075 0.000802091375092 0.000850791 0.000975918 0.00111948 0.00128633 0.00148323 0.00171987 0.00201058 0.0023776 0.00285735 0.00351386
3.07177948351 0.000466283 0.000542269 0.000506170994147 0.000536513 0.000616135 0.000707423 0.000813458 0.00093852 0.00108873 0.00127318 0.00150595 0.00181009 0.00222615
3.08923277603 0.000257709 0.000301123 0.000280284607929 0.000296988 0.000341486 0.000392465 0.000451638 0.000521384 0.000605107 0.000707855 0.000837455 0.00100672 0.00123819
3.10668606855 0.000112334 0.00013188 0.000122368396317 0.000129678 0.000149309 0.000171779 0.000197841 0.000228536 0.000265357 0.000310518 0.000367449 0.000441769 0.000543358
3.12413936107 2.74663e-05 3.24019e-05 2.99551175603e-05 3.17691e-05 3.66337e-05 4.21965e-05 4.86421e-05 5.62269e-05 6.53182e-05 7.64603e-05 9.04972e-05 0.000108811 0.000133832
3.14159265359 0.0 0.0 0.0 0.0 0.0 0.0 0.0 0.0 0.0 0.0 0.0 0.0 0.0
