alpha phi_iso phi_ray phi_vec g0=0.1 g0=0.2 g0=0.3 g0=0.4 g0=0.5 g0=0.6 g0=0.7 g0=0.8 g0=0.9 g0=1.0
0.0 1.0 1.0 1.0 1.0 1.0 1.0 1.0 1.0 1.0 1.0 1.0 1.0 1.0
0.0174532925199 0.99967 0.999529 0.999520663749 0.999686 0.999704 0.999727 0.999755 0.99979 0.999838 0.999904 1.0 1.00017 1.0005
0.0349065850399 0.998748 0.998187 0.998150914414 0.998808 0.998881 0.998969 0.999078 0.999218 0.999404 0.999664 1.00005 1.0007 1.00201
0.0523598775598 0.997328 0.996079 0.995992480833 0.997462 0.997621 0.997815 0.998057 0.998366 0.998777 0.99935 1.00021 1.00165 1.00454
0.0698131700798 0.995487 0.993289 0.993126129066 0.99572 0.995998 0.996336 0.996757 0.997296 0.998014 0.999016 1.00052 1.00303 1.00809
0.0872664625997 0.993273 0.989873 0.989605969489 0.99363 0.994056 0.994575 0.995221 0.99605 0.997152 0.998694 1.00101 1.00487 1.01265
0.10471975512 0.990717 0.985867 0.985468390108 0.991222 0.991825 0.99256 0.993476 0.994651 0.996216 0.998404 1.00169 1.00718 1.01823
0.12217304764 0.987841 0.9813 0.980741356089 0.988517 0.989326 0.990311 0.991541 0.993118 0.995219 0.998159 1.00257 1.00995 1.02481
0.13962634016 0.984663 0.976195 0.975449603287 0.985533 0.986574 0.987844 0.989429 0.991463 0.994173 0.997967 1.00366 1.01319 1.03237
0.157079632679 0.981197 0.970577 0.96961662466 0.982284 0.983586 0.985173 0.987154 0.989698 0.993089 0.997836 1.00497 1.01689 1.04091
0.174532925199 0.977461 0.964467 0.963265258427 0.978786 0.980373 0.98231 0.984728 0.987834 0.991974 0.997773 1.00648 1.02105 1.0504
0.191986217719 0.973467 0.957888 0.956417821232 0.975052 0.97695 0.979267 0.982161 0.985879 0.990837 0.997781 1.00822 1.02567 1.06083
0.209439510239 0.969228 0.95086 0.949096196928 0.971093 0.973327 0.976055 0.979463 0.983842 0.989682 0.997865 1.01016 1.03073 1.07217
0.226892802759 0.964756 0.943404 0.941321836573 0.96692 0.969515 0.972683 0.976641 0.981729 0.988515 0.998025 1.01232 1.03622 1.08441
0.244346095279 0.960062 0.935541 0.933115780623 0.962545 0.965523 0.969159 0.973704 0.979547 0.987341 0.998264 1.01468 1.04215 1.09751
0.261799387799 0.955157 0.927289 0.924498747715 0.957977 0.96136 0.965493 0.970658 0.9773 0.986161 0.998582 1.01725 1.04849 1.11145
0.279252680319 0.95005 0.918669 0.915491190152 0.953226 0.957035 0.961691 0.96751 0.974994 0.984979 0.998977 1.02002 1.05523 1.12621
0.296705972839 0.94475 0.9097 0.906113260606 0.948299 0.952556 0.957759 0.964264 0.972631 0.983796 0.99945 1.02298 1.06237 1.14175
0.314159265359 0.939266 0.9004 0.896384934198 0.943204 0.947929 0.953704 0.960926 0.970215 0.982613 0.999996 1.02613 1.06987 1.15805
0.331612557879 0.933607 0.890787 0.886325930806 0.937949 0.943161 0.949532 0.957499 0.967749 0.98143 1.00061 1.02946 1.07774 1.17507
0.349065850399 0.927779 0.880881 0.875955837145 0.932542 0.938258 0.945247 0.953988 0.965235 0.980248 1.0013 1.03296 1.08595 1.19277
0.366519142919 0.92179 0.870699 0.865294006883 0.926987 0.933226 0.940854 0.950395 0.962674 0.979064 1.00205 1.03662 1.09448 1.21114
0.383972435439 0.915648 0.860259 0.85435963833 0.921293 0.92807 0.936358 0.946725 0.960067 0.977879 1.00286 1.04043 1.10332 1.23012
0.401425727959 0.909359 0.849579 0.843171730041 0.915465 0.922796 0.931762 0.942979 0.957416 0.976691 1.00373 1.04439 1.11245 1.24969
0.418879020479 0.902929 0.838676 0.83174909192 0.909508 0.917408 0.92707 0.93916 0.95472 0.975497 1.00464 1.04847 1.12185 1.26981
0.436332312999 0.896364 0.827567 0.820110345216 0.903428 0.91191 0.922286 0.935269 0.95198 0.974295 1.0056 1.05268 1.1315 1.29044
0.453785605519 0.889671 0.81627 0.808273889231 0.89723 0.906307 0.917412 0.931308 0.949196 0.973084 1.00659 1.057 1.14139 1.31155
0.471238898038 0.882855 0.804801 0.796257901324 0.890919 0.900604 0.912452 0.92728 0.946368 0.971859 1.00762 1.06142 1.15148 1.3331
0.488692190558 0.875922 0.793177 0.784080325809 0.884499 0.894803 0.907408 0.923184 0.943494 0.970619 1.00867 1.06592 1.16177 1.35504
0.506145483078 0.868876 0.781414 0.77175886286 0.877976 0.888908 0.902283 0.919022 0.940574 0.969359 1.00974 1.0705 1.17222 1.37735
0.523598775598 0.861724 0.769527 0.759310935219 0.871354 0.882923 0.897078 0.914795 0.937608 0.968076 1.01083 1.07514 1.18282 1.39998
0.541052068118 0.85447 0.757534 0.746753699292 0.864636 0.87685 0.891796 0.910504 0.934592 0.966767 1.01191 1.07983 1.19355 1.42289
0.558505360638 0.847118 0.745449 0.73410401186 0.857827 0.870694 0.88644 0.906149 0.931528 0.965427 1.01299 1.08456 1.20439 1.44604
0.575958653158 0.839674 0.733287 0.721378407883 0.850931 0.864456 0.881009 0.901729 0.928412 0.964053 1.01406 1.08931 1.2153 1.4694
0.593411945678 0.832141 0.721063 0.708593111594 0.843951 0.858141 0.875507 0.897247 0.925243 0.96264 1.01512 1.09408 1.22629 1.49292
0.610865238198 0.824525 0.708792 0.695763969921 0.836891 0.851749 0.869935 0.892701 0.922019 0.961185 1.01614 1.09884 1.23731 1.51657
0.628318530718 0.81683 0.696488 0.682906507969 0.829754 0.845285 0.864294 0.888091 0.918739 0.959682 1.01714 1.10359 1.24835 1.5403
0.645771823238 0.809058 0.684164 0.670035862439 0.822544 0.838749 0.858585 0.883418 0.915401 0.958127 1.01809 1.10831 1.25939 1.56408
0.663225115758 0.801216 0.671835 0.65716677053 0.815264 0.832145 0.85281 0.878681 0.912002 0.956517 1.01899 1.11299 1.2704 1.58787
0.680678408278 0.793306 0.659513 0.644313569937 0.807917 0.825476 0.846969 0.87388 0.90854 0.954846 1.01983 1.11762 1.28137 1.61163
0.698131700798 0.785332 0.647212 0.631490198853 0.800506 0.818742 0.841065 0.869015 0.905014 0.95311 1.02061 1.12218 1.29227 1.63532
0.715584993318 0.777298 0.634943 0.618710129387 0.793034 0.811946 0.835097 0.864084 0.901421 0.951304 1.02131 1.12666 1.30308 1.65889
0.733038285838 0.769208 0.622718 0.605986434143 0.785504 0.80509 0.829067 0.859089 0.897759 0.949425 1.02194 1.13105 1.31378 1.68233
0.750491578358 0.761064 0.610549 0.593331686348 0.777919 0.798176 0.822976 0.854028 0.894026 0.947467 1.02247 1.13534 1.32435 1.70558
0.767944870878 0.752872 0.598447 0.580758026435 0.770281 0.791206 0.816824 0.848901 0.890219 0.945425 1.02291 1.13951 1.33477 1.7286
0.785398163397 0.744633 0.586423 0.568277117654 0.762593 0.784182 0.810612 0.843706 0.886337 0.943296 1.02324 1.14355 1.34501 1.75138
0.802851455917 0.736351 0.574488 0.555900123877 0.754858 0.777105 0.80434 0.838445 0.882376 0.941075 1.02346 1.14744 1.35507 1.77385
0.820304748437 0.728029 0.562649 0.543637720693 0.747079 0.769977 0.798011 0.833115 0.878336 0.938758 1.02356 1.15119 1.36491 1.796
0.837758040957 0.719671 0.550919 0.531500095414 0.739257 0.762799 0.791623 0.827717 0.874213 0.93634 1.02354 1.15476 1.37453 1.81779
0.855211333477 0.711279 0.539304 0.519496924875 0.731394 0.755574 0.785179 0.82225 0.870006 0.933817 1.02338 1.15817 1.38389 1.83918
0.872664625997 0.702857 0.527814 0.50763735324 0.723495 0.748303 0.778677 0.816714 0.865713 0.931185 1.02308 1.16138 1.39298 1.86014
0.890117918517 0.694407 0.516456 0.495930058589 0.71556 0.740987 0.77212 0.811107 0.86133 0.92844 1.02263 1.16439 1.40179 1.88064
0.907571211037 0.685932 0.505239 0.484383141941 0.707592 0.733629 0.765508 0.80543 0.856858 0.925578 1.02203 1.16719 1.41029 1.90064
0.925024503557 0.677435 0.494168 0.473004227134 0.699593 0.726228 0.758841 0.799681 0.852293 0.922594 1.02127 1.16977 1.41847 1.92012
0.942477796077 0.668919 0.483252 0.461800394238 0.691565 0.718788 0.752119 0.793861 0.847633 0.919487 1.02034 1.17212 1.42632 1.93904
0.959931088597 0.660386 0.472495 0.450778212846 0.68351 0.711308 0.745344 0.787968 0.842878 0.916251 1.01924 1.17423 1.4338 1.95737
0.977384381117 0.65184 0.461904 0.439943708786 0.675432 0.703792 0.738517 0.782003 0.838024 0.912883 1.01796 1.17609 1.44092 1.9751
0.994837673637 0.643282 0.451484 0.429302408507 0.66733 0.69624 0.731637 0.775965 0.833072 0.90938 1.01649 1.17769 1.44765 1.99218
1.01229096616 0.634715 0.441239 0.418859305788 0.659209 0.688653 0.724705 0.769854 0.828018 0.905739 1.01483 1.17901 1.45397 2.00859
1.02974425868 0.626142 0.431174 0.408618895032 0.651068 0.681033 0.717722 0.76367 0.822861 0.901957 1.01298 1.18006 1.45988 2.02431
1.0471975512 0.617565 0.421293 0.398585137971 0.642912 0.673381 0.710689 0.757411 0.817601 0.898031 1.01092 1.18083 1.46537 2.03931
1.06465084372 0.608987 0.411598 0.388761508054 0.63474 0.6657 0.703607 0.751079 0.812236 0.893957 1.00866 1.1813 1.47041 2.05357
1.08210413624 0.600409 0.402094 0.379150957161 0.626556 0.657989 0.696475 0.744673 0.806764 0.889734 1.00619 1.18146 1.47499 2.06706
1.09955742876 0.591835 0.392782 0.369755982182 0.618362 0.65025 0.689296 0.738193 0.801186 0.88536 1.00351 1.18132 1.47911 2.07977
1.11701072128 0.583266 0.383665 0.360578547336 0.610158 0.642486 0.682069 0.731639 0.795498 0.880831 1.00061 1.18086 1.48275 2.09167
1.1344640138 0.574705 0.374744 0.351620172952 0.601947 0.634696 0.674795 0.725011 0.789702 0.876146 0.99748 1.18009 1.4859 2.10275
1.15191730632 0.566153 0.36602 0.342881913272 0.593731 0.626884 0.667476 0.71831 0.783796 0.871303 0.994129 1.17898 1.48855 2.11298
1.16937059884 0.557614 0.357494 0.334364345355 0.585512 0.619049 0.660111 0.711534 0.77778 0.8663 0.990548 1.17754 1.49069 2.12235
1.18682389136 0.549088 0.349167 0.326067613467 0.577291 0.611193 0.652703 0.704686 0.771653 0.861137 0.986736 1.17576 1.49232 2.13084
1.20427718388 0.540579 0.341039 0.317991429076 0.569069 0.603318 0.645252 0.697765 0.765415 0.85581 0.982689 1.17364 1.49342 2.13844
1.2217304764 0.532088 0.333108 0.310135070861 0.56085 0.595425 0.637759 0.690772 0.759065 0.85032 0.978406 1.17117 1.49399 2.14514
1.23918376892 0.523617 0.325376 0.302497429091 0.552634 0.587516 0.630224 0.683707 0.752604 0.844666 0.973883 1.16835 1.49402 2.15091
1.25663706144 0.515168 0.317839 0.295076972342 0.544424 0.579592 0.62265 0.676571 0.746032 0.838846 0.969119 1.16517 1.4935 2.15575
1.27409035396 0.506743 0.310498 0.287871814074 0.53622 0.571654 0.615037 0.669364 0.739348 0.832861 0.964113 1.16164 1.49243 2.15966
1.29154364648 0.498344 0.303351 0.280879679343 0.528025 0.563704 0.607386 0.662088 0.732554 0.82671 0.958863 1.15775 1.49081 2.16261
1.308996939 0.489973 0.296394 0.274097960287 0.519841 0.555743 0.599699 0.654743 0.725649 0.820392 0.953369 1.15349 1.48862 2.1646
1.32645023152 0.481632 0.289626 0.267523716125 0.511668 0.547773 0.591977 0.64733 0.718634 0.813908 0.94763 1.14887 1.48588 2.16562
1.34390352404 0.473322 0.283045 0.261153662058 0.50351 0.539796 0.584221 0.639851 0.71151 0.807259 0.941645 1.14388 1.48256 2.16568
1.36135681656 0.465045 0.276647 0.254984235859 0.495366 0.531812 0.576432 0.632305 0.704278 0.800444 0.935415 1.13853 1.47868 2.16476
1.37881010908 0.456803 0.270429 0.249011586767 0.487239 0.523823 0.568612 0.624696 0.696939 0.793465 0.92894 1.13281 1.47423 2.16286
1.3962634016 0.448598 0.264387 0.243231586592 0.479132 0.515832 0.560763 0.617023 0.689493 0.786322 0.92222 1.12673 1.46921 2.15997
1.41371669412 0.440431 0.258519 0.237639851905 0.471044 0.507839 0.552885 0.609289 0.681943 0.779016 0.915257 1.12028 1.46361 2.15611
1.43116998664 0.432304 0.25282 0.232231799527 0.462978 0.499846 0.54498 0.601494 0.674289 0.771549 0.908051 1.11347 1.45745 2.15126
1.44862327916 0.424219 0.247286 0.227002591039 0.454936 0.491854 0.53705 0.593641 0.666533 0.763923 0.900604 1.10629 1.45072 2.14543
1.46607657168 0.416177 0.241913 0.221947199371 0.446919 0.483866 0.529097 0.585731 0.658677 0.756138 0.892918 1.09875 1.44342 2.13862
1.4835298642 0.40818 0.236697 0.217060453186 0.438928 0.475883 0.521122 0.577765 0.650722 0.748197 0.884995 1.09085 1.43556 2.13083
1.50098315672 0.400229 0.231632 0.212336981397 0.430966 0.467906 0.513127 0.569746 0.642672 0.740102 0.876837 1.08259 1.42714 2.12207
1.51843644924 0.392326 0.226715 0.207771279749 0.423033 0.459938 0.505114 0.561675 0.634526 0.731856 0.868447 1.07399 1.41817 2.11235
1.53588974176 0.384473 0.22194 0.203357733014 0.415133 0.45198 0.497084 0.553555 0.626289 0.72346 0.859827 1.06503 1.40864 2.10167
1.55334303427 0.37667 0.217302 0.199090603895 0.407265 0.444033 0.489039 0.545388 0.617961 0.714918 0.850982 1.05572 1.39857 2.09003
1.57079632679 0.368919 0.212797 0.194964077413 0.399431 0.436099 0.480982 0.537175 0.609546 0.706232 0.841914 1.04608 1.38795 2.07746
1.58824961931 0.361222 0.20842 0.190972272006 0.391634 0.42818 0.472914 0.528918 0.601046 0.697405 0.832626 1.0361 1.3768 2.06395
1.60570291183 0.353581 0.204164 0.187109228429 0.383875 0.420279 0.464837 0.520621 0.592464 0.688441 0.823124 1.02578 1.36512 2.04952
1.62315620435 0.345995 0.200026 0.183368998537 0.376154 0.412395 0.456754 0.512286 0.583803 0.679343 0.813412 1.01514 1.35293 2.03418
1.64060949687 0.338468 0.196 0.179745567599 0.368475 0.404533 0.448666 0.503914 0.575066 0.670115 0.803493 1.00418 1.34022 2.01794
1.65806278939 0.330999 0.192081 0.176232954177 0.360838 0.396692 0.440575 0.49551 0.566255 0.66076 0.793374 0.992908 1.32701 2.00082
1.67551608191 0.323591 0.188263 0.172825165737 0.353245 0.388876 0.432484 0.487074 0.557375 0.651283 0.783058 0.981328 1.31331 1.98284
1.69296937443 0.316245 0.184541 0.169516276325 0.345697 0.381085 0.424395 0.478611 0.548427 0.641688 0.772551 0.969447 1.29912 1.964
1.71042266695 0.308961 0.180911 0.166300359992 0.338196 0.373322 0.41631 0.470122 0.539416 0.631978 0.761859 0.957274 1.28447 1.94433
1.72787595947 0.301742 0.177367 0.163171601756 0.330744 0.365589 0.408232 0.46161 0.530346 0.622159 0.750987 0.944816 1.26935 1.92384
1.74532925199 0.294588 0.173904 0.160124242127 0.323341 0.357887 0.400163 0.453079 0.521219 0.612235 0.739942 0.932081 1.25378 1.90256
1.76278254451 0.287501 0.170517 0.157152599293 0.31599 0.350218 0.392104 0.444532 0.51204 0.602211 0.728729 0.919078 1.23778 1.88049
1.78023583703 0.280481 0.167202 0.154251135708 0.308692 0.342585 0.384059 0.43597 0.502812 0.592091 0.717356 0.905816 1.22135 1.85767
1.79768912955 0.27353 0.163953 0.151414391504 0.301449 0.334989 0.37603 0.427399 0.49354 0.581881 0.705828 0.892302 1.20451 1.83411
1.81514242207 0.266649 0.160765 0.148637073278 0.294261 0.327431 0.36802 0.418819 0.484227 0.571586 0.694153 0.878548 1.18727 1.80984
1.83259571459 0.259839 0.157635 0.145913998594 0.287131 0.319915 0.36003 0.410236 0.474877 0.561211 0.682338 0.864562 1.16964 1.78487
1.85004900711 0.253101 0.154558 0.143240184771 0.280059 0.312442 0.352064 0.401651 0.465495 0.550762 0.670389 0.850355 1.15165 1.75924
1.86750229963 0.246437 0.15153 0.140610782294 0.273048 0.305013 0.344124 0.393069 0.456085 0.540244 0.658314 0.835935 1.1333 1.73296
1.88495559215 0.239846 0.148546 0.138021130301 0.266099 0.297632 0.336212 0.384493 0.446651 0.529663 0.646122 0.821315 1.11461 1.70606
1.90240888467 0.233331 0.145602 0.13546674549 0.259213 0.290299 0.328331 0.375926 0.437198 0.519025 0.633819 0.806505 1.0956 1.67857
1.91986217719 0.226892 0.142696 0.132943355403 0.252391 0.283017 0.320485 0.367371 0.42773 0.508336 0.621414 0.791515 1.07628 1.65051
1.93731546971 0.22053 0.139822 0.130446887337 0.245635 0.275787 0.312674 0.358832 0.418252 0.497601 0.608914 0.776357 1.05667 1.62191
1.95476876223 0.214246 0.136978 0.127973468338 0.238947 0.268613 0.304903 0.350313 0.408768 0.486827 0.596328 0.761042 1.03678 1.59279
1.97222205475 0.208042 0.13416 0.125519469592 0.232328 0.261495 0.297173 0.341816 0.399283 0.47602 0.583664 0.745582 1.01663 1.56319
1.98967534727 0.201917 0.131366 0.123081450941 0.225779 0.254435 0.289488 0.333347 0.389802 0.465187 0.570931 0.729988 0.996247 1.53313
2.00712863979 0.195873 0.128592 0.120656249657 0.219302 0.247436 0.28185 0.324907 0.38033 0.454333 0.558137 0.714272 0.975636 1.50264
2.02458193231 0.18991 0.125836 0.118240880571 0.212897 0.240499 0.274261 0.316502 0.370871 0.443465 0.54529 0.698447 0.95482 1.47176
2.04203522483 0.18403 0.123096 0.115832658137 0.206567 0.233627 0.266725 0.308133 0.36143 0.43259 0.532401 0.682524 0.933816 1.4405
2.05948851735 0.178233 0.120368 0.11342907437 0.200312 0.226822 0.259244 0.299806 0.352012 0.421713 0.519476 0.666516 0.912642 1.4089
2.07694180987 0.172521 0.117652 0.111027932007 0.194134 0.220084 0.251821 0.291524 0.342622 0.410843 0.506527 0.650436 0.891317 1.377
2.09439510239 0.166893 0.114945 0.108627222437 0.188035 0.213417 0.244459 0.283291 0.333265 0.399985 0.49356 0.634296 0.86986 1.34481
2.11184839491 0.161351 0.112245 0.106225225582 0.182015 0.206822 0.23716 0.275109 0.323947 0.389146 0.480587 0.618109 0.848289 1.31238
2.12930168743 0.155895 0.109552 0.103820432211 0.176075 0.200302 0.229927 0.266984 0.314671 0.378333 0.467615 0.601887 0.826624 1.27973
2.14675497995 0.150526 0.106865 0.101411610524 0.170218 0.193857 0.222763 0.258918 0.305444 0.367552 0.454654 0.585644 0.804883 1.2469
2.16420827247 0.145245 0.104181 0.0989977617658 0.164444 0.18749 0.21567 0.250916 0.296269 0.356811 0.441713 0.569392 0.783085 1.21392
2.18166156499 0.140052 0.101501 0.0965781202233 0.158755 0.181203 0.208651 0.24298 0.287153 0.346116 0.428802 0.553144 0.76125 1.18081
2.19911485751 0.134948 0.0988237 0.0941521754213 0.153151 0.174998 0.201709 0.235116 0.278099 0.335474 0.415929 0.536914 0.739396 1.14761
2.21656815003 0.129934 0.0961493 0.0917196610249 0.147634 0.168876 0.194847 0.227326 0.269114 0.324891 0.403104 0.520714 0.717544 1.11436
2.23402144255 0.125011 0.0934775 0.0892805104504 0.142205 0.16284 0.188067 0.219614 0.260202 0.314375 0.390336 0.504558 0.695712 1.08108
2.25147473507 0.120178 0.0908085 0.0868349234489 0.136865 0.156891 0.181371 0.211984 0.251368 0.303932 0.377635 0.488458 0.67392 1.0478
2.26892802759 0.115436 0.0881425 0.0843833106201 0.131615 0.15103 0.174763 0.204439 0.242617 0.293569 0.36501 0.472427 0.652187 1.01457
2.28638132011 0.110786 0.08548 0.0819262934122 0.126457 0.145261 0.168245 0.196984 0.233954 0.283293 0.352469 0.456479 0.630533 0.981404
2.30383461263 0.106229 0.0828218 0.0794647041217 0.121391 0.139584 0.16182 0.189621 0.225384 0.273111 0.340023 0.440627 0.608976 0.948342
2.32128790515 0.101765 0.0801687 0.0769995858936 0.116419 0.134001 0.155489 0.182355 0.216912 0.263028 0.32768 0.424882 0.587536 0.915414
2.33874119767 0.0973943 0.0775218 0.0745321816242 0.111541 0.128514 0.149256 0.175188 0.208543 0.253052 0.315449 0.409259 0.566232 0.882652
2.35619449019 0.0931174 0.0748824 0.0720639117664 0.106759 0.123124 0.143123 0.168125 0.200281 0.243189 0.30334 0.393769 0.545082 0.850087
2.37364778271 0.0889347 0.0722517 0.0695963965242 0.102073 0.117834 0.137093 0.161168 0.192132 0.233446 0.291361 0.378426 0.524106 0.817751
2.39110107523 0.0848467 0.0696315 0.0671314114636 0.0974847 0.112644 0.131168 0.154322 0.184099 0.223829 0.279521 0.363242 0.503321 0.785673
2.40855436775 0.0808538 0.0670233 0.06467089861 0.0929947 0.107557 0.125349 0.147588 0.176188 0.214345 0.267829 0.348229 0.482747 0.753886
2.42600766027 0.0769563 0.0644291 0.0622169553508 0.0886038 0.102573 0.119641 0.140972 0.168403 0.204999 0.256294 0.333399 0.462402 0.722418
2.44346095279 0.0731545 0.0618509 0.0597718233381 0.0843131 0.097695 0.114044 0.134476 0.160749 0.195798 0.244923 0.318765 0.442304 0.691301
2.46091424531 0.0694488 0.0592907 0.057337855197 0.0801232 0.0929237 0.108561 0.128103 0.15323 0.186749 0.233726 0.304338 0.42247 0.660563
2.47836753783 0.0658395 0.0567507 0.0549175589145 0.0760351 0.0882606 0.103195 0.121856 0.14585 0.177856 0.222711 0.29013 0.402918 0.630234
2.49582083035 0.0623267 0.0542334 0.0525135201587 0.0720495 0.0837072 0.0979465 0.115739 0.138614 0.169126 0.211886 0.276153 0.383665 0.600343
2.51327412287 0.0589108 0.051741 0.0501284577651 0.0681672 0.0792647 0.0928189 0.109754 0.131526 0.160565 0.201259 0.262418 0.364728 0.570917
2.53072741539 0.0555919 0.0492762 0.0477651349583 0.0643887 0.0749344 0.0878138 0.103905 0.12459 0.152179 0.190838 0.248936 0.346123 0.541984
2.54818070791 0.0523703 0.0468414 0.0454264370333 0.0607149 0.0707177 0.0829331 0.0981938 0.11781 0.143972 0.180629 0.235718 0.327868 0.513572
2.56563400043 0.049246 0.0444394 0.0431152714794 0.0571462 0.0666156 0.0781788 0.0926236 0.11119 0.13595 0.170642 0.222775 0.309977 0.485706
2.58308729295 0.0462193 0.0420729 0.040834623467 0.0536835 0.0626295 0.0735527 0.0871971 0.104734 0.128119 0.160883 0.210117 0.292467 0.458414
2.60054058547 0.0432902 0.0397445 0.0385875114585 0.0503271 0.0587603 0.0690566 0.0819169 0.0984448 0.120483 0.151359 0.197754 0.275352 0.431719
2.61799387799 0.0404587 0.0374571 0.0363769650134 0.0470777 0.0550092 0.0646922 0.0767856 0.0923268 0.113048 0.142078 0.185696 0.258648 0.405648
2.63544717051 0.0377251 0.0352134 0.0342060580805 0.0439357 0.0513772 0.0604612 0.0718056 0.0863832 0.105819 0.133046 0.173953 0.242368 0.380223
2.65290046303 0.0350893 0.0330163 0.0320778535111 0.0409016 0.0478652 0.056365 0.0669791 0.0806174 0.0987994 0.124269 0.162533 0.226527 0.355469
2.67035375555 0.0325512 0.0308686 0.0299953919622 0.0379757 0.0444741 0.0524053 0.0623086 0.0750325 0.0919945 0.115753 0.151447 0.211138 0.331406
2.68780704807 0.0301109 0.0287731 0.0279617140906 0.0351585 0.0412047 0.0485834 0.057796 0.0696316 0.0854084 0.107506 0.140702 0.196213 0.308058
2.70526034059 0.0277683 0.0267325 0.0259798050668 0.0324502 0.0380578 0.0449006 0.0534434 0.0644177 0.0790452 0.0995317 0.130306 0.181766 0.285445
2.72271363311 0.0255233 0.0247495 0.0240526278666 0.0298511 0.0350342 0.0413583 0.0492528 0.0593935 0.0729089 0.0918367 0.120268 0.167809 0.263587
2.74016692563 0.0233757 0.022827 0.0221830677849 0.0273616 0.0321345 0.0379576 0.045226 0.0545616 0.0670033 0.0844261 0.110595 0.154352 0.242503
2.75762021815 0.0213255 0.0209675 0.0203739546299 0.0249816 0.0293592 0.0346995 0.0413646 0.0499246 0.0613318 0.0773048 0.101295 0.141406 0.222212
2.77507351067 0.0193723 0.0191735 0.0186280405292 0.0227114 0.026709 0.0315851 0.0376703 0.0454849 0.0558977 0.0704776 0.0923743 0.128983 0.20273
2.79252680319 0.0175161 0.0174477 0.01694795554 0.0205511 0.0241843 0.0286153 0.0341446 0.0412445 0.0507044 0.0639489 0.083839 0.117091 0.184075
2.80998009571 0.0157565 0.0157924 0.015336274233 0.0185008 0.0217854 0.0257909 0.0307887 0.0372055 0.0457546 0.0577229 0.0756955 0.10574 0.166261
2.82743338823 0.0140932 0.01421 0.0137954269142 0.0165602 0.0195126 0.0231126 0.0276039 0.0333698 0.0410509 0.0518035 0.0679493 0.094939 0.149303
2.84488668075 0.0125259 0.0127026 0.0123277218196 0.0147295 0.0173663 0.0205811 0.0245912 0.029739 0.036596 0.0461942 0.0606056 0.0846949 0.133215
2.86233997327 0.0110542 0.0112724 0.0109353340175 0.0130085 0.0153465 0.0181967 0.0217516 0.0263146 0.032392 0.0408983 0.0536692 0.0750153 0.118008
2.87979326579 0.00967774 0.00992133 0.00962029431161 0.0113969 0.0134534 0.0159599 0.0190859 0.0230979 0.0284409 0.0359185 0.0471444 0.0659069 0.103694
2.89724655831 0.00839598 0.00865125 0.00838450033818 0.0098945 0.0116868 0.0138711 0.0165948 0.02009 0.0247443 0.0312576 0.041035 0.0573755 0.0902836
2.91469985083 0.00720843 0.00746385 0.00722963888493 0.00850103 0.0100468 0.0119303 0.0142787 0.0172918 0.0213039 0.0269177 0.0353444 0.0494265 0.077785
2.93215314335 0.00611454 0.00636068 0.00615726357217 0.00721606 0.00853309 0.0101377 0.0121379 0.0147041 0.0181206 0.0229008 0.0300753 0.0420642 0.0662063
2.94960643587 0.00511369 0.00534311 0.0051687393663 0.00603913 0.00714543 0.00849303 0.0101727 0.0123273 0.0151956 0.0192082 0.0252302 0.0352925 0.0555538
2.96705972839 0.00420521 0.00441236 0.00426520928797 0.0049697 0.00588342 0.00699625 0.00838307 0.0101618 0.0125293 0.015841 0.0208108 0.0291142 0.0458331
2.98451302091 0.00338838 0.00356945 0.00344763880121 0.00400716 0.00474658 0.00564696 0.00676884 0.00820752 0.0101222 0.0128002 0.0168185 0.0235317 0.037048
3.00196631343 0.0026624 0.00281522 0.00271678252161 0.0031508 0.0037343 0.00444467 0.00532964 0.00646433 0.00797421 0.0100858 0.0132539 0.0185463 0.0292011
3.01941960595 0.0020264 0.0021503 0.00207316202169 0.00239982 0.00284584 0.00338873 0.00406492 0.00493177 0.00608508 0.00769777 0.0101171 0.0141583 0.0222938
3.03687289847 0.00147943 0.00157511 0.00151705473364 0.0017533 0.00208035 0.00247833 0.00297392 0.00360914 0.00445413 0.00563554 0.00740765 0.0103675 0.0163256
3.05432619099 0.00102045 0.00108984 0.00104850504662 0.00121024 0.00143682 0.00171246 0.00205564 0.00249542 0.00308033 0.00389797 0.00512429 0.00717232 0.0112946
3.07177948351 0.000648322 0.000694425 0.000667279917589 0.000769479 0.000914075 0.00108994 0.00130884 0.00158929 0.00196222 0.00248346 0.00326511 0.00457038 0.00719742
3.08923277603 0.000361763 0.000388548 0.000372857774007 0.000429708 0.000510769 0.000609331 0.000731978 0.000889071 0.00109792 0.00138977 0.00182737 0.00255802 0.00402842
3.10668606855 0.000159346 0.000171584 0.000164417416581 0.000189433 0.000225316 0.00026893 0.000323185 0.000392658 0.000484998 0.000614009 0.000807411 0.00113028 0.00177999
3.12413936107 3.9422e-05 4.25549e-05 4.07048517831e-05 4.69103e-05 5.58367e-05 6.66819e-05 8.01679e-05 9.7431e-05 0.000120369 0.000152409 0.000200431 0.000280587 0.000441862
3.14159265359 0.0 0.0 0.0 0.0 0.0 0.0 0.0 0.0 0.0 0.0 0.0 0.0 0.0
