alpha phi_iso phi_ray phi_vec g0=0.1 g0=0.2 g0=0.3 g0=0.4 g0=0.5 g0=0.6 g0=0.7 g0=0.8 g0=0.9 g0=1.0
0.0 1.0 1.0 1.0 1.0 1.0 1.0 1.0 1.0 1.0 1.0 1.0 1.0 1.0
0.0174532925199 0.999745 0.999645 0.999616741287 0.999756 0.999767 0.99978 0.999795 0.999811 0.999829 0.99985 0.999875 0.999905 0.999941
0.0349065850399 0.999017 0.998625 0.998509458959 0.999058 0.999102 0.999151 0.999207 0.999269 0.999339 0.999421 0.999517 0.999631 0.999769
0.0523598775598 0.99787 0.997007 0.996740559607 0.997956 0.998052 0.998158 0.998276 0.99841 0.998562 0.998739 0.998945 0.999192 0.999492
0.0698131700798 0.996344 0.994843 0.994359893493 0.996491 0.996653 0.996833 0.997035 0.997263 0.997523 0.997824 0.998178 0.9986 0.999114
0.0872664625997 0.994468 0.992169 0.991402115764 0.994688 0.994931 0.9952 0.995503 0.995846 0.996238 0.996692 0.997225 0.997862 0.99864
0.10471975512 0.992261 0.98901 0.987892025641 0.992565 0.992901 0.993275 0.993696 0.994172 0.994718 0.995351 0.996095 0.996985 0.998072
0.12217304764 0.989736 0.985385 0.98384992703 0.990135 0.990577 0.991071 0.991625 0.992253 0.992974 0.99381 0.994795 0.995973 0.997413
0.13962634016 0.986905 0.981312 0.979294521818 0.987411 0.987971 0.988596 0.989299 0.990097 0.991013 0.992077 0.99333 0.994831 0.996667
0.157079632679 0.983781 0.976808 0.974243994849 0.984403 0.985092 0.985862 0.986728 0.987713 0.988843 0.990157 0.991706 0.993562 0.995834
0.174532925199 0.980375 0.971889 0.968716330043 0.981122 0.981951 0.982878 0.983922 0.985109 0.986472 0.988058 0.989928 0.992172 0.994919
0.191986217719 0.976696 0.966572 0.962729363979 0.977578 0.978557 0.979652 0.980887 0.982291 0.983906 0.985785 0.988002 0.990663 0.993923
0.209439510239 0.972754 0.960871 0.956300793929 0.97378 0.974919 0.976194 0.977632 0.979269 0.981151 0.983343 0.985931 0.989038 0.992847
0.226892802759 0.968559 0.954802 0.949448169819 0.969736 0.971045 0.97251 0.974164 0.976047 0.978214 0.980737 0.983719 0.987301 0.991693
0.244346095279 0.96412 0.948381 0.942188926384 0.965457 0.966944 0.968609 0.97049 0.972633 0.9751 0.977974 0.981371 0.985453 0.990461
0.261799387799 0.959445 0.941622 0.934540383159 0.960949 0.962623 0.964499 0.966618 0.969033 0.971814 0.975056 0.97889 0.983499 0.989154
0.279252680319 0.954543 0.93454 0.926519765918 0.956222 0.95809 0.960185 0.962553 0.965252 0.968363 0.97199 0.976279 0.981438 0.987771
0.296705972839 0.949422 0.927149 0.918144225423 0.951282 0.953353 0.955676 0.958302 0.961297 0.96475 0.968777 0.973542 0.979275 0.986314
0.314159265359 0.944088 0.919463 0.909430829386 0.946136 0.948417 0.950976 0.95387 0.957173 0.96098 0.965423 0.970682 0.977009 0.984781
0.331612557879 0.938551 0.911497 0.900396573191 0.940792 0.94329 0.946093 0.949264 0.952884 0.957059 0.961931 0.9677 0.974644 0.983174
0.349065850399 0.932816 0.903263 0.891058371849 0.935256 0.937977 0.941032 0.944489 0.948436 0.952989 0.958305 0.964599 0.972179 0.981493
0.366519142919 0.92689 0.894777 0.881433060003 0.929536 0.932487 0.9358 0.93955 0.943833 0.948775 0.954547 0.961383 0.969616 0.979736
0.383972435439 0.920782 0.886051 0.871537378534 0.923638 0.926823 0.930401 0.934452 0.93908 0.944421 0.95066 0.958052 0.966957 0.977904
0.401425727959 0.914497 0.877099 0.861387969199 0.917567 0.920993 0.924842 0.9292 0.934181 0.939931 0.946649 0.954609 0.964201 0.975995
0.418879020479 0.908041 0.867934 0.851001347843 0.91133 0.915001 0.919127 0.923799 0.92914 0.935307 0.942514 0.951056 0.96135 0.97401
0.436332312999 0.901421 0.858568 0.840393915118 0.904933 0.908854 0.913261 0.918254 0.923962 0.930554 0.93826 0.947394 0.958404 0.971947
0.453785605519 0.894643 0.849016 0.82958192165 0.898382 0.902557 0.90725 0.912569 0.91865 0.925675 0.933888 0.943625 0.955364 0.969806
0.471238898038 0.887713 0.83929 0.818581457331 0.891682 0.896115 0.901099 0.906748 0.913208 0.920672 0.9294 0.93975 0.952229 0.967584
0.488692190558 0.880638 0.829401 0.807408443276 0.88484 0.889533 0.894811 0.900795 0.90764 0.915549 0.924799 0.93577 0.949 0.965281
0.506145483078 0.873421 0.819364 0.796078602354 0.877859 0.882816 0.888393 0.894716 0.901949 0.910309 0.920088 0.931687 0.945677 0.962896
0.523598775598 0.86607 0.809189 0.784607453836 0.870746 0.87597 0.881848 0.888513 0.896139 0.904954 0.915267 0.927502 0.942261 0.960427
0.541052068118 0.85859 0.798889 0.773010294636 0.863506 0.868999 0.87518 0.882191 0.890213 0.899488 0.91034 0.923215 0.938749 0.957873
0.558505360638 0.850986 0.788476 0.761302183242 0.856143 0.861907 0.868394 0.875753 0.884174 0.893912 0.905307 0.918829 0.935144 0.955232
0.575958653158 0.843264 0.777961 0.749497915601 0.848664 0.8547 0.861495 0.869203 0.878026 0.888229 0.900171 0.914342 0.931444 0.952502
0.593411945678 0.835428 0.767355 0.737612022443 0.841072 0.847382 0.854485 0.862545 0.871771 0.882443 0.894932 0.909757 0.927649 0.949682
0.610865238198 0.827484 0.756671 0.725658745169 0.833373 0.839957 0.84737 0.855782 0.865413 0.876554 0.889594 0.905074 0.923758 0.94677
0.628318530718 0.819436 0.745918 0.713652022456 0.82557 0.83243 0.840153 0.848918 0.858955 0.870565 0.884157 0.900294 0.919772 0.943764
0.645771823238 0.811291 0.735107 0.701605479542 0.81767 0.824804 0.832838 0.841956 0.852398 0.864479 0.878623 0.895417 0.91569 0.940663
0.663225115758 0.803052 0.724249 0.689532404117 0.809676 0.817085 0.825429 0.8349 0.845747 0.858298 0.872994 0.890443 0.911511 0.937464
0.680678408278 0.794724 0.713354 0.677445748995 0.801592 0.809275 0.817928 0.827752 0.839003 0.852023 0.867269 0.885374 0.907234 0.934166
0.698131700798 0.786312 0.702431 0.665358108013 0.793424 0.80138 0.810341 0.820516 0.83217 0.845657 0.861452 0.88021 0.90286 0.930767
0.715584993318 0.777821 0.691491 0.653281705308 0.785175 0.793402 0.802671 0.813195 0.82525 0.839202 0.855543 0.874951 0.898388 0.927266
0.733038285838 0.769255 0.680543 0.641228384602 0.77685 0.785347 0.794921 0.805791 0.818245 0.83266 0.849544 0.869598 0.893816 0.92366
0.750491578358 0.760618 0.669595 0.629209606527 0.768452 0.777218 0.787094 0.798309 0.811159 0.826033 0.843456 0.864151 0.889145 0.919947
0.767944870878 0.751915 0.658657 0.617236427189 0.759986 0.769017 0.779194 0.790751 0.803993 0.819322 0.837279 0.858611 0.884375 0.916126
0.785398163397 0.74315 0.647738 0.605319495492 0.751456 0.760751 0.771224 0.78312 0.79675 0.81253 0.831016 0.852977 0.879503 0.912195
0.802851455917 0.734328 0.636844 0.593469045099 0.742866 0.75242 0.763188 0.775418 0.789433 0.805658 0.824668 0.847251 0.874531 0.908153
0.820304748437 0.725452 0.625985 0.581694886394 0.734219 0.744031 0.755089 0.767649 0.782043 0.798709 0.818235 0.841433 0.869456 0.903998
0.837758040957 0.716527 0.615168 0.570006401129 0.725519 0.735585 0.746929 0.759815 0.774583 0.791683 0.811718 0.835523 0.86428 0.899727
0.855211333477 0.707556 0.6044 0.558412534383 0.716771 0.727086 0.738712 0.751919 0.767056 0.784583 0.80512 0.829522 0.859002 0.89534
0.872664625997 0.698544 0.593688 0.546921791883 0.707978 0.718538 0.730442 0.743964 0.759463 0.777411 0.798441 0.82343 0.85362 0.890836
0.890117918517 0.689494 0.583038 0.535542240006 0.699143 0.709945 0.72212 0.735953 0.751807 0.770167 0.791682 0.817247 0.848135 0.886212
0.907571211037 0.680411 0.572459 0.524281497741 0.69027 0.701308 0.713751 0.727887 0.744091 0.762855 0.784845 0.810975 0.842547 0.881468
0.925024503557 0.671297 0.561954 0.513146736688 0.681363 0.692633 0.705336 0.71977 0.736315 0.755476 0.77793 0.804614 0.836854 0.876601
0.942477796077 0.662157 0.55153 0.502144675704 0.672425 0.683921 0.69688 0.711604 0.728483 0.748031 0.770939 0.798163 0.831058 0.871612
0.959931088597 0.652995 0.541193 0.491281588933 0.663459 0.675176 0.688384 0.703392 0.720597 0.740522 0.763873 0.791625 0.825157 0.866499
0.977384381117 0.643813 0.530947 0.480563303135 0.65447 0.666401 0.679852 0.695136 0.712658 0.732951 0.756734 0.784999 0.819152 0.86126
0.994837673637 0.634616 0.520798 0.46999519768 0.645459 0.657599 0.671287 0.686839 0.704669 0.72532 0.749522 0.778286 0.813043 0.855896
1.01229096616 0.625407 0.51075 0.45958220455 0.636431 0.648774 0.662691 0.678504 0.696633 0.71763 0.742239 0.771487 0.806829 0.850405
1.02974425868 0.616189 0.500807 0.449328821735 0.627388 0.639928 0.654066 0.670132 0.68855 0.709883 0.734886 0.764603 0.800512 0.844786
1.0471975512 0.606966 0.490972 0.439239107873 0.618334 0.631064 0.645417 0.661726 0.680424 0.702081 0.727465 0.757634 0.79409 0.83904
1.06465084372 0.59774 0.481251 0.429316682253 0.609272 0.622185 0.636744 0.653289 0.672256 0.694226 0.719977 0.750581 0.787565 0.833165
1.08210413624 0.588516 0.471645 0.4195647516 0.600205 0.613294 0.628052 0.644822 0.664049 0.68632 0.712422 0.743446 0.780937 0.827162
1.09955742876 0.579296 0.462159 0.409986091327 0.591136 0.604394 0.619343 0.636329 0.655805 0.678363 0.704804 0.736229 0.774205 0.821029
1.11701072128 0.570084 0.452794 0.400583069642 0.582068 0.595487 0.610618 0.627812 0.647526 0.670359 0.697123 0.728932 0.767372 0.814768
1.1344640138 0.560882 0.443553 0.391357650231 0.573004 0.586577 0.601882 0.619273 0.639213 0.662309 0.68938 0.721555 0.760436 0.808377
1.15191730632 0.551693 0.434438 0.382311397611 0.563946 0.577666 0.593136 0.610715 0.63087 0.654215 0.681578 0.7141 0.7534 0.801858
1.16937059884 0.542522 0.425451 0.373445490528 0.554898 0.568757 0.584382 0.602139 0.622498 0.646078 0.673717 0.706567 0.746264 0.79521
1.18682389136 0.533369 0.416595 0.364760732675 0.545862 0.559852 0.575625 0.593549 0.614099 0.637901 0.6658 0.698959 0.739028 0.788434
1.20427718388 0.524239 0.407869 0.356257552684 0.536842 0.550954 0.566865 0.584946 0.605675 0.629686 0.657828 0.691276 0.731695 0.78153
1.2217304764 0.515134 0.399276 0.347936036285 0.527839 0.542065 0.558106 0.576333 0.59723 0.621434 0.649803 0.68352 0.724264 0.7745
1.23918376892 0.506057 0.390815 0.339795915579 0.518857 0.533189 0.549349 0.567711 0.588764 0.613148 0.641727 0.675693 0.716738 0.767343
1.25663706144 0.497011 0.382488 0.331836587799 0.509898 0.524328 0.540597 0.559085 0.58028 0.604829 0.633601 0.667796 0.709117 0.760062
1.27409035396 0.487998 0.374296 0.324057139416 0.500965 0.515484 0.531854 0.550455 0.57178 0.596479 0.625427 0.659831 0.701403 0.752657
1.29154364648 0.47902 0.366237 0.316456340783 0.49206 0.506659 0.52312 0.541824 0.563267 0.588101 0.617208 0.651799 0.693597 0.745129
1.308996939 0.470081 0.358313 0.309032675603 0.483185 0.497857 0.514399 0.533194 0.554741 0.579697 0.608944 0.643702 0.685701 0.73748
1.32645023152 0.461183 0.350523 0.30178434361 0.474344 0.489079 0.505692 0.524568 0.546207 0.571268 0.600639 0.635543 0.677717 0.729712
1.34390352404 0.452329 0.342866 0.294709276639 0.465539 0.480329 0.497003 0.515948 0.537666 0.562818 0.592294 0.627323 0.669647 0.721826
1.36135681656 0.44352 0.335342 0.287805160059 0.456771 0.471607 0.488333 0.507336 0.529119 0.554347 0.583911 0.619044 0.661493 0.713823
1.37881010908 0.434759 0.327949 0.281069438135 0.448044 0.462917 0.479684 0.498734 0.52057 0.545859 0.575493 0.610708 0.653256 0.705706
1.3962634016 0.426049 0.320688 0.274499330097 0.439359 0.454261 0.47106 0.490145 0.512021 0.537355 0.567042 0.602318 0.644938 0.697478
1.41371669412 0.417391 0.313557 0.268091854251 0.43072 0.445641 0.462461 0.48157 0.503473 0.528837 0.558559 0.593876 0.636543 0.689139
1.43116998664 0.408789 0.306554 0.261843827981 0.422127 0.43706 0.453891 0.473013 0.49493 0.520309 0.550048 0.585383 0.628072 0.680693
1.44862327916 0.400243 0.299678 0.255751902577 0.413584 0.428518 0.445352 0.464475 0.486393 0.511772 0.54151 0.576843 0.619528 0.672143
1.46607657168 0.391757 0.292927 0.249812552514 0.405093 0.42002 0.436846 0.455959 0.477865 0.503229 0.532948 0.568258 0.610914 0.66349
1.4835298642 0.383332 0.286301 0.244022118321 0.396654 0.411567 0.428374 0.447466 0.469347 0.494681 0.524364 0.55963 0.602231 0.654738
1.50098315672 0.374971 0.279796 0.238376803897 0.388272 0.40316 0.41994 0.439 0.460843 0.486132 0.515762 0.550963 0.593483 0.64589
1.51843644924 0.366674 0.273411 0.232872695269 0.379947 0.394803 0.411545 0.430562 0.452354 0.477584 0.507142 0.542258 0.584673 0.636948
1.53588974176 0.358446 0.267144 0.227505776662 0.371682 0.386497 0.403192 0.422154 0.443883 0.469039 0.498509 0.533518 0.575804 0.627916
1.55334303427 0.350286 0.260993 0.22227195193 0.363479 0.378244 0.394882 0.413779 0.435432 0.4605 0.489864 0.524747 0.566878 0.618798
1.57079632679 0.342197 0.254955 0.21716704992 0.355339 0.370046 0.386618 0.405439 0.427004 0.451968 0.481211 0.515947 0.557898 0.609596
1.58824961931 0.334181 0.249029 0.212186837859 0.347264 0.361904 0.378401 0.397135 0.4186 0.443447 0.472551 0.50712 0.548869 0.600314
1.60570291183 0.326239 0.243212 0.207327050829 0.339256 0.353822 0.370234 0.388871 0.410224 0.434939 0.463887 0.498271 0.539793 0.590956
1.62315620435 0.318374 0.237501 0.202583389083 0.331318 0.345801 0.362119 0.380649 0.401877 0.426447 0.455224 0.489401 0.530673 0.581526
1.64060949687 0.310586 0.231895 0.197951544838 0.32345 0.337843 0.354058 0.37247 0.393562 0.417973 0.446562 0.480515 0.521514 0.572027
1.65806278939 0.302878 0.226391 0.193427202276 0.315655 0.329949 0.346053 0.364336 0.385281 0.409519 0.437906 0.471615 0.512318 0.562465
1.67551608191 0.295251 0.220987 0.189006064329 0.307934 0.322122 0.338105 0.356251 0.377036 0.40109 0.429257 0.462705 0.50309 0.552842
1.69296937443 0.287707 0.215679 0.184683858042 0.300289 0.314363 0.330217 0.348216 0.368831 0.392686 0.420619 0.453788 0.493833 0.543163
1.71042266695 0.280246 0.210466 0.18045635332 0.292721 0.306674 0.322391 0.340232 0.360666 0.38431 0.411995 0.444866 0.48455 0.533433
1.72787595947 0.272871 0.205345 0.176319368295 0.285232 0.299057 0.314628 0.332303 0.352545 0.375966 0.403387 0.435944 0.475246 0.523656
1.74532925199 0.265583 0.200314 0.172268780031 0.277823 0.291513 0.306931 0.32443 0.34447 0.367655 0.394799 0.427025 0.465924 0.513836
1.76278254451 0.258382 0.19537 0.168300543284 0.270496 0.284044 0.299301 0.316616 0.336443 0.359381 0.386234 0.418112 0.456589 0.503978
1.78023583703 0.251272 0.190511 0.164410701218 0.263253 0.276652 0.291739 0.308862 0.328467 0.351146 0.377695 0.409209 0.447245 0.494087
1.79768912955 0.244251 0.185735 0.160595382721 0.256095 0.269338 0.284249 0.30117 0.320544 0.342953 0.369184 0.400319 0.437895 0.484168
1.81514242207 0.237323 0.181039 0.156850831879 0.249022 0.262104 0.276831 0.293543 0.312675 0.334804 0.360705 0.391446 0.428544 0.474225
1.83259571459 0.230487 0.176421 0.153173397256 0.242037 0.25495 0.269488 0.285982 0.304865 0.326702 0.352261 0.382593 0.419195 0.464263
1.85004900711 0.223746 0.171878 0.149559556007 0.235141 0.24788 0.262221 0.27849 0.297113 0.31865 0.343854 0.373764 0.409854 0.454288
1.86750229963 0.217099 0.16741 0.146005911199 0.228335 0.240894 0.255031 0.271068 0.289424 0.310651 0.335489 0.364963 0.400524 0.444303
1.88495559215 0.210549 0.163013 0.142509213243 0.22162 0.233994 0.247921 0.263719 0.2818 0.302706 0.327168 0.356192 0.391209 0.434316
1.90240888467 0.204096 0.158686 0.139066343819 0.214997 0.22718 0.240892 0.256444 0.274242 0.294819 0.318894 0.347457 0.381915 0.42433
1.91986217719 0.197741 0.154427 0.135674348022 0.208467 0.220455 0.233945 0.249245 0.266752 0.286992 0.31067 0.33876 0.372645 0.414351
1.93731546971 0.191484 0.150233 0.132330418293 0.202032 0.21382 0.227083 0.242124 0.259334 0.279228 0.3025 0.330106 0.363403 0.404384
1.95476876223 0.185327 0.146104 0.129031915848 0.195693 0.207275 0.220306 0.235083 0.251989 0.271529 0.294386 0.321497 0.354195 0.394434
1.97222205475 0.179271 0.142038 0.125776365318 0.18945 0.200823 0.213617 0.228124 0.244719 0.263899 0.286332 0.312938 0.345024 0.384507
1.98967534727 0.173316 0.138032 0.122561457432 0.183305 0.194464 0.207017 0.221248 0.237527 0.256339 0.27834 0.304432 0.335895 0.374608
2.00712863979 0.167462 0.134086 0.11938506241 0.177257 0.188199 0.200506 0.214457 0.230414 0.248853 0.270415 0.295983 0.326812 0.364742
2.02458193231 0.161711 0.130198 0.116245221924 0.171309 0.18203 0.194087 0.207754 0.223383 0.241442 0.262558 0.287594 0.31778 0.354915
2.04203522483 0.156063 0.126366 0.11314015714 0.165461 0.175958 0.187761 0.201139 0.216436 0.23411 0.254773 0.27927 0.308803 0.345131
2.05948851735 0.150518 0.122591 0.110068263354 0.159714 0.169983 0.181529 0.194614 0.209575 0.226858 0.247062 0.271014 0.299885 0.335397
2.07694180987 0.145078 0.11887 0.107028123392 0.154068 0.164107 0.175393 0.188181 0.202802 0.21969 0.23943 0.262829 0.291032 0.325718
2.09439510239 0.139742 0.115203 0.104018486174 0.148525 0.15833 0.169353 0.181842 0.196118 0.212607 0.231878 0.254719 0.282247 0.316099
2.11184839491 0.134511 0.111589 0.10103829083 0.143084 0.152654 0.163411 0.175597 0.189527 0.205612 0.22441 0.246688 0.273534 0.306545
2.12930168743 0.129385 0.108027 0.0980866479417 0.137747 0.147079 0.157568 0.16945 0.183028 0.198708 0.217029 0.238739 0.264899 0.297062
2.14675497995 0.124365 0.104516 0.0951628449026 0.132513 0.141607 0.151826 0.1634 0.176626 0.191896 0.209737 0.230876 0.256344 0.287655
2.16420827247 0.119451 0.101056 0.0922663405611 0.127384 0.136237 0.146184 0.157449 0.170321 0.185179 0.202538 0.223102 0.247876 0.278329
2.18166156499 0.114642 0.0976468 0.0893967625406 0.12236 0.130971 0.140645 0.1516 0.164114 0.17856 0.195433 0.215421 0.239497 0.269089
2.19911485751 0.10994 0.0942877 0.0865539072393 0.117442 0.12581 0.13521 0.145852 0.158009 0.172039 0.188426 0.207836 0.231212 0.259941
2.21656815003 0.105345 0.0909784 0.0837377317938 0.112628 0.120753 0.129878 0.140208 0.152006 0.165621 0.18152 0.200349 0.223024 0.250889
2.23402144255 0.100855 0.087719 0.0809483513998 0.107921 0.115802 0.124651 0.134668 0.146107 0.159306 0.174717 0.192966 0.21494 0.241939
2.25147473507 0.0964723 0.0845094 0.0781860312751 0.10332 0.110956 0.119531 0.129234 0.140314 0.153096 0.168019 0.185688 0.206961 0.233095
2.26892802759 0.0921958 0.0813496 0.0754511839812 0.0988258 0.106218 0.114517 0.123907 0.134628 0.146994 0.16143 0.17852 0.199092 0.224363
2.28638132011 0.0880257 0.0782398 0.0727443667436 0.0944381 0.101586 0.10961 0.118688 0.129051 0.141002 0.154952 0.171463 0.191337 0.215748
2.30383461263 0.0839619 0.0751801 0.0700662626995 0.0901571 0.097062 0.104812 0.113578 0.123584 0.135122 0.148586 0.164522 0.1837 0.207253
2.32128790515 0.0800042 0.0721711 0.0674176942925 0.0859829 0.0926456 0.100122 0.108578 0.118228 0.129354 0.142336 0.157699 0.176185 0.198884
2.33874119767 0.0761524 0.0692129 0.064799591125 0.0819157 0.0883371 0.0955418 0.103689 0.112985 0.123702 0.136204 0.150997 0.168794 0.190645
2.35619449019 0.0724063 0.0663061 0.0622130033529 0.0779552 0.0841369 0.0910714 0.0989118 0.107856 0.118166 0.130192 0.144418 0.161532 0.182541
2.37364778271 0.0687655 0.0634512 0.0596590802541 0.0741016 0.0800451 0.0867113 0.0942471 0.102843 0.112748 0.124301 0.137966 0.154402 0.174576
2.39110107523 0.0652297 0.0606489 0.0571390729073 0.0703546 0.0760618 0.0824619 0.0896956 0.0979451 0.10745 0.118535 0.131643 0.147407 0.166754
2.40855436775 0.0617985 0.0578997 0.0546543154392 0.0667141 0.0721872 0.0783236 0.0852581 0.093165 0.102274 0.112894 0.125452 0.140551 0.15908
2.42600766027 0.0584715 0.0552045 0.0522062196667 0.0631799 0.0684213 0.0742968 0.0809353 0.0885032 0.0972202 0.107382 0.119395 0.133837 0.151557
2.44346095279 0.0552483 0.052564 0.0497962697388 0.0597518 0.0647641 0.0703817 0.0767275 0.0839606 0.0922903 0.101999 0.113474 0.127268 0.144189
2.46091424531 0.0521283 0.049979 0.0474260060628 0.0564293 0.0612154 0.0665784 0.0726355 0.079538 0.0874857 0.096747 0.107692 0.120846 0.13698
2.47836753783 0.0491108 0.0474504 0.0450970253046 0.0532122 0.0577752 0.0628871 0.0686595 0.0752363 0.0828074 0.0916284 0.102051 0.114576 0.129934
2.49582083035 0.0461954 0.044979 0.0428109616353 0.0501 0.0544432 0.0593079 0.0647999 0.071056 0.0782565 0.0866441 0.0965531 0.108458 0.123054
2.51327412287 0.0433813 0.0425658 0.040569481374 0.0470923 0.0512192 0.0558407 0.0610569 0.0669978 0.0738341 0.0817957 0.0911998 0.102496 0.116343
2.53072741539 0.0406678 0.0402117 0.0383742669134 0.0441885 0.0481029 0.0524854 0.0574309 0.0630622 0.0695408 0.0770845 0.0859931 0.0966919 0.109805
2.54818070791 0.038054 0.0379176 0.036227024757 0.041388 0.0450939 0.049242 0.0539219 0.0592496 0.0653777 0.0725117 0.0809347 0.0910485 0.103442
2.56563400043 0.0355394 0.0356844 0.0341294480134 0.0386903 0.0421918 0.0461102 0.05053 0.0555604 0.0613453 0.0680783 0.0760262 0.0855676 0.097258
2.58308729295 0.0331229 0.0335132 0.0320832351491 0.0360946 0.0393961 0.0430899 0.0472552 0.0519949 0.0574443 0.0637853 0.0712691 0.0802514 0.0912545
2.60054058547 0.0308037 0.0314049 0.0300900551621 0.0336002 0.0367063 0.0401806 0.0440975 0.0485534 0.0536752 0.0596338 0.0666646 0.0751015 0.0854345
2.61799387799 0.0285808 0.0293604 0.0281515582975 0.0312063 0.0341218 0.037382 0.0410566 0.0452358 0.0500384 0.0556244 0.062214 0.0701197 0.0798002
2.63544717051 0.0264533 0.0273807 0.0262693546159 0.0289122 0.031642 0.0346937 0.0381324 0.0420423 0.0465344 0.0517578 0.0579183 0.0653077 0.0743539
2.65290046303 0.02442 0.0254665 0.0244450032775 0.026717 0.0292661 0.0321151 0.0353246 0.0389728 0.0431632 0.0480346 0.0537785 0.0606666 0.0690974
2.67035375555 0.02248 0.0236189 0.0226800071839 0.0246195 0.0269934 0.0296457 0.0326327 0.0360271 0.0399249 0.0444551 0.0497953 0.0561978 0.0640324
2.68780704807 0.020632 0.0218385 0.0209758102998 0.022619 0.024823 0.0272847 0.0300562 0.033205 0.0368197 0.0410196 0.0459694 0.0519022 0.0591605
2.70526034059 0.0188749 0.0201262 0.0193337735416 0.0207143 0.0227539 0.0250314 0.0275948 0.0305061 0.0338473 0.0377284 0.0423012 0.0477808 0.0544831
2.72271363311 0.0172074 0.0184827 0.0177551801355 0.0189044 0.0207854 0.0228851 0.0252476 0.02793 0.0310076 0.0345815 0.0387912 0.0438343 0.0500012
2.74016692563 0.0156283 0.0169086 0.0162412141861 0.017188 0.0189162 0.0208448 0.023014 0.0254762 0.0283003 0.0315788 0.0354394 0.0400632 0.0457158
2.75762021815 0.0141362 0.0154046 0.0147929633548 0.0155639 0.0171454 0.0189096 0.0208932 0.0231441 0.0257249 0.02872 0.032246 0.0364678 0.0416276
2.77507351067 0.0127298 0.0139711 0.0134114054655 0.014031 0.0154718 0.0170784 0.0188844 0.0209328 0.0232808 0.0260049 0.0292108 0.0330483 0.0377371
2.79252680319 0.0114076 0.0126086 0.0120973977885 0.0125878 0.0138941 0.0153503 0.0169865 0.0188417 0.0209675 0.023433 0.0263337 0.0298047 0.0340446
2.80998009571 0.0101682 0.0113175 0.0108516797191 0.011233 0.0124112 0.013724 0.0151985 0.0168698 0.0187841 0.0210037 0.0236141 0.0267368 0.0305502
2.82743338823 0.00901006 0.010098 0.00967485402564 0.00996521 0.0110216 0.0121982 0.0135192 0.015016 0.0167298 0.0187161 0.0210514 0.0238442 0.0272535
2.84488668075 0.00793159 0.00895034 0.0085673814907 0.00878285 0.0097239 0.0107716 0.0119475 0.0132792 0.0148035 0.0165695 0.018645 0.0211262 0.0241543
2.86233997327 0.00693117 0.00787453 0.00752958359065 0.00768438 0.00851667 0.00944288 0.0104819 0.0116582 0.013004 0.0145626 0.0163938 0.0185821 0.0212519
2.87979326579 0.00600714 0.00687056 0.00656162374261 0.00666821 0.00739833 0.00821048 0.00912115 0.0101517 0.0113302 0.0126945 0.0142968 0.0162109 0.0185453
2.89724655831 0.00515778 0.00593828 0.00566351534144 0.00573266 0.00636728 0.00707285 0.00786364 0.0087581 0.00978055 0.0109637 0.0123526 0.0140113 0.0160334
2.91469985083 0.00438129 0.0050774 0.00483510032794 0.00487599 0.0054218 0.00602833 0.00670777 0.00747592 0.00835358 0.00936872 0.0105599 0.0119819 0.0137148
2.93215314335 0.00367587 0.00428754 0.00407605186785 0.00409641 0.00456015 0.00507519 0.00565185 0.00630346 0.00704761 0.00790792 0.008917 0.010121 0.0115878
2.94960643587 0.00303962 0.00356817 0.0033858689939 0.00339206 0.00378047 0.00421161 0.00469406 0.00523892 0.00586084 0.0065795 0.00742202 0.00842688 0.00965055
2.96705972839 0.00247061 0.00291861 0.00276387124788 0.00276101 0.00308086 0.00343567 0.00383248 0.00428038 0.00479133 0.00538146 0.00607296 0.00689732 0.00790075
2.98451302091 0.00196682 0.00233806 0.00220919064371 0.00220126 0.00245931 0.00274538 0.00306511 0.00342578 0.003837 0.00431167 0.00486759 0.00553 0.00633594
3.00196631343 0.0015262 0.00182556 0.00172076630954 0.00171075 0.00191374 0.00213863 0.0023898 0.00267296 0.00299559 0.0033678 0.00380347 0.00432234 0.00495333
3.01941960595 0.00114661 0.00137997 0.0012973364508 0.00128733 0.00144199 0.0016132 0.0018043 0.00201957 0.00226471 0.00254733 0.00287794 0.00327147 0.00374979
3.03687289847 0.000825833 0.000999997 0.000937432992279 0.000928753 0.00104178 0.00116679 0.00130622 0.00146318 0.00164178 0.00184754 0.00208811 0.00237428 0.00272192
3.05432619099 0.000561586 0.000684172 0.000639376220204 0.000632702 0.000710729 0.000796963 0.000893054 0.00100114 0.00112403 0.00126552 0.00143082 0.00162733 0.00186591
3.07177948351 0.000351481 0.000430817 0.000401245313545 0.000396745 0.000446358 0.000501137 0.000562121 0.000630656 0.000708515 0.000798083 0.000902646 0.00102687 0.00117759
3.08923277603 0.000193021 0.000238043 0.000220878344037 0.000218326 0.000246032 0.000276589 0.000310573 0.000348728 0.000392032 0.000441805 0.000499863 0.000568783 0.000652349
3.10668606855 8.35658e-05 0.000103701 9.58267336923e-05 9.47348e-05 0.000106948 0.000120402 0.000135346 0.000152106 0.000171108 0.000192926 0.000218352 0.00024851 0.000285047
3.12413936107 2.02805e-05 2.53308e-05 2.3296317478e-05 2.30504e-05 2.60746e-05 2.94011e-05 3.3091e-05 3.72235e-05 4.19029e-05 4.72694e-05 5.35166e-05 6.09187e-05 6.98786e-05
3.14159265359 0.0 0.0 0.0 0.0 0.0 0.0 0.0 0.0 0.0 0.0 0.0 0.0 0.0
