alpha phi_iso phi_ray phi_vec g0=0.1 g0=0.2 g0=0.3 g0=0.4 g0=0.5 g0=0.6 g0=0.7 g0=0.8 g0=0.9 g0=1.0
0.0 1.0 1.0 1.0 1.0 1.0 1.0 1.0 1.0 1.0 1.0 1.0 1.0 1.0
0.0174532925199 0.999659 0.999513 0.999507757569 0.999675 0.999694 0.999718 0.999748 0.999788 0.999843 0.999923 1.00005 1.00029 1.0009
0.0349065850399 0.998705 0.998127 0.998103333073 0.998768 0.998845 0.998939 0.999059 0.999216 0.999432 0.999748 1.00025 1.0012 1.00362
0.0523598775598 0.997243 0.995952 0.995894742304 0.997383 0.997552 0.997761 0.998027 0.998376 0.998855 0.999556 1.00068 1.00279 1.00815
0.0698131700798 0.995353 0.993076 0.992967760524 0.995598 0.995894 0.996261 0.996726 0.997338 0.998179 0.999409 1.00138 1.00508 1.0145
0.0872664625997 0.993087 0.989558 0.989379515036 0.993464 0.993921 0.994486 0.995204 0.996147 0.997445 0.999345 1.00239 1.0081 1.02266
0.10471975512 0.990479 0.985436 0.985168045745 0.991014 0.991663 0.992467 0.993488 0.994831 0.996679 0.999384 1.00373 1.01186 1.0326
0.12217304764 0.98755 0.980739 0.980362337844 0.98827 0.989143 0.990224 0.991599 0.993408 0.995897 0.999541 1.0054 1.01636 1.04431
0.13962634016 0.984319 0.975493 0.974987835577 0.985249 0.986377 0.987774 0.989552 0.991891 0.99511 0.999825 1.0074 1.02158 1.05776
0.157079632679 0.980803 0.969721 0.969068634256 0.981968 0.983381 0.985132 0.98736 0.990292 0.994329 1.00024 1.00974 1.02754 1.07292
0.174532925199 0.977018 0.963446 0.962628070418 0.978442 0.980169 0.98231 0.985035 0.988623 0.993562 1.0008 1.01243 1.03421 1.08977
0.191986217719 0.972978 0.956692 0.955688974749 0.974684 0.976754 0.979321 0.982589 0.986891 0.992816 1.0015 1.01545 1.04158 1.10825
0.209439510239 0.968695 0.949479 0.948273621503 0.970706 0.973147 0.976175 0.980029 0.985105 0.992096 1.00234 1.01881 1.04965 1.12834
0.226892802759 0.964181 0.941828 0.940403829667 0.96652 0.96936 0.972881 0.977365 0.983271 0.991406 1.00333 1.02249 1.05839 1.15
0.244346095279 0.959449 0.933761 0.932101013549 0.962137 0.965401 0.969449 0.974605 0.981396 0.990751 1.00446 1.0265 1.0678 1.17317
0.261799387799 0.954509 0.925299 0.923386182777 0.957567 0.96128 0.965886 0.971753 0.979483 0.990131 1.00574 1.03083 1.07785 1.19781
0.279252680319 0.949371 0.91646 0.91428006033 0.952818 0.957005 0.9622 0.968818 0.977537 0.989549 1.00716 1.03547 1.08852 1.22388
0.296705972839 0.944043 0.907266 0.904803082541 0.947899 0.952584 0.958397 0.965802 0.97556 0.989005 1.00872 1.04041 1.09979 1.25132
0.314159265359 0.938535 0.897734 0.894975415953 0.942818 0.948023 0.954482 0.962712 0.973556 0.988498 1.01041 1.04563 1.11164 1.28009
0.331612557879 0.932854 0.887884 0.884817041634 0.937583 0.94333 0.950462 0.959549 0.971525 0.988028 1.01223 1.05114 1.12404 1.31011
0.349065850399 0.927009 0.877736 0.874347721449 0.932201 0.93851 0.94634 0.956319 0.96947 0.987594 1.01417 1.0569 1.13698 1.34135
0.366519142919 0.921007 0.867308 0.863587014924 0.926677 0.933568 0.942122 0.953023 0.967391 0.987192 1.01623 1.06292 1.15042 1.37374
0.383972435439 0.914854 0.856618 0.852554296104 0.921019 0.928511 0.937811 0.949664 0.965288 0.986821 1.0184 1.06918 1.16434 1.40722
0.401425727959 0.908559 0.845684 0.841268719836 0.915232 0.923342 0.933411 0.946244 0.963161 0.986477 1.02067 1.07566 1.17872 1.44174
0.418879020479 0.902126 0.834525 0.829749289209 0.909321 0.918067 0.928925 0.942765 0.96101 0.986158 1.02304 1.08235 1.19351 1.47723
0.436332312999 0.895562 0.823158 0.818014754391 0.903292 0.912689 0.924356 0.939228 0.958834 0.985859 1.02549 1.08924 1.20871 1.51363
0.453785605519 0.888874 0.811601 0.806083663205 0.897151 0.907213 0.919707 0.935634 0.956632 0.985576 1.02803 1.0963 1.22427 1.55087
0.471238898038 0.882066 0.799872 0.793974344277 0.890901 0.901642 0.914981 0.931984 0.954402 0.985305 1.03063 1.10353 1.24016 1.5889
0.488692190558 0.875144 0.787986 0.781704873305 0.884547 0.895981 0.910178 0.928278 0.952143 0.985041 1.03329 1.11091 1.25637 1.62765
0.506145483078 0.868113 0.775962 0.769293089925 0.878094 0.890231 0.905303 0.924518 0.949852 0.984779 1.03601 1.11841 1.27285 1.66706
0.523598775598 0.860978 0.763816 0.756756530264 0.871546 0.884397 0.900355 0.920702 0.947529 0.984515 1.03876 1.12603 1.28958 1.70706
0.541052068118 0.853745 0.751564 0.744112494384 0.864907 0.878481 0.895338 0.91683 0.94517 0.984242 1.04155 1.13374 1.30653 1.74758
0.558505360638 0.846417 0.739222 0.731377945114 0.858181 0.872485 0.890252 0.912904 0.942774 0.983955 1.04436 1.14153 1.32366 1.78856
0.575958653158 0.839 0.726805 0.718569524914 0.851371 0.866414 0.885098 0.908922 0.940336 0.983649 1.04718 1.14939 1.34095 1.82993
0.593411945678 0.831498 0.71433 0.705703572731 0.84448 0.860269 0.879878 0.904883 0.937856 0.983318 1.05001 1.15729 1.35836 1.87164
0.610865238198 0.823914 0.701811 0.692796056557 0.837513 0.854052 0.874594 0.900788 0.93533 0.982956 1.05282 1.16521 1.37587 1.9136
0.628318530718 0.816254 0.689263 0.67986260715 0.830473 0.847766 0.869245 0.896635 0.932755 0.982558 1.05562 1.17314 1.39344 1.95577
0.645771823238 0.808521 0.6767 0.666918433728 0.823362 0.841412 0.863833 0.892423 0.930128 0.982116 1.05838 1.18107 1.41104 1.99807
0.663225115758 0.80072 0.664136 0.653978408274 0.816185 0.834994 0.858358 0.888153 0.927446 0.981625 1.06111 1.18897 1.42864 2.04043
0.680678408278 0.792853 0.651585 0.641056930645 0.808942 0.828512 0.852822 0.883822 0.924706 0.981079 1.06378 1.19682 1.44621 2.08281
0.698131700798 0.784924 0.63906 0.628168046605 0.801639 0.821969 0.847224 0.87943 0.921904 0.980473 1.06639 1.20462 1.46372 2.12512
0.715584993318 0.776938 0.626574 0.615325312928 0.794277 0.815366 0.841565 0.874975 0.919039 0.979798 1.06893 1.21234 1.48114 2.16731
0.733038285838 0.768897 0.614139 0.602541881707 0.786859 0.808706 0.835846 0.870457 0.916105 0.979051 1.0714 1.21996 1.49844 2.20931
0.750491578358 0.760806 0.601767 0.58983041605 0.779387 0.801989 0.830067 0.865875 0.913101 0.978224 1.07376 1.22747 1.51559 2.25107
0.767944870878 0.752667 0.589469 0.577203123798 0.771865 0.795217 0.824228 0.861226 0.910023 0.977312 1.07603 1.23485 1.53256 2.29252
0.785398163397 0.744483 0.577257 0.564671740666 0.764294 0.788393 0.81833 0.856511 0.906868 0.976309 1.07818 1.24208 1.54932 2.3336
0.802851455917 0.736259 0.565142 0.55224749652 0.756678 0.781516 0.812373 0.851727 0.903632 0.975208 1.08022 1.24916 1.56584 2.37426
0.820304748437 0.727996 0.553133 0.539941132237 0.749018 0.774589 0.806357 0.846874 0.900312 0.974004 1.08212 1.25605 1.58211 2.41443
0.837758040957 0.719698 0.541239 0.527762899705 0.741316 0.767613 0.800283 0.84195 0.896906 0.972691 1.08388 1.26276 1.59808 2.45406
0.855211333477 0.711368 0.529471 0.515722528103 0.733575 0.760589 0.79415 0.836954 0.89341 0.971264 1.08549 1.26925 1.61373 2.49309
0.872664625997 0.703009 0.517837 0.503829240758 0.725798 0.753519 0.78796 0.831886 0.889822 0.969717 1.08693 1.27552 1.62903 2.53147
0.890117918517 0.694623 0.506345 0.492091721426 0.717985 0.746404 0.781711 0.826743 0.886138 0.968045 1.08821 1.28155 1.64397 2.56914
0.907571211037 0.686214 0.495003 0.480518131149 0.71014 0.739245 0.775405 0.821525 0.882355 0.966243 1.08932 1.28733 1.65851 2.60606
0.925024503557 0.677784 0.483819 0.469116141982 0.702264 0.732043 0.769042 0.81623 0.878471 0.964304 1.09023 1.29284 1.67263 2.64216
0.942477796077 0.669335 0.472798 0.457892869546 0.694359 0.7248 0.762621 0.810859 0.874484 0.962225 1.09095 1.29806 1.68631 2.6774
0.959931088597 0.660871 0.461947 0.446854889889 0.686427 0.717517 0.756143 0.805409 0.870389 0.96 1.09147 1.303 1.69952 2.71174
0.977384381117 0.652393 0.451273 0.436008290069 0.678471 0.710195 0.749609 0.79988 0.866186 0.957626 1.09178 1.30762 1.71223 2.74512
0.994837673637 0.643905 0.44078 0.425358583849 0.670492 0.702835 0.743018 0.79427 0.861871 0.955096 1.09187 1.31193 1.72444 2.7775
1.01229096616 0.635408 0.430473 0.414910812865 0.662491 0.695438 0.736371 0.78858 0.857443 0.952408 1.09174 1.3159 1.73612 2.80883
1.02974425868 0.626906 0.420357 0.404669445457 0.654471 0.688005 0.729669 0.782808 0.852898 0.949557 1.09137 1.31953 1.74724 2.83908
1.0471975512 0.6184 0.410435 0.394638477839 0.646434 0.680538 0.72291 0.776953 0.848236 0.946538 1.09076 1.32281 1.75779 2.8682
1.06465084372 0.609893 0.400711 0.38482136665 0.638381 0.673038 0.716097 0.771016 0.843454 0.943349 1.08991 1.32572 1.76775 2.89616
1.08210413624 0.601386 0.391188 0.375221079543 0.630315 0.665506 0.709229 0.764995 0.83855 0.939986 1.08881 1.32825 1.7771 2.92291
1.09955742876 0.592884 0.381869 0.36584007832 0.622236 0.657943 0.702307 0.75889 0.833522 0.936445 1.08745 1.3304 1.78582 2.94842
1.11701072128 0.584386 0.372754 0.356680318934 0.614146 0.65035 0.69533 0.7527 0.82837 0.932723 1.08583 1.33215 1.7939 2.97265
1.1344640138 0.575896 0.363846 0.347743335796 0.606048 0.642729 0.688301 0.746426 0.823092 0.928818 1.08393 1.3335 1.80132 2.99558
1.15191730632 0.567416 0.355147 0.339030106881 0.597943 0.63508 0.681219 0.740067 0.817686 0.924727 1.08177 1.33444 1.80808 3.01717
1.16937059884 0.558947 0.346656 0.330541205487 0.589833 0.627405 0.674085 0.733623 0.812152 0.920446 1.07933 1.33496 1.81414 3.0374
1.18682389136 0.550492 0.338374 0.322276749645 0.581718 0.619705 0.6669 0.727094 0.806488 0.915975 1.07661 1.33505 1.81951 3.05623
1.20427718388 0.542053 0.330301 0.314236385259 0.573602 0.611982 0.659664 0.720479 0.800693 0.911311 1.0736 1.33471 1.82417 3.07364
1.2217304764 0.533631 0.322436 0.306419370418 0.565486 0.604236 0.652379 0.713781 0.794768 0.906452 1.07031 1.33393 1.8281 3.08961
1.23918376892 0.525229 0.314778 0.298824524805 0.55737 0.596469 0.645044 0.706997 0.788711 0.901397 1.06672 1.33271 1.83131 3.10412
1.25663706144 0.516849 0.307327 0.291450263424 0.549257 0.588681 0.637661 0.700129 0.782522 0.896144 1.06284 1.33103 1.83377 3.11714
1.27409035396 0.508492 0.300081 0.284294647184 0.541149 0.580876 0.630231 0.693177 0.776201 0.890692 1.05866 1.32891 1.83549 3.12866
1.29154364648 0.50016 0.293037 0.277355332314 0.533047 0.573053 0.622754 0.686143 0.769749 0.885041 1.05419 1.32632 1.83644 3.13866
1.308996939 0.491854 0.286193 0.270629620948 0.524952 0.565214 0.615232 0.679025 0.763164 0.879191 1.04941 1.32328 1.83664 3.14713
1.32645023152 0.483578 0.279547 0.264114511713 0.516867 0.55736 0.607667 0.671826 0.756447 0.873139 1.04434 1.31977 1.83607 3.15405
1.34390352404 0.475332 0.273095 0.257806649136 0.508792 0.549493 0.600058 0.664546 0.7496 0.866888 1.03896 1.31579 1.83473 3.15942
1.36135681656 0.467118 0.266835 0.251702374238 0.50073 0.541615 0.592407 0.657185 0.742622 0.860436 1.03328 1.31135 1.83261 3.16323
1.37881010908 0.458938 0.260763 0.245797724529 0.492681 0.533726 0.584716 0.649746 0.735514 0.853784 1.0273 1.30644 1.82971 3.16546
1.3962634016 0.450794 0.254876 0.240088501456 0.484648 0.525828 0.576986 0.642229 0.728277 0.846933 1.02101 1.30107 1.82603 3.16611
1.41371669412 0.442686 0.249168 0.234570219817 0.476632 0.517923 0.569218 0.634635 0.720913 0.839884 1.01442 1.29522 1.82157 3.16519
1.43116998664 0.434617 0.243637 0.229238158347 0.468635 0.510012 0.561414 0.626966 0.713422 0.832638 1.00753 1.2889 1.81633 3.16269
1.44862327916 0.426589 0.238278 0.224087410304 0.460657 0.502096 0.553574 0.619224 0.705806 0.825196 1.00035 1.28212 1.81031 3.1586
1.46607657168 0.418602 0.233085 0.219112832881 0.452702 0.494178 0.545702 0.611409 0.698067 0.81756 0.99286 1.27488 1.80351 3.15294
1.4835298642 0.410658 0.228055 0.214309097794 0.444769 0.486259 0.537798 0.603524 0.690206 0.809732 0.985078 1.26717 1.79594 3.14571
1.50098315672 0.40276 0.223182 0.209670758727 0.436861 0.478339 0.529864 0.595571 0.682226 0.801713 0.977003 1.259 1.78759 3.1369
1.51843644924 0.394907 0.218462 0.205192150162 0.42898 0.470422 0.521902 0.58755 0.674128 0.793507 0.968636 1.25037 1.77848 3.12654
1.53588974176 0.387102 0.213888 0.200867555997 0.421126 0.462509 0.513913 0.579465 0.665914 0.785116 0.959983 1.2413 1.7686 3.11462
1.55334303427 0.379347 0.209457 0.196691091511 0.413302 0.454601 0.5059 0.571317 0.657588 0.776542 0.951045 1.23177 1.75797 3.10117
1.57079632679 0.371641 0.205162 0.192656821402 0.405509 0.446699 0.497864 0.563109 0.649151 0.767789 0.941826 1.2218 1.74659 3.08618
1.58824961931 0.363988 0.200998 0.188758692333 0.397748 0.438807 0.489807 0.554842 0.640606 0.758859 0.932331 1.21139 1.73447 3.06969
1.60570291183 0.356388 0.196959 0.184990650968 0.390021 0.430925 0.481732 0.546519 0.631956 0.749757 0.922563 1.20055 1.72162 3.05169
1.62315620435 0.348842 0.19304 0.181346559664 0.382329 0.423055 0.47364 0.538143 0.623204 0.740486 0.912529 1.18929 1.70805 3.03222
1.64060949687 0.341352 0.189236 0.177820297638 0.374674 0.415199 0.465534 0.529716 0.614354 0.73105 0.902232 1.17761 1.69376 3.01129
1.65806278939 0.33392 0.18554 0.174405710383 0.367058 0.407359 0.457415 0.521241 0.605407 0.721453 0.891679 1.16551 1.67878 2.98892
1.67551608191 0.326546 0.181948 0.171096677118 0.359482 0.399537 0.449286 0.512721 0.596369 0.711699 0.880874 1.15302 1.6631 2.96513
1.69296937443 0.319231 0.178453 0.16788707706 0.351948 0.391734 0.44115 0.504157 0.587242 0.701794 0.869825 1.14012 1.64675 2.93996
1.71042266695 0.311977 0.17505 0.164770890597 0.344456 0.383953 0.433008 0.495554 0.57803 0.691741 0.858537 1.12685 1.62974 2.91341
1.72787595947 0.304785 0.171734 0.161742114978 0.33701 0.376195 0.424863 0.486915 0.568737 0.681545 0.847016 1.11319 1.61209 2.88553
1.74532925199 0.297657 0.168499 0.158794848621 0.329609 0.368463 0.416717 0.478241 0.559367 0.671213 0.83527 1.09917 1.59379 2.85633
1.76278254451 0.290593 0.165339 0.155923240532 0.322255 0.360757 0.408573 0.469537 0.549923 0.660748 0.823305 1.08479 1.57489 2.82586
1.78023583703 0.283594 0.162251 0.15312160833 0.314951 0.353081 0.400433 0.460806 0.540411 0.650157 0.81113 1.07006 1.55538 2.79413
1.79768912955 0.276662 0.159227 0.150384337083 0.307698 0.345435 0.392301 0.452051 0.530833 0.639445 0.798752 1.055 1.53528 2.76118
1.81514242207 0.269798 0.156265 0.147705980475 0.300496 0.337823 0.384177 0.443275 0.521196 0.628618 0.786178 1.03962 1.51462 2.72706
1.83259571459 0.263002 0.153357 0.145081210221 0.293348 0.330246 0.376066 0.434482 0.511502 0.617682 0.773417 1.02392 1.49342 2.69178
1.85004900711 0.256276 0.150501 0.142504883516 0.286256 0.322706 0.36797 0.425675 0.501758 0.606642 0.760478 1.00792 1.47168 2.65539
1.86750229963 0.249622 0.147691 0.139971975584 0.279219 0.315205 0.359891 0.416858 0.491967 0.595507 0.747368 0.991632 1.44943 2.61792
1.88495559215 0.243039 0.144923 0.137477697715 0.272241 0.307745 0.351832 0.408035 0.482134 0.584281 0.734096 0.975068 1.42669 2.57942
1.90240888467 0.236528 0.142192 0.135017429813 0.265322 0.300328 0.343796 0.399209 0.472264 0.572971 0.720673 0.958242 1.40348 2.53992
1.91986217719 0.230092 0.139494 0.132586737263 0.258464 0.292957 0.335786 0.390383 0.462362 0.561584 0.707106 0.941166 1.37983 2.49946
1.93731546971 0.223731 0.136826 0.130181404648 0.251668 0.285632 0.327804 0.381562 0.452434 0.550128 0.693406 0.923855 1.35574 2.45808
1.95476876223 0.217445 0.134184 0.127797418895 0.244937 0.278358 0.319854 0.37275 0.442484 0.538608 0.679581 0.906321 1.33125 2.41583
1.97222205475 0.211236 0.131564 0.125431002991 0.23827 0.271134 0.311938 0.36395 0.432518 0.527032 0.665643 0.888579 1.30638 2.37275
1.98967534727 0.205104 0.128964 0.123078599126 0.23167 0.263964 0.304059 0.355167 0.42254 0.515407 0.651599 0.870644 1.28115 2.32888
2.00712863979 0.199051 0.126379 0.120736902415 0.225139 0.25685 0.296221 0.346404 0.412557 0.50374 0.637462 0.852529 1.25558 2.28427
2.02458193231 0.193078 0.123807 0.118402810313 0.218677 0.249793 0.288425 0.337665 0.402573 0.492038 0.62324 0.834251 1.22969 2.23897
2.04203522483 0.187184 0.121245 0.116073473198 0.212285 0.242796 0.280675 0.328954 0.392594 0.48031 0.608944 0.815823 1.20352 2.19301
2.05948851735 0.181371 0.118692 0.1137463281 0.205966 0.235861 0.272974 0.320275 0.382626 0.468563 0.594585 0.797261 1.17708 2.14645
2.07694180987 0.17564 0.116144 0.111419014384 0.199721 0.22899 0.265325 0.311633 0.372674 0.456803 0.580173 0.778581 1.15039 2.09934
2.09439510239 0.169992 0.1136 0.109089424345 0.193551 0.222185 0.25773 0.303031 0.362743 0.445039 0.565719 0.759797 1.12349 2.05171
2.11184839491 0.164427 0.111058 0.106755736923 0.187457 0.215448 0.250193 0.294474 0.35284 0.433279 0.551233 0.740926 1.0964 2.00363
2.12930168743 0.158946 0.108517 0.104416350259 0.181441 0.208781 0.242717 0.285966 0.342969 0.42153 0.536727 0.721984 1.06914 1.95513
2.14675497995 0.153549 0.105975 0.102069932283 0.175504 0.202186 0.235305 0.27751 0.333137 0.409799 0.522211 0.702985 1.04174 1.90627
2.16420827247 0.148239 0.103431 0.0997154038495 0.169648 0.195665 0.227959 0.269111 0.32335 0.398096 0.507696 0.683947 1.01422 1.85711
2.18166156499 0.143014 0.100885 0.0973519050126 0.163873 0.189221 0.220682 0.260774 0.313612 0.386427 0.493193 0.664884 0.986608 1.80767
2.19911485751 0.137876 0.0983354 0.0949788624764 0.158181 0.182855 0.213479 0.252501 0.303929 0.3748 0.478714 0.645814 0.958932 1.75803
2.21656815003 0.132826 0.0957823 0.0925959221459 0.152573 0.176569 0.20635 0.244298 0.294309 0.363224 0.464269 0.626753 0.931216 1.70822
2.23402144255 0.127864 0.0932256 0.0902029828512 0.147051 0.170366 0.1993 0.236168 0.284755 0.351706 0.449868 0.607716 0.903487 1.6583
2.25147473507 0.12299 0.0906654 0.0878001794856 0.141616 0.164247 0.192332 0.228116 0.275273 0.340253 0.435524 0.588719 0.875769 1.60832
2.26892802759 0.118206 0.0881019 0.085387866144 0.136269 0.158214 0.185447 0.220146 0.26587 0.328875 0.421248 0.56978 0.848089 1.55833
2.28638132011 0.113512 0.0855356 0.0829666329844 0.13101 0.152269 0.17865 0.212261 0.256552 0.317578 0.40705 0.550914 0.820472 1.50837
2.30383461263 0.108909 0.0829673 0.0805372725048 0.125842 0.146415 0.171943 0.204466 0.247322 0.306371 0.392941 0.532136 0.792944 1.45851
2.32128790515 0.104396 0.0803979 0.0781008301282 0.120766 0.140652 0.165329 0.196765 0.238188 0.295261 0.378932 0.513464 0.76553 1.40878
2.33874119767 0.0999753 0.0778285 0.0756585030323 0.115782 0.134984 0.15881 0.189162 0.229155 0.284256 0.365034 0.494913 0.738257 1.35924
2.35619449019 0.0956464 0.0752603 0.07321174132 0.110892 0.129411 0.152389 0.181661 0.220228 0.273363 0.351258 0.476498 0.711149 1.30994
2.37364778271 0.09141 0.0726949 0.0707621299871 0.106097 0.123936 0.14607 0.174265 0.211412 0.262591 0.337615 0.458237 0.684231 1.26093
2.39110107523 0.0872665 0.0701338 0.0683114563697 0.101397 0.118561 0.139854 0.166979 0.202714 0.251946 0.324114 0.440143 0.657529 1.21225
2.40855436775 0.0832165 0.067579 0.0658616932819 0.0967945 0.113286 0.133745 0.159806 0.194139 0.241436 0.310768 0.422234 0.631067 1.16396
2.42600766027 0.0792604 0.0650322 0.0634149652929 0.0922899 0.108115 0.127746 0.15275 0.185691 0.231069 0.297586 0.404524 0.60487 1.1161
2.44346095279 0.0753986 0.0624958 0.0609735487266 0.0878842 0.103048 0.121858 0.145815 0.177376 0.220852 0.284578 0.387028 0.578962 1.06872
2.46091424531 0.0716314 0.0599718 0.0585398379389 0.0835784 0.098087 0.116084 0.139005 0.169199 0.210791 0.271755 0.369761 0.553367 1.02187
2.47836753783 0.0679592 0.0574626 0.0561163790402 0.0793735 0.0932343 0.110427 0.132323 0.161166 0.200895 0.259126 0.352738 0.528109 0.975593
2.49582083035 0.0643823 0.0549708 0.0537058530345 0.0752702 0.0884912 0.10489 0.125773 0.15328 0.19117 0.246703 0.335974 0.503211 0.929936
2.51327412287 0.0609011 0.0524988 0.0513110252339 0.0712696 0.0838592 0.0994737 0.119358 0.145548 0.181622 0.234493 0.319483 0.478697 0.884942
2.53072741539 0.0575159 0.0500494 0.0489347621207 0.0673724 0.0793398 0.0941818 0.113082 0.137974 0.17226 0.222507 0.303279 0.454588 0.840658
2.54818070791 0.0542269 0.0476254 0.0465800144852 0.0635796 0.0749345 0.0890163 0.106947 0.130563 0.163088 0.210755 0.287376 0.430906 0.797125
2.56563400043 0.0510344 0.0452294 0.0442498005645 0.0598918 0.0706447 0.0839793 0.100958 0.123319 0.154114 0.199245 0.271787 0.407675 0.754388
2.58308729295 0.0479387 0.0428646 0.0419472060424 0.0563098 0.0664719 0.0790731 0.0951171 0.116246 0.145344 0.187986 0.256526 0.384914 0.712487
2.60054058547 0.0449399 0.0405337 0.0396753671875 0.0528344 0.0624174 0.0742998 0.0894278 0.10935 0.136784 0.176987 0.241605 0.362644 0.671463
2.61799387799 0.0420383 0.0382399 0.0374374708536 0.0494662 0.0584824 0.0696613 0.083893 0.102634 0.128441 0.166257 0.227038 0.340887 0.631356
2.63544717051 0.0392339 0.035986 0.0352366701709 0.046206 0.0546682 0.0651598 0.0785157 0.0961023 0.120319 0.155804 0.212836 0.319661 0.592205
2.65290046303 0.0365271 0.0337752 0.0330762194399 0.0430543 0.0509761 0.060797 0.0732986 0.0897595 0.112425 0.145636 0.199012 0.298986 0.554048
2.67035375555 0.0339178 0.0316105 0.0309592886524 0.0400117 0.0474071 0.0565749 0.0682445 0.0836091 0.104764 0.135761 0.185577 0.27888 0.51692
2.68780704807 0.0314061 0.0294948 0.028889081524 0.0370787 0.0439624 0.0524952 0.0633559 0.0776548 0.097342 0.126187 0.172542 0.259362 0.480858
2.70526034059 0.0289922 0.0274313 0.0268687680465 0.0342559 0.0406429 0.0485596 0.0586354 0.0719004 0.0901631 0.11692 0.159918 0.240449 0.445896
2.72271363311 0.0266762 0.0254229 0.0249014844887 0.0315437 0.0374497 0.0447696 0.0540855 0.0663491 0.0832326 0.107967 0.147716 0.222157 0.412067
2.74016692563 0.0244579 0.0234725 0.0229902996727 0.0289426 0.0343836 0.0411269 0.0497082 0.0610044 0.0765552 0.0993367 0.135945 0.204504 0.379402
2.75762021815 0.0223374 0.0215831 0.0211382486971 0.0264529 0.0314456 0.0376328 0.045506 0.0558694 0.0701354 0.0910338 0.124615 0.187503 0.347933
2.77507351067 0.0203147 0.0197575 0.0193482823525 0.024075 0.0286364 0.0342887 0.0414807 0.050947 0.0639774 0.083065 0.113735 0.17117 0.317686
2.79252680319 0.0183897 0.0179985 0.0176232502593 0.0218091 0.0259567 0.0310958 0.0376344 0.0462402 0.0580854 0.075436 0.103314 0.15552 0.288692
2.80998009571 0.0165623 0.0163087 0.015965951453 0.0196556 0.0234072 0.0280553 0.0339689 0.0417515 0.052463 0.0681524 0.0933604 0.140564 0.260975
2.82743338823 0.0148324 0.0146908 0.0143790500758 0.0176146 0.0209885 0.0251684 0.0304858 0.0374834 0.047114 0.0612193 0.0838814 0.126317 0.234561
2.84488668075 0.0131999 0.0131472 0.0128650922384 0.0156862 0.0187011 0.0224359 0.0271867 0.0334382 0.0420415 0.0546416 0.0748845 0.112789 0.209473
2.86233997327 0.0116645 0.0116803 0.0114265060198 0.0138706 0.0165455 0.0198587 0.024073 0.029618 0.0372487 0.0484237 0.0663763 0.0999908 0.185732
2.87979326579 0.0102261 0.0102924 0.0100655846056 0.0121678 0.014522 0.0174376 0.0211459 0.0260248 0.0327383 0.0425697 0.0583631 0.0879337 0.163358
2.89724655831 0.00888438 0.00898555 0.00878446942672 0.0105779 0.0126309 0.0151733 0.0184066 0.0226603 0.0285131 0.0370835 0.0508506 0.0766264 0.14237
2.91469985083 0.00763905 0.0077618 0.0075851501589 0.0091007 0.0108724 0.0130662 0.015856 0.0195259 0.0245751 0.0319683 0.0438439 0.0660774 0.122784
2.93215314335 0.00648978 0.00662296 0.00646946472307 0.00773612 0.00924664 0.0111169 0.013495 0.016623 0.0209264 0.0272272 0.0373475 0.0562941 0.104616
2.94960643587 0.00543621 0.00557069 0.00543904870023 0.00648399 0.0077537 0.00932565 0.0113242 0.0139528 0.0175688 0.0228628 0.0313655 0.0472832 0.0878791
2.96705972839 0.00447791 0.00460651 0.00449536905477 0.00534404 0.0063935 0.0076926 0.00934408 0.011516 0.0145035 0.0188771 0.0259012 0.0390502 0.072584
2.98451302091 0.00361443 0.00373175 0.00363969041116 0.00431596 0.00516588 0.00621784 0.00755499 0.00931335 0.0117318 0.0152721 0.0209575 0.0316 0.0587406
3.00196631343 0.00284523 0.00294755 0.00287310877728 0.00339936 0.00407059 0.00490128 0.00595705 0.00734524 0.0092544 0.0120489 0.0165364 0.0249361 0.0463565
3.01941960595 0.00216975 0.00225484 0.00219646723612 0.00259375 0.00310727 0.00374269 0.00455019 0.00561182 0.00707171 0.00920846 0.0126395 0.0190613 0.0354373
3.03687289847 0.00158733 0.00165437 0.00161040653074 0.00189856 0.00227543 0.00274171 0.00333416 0.00411298 0.00518385 0.00675108 0.00926742 0.013977 0.0259863
3.05432619099 0.00109727 0.00114665 0.00111533134097 0.00131313 0.00157448 0.00189777 0.00230848 0.00284832 0.00359052 0.00467662 0.00642034 0.0096837 0.0180047
3.07177948351 0.000698755 0.000731983 0.000711393421757 0.000836687 0.00100365 0.00121015 0.00147244 0.00181715 0.00229102 0.00298438 0.00409746 0.00618046 0.0114915
3.08923277603 0.000390897 0.00041039 0.000398474741478 0.000468328 0.000562035 0.000677907 0.000825063 0.00101842 0.0012842 0.00167304 0.0022972 0.00346515 0.00644296
3.10668606855 0.000172663 0.000181638 0.000176187481961 0.000206991 0.000248524 0.000299868 0.000365062 0.000450711 0.000568416 0.000740599 0.00101696 0.00153405 0.00285235
3.12413936107 4.28554e-05 4.5166e-05 4.37560068609e-05 5.14101e-05 6.17572e-05 7.45451e-05 9.07783e-05 0.0001121 0.000141397 0.000184246 0.000253012 0.000381666 0.000709643
3.14159265359 0.0 0.0 0.0 0.0 0.0 0.0 0.0 0.0 0.0 0.0 0.0 0.0 0.0
