alpha phi_iso phi_ray phi_vec g0=0.1 g0=0.2 g0=0.3 g0=0.4 g0=0.5 g0=0.6 g0=0.7 g0=0.8 g0=0.9 g0=1.0
0.0 1.0 1.0 1.0 1.0 1.0 1.0 1.0 1.0 1.0 1.0 1.0 1.0 1.0
0.0174532925199 0.999731 0.99962 0.999595242985 0.999742 0.999756 0.99977 0.999787 0.999806 0.999829 0.999855 0.999888 0.999928 0.999979
0.0349065850399 0.998965 0.998532 0.998428524417 0.99901 0.999061 0.999117 0.999182 0.999256 0.999342 0.999445 0.99957 0.999724 0.999922
0.0523598775598 0.997765 0.99681 0.996569885117 0.997862 0.99797 0.998092 0.998231 0.998392 0.998579 0.998802 0.999072 0.999408 0.999837
0.0698131700798 0.996178 0.994514 0.994075172526 0.996343 0.996527 0.996736 0.996973 0.997248 0.997569 0.997951 0.998415 0.998992 0.999731
0.0872664625997 0.994236 0.991683 0.990982920545 0.994483 0.994761 0.995074 0.995432 0.995846 0.996331 0.996909 0.997612 0.998485 0.999605
0.10471975512 0.991959 0.988344 0.987320360819 0.992303 0.992689 0.993125 0.993625 0.994203 0.99488 0.995688 0.996671 0.997894 0.999465
0.12217304764 0.989365 0.98452 0.983109543543 0.989818 0.990327 0.990904 0.991564 0.992328 0.993226 0.994297 0.995601 0.997225 0.999311
0.13962634016 0.986465 0.980229 0.97837059703 0.98704 0.987687 0.98842 0.98926 0.990233 0.991377 0.992744 0.994407 0.996481 0.999146
0.157079632679 0.983273 0.97549 0.973123018924 0.983982 0.98478 0.985685 0.986723 0.987927 0.989343 0.991034 0.993095 0.995667 0.998973
0.174532925199 0.979801 0.970321 0.96738601477 0.980656 0.981618 0.98271 0.983964 0.985419 0.98713 0.989177 0.991671 0.994786 0.998791
0.191986217719 0.97606 0.964739 0.961178577676 0.977071 0.97821 0.979504 0.98099 0.982716 0.984747 0.987177 0.99014 0.993841 0.998603
0.209439510239 0.972059 0.958761 0.954519494954 0.973238 0.974566 0.976076 0.97781 0.979825 0.982198 0.985039 0.988504 0.992834 0.998408
0.226892802759 0.96781 0.952404 0.947427358074 0.969166 0.970695 0.972434 0.974432 0.976755 0.979492 0.982769 0.986769 0.991768 0.998206
0.244346095279 0.963322 0.945683 0.939920582584 0.964864 0.966605 0.968586 0.970863 0.973511 0.976632 0.980371 0.984936 0.990644 0.997997
0.261799387799 0.958603 0.938615 0.932017428026 0.960342 0.962305 0.96454 0.96711 0.9701 0.973626 0.977851 0.983011 0.989465 0.99778
0.279252680319 0.953663 0.931216 0.923736024485 0.955607 0.957803 0.960303 0.96318 0.966528 0.970477 0.975211 0.980994 0.98823 0.997555
0.296705972839 0.94851 0.923501 0.915094385874 0.950668 0.953105 0.955883 0.959079 0.9628 0.967191 0.972455 0.978889 0.98694 0.997319
0.314159265359 0.943151 0.915485 0.906110406607 0.94553 0.948219 0.951284 0.954813 0.958922 0.963771 0.969587 0.976697 0.985597 0.997072
0.331612557879 0.937594 0.907182 0.896801894799 0.940203 0.943152 0.946515 0.950387 0.954897 0.960222 0.966609 0.97442 0.984198 0.99681
0.349065850399 0.931846 0.898609 0.887186542388 0.934692 0.93791 0.94158 0.945806 0.950731 0.956546 0.963524 0.972059 0.982746 0.996532
0.366519142919 0.925916 0.88978 0.87728194505 0.929005 0.932499 0.936485 0.941077 0.946428 0.952749 0.960335 0.969615 0.981239 0.996235
0.383972435439 0.919809 0.880709 0.867105575649 0.923148 0.926926 0.931236 0.936203 0.941993 0.948833 0.957044 0.967091 0.979676 0.995917
0.401425727959 0.913532 0.87141 0.856674787554 0.917127 0.921195 0.925838 0.931189 0.937428 0.944801 0.953652 0.964485 0.978058 0.995574
0.418879020479 0.907092 0.861898 0.846006804678 0.910949 0.915313 0.920296 0.92604 0.932738 0.940655 0.950162 0.961799 0.976381 0.995204
0.436332312999 0.900495 0.852186 0.835118694928 0.904618 0.909286 0.914615 0.92076 0.927927 0.9364 0.946575 0.959033 0.974646 0.994802
0.453785605519 0.893747 0.842289 0.824027376843 0.898142 0.903117 0.908799 0.915352 0.922997 0.932036 0.942893 0.956186 0.97285 0.994365
0.471238898038 0.886854 0.832219 0.81274957644 0.891524 0.896813 0.902854 0.909822 0.917952 0.927566 0.939117 0.95326 0.970992 0.993889
0.488692190558 0.879821 0.82199 0.801301843813 0.884772 0.890379 0.896783 0.904173 0.912796 0.922994 0.935247 0.950255 0.969071 0.993372
0.506145483078 0.872656 0.811616 0.789700513301 0.87789 0.883818 0.890592 0.898408 0.90753 0.91832 0.931286 0.947168 0.967084 0.992807
0.523598775598 0.865362 0.801109 0.777961693529 0.870882 0.877136 0.884283 0.89253 0.902157 0.913546 0.927234 0.944001 0.96503 0.992192
0.541052068118 0.857945 0.790482 0.766101250814 0.863755 0.870338 0.877861 0.886544 0.896681 0.908675 0.923091 0.940753 0.962905 0.991523
0.558505360638 0.850411 0.779748 0.754134805841 0.856513 0.863427 0.87133 0.880453 0.891104 0.903708 0.918858 0.937423 0.960709 0.990794
0.575958653158 0.842765 0.768919 0.742077687197 0.84916 0.856408 0.864694 0.874259 0.885428 0.898646 0.914537 0.93401 0.958438 0.990001
0.593411945678 0.835012 0.758006 0.729944951287 0.841702 0.849286 0.857956 0.867966 0.879656 0.893491 0.910127 0.930514 0.956091 0.98914
0.610865238198 0.827156 0.747023 0.717751335858 0.834143 0.842063 0.851119 0.861576 0.87379 0.888245 0.905628 0.926933 0.953664 0.988207
0.628318530718 0.819203 0.73598 0.705511263327 0.826487 0.834745 0.844188 0.855094 0.867831 0.882909 0.901042 0.923267 0.951155 0.987196
0.645771823238 0.811158 0.724888 0.693238824175 0.818739 0.827335 0.837166 0.84852 0.861783 0.877484 0.896367 0.919515 0.948562 0.986104
0.663225115758 0.803024 0.713758 0.68094775372 0.810903 0.819837 0.830056 0.841858 0.855647 0.871971 0.891606 0.915676 0.945882 0.984925
0.680678408278 0.794806 0.702602 0.668651425473 0.802983 0.812255 0.822861 0.835112 0.849425 0.866372 0.886756 0.911748 0.943113 0.983655
0.698131700798 0.78651 0.69143 0.656362834544 0.794983 0.804592 0.815584 0.828282 0.843119 0.860687 0.88182 0.90773 0.940251 0.982289
0.715584993318 0.778139 0.680252 0.644094594323 0.786907 0.796852 0.808229 0.821372 0.83673 0.854917 0.876796 0.903623 0.937294 0.980823
0.733038285838 0.769697 0.669077 0.631858906604 0.778759 0.789038 0.800798 0.814384 0.830262 0.849064 0.871685 0.899423 0.93424 0.979252
0.750491578358 0.761189 0.657915 0.619667568224 0.770543 0.781154 0.793294 0.807321 0.823714 0.843129 0.866487 0.89513 0.931086 0.977572
0.767944870878 0.752619 0.646776 0.607531961108 0.762263 0.773203 0.785721 0.800185 0.81709 0.837111 0.861201 0.890743 0.927829 0.975778
0.785398163397 0.743991 0.635668 0.59546302903 0.753922 0.765188 0.77808 0.792978 0.81039 0.831013 0.855829 0.886261 0.924467 0.973865
0.802851455917 0.735308 0.6246 0.583471277615 0.745524 0.757113 0.770376 0.785702 0.803616 0.824835 0.850369 0.881683 0.920997 0.97183
0.820304748437 0.726576 0.61358 0.571566767702 0.737072 0.748981 0.76261 0.77836 0.796771 0.818579 0.844821 0.877007 0.917417 0.969668
0.837758040957 0.717797 0.602616 0.559759112019 0.728571 0.740795 0.754785 0.770954 0.789854 0.812243 0.839187 0.872233 0.913724 0.967375
0.855211333477 0.708976 0.591715 0.548057458594 0.720023 0.732558 0.746905 0.763486 0.782869 0.805831 0.833465 0.867359 0.909916 0.964947
0.872664625997 0.700115 0.580885 0.536470500707 0.711431 0.724273 0.73897 0.755958 0.775816 0.799342 0.827655 0.862384 0.905991 0.96238
0.890117918517 0.691219 0.570133 0.525006456976 0.7028 0.715943 0.730985 0.748372 0.768698 0.792778 0.821759 0.857308 0.901946 0.95967
0.907571211037 0.682292 0.559465 0.513673081317 0.694133 0.70757 0.722951 0.74073 0.761514 0.786138 0.815775 0.85213 0.897779 0.956813
0.925024503557 0.673336 0.548888 0.502477652983 0.685432 0.699159 0.714871 0.733034 0.754268 0.779425 0.809704 0.846848 0.893489 0.953806
0.942477796077 0.664356 0.538406 0.491426986523 0.676701 0.690711 0.706748 0.725286 0.74696 0.772639 0.803547 0.841462 0.889073 0.950646
0.959931088597 0.655354 0.528026 0.480527418505 0.667942 0.682229 0.698583 0.717488 0.739592 0.76578 0.797302 0.835971 0.884529 0.947328
0.977384381117 0.646334 0.517754 0.469784807517 0.65916 0.673717 0.69038 0.709643 0.732165 0.758851 0.790971 0.830374 0.879856 0.94385
0.994837673637 0.637299 0.507593 0.459204557401 0.650356 0.665176 0.68214 0.701752 0.724682 0.75185 0.784553 0.824672 0.875052 0.940209
1.01229096616 0.628253 0.497548 0.448791590696 0.641535 0.65661 0.673867 0.693816 0.717143 0.744781 0.778049 0.818862 0.870115 0.936402
1.02974425868 0.619199 0.487623 0.438550371879 0.632698 0.64802 0.665561 0.685839 0.709549 0.737643 0.77146 0.812946 0.865045 0.932426
1.0471975512 0.610139 0.477823 0.428484904042 0.623849 0.639411 0.657226 0.677822 0.701903 0.730438 0.764785 0.806922 0.859839 0.928279
1.06465084372 0.601076 0.46815 0.418598738849 0.614991 0.630784 0.648864 0.669766 0.694206 0.723166 0.758025 0.800791 0.854498 0.923959
1.08210413624 0.592015 0.458608 0.408894976538 0.606125 0.622141 0.640477 0.661674 0.68646 0.715829 0.751181 0.794552 0.849018 0.919462
1.09955742876 0.582957 0.4492 0.39937627256 0.597256 0.613486 0.632067 0.653548 0.678665 0.708427 0.744253 0.788205 0.843401 0.914789
1.11701072128 0.573906 0.439928 0.390044850855 0.588386 0.604821 0.623637 0.645389 0.670825 0.700963 0.737242 0.78175 0.837644 0.909936
1.1344640138 0.564864 0.430794 0.380902510489 0.579516 0.596148 0.615188 0.6372 0.662939 0.693437 0.730149 0.775187 0.831748 0.904902
1.15191730632 0.555834 0.421801 0.371950635617 0.570651 0.58747 0.606723 0.628983 0.65501 0.68585 0.722974 0.768517 0.825712 0.899685
1.16937059884 0.54682 0.412949 0.363190188839 0.561793 0.578788 0.598245 0.620738 0.64704 0.678204 0.715718 0.76174 0.819536 0.894286
1.18682389136 0.537823 0.404241 0.354621754354 0.552943 0.570106 0.589754 0.612469 0.639029 0.6705 0.708382 0.754856 0.813219 0.888702
1.20427718388 0.528846 0.395676 0.346245518044 0.544106 0.561426 0.581254 0.604178 0.630981 0.66274 0.700968 0.747867 0.806762 0.882933
1.2217304764 0.519892 0.387257 0.338061290708 0.535282 0.55275 0.572747 0.595865 0.622896 0.654924 0.693476 0.740772 0.800165 0.876979
1.23918376892 0.510964 0.378983 0.330068527978 0.526475 0.54408 0.564234 0.587534 0.614776 0.647054 0.685908 0.733572 0.793428 0.870839
1.25663706144 0.502064 0.370855 0.322266327002 0.517687 0.535419 0.555718 0.579185 0.606623 0.639133 0.678264 0.726268 0.786551 0.864513
1.27409035396 0.493194 0.362872 0.314653452995 0.50892 0.526769 0.547201 0.570822 0.598439 0.631161 0.670546 0.718862 0.779535 0.858002
1.29154364648 0.484357 0.355034 0.3072283492 0.500177 0.518132 0.538686 0.562446 0.590226 0.62314 0.662756 0.711355 0.772382 0.851305
1.308996939 0.475555 0.347341 0.299989140204 0.49146 0.50951 0.530173 0.554058 0.581984 0.615071 0.654895 0.703747 0.765091 0.844423
1.32645023152 0.466791 0.339793 0.292933668454 0.482771 0.500906 0.521665 0.545662 0.573718 0.606958 0.646965 0.69604 0.757665 0.837357
1.34390352404 0.458067 0.332387 0.286059490936 0.474112 0.492322 0.513165 0.537259 0.565427 0.5988 0.638966 0.688237 0.750104 0.830109
1.36135681656 0.449385 0.325123 0.279363895772 0.465486 0.483759 0.504674 0.528851 0.557115 0.590601 0.630902 0.680337 0.742409 0.822679
1.37881010908 0.440747 0.318 0.272843928772 0.456895 0.47522 0.496195 0.52044 0.548783 0.582362 0.622774 0.672343 0.734584 0.815069
1.3962634016 0.432156 0.311015 0.266496393439 0.448341 0.466708 0.48773 0.512028 0.540434 0.574085 0.614583 0.664258 0.726628 0.80728
1.41371669412 0.423613 0.304168 0.260317884157 0.439826 0.458223 0.47928 0.503618 0.532068 0.565772 0.606332 0.656082 0.718545 0.799315
1.43116998664 0.415121 0.297456 0.254304786195 0.431352 0.449769 0.470848 0.49521 0.523689 0.557425 0.598023 0.647818 0.710336 0.791175
1.44862327916 0.406682 0.290878 0.248453302258 0.422921 0.441347 0.462436 0.486808 0.515298 0.549047 0.589659 0.639468 0.702004 0.782864
1.46607657168 0.398298 0.284431 0.242759465768 0.414535 0.43296 0.454045 0.478414 0.506898 0.540639 0.58124 0.631035 0.693551 0.774382
1.4835298642 0.38997 0.278112 0.237219154139 0.406197 0.424609 0.445679 0.470029 0.498491 0.532203 0.57277 0.622521 0.68498 0.765735
1.50098315672 0.381701 0.271921 0.231828108691 0.397908 0.416296 0.437339 0.461656 0.490078 0.523743 0.564251 0.613929 0.676293 0.756924
1.51843644924 0.373492 0.265853 0.226581951251 0.38967 0.408024 0.429027 0.453297 0.481663 0.515261 0.555686 0.60526 0.667493 0.747952
1.53588974176 0.365346 0.259906 0.221476197428 0.381484 0.399794 0.420745 0.444954 0.473248 0.506758 0.547077 0.596519 0.658584 0.738823
1.55334303427 0.357263 0.254079 0.216506273208 0.373354 0.391608 0.412495 0.436629 0.464834 0.498237 0.538426 0.587708 0.649569 0.729541
1.57079632679 0.349247 0.248366 0.211667528233 0.36528 0.383469 0.404279 0.428324 0.456424 0.489701 0.529737 0.578829 0.64045 0.72011
1.58824961931 0.341297 0.242767 0.206955265676 0.357265 0.375377 0.396099 0.420041 0.44802 0.481152 0.521012 0.569887 0.631232 0.710532
1.60570291183 0.333417 0.237278 0.202364732282 0.349309 0.367335 0.387958 0.411784 0.439625 0.472594 0.512255 0.560883 0.621917 0.700813
1.62315620435 0.325608 0.231896 0.197891161516 0.341416 0.359345 0.379856 0.403553 0.431241 0.464027 0.503467 0.551822 0.612511 0.690958
1.64060949687 0.317872 0.226619 0.193529766929 0.333586 0.351409 0.371798 0.395351 0.422871 0.455456 0.494653 0.542708 0.603017 0.68097
1.65806278939 0.310209 0.221442 0.189275765392 0.325822 0.343529 0.363783 0.38718 0.414517 0.446883 0.485815 0.533542 0.593439 0.670854
1.67551608191 0.302622 0.216364 0.185124400329 0.318124 0.335705 0.355815 0.379043 0.406181 0.438311 0.476956 0.52433 0.58378 0.660617
1.69296937443 0.295111 0.211381 0.181070931762 0.310496 0.327941 0.347895 0.370942 0.397867 0.429742 0.46808 0.515075 0.574046 0.650261
1.71042266695 0.287679 0.20649 0.177110672819 0.302937 0.320238 0.340025 0.362878 0.389575 0.42118 0.459189 0.50578 0.564241 0.639793
1.72787595947 0.280327 0.201688 0.173238996381 0.29545 0.312597 0.332207 0.354855 0.38131 0.412627 0.450288 0.496449 0.55437 0.629219
1.74532925199 0.273056 0.196972 0.169451345029 0.288036 0.305021 0.324443 0.346874 0.373073 0.404086 0.441379 0.487087 0.544436 0.618543
1.76278254451 0.265867 0.19234 0.165743237691 0.280697 0.29751 0.316736 0.338937 0.364868 0.39556 0.432466 0.477697 0.534445 0.607772
1.78023583703 0.258762 0.187789 0.162110289555 0.273434 0.290068 0.309086 0.331047 0.356696 0.387052 0.423553 0.468284 0.524402 0.596911
1.79768912955 0.251742 0.183314 0.158548231985 0.266249 0.282694 0.301497 0.323207 0.34856 0.378566 0.414642 0.458852 0.514312 0.585968
1.81514242207 0.244808 0.178915 0.155052895923 0.259143 0.275392 0.293969 0.315417 0.340463 0.370103 0.405738 0.449404 0.504179 0.574946
1.83259571459 0.237961 0.174588 0.151620248405 0.252117 0.268163 0.286505 0.307681 0.332408 0.361668 0.396844 0.439946 0.494009 0.563854
1.85004900711 0.231203 0.17033 0.148246389237 0.245173 0.261007 0.279107 0.300001 0.324397 0.353263 0.387964 0.430481 0.483807 0.552697
1.86750229963 0.224534 0.16614 0.144927560958 0.238312 0.253927 0.271776 0.292378 0.316432 0.344892 0.379101 0.421013 0.473579 0.541482
1.88495559215 0.217955 0.162014 0.141660162113 0.231536 0.246925 0.264514 0.284815 0.308516 0.336557 0.37026 0.411549 0.46333 0.530215
1.90240888467 0.211468 0.15795 0.138440743936 0.224845 0.240001 0.257323 0.277315 0.300653 0.328261 0.361443 0.402091 0.453065 0.518904
1.91986217719 0.205074 0.153946 0.135266036904 0.21824 0.233158 0.250205 0.269879 0.292844 0.320009 0.352656 0.392645 0.442791 0.507555
1.93731546971 0.198772 0.149999 0.132132927501 0.211724 0.226396 0.243162 0.26251 0.285092 0.311802 0.3439 0.383215 0.432511 0.496175
1.95476876223 0.192565 0.146109 0.129038494732 0.205296 0.219718 0.236196 0.255209 0.277399 0.303645 0.335181 0.373806 0.422233 0.484771
1.97222205475 0.186454 0.142272 0.125979993525 0.198959 0.213124 0.229307 0.247979 0.269769 0.295539 0.326503 0.364422 0.411962 0.47335
1.98967534727 0.180438 0.138487 0.12295486801 0.192713 0.206616 0.222499 0.240822 0.262204 0.287489 0.317868 0.355068 0.401704 0.46192
2.00712863979 0.174518 0.134752 0.119960754834 0.186559 0.200195 0.215772 0.233741 0.254706 0.279498 0.309281 0.345749 0.391463 0.450486
2.02458193231 0.168696 0.131066 0.116995483169 0.180499 0.193863 0.209128 0.226736 0.247279 0.271568 0.300745 0.336469 0.381247 0.439058
2.04203522483 0.162972 0.127427 0.114057081341 0.174532 0.187621 0.202569 0.21981 0.239924 0.263703 0.292265 0.327234 0.371061 0.427641
2.05948851735 0.157347 0.123834 0.1111437702 0.168661 0.18147 0.196097 0.212966 0.232644 0.255906 0.283845 0.318047 0.360911 0.416243
2.07694180987 0.151821 0.120286 0.10825397639 0.162885 0.175411 0.189713 0.206205 0.225441 0.24818 0.275487 0.308914 0.350803 0.404872
2.09439510239 0.146395 0.116781 0.105386319078 0.157207 0.169445 0.183418 0.199529 0.218319 0.240528 0.267197 0.29984 0.340742 0.393534
2.11184839491 0.14107 0.113319 0.102539616589 0.151626 0.163574 0.177214 0.19294 0.21128 0.232953 0.258978 0.290828 0.330735 0.382238
2.12930168743 0.135845 0.109898 0.0997128897241 0.146144 0.157799 0.171103 0.186441 0.204325 0.225459 0.250833 0.281884 0.320787 0.37099
2.14675497995 0.130722 0.106519 0.0969053518075 0.140761 0.152121 0.165087 0.180032 0.197458 0.218048 0.242766 0.273013 0.310905 0.359799
2.16420827247 0.1257 0.10318 0.0941164053624 0.135477 0.14654 0.159165 0.173716 0.19068 0.210723 0.234782 0.264219 0.301093 0.34867
2.18166156499 0.12078 0.0998814 0.0913456520714 0.130294 0.141058 0.15334 0.167495 0.183995 0.203488 0.226883 0.255506 0.291358 0.337611
2.19911485751 0.115963 0.0966225 0.0885928728596 0.125213 0.135676 0.147614 0.16137 0.177404 0.196344 0.219074 0.24688 0.281705 0.32663
2.21656815003 0.111249 0.0934032 0.0858580345341 0.120233 0.130394 0.141987 0.155344 0.17091 0.189295 0.211358 0.238345 0.27214 0.315734
2.23402144255 0.106637 0.0902236 0.0831412798253 0.115355 0.125214 0.13646 0.149417 0.164515 0.182345 0.203739 0.229905 0.26267 0.30493
2.25147473507 0.102129 0.0870836 0.0804429307065 0.11058 0.120136 0.131036 0.143592 0.15822 0.175495 0.19622 0.221565 0.253299 0.294225
2.26892802759 0.0977235 0.0839834 0.0777634651587 0.105908 0.115162 0.125715 0.137869 0.152029 0.168748 0.188804 0.213329 0.244033 0.283627
2.28638132011 0.0934219 0.0809234 0.0751035337674 0.10134 0.110291 0.120498 0.132252 0.145944 0.162108 0.181496 0.205202 0.234877 0.273141
2.30383461263 0.0892237 0.0779039 0.0724639331676 0.0968757 0.105525 0.115386 0.126741 0.139965 0.155576 0.174299 0.197188 0.225837 0.262776
2.32128790515 0.0851292 0.0749255 0.0698456060441 0.0925159 0.100864 0.110381 0.121337 0.134096 0.149156 0.167215 0.189291 0.216919 0.252537
2.33874119767 0.0811381 0.0719887 0.0672496411317 0.0882606 0.096309 0.105483 0.116043 0.128339 0.142849 0.160249 0.181515 0.208127 0.242432
2.35619449019 0.0772506 0.0690942 0.0646772532987 0.0841102 0.0918603 0.100693 0.110858 0.122694 0.136659 0.153402 0.173864 0.199467 0.232467
2.37364778271 0.0734664 0.0662429 0.0621297769091 0.0800648 0.0875186 0.0960119 0.105786 0.117164 0.130588 0.146679 0.166342 0.190943 0.222648
2.39110107523 0.0697855 0.0634355 0.0596086724604 0.0761245 0.0832842 0.0914411 0.100827 0.111751 0.124637 0.140083 0.158954 0.182561 0.212982
2.40855436775 0.0662078 0.060673 0.0571154900719 0.0722895 0.0791576 0.086981 0.0959816 0.106456 0.11881 0.133615 0.151702 0.174325 0.203475
2.42600766027 0.0627329 0.0579566 0.0546518893999 0.0685599 0.0751392 0.0826324 0.0912518 0.101281 0.113108 0.12728 0.144591 0.166241 0.194134
2.44346095279 0.0593607 0.0552873 0.0522196031258 0.0649356 0.0712292 0.078396 0.0866384 0.0962274 0.107534 0.12108 0.137624 0.158313 0.184963
2.46091424531 0.0560908 0.0526662 0.0498204469137 0.0614167 0.067428 0.0742722 0.0821423 0.0912968 0.102089 0.115018 0.130805 0.150544 0.175969
2.47836753783 0.052923 0.0500946 0.0474562994948 0.058003 0.0637358 0.0702617 0.0777646 0.0864905 0.0967761 0.109095 0.124137 0.142941 0.167158
2.49582083035 0.0498567 0.0475736 0.0451290993477 0.0546943 0.0601527 0.066365 0.073506 0.0818097 0.0915961 0.103315 0.117622 0.135506 0.158534
2.51327412287 0.0468916 0.0451047 0.0428408281023 0.0514906 0.0566787 0.0625824 0.0693675 0.0772558 0.0865511 0.0976806 0.111265 0.128244 0.150104
2.53072741539 0.0440272 0.042689 0.0405934972622 0.0483916 0.053314 0.0589143 0.0653495 0.0728298 0.0816427 0.0921929 0.105069 0.121158 0.141872
2.54818070791 0.0412629 0.0403279 0.0383891448855 0.0453969 0.0500586 0.0553611 0.0614529 0.0685328 0.0768725 0.0868545 0.0990348 0.114253 0.133842
2.56563400043 0.0385983 0.0380229 0.036229825627 0.0425063 0.0469123 0.0519229 0.0576783 0.0643658 0.0722419 0.0816674 0.0931667 0.107532 0.126021
2.58308729295 0.0360327 0.0357753 0.0341175941412 0.0397194 0.043875 0.0485999 0.054026 0.0603296 0.0677523 0.0766335 0.087467 0.100998 0.118411
2.60054058547 0.0335655 0.0335864 0.0320544951249 0.0370358 0.0409466 0.0453922 0.0504965 0.0564252 0.0634049 0.0717546 0.0819379 0.0946553 0.111018
2.61799387799 0.0311958 0.0314577 0.030042553359 0.0344549 0.0381268 0.0422999 0.0470902 0.0526531 0.0592008 0.0670323 0.0765818 0.0885057 0.103845
2.63544717051 0.0289232 0.0293904 0.0280837703892 0.0319763 0.0354153 0.0393228 0.0438074 0.0490139 0.0551411 0.0624681 0.0714009 0.0825527 0.0968964
2.65290046303 0.0267466 0.0273861 0.0261800979714 0.0295993 0.0328117 0.036461 0.0406481 0.0455083 0.0512266 0.0580634 0.0663969 0.0767986 0.0901755
2.67035375555 0.0246653 0.0254458 0.0243334447107 0.0273232 0.0303156 0.0337141 0.0376125 0.0421365 0.0474582 0.0538194 0.0615716 0.0712461 0.0836856
2.68780704807 0.0226784 0.023571 0.0225456528255 0.0251475 0.0279265 0.0310818 0.0347005 0.0388989 0.0438364 0.0497371 0.0569267 0.0658973 0.0774298
2.70526034059 0.020785 0.0217628 0.0208184981484 0.0230712 0.0256438 0.028564 0.0319121 0.0357957 0.0403618 0.0458175 0.0524635 0.0607543 0.0714109
2.72271363311 0.018984 0.0200224 0.0191536735289 0.0210937 0.0234669 0.0261601 0.0292471 0.0328269 0.0370349 0.0420615 0.0481834 0.0558189 0.0656314
2.74016692563 0.0172745 0.0183509 0.0175527755565 0.019214 0.0213951 0.0238696 0.0267052 0.0299926 0.0338558 0.0384695 0.0440874 0.0510927 0.0600936
2.75762021815 0.0156553 0.0167495 0.0160173111993 0.0174311 0.0194276 0.021692 0.024286 0.0272925 0.0308248 0.0350422 0.0401763 0.046577 0.0547994
2.77507351067 0.0141253 0.0152189 0.01454866793 0.0157442 0.0175636 0.0196265 0.0219891 0.0247265 0.0279418 0.0317798 0.0364508 0.042273 0.0497506
2.79252680319 0.0126834 0.0137602 0.0131481170456 0.0141521 0.0158022 0.0176725 0.0198138 0.0222942 0.0252068 0.0286824 0.0329115 0.0381815 0.0449486
2.80998009571 0.0113284 0.0123742 0.0118168070282 0.0126538 0.0141424 0.0158291 0.0177596 0.0199952 0.0226194 0.0257502 0.0295586 0.0343033 0.0403946
2.82743338823 0.0100588 0.0110615 0.0105557436297 0.011248 0.0125831 0.0140954 0.0158257 0.0178287 0.0201793 0.0229828 0.0263922 0.0306388 0.0360892
2.84488668075 0.00887346 0.0098227 0.00936578987138 0.00993351 0.0111232 0.0124703 0.0140111 0.0157941 0.0178859 0.02038 0.0234122 0.027188 0.0320331
2.86233997327 0.00777088 0.00865837 0.00824766272491 0.00870904 0.00976155 0.0109528 0.0123149 0.0138906 0.0157385 0.0179411 0.0206182 0.0239509 0.0282264
2.87979326579 0.00674965 0.00756883 0.00720190987688 0.00757321 0.00849679 0.00954172 0.010736 0.0121171 0.0137362 0.0156655 0.0180097 0.0209272 0.024669
2.89724655831 0.00580824 0.00655434 0.00622891636758 0.00652459 0.00732757 0.0082357 0.00927321 0.0104725 0.0118781 0.0135523 0.0155859 0.0181161 0.0213604
2.91469985083 0.00494509 0.00561499 0.00532889795237 0.00556164 0.00625245 0.00703336 0.00792517 0.00895565 0.0101629 0.0116003 0.0133458 0.0155168 0.0182997
2.93215314335 0.00415857 0.00475076 0.00450187786642 0.00468279 0.00526987 0.00593323 0.00669045 0.00756506 0.00858926 0.00980833 0.0112881 0.0131281 0.0154859
2.94960643587 0.00344697 0.00396149 0.00374770342134 0.00388638 0.00437823 0.00493372 0.00556751 0.00629922 0.00715573 0.0081748 0.00941135 0.0109484 0.0129174
2.96705972839 0.00280854 0.00324682 0.00306601281204 0.00317067 0.0035758 0.00403311 0.00455463 0.00515645 0.00586058 0.00669802 0.00771378 0.00897589 0.0105923
2.98451302091 0.00224145 0.00260627 0.00245625503256 0.00253384 0.00286078 0.00322961 0.00365001 0.0041349 0.00470196 0.00537607 0.0061934 0.00720857 0.00850825
3.00196631343 0.00174378 0.00203919 0.00191766000231 0.00197399 0.00223123 0.00252128 0.00285169 0.00323257 0.00367779 0.00420681 0.00484793 0.00564393 0.00666265
3.01941960595 0.00131354 0.0015447 0.00144924188536 0.00148909 0.00168514 0.00190604 0.00215754 0.00244729 0.00278579 0.00318781 0.0036748 0.00427917 0.00505235
3.03687289847 0.000948649 0.00112179 0.0010497858132 0.00107706 0.00122036 0.00138172 0.0015653 0.00177668 0.00202349 0.00231644 0.00267114 0.00311113 0.00367379
3.05432619099 0.000646929 0.000769205 0.000717837926774 0.000735669 0.000834619 0.000945957 0.00107254 0.0012182 0.00138815 0.00158977 0.00183375 0.00213626 0.00252293
3.07177948351 0.000406087 0.000485475 0.000451688779935 0.000462572 0.000525502 0.000596254 0.000676632 0.00076905 0.000876814 0.00100457 0.00115908 0.00135055 0.00159518
3.08923277603 0.000223696 0.000268885 0.000249343465633 0.000255276 0.000290426 0.000329908 0.000374723 0.000426209 0.000486198 0.000557268 0.000643162 0.000749541 0.000885383
3.10668606855 9.71627e-05 0.000117434 0.000108498380718 0.000111102 0.000126599 0.000143989 0.000163707 0.00018634 0.000212688 0.000243877 0.000281545 0.000328164 0.000387661
3.12413936107 2.36641e-05 2.87641e-05 2.64648817409e-05 2.71207e-05 3.09589e-05 3.52602e-05 4.01318e-05 4.57172e-05 5.22126e-05 5.98941e-05 6.91631e-05 8.06262e-05 9.52453e-05
3.14159265359 0.0 0.0 0.0 0.0 0.0 0.0 0.0 0.0 0.0 0.0 0.0 0.0 0.0
