alpha phi_iso phi_ray phi_vec g0=0.1 g0=0.2 g0=0.3 g0=0.4 g0=0.5 g0=0.6 g0=0.7 g0=0.8 g0=0.9 g0=1.0
0.0 1.0 1.0 1.0 1.0 1.0 1.0 1.0 1.0 1.0 1.0 1.0 1.0 1.0
0.0174532925199 0.999682 0.999545 0.999533765934 0.999697 0.999715 0.999736 0.999761 0.999793 0.999834 0.999889 0.999967 1.00009 1.00029
0.0349065850399 0.99879 0.998248 0.9981993604 0.998848 0.998916 0.998998 0.999098 0.999223 0.999384 0.999599 0.999906 1.00038 1.00119
0.0523598775598 0.997412 0.996209 0.996092338878 0.99754 0.997689 0.997869 0.998088 0.998362 0.998716 0.999191 0.999865 1.0009 1.00269
0.0698131700798 0.99562 0.993507 0.993288614484 0.99584 0.9961 0.996411 0.996792 0.997268 0.997883 0.99871 0.999884 1.00169 1.00481
0.0872664625997 0.993457 0.990195 0.989839323982 0.993794 0.99419 0.994666 0.995248 0.995976 0.996918 0.998186 0.999985 1.00275 1.00754
0.10471975512 0.990954 0.986308 0.985779154263 0.991428 0.991988 0.992659 0.99348 0.99451 0.995842 0.997635 1.00018 1.00409 1.01089
0.12217304764 0.988131 0.981873 0.981135066873 0.988764 0.989511 0.990408 0.991507 0.992886 0.994669 0.997071 1.00048 1.00573 1.01484
0.13962634016 0.985004 0.976914 0.975931033946 0.985816 0.986776 0.987929 0.989342 0.991115 0.99341 0.996502 1.0009 1.00765 1.01939
0.157079632679 0.98159 0.971453 0.970189914712 0.982601 0.983798 0.985235 0.986997 0.98921 0.992075 0.995936 1.00143 1.00987 1.02453
0.174532925199 0.977903 0.965512 0.963933975394 0.979133 0.980589 0.982339 0.984485 0.987181 0.990673 0.99538 1.00208 1.01237 1.03026
0.191986217719 0.973956 0.959112 0.957185051675 0.975424 0.977161 0.979251 0.981815 0.985036 0.989211 0.994838 1.00285 1.01516 1.03656
0.209439510239 0.969761 0.952273 0.94996453245 0.971485 0.973526 0.975982 0.978996 0.982785 0.987694 0.994315 1.00374 1.01823 1.04343
0.226892802759 0.96533 0.945015 0.94229345731 0.967328 0.969695 0.972542 0.976038 0.980433 0.98613 0.993814 1.00475 1.02158 1.05083
0.244346095279 0.960675 0.937358 0.934192508414 0.962964 0.965675 0.968939 0.972947 0.977987 0.984521 0.993337 1.00589 1.0252 1.05877
0.261799387799 0.955805 0.929321 0.925682042989 0.958401 0.961477 0.965182 0.96973 0.975453 0.982873 0.992885 1.00714 1.02908 1.06723
0.279252680319 0.950729 0.920923 0.916782190804 0.953649 0.957109 0.961277 0.966395 0.972836 0.981189 0.992461 1.00851 1.03322 1.07618
0.296705972839 0.945458 0.912182 0.907512829804 0.948716 0.952578 0.957231 0.962947 0.970139 0.97947 0.992063 1.01 1.0376 1.08561
0.314159265359 0.939999 0.903117 0.897893634848 0.94361 0.947891 0.953051 0.95939 0.967368 0.977719 0.99169 1.01159 1.04223 1.09551
0.331612557879 0.934359 0.893744 0.887944110206 0.938338 0.943056 0.948742 0.955729 0.964524 0.975936 0.991342 1.01329 1.04708 1.10584
0.349065850399 0.928549 0.884083 0.877683573307 0.932908 0.938078 0.944309 0.951968 0.961611 0.974124 0.991018 1.01509 1.05214 1.1166
0.366519142919 0.922573 0.87415 0.867131162868 0.927325 0.932963 0.939759 0.948112 0.95863 0.972281 0.990714 1.01698 1.05741 1.12775
0.383972435439 0.91644 0.863963 0.856305863259 0.921598 0.927717 0.935094 0.944164 0.955585 0.97041 0.990428 1.01895 1.06288 1.13928
0.401425727959 0.910156 0.853538 0.845226472015 0.915731 0.922345 0.93032 0.940127 0.952476 0.968508 0.990158 1.02101 1.06852 1.15117
0.418879020479 0.903728 0.842893 0.833911607954 0.90973 0.916852 0.925441 0.936003 0.949305 0.966575 0.989899 1.02314 1.07433 1.16338
0.436332312999 0.897161 0.832045 0.82237968681 0.903601 0.911243 0.92046 0.931795 0.946073 0.964611 0.989649 1.02533 1.08029 1.17591
0.453785605519 0.890463 0.821009 0.810648945602 0.897349 0.905522 0.915381 0.927506 0.94278 0.962613 0.989403 1.02759 1.08639 1.18871
0.471238898038 0.883637 0.809802 0.798737385771 0.890979 0.899693 0.910206 0.923137 0.939427 0.960581 0.989156 1.02989 1.09262 1.20178
0.488692190558 0.876691 0.798439 0.786662781302 0.884496 0.893762 0.90494 0.91869 0.936015 0.958513 0.988906 1.03223 1.09896 1.21507
0.506145483078 0.86963 0.786938 0.774442670602 0.877905 0.88773 0.899585 0.914168 0.932543 0.956406 0.988646 1.0346 1.1054 1.22858
0.523598775598 0.862457 0.775312 0.762094332131 0.87121 0.881603 0.894143 0.909571 0.929011 0.954259 0.988372 1.037 1.11191 1.24226
0.541052068118 0.85518 0.763577 0.749634760028 0.864416 0.875383 0.888617 0.9049 0.925419 0.95207 0.988078 1.03941 1.11849 1.25611
0.558505360638 0.847802 0.751748 0.737080664115 0.857526 0.869074 0.88301 0.900157 0.921766 0.949834 0.98776 1.04183 1.12513 1.27008
0.575958653158 0.840328 0.73984 0.724448437399 0.850545 0.862679 0.877323 0.895342 0.918052 0.947552 0.987413 1.04425 1.1318 1.28416
0.593411945678 0.832763 0.727867 0.711754164202 0.843477 0.856201 0.871559 0.890458 0.914276 0.945218 0.987029 1.04664 1.13849 1.29832
0.610865238198 0.825111 0.715843 0.699013579536 0.836325 0.849644 0.86572 0.885503 0.910438 0.942831 0.986605 1.04902 1.14518 1.31253
0.628318530718 0.817377 0.703782 0.686242052864 0.829093 0.843009 0.859807 0.880479 0.906536 0.940388 0.986135 1.05136 1.15186 1.32677
0.645771823238 0.809565 0.691696 0.673454612462 0.821784 0.8363 0.853822 0.875387 0.902569 0.937885 0.985611 1.05367 1.15852 1.341
0.663225115758 0.801678 0.6796 0.660665864194 0.814403 0.829519 0.847767 0.870226 0.898537 0.935319 0.98503 1.05592 1.16513 1.35521
0.680678408278 0.793721 0.667506 0.64789004837 0.806952 0.822669 0.841643 0.864998 0.894438 0.932688 0.984385 1.0581 1.17169 1.36938
0.698131700798 0.785699 0.655425 0.635140974758 0.799434 0.815752 0.835453 0.859701 0.89027 0.929988 0.98367 1.06022 1.17817 1.38346
0.715584993318 0.777613 0.64337 0.622432022587 0.791853 0.808771 0.829196 0.854338 0.886033 0.927217 0.982879 1.06226 1.18456 1.39744
0.733038285838 0.769469 0.631353 0.609776148673 0.784212 0.801728 0.822876 0.848907 0.881726 0.924369 0.982007 1.0642 1.19086 1.4113
0.750491578358 0.76127 0.619385 0.597185846793 0.776513 0.794625 0.816492 0.84341 0.877346 0.921444 0.981048 1.06605 1.19703 1.425
0.767944870878 0.75302 0.607475 0.584673155818 0.76876 0.787464 0.810046 0.837845 0.872894 0.918437 0.979996 1.06779 1.20307 1.43853
0.785398163397 0.744721 0.595636 0.57224964346 0.760956 0.780247 0.803539 0.832214 0.868366 0.915345 0.978845 1.06941 1.20896 1.45185
0.802851455917 0.736377 0.583876 0.559926390029 0.753102 0.772976 0.796973 0.826515 0.863763 0.912165 0.977591 1.0709 1.21468 1.46495
0.820304748437 0.727992 0.572205 0.547714020924 0.745203 0.765654 0.790349 0.82075 0.859082 0.908894 0.976226 1.07226 1.22023 1.4778
0.837758040957 0.719569 0.560632 0.535622617277 0.73726 0.758282 0.783667 0.814918 0.854322 0.905529 0.974747 1.07347 1.22559 1.49038
0.855211333477 0.711111 0.549166 0.523661805308 0.729276 0.750862 0.776928 0.809019 0.849483 0.902066 0.973147 1.07452 1.23074 1.50267
0.872664625997 0.702621 0.537815 0.511840675097 0.721254 0.743396 0.770135 0.803054 0.844562 0.898504 0.971421 1.07542 1.23568 1.51464
0.890117918517 0.694102 0.526587 0.500167821193 0.713195 0.735886 0.763287 0.797021 0.839558 0.894838 0.969565 1.07614 1.24038 1.52627
0.907571211037 0.685557 0.515489 0.488651326374 0.705104 0.728333 0.756385 0.790922 0.834471 0.891067 0.967573 1.07669 1.24484 1.53754
0.925024503557 0.676989 0.504528 0.477298745395 0.696981 0.72074 0.749431 0.784756 0.829299 0.887187 0.96544 1.07705 1.24905 1.54843
0.942477796077 0.6684 0.49371 0.46611712124 0.688829 0.713107 0.742426 0.778523 0.824041 0.883195 0.963162 1.07722 1.25298 1.55892
0.959931088597 0.659795 0.483042 0.455113001363 0.680651 0.705437 0.73537 0.772224 0.818695 0.87909 0.960734 1.07718 1.25663 1.569
0.977384381117 0.651174 0.472528 0.444292372707 0.672448 0.697732 0.728265 0.765858 0.813262 0.874869 0.958152 1.07694 1.25999 1.57863
0.994837673637 0.642542 0.462175 0.433660742931 0.664224 0.689992 0.721111 0.759425 0.807739 0.870529 0.955411 1.07648 1.26305 1.58781
1.01229096616 0.6339 0.451986 0.4232230998 0.65598 0.68222 0.713909 0.752926 0.802126 0.866068 0.952507 1.0758 1.26579 1.59651
1.02974425868 0.625252 0.441966 0.412983903056 0.647718 0.674417 0.706661 0.746361 0.796423 0.861484 0.949438 1.07489 1.26821 1.60473
1.0471975512 0.616599 0.432119 0.402947133164 0.63944 0.666585 0.699367 0.73973 0.790628 0.856776 0.946198 1.07374 1.27029 1.61243
1.06465084372 0.607945 0.422448 0.393116250689 0.631149 0.658725 0.692029 0.733033 0.78474 0.85194 0.942785 1.07236 1.27203 1.61961
1.08210413624 0.599291 0.412956 0.383494228792 0.622846 0.65084 0.684647 0.726271 0.77876 0.846976 0.939194 1.07073 1.27342 1.62626
1.09955742876 0.590641 0.403645 0.374083561356 0.614534 0.642929 0.677222 0.719444 0.772687 0.841882 0.935424 1.06884 1.27445 1.63235
1.11701072128 0.581996 0.394518 0.364886254859 0.606214 0.634996 0.669756 0.712553 0.76652 0.836657 0.931471 1.06671 1.27511 1.63788
1.1344640138 0.573358 0.385577 0.355903844622 0.597889 0.627042 0.662249 0.705597 0.760259 0.831298 0.927333 1.06431 1.27539 1.64282
1.15191730632 0.564731 0.376822 0.347137411057 0.58956 0.619068 0.654703 0.698578 0.753903 0.825806 0.923007 1.06164 1.27529 1.64718
1.16937059884 0.556116 0.368255 0.338587587789 0.581229 0.611075 0.647118 0.691495 0.747454 0.820179 0.918491 1.05871 1.2748 1.65094
1.18682389136 0.547516 0.359876 0.330254545408 0.572899 0.603066 0.639496 0.684351 0.74091 0.814416 0.913783 1.05551 1.27391 1.65408
1.20427718388 0.538932 0.351685 0.322138056461 0.564571 0.595042 0.631839 0.677144 0.734272 0.808516 0.908881 1.05203 1.27262 1.65661
1.2217304764 0.530367 0.343683 0.314237462951 0.556247 0.587004 0.624147 0.669877 0.72754 0.802479 0.903783 1.04827 1.27093 1.6585
1.23918376892 0.521823 0.335868 0.306551708838 0.547929 0.578955 0.616421 0.662549 0.720715 0.796305 0.898489 1.04423 1.26882 1.65975
1.25663706144 0.513301 0.32824 0.299079340034 0.539619 0.570894 0.608663 0.655163 0.713796 0.789994 0.892998 1.03991 1.2663 1.66036
1.27409035396 0.504805 0.320797 0.291818536899 0.531318 0.562826 0.600874 0.647718 0.706784 0.783544 0.887308 1.0353 1.26336 1.66032
1.29154364648 0.496335 0.313539 0.28476711424 0.523028 0.55475 0.593055 0.640215 0.69968 0.776957 0.881419 1.03041 1.25999 1.65962
1.308996939 0.487894 0.306462 0.277922553805 0.514752 0.546668 0.585208 0.632657 0.692485 0.770233 0.875331 1.02522 1.2562 1.65825
1.32645023152 0.479484 0.299566 0.271281988036 0.50649 0.538582 0.577334 0.625044 0.685199 0.763372 0.869043 1.01975 1.25199 1.65622
1.34390352404 0.471106 0.292848 0.264842256933 0.498245 0.530494 0.569435 0.617376 0.677824 0.756375 0.862556 1.01399 1.24735 1.65352
1.36135681656 0.462763 0.286305 0.258599891806 0.490018 0.522405 0.561512 0.609657 0.67036 0.749243 0.85587 1.00794 1.24227 1.65015
1.37881010908 0.454456 0.279935 0.252551139648 0.481811 0.514317 0.553567 0.601886 0.662808 0.741976 0.848986 1.0016 1.23677 1.6461
1.3962634016 0.446188 0.273733 0.246691995625 0.473627 0.506232 0.5456 0.594066 0.655171 0.734575 0.841905 0.994975 1.23084 1.64138
1.41371669412 0.437959 0.267698 0.241018211203 0.465465 0.49815 0.537615 0.586197 0.647449 0.727043 0.834628 0.988059 1.22448 1.63598
1.43116998664 0.429771 0.261825 0.235525302268 0.457329 0.490074 0.529611 0.578282 0.639644 0.71938 0.827155 0.980857 1.21769 1.62991
1.44862327916 0.421627 0.256111 0.230208565375 0.44922 0.482006 0.521592 0.570322 0.631758 0.711588 0.81949 0.973369 1.21047 1.62317
1.46607657168 0.413527 0.250551 0.225063126487 0.441139 0.473947 0.513559 0.562319 0.623792 0.703669 0.811633 0.965599 1.20284 1.61575
1.4835298642 0.405474 0.245142 0.220083924731 0.433089 0.465899 0.505512 0.554274 0.615748 0.695625 0.803587 0.957548 1.19477 1.60767
1.50098315672 0.397469 0.23988 0.215265736764 0.42507 0.457864 0.497456 0.54619 0.607629 0.687458 0.795354 0.949219 1.1863 1.59892
1.51843644924 0.389514 0.234761 0.210603217394 0.417085 0.449842 0.48939 0.538068 0.599435 0.67917 0.786937 0.940615 1.1774 1.58952
1.53588974176 0.38161 0.229779 0.206090883328 0.409135 0.441837 0.481317 0.529911 0.591171 0.670764 0.778338 0.93174 1.1681 1.57946
1.55334303427 0.373758 0.22493 0.201723161919 0.401222 0.43385 0.473239 0.52172 0.582837 0.662243 0.769561 0.922596 1.15838 1.56876
1.57079632679 0.365961 0.22021 0.197494391162 0.393347 0.425882 0.465157 0.513498 0.574436 0.653608 0.760608 0.913188 1.14827 1.55741
1.58824961931 0.358219 0.215614 0.19339883594 0.385512 0.417935 0.457074 0.505247 0.56597 0.644863 0.751484 0.903519 1.13776 1.54543
1.60570291183 0.350535 0.211138 0.189430728645 0.377719 0.410011 0.448992 0.496968 0.557443 0.636011 0.742191 0.893595 1.12686 1.53283
1.62315620435 0.342909 0.206776 0.185584244801 0.369968 0.402112 0.440912 0.488665 0.548857 0.627056 0.732734 0.883421 1.11558 1.51962
1.64060949687 0.335343 0.202524 0.181853559937 0.362263 0.39424 0.432838 0.48034 0.540215 0.618 0.723117 0.873002 1.10392 1.50579
1.65806278939 0.327838 0.198377 0.178232849578 0.354603 0.386396 0.42477 0.471995 0.53152 0.608848 0.713345 0.862343 1.09189 1.49138
1.67551608191 0.320396 0.19433 0.174716305499 0.346992 0.378582 0.416711 0.463633 0.522774 0.599602 0.703422 0.85145 1.0795 1.47638
1.69296937443 0.313018 0.190379 0.171298143842 0.33943 0.3708 0.408663 0.455257 0.513981 0.590267 0.693351 0.840329 1.06676 1.4608
1.71042266695 0.305705 0.186518 0.167972637615 0.331918 0.363052 0.400629 0.446868 0.505145 0.580846 0.68314 0.828987 1.05367 1.44467
1.72787595947 0.298458 0.182743 0.164734132936 0.32446 0.35534 0.39261 0.43847 0.496267 0.571344 0.672792 0.817429 1.04024 1.42799
1.74532925199 0.29128 0.17905 0.161577024664 0.317055 0.347666 0.384608 0.430065 0.487353 0.561765 0.662313 0.805664 1.02649 1.41078
1.76278254451 0.28417 0.175433 0.15849583763 0.309705 0.340031 0.376627 0.421657 0.478404 0.552114 0.651708 0.793697 1.01243 1.39305
1.78023583703 0.27713 0.171888 0.155485169778 0.302413 0.332437 0.368668 0.413247 0.469425 0.542393 0.640983 0.781538 0.998052 1.37482
1.79768912955 0.270161 0.168411 0.152539765272 0.295178 0.324886 0.360734 0.40484 0.46042 0.532609 0.630144 0.769192 0.983382 1.3561
1.81514242207 0.263265 0.164998 0.14965447388 0.288004 0.31738 0.352827 0.396437 0.451392 0.522766 0.619197 0.756669 0.968426 1.3369
1.83259571459 0.256443 0.161644 0.146824307839 0.280891 0.309921 0.344949 0.388043 0.442344 0.512868 0.608148 0.743976 0.953196 1.31725
1.85004900711 0.249694 0.158345 0.144044425606 0.27384 0.30251 0.337103 0.379659 0.433281 0.50292 0.597004 0.731121 0.937704 1.29717
1.86750229963 0.243022 0.155098 0.141310148106 0.266854 0.29515 0.32929 0.371289 0.424206 0.492928 0.58577 0.718114 0.92196 1.27666
1.88495559215 0.236426 0.151898 0.138616991225 0.259934 0.287843 0.321515 0.362936 0.415124 0.482897 0.574453 0.704962 0.905978 1.25574
1.90240888467 0.229908 0.148741 0.135960625195 0.25308 0.28059 0.313778 0.354603 0.406038 0.472831 0.563061 0.691676 0.88977 1.23444
1.91986217719 0.223469 0.145625 0.133336939579 0.246295 0.273393 0.306083 0.346294 0.396953 0.462736 0.551599 0.678263 0.873347 1.21278
1.93731546971 0.217109 0.142546 0.130742002653 0.23958 0.266254 0.298432 0.338011 0.387872 0.452617 0.540075 0.664733 0.856724 1.19077
1.95476876223 0.21083 0.139501 0.12817211015 0.232935 0.259175 0.290827 0.329758 0.3788 0.44248 0.528497 0.651096 0.839913 1.16843
1.97222205475 0.204632 0.136486 0.125623769011 0.226364 0.252158 0.283271 0.321537 0.369741 0.43233 0.51687 0.637362 0.822928 1.14578
1.98967534727 0.198517 0.1335 0.123093697385 0.219866 0.245204 0.275767 0.313353 0.3607 0.422173 0.505203 0.62354 0.805782 1.12285
2.00712863979 0.192486 0.130538 0.120578840876 0.213443 0.238316 0.268316 0.305209 0.351679 0.412013 0.493502 0.609639 0.788489 1.09964
2.02458193231 0.186538 0.1276 0.118076388789 0.207096 0.231495 0.260921 0.297107 0.342685 0.401858 0.481776 0.59567 0.771063 1.0762
2.04203522483 0.180675 0.124682 0.115583741638 0.200828 0.224743 0.253585 0.289051 0.333721 0.391712 0.470031 0.581644 0.753519 1.05253
2.05948851735 0.174898 0.121783 0.113098559886 0.194638 0.218062 0.246311 0.281045 0.324791 0.381581 0.458276 0.56757 0.735869 1.02865
2.07694180987 0.169208 0.1189 0.110618723328 0.188528 0.211454 0.2391 0.273092 0.315901 0.371472 0.446517 0.553458 0.71813 1.00459
2.09439510239 0.163605 0.116033 0.108142363582 0.1825 0.204921 0.231956 0.265194 0.307053 0.361389 0.434764 0.53932 0.700315 0.980378
2.11184839491 0.15809 0.113179 0.105667847846 0.176555 0.198464 0.22488 0.257357 0.298254 0.351339 0.423022 0.525165 0.68244 0.956024
2.12930168743 0.152663 0.110338 0.10319378702 0.170693 0.192085 0.217875 0.249582 0.289506 0.341327 0.411301 0.511004 0.664518 0.931555
2.14675497995 0.147326 0.107507 0.100719027583 0.164917 0.185785 0.210945 0.241873 0.280816 0.33136 0.399608 0.496848 0.646565 0.906992
2.16420827247 0.14208 0.104688 0.0982426597135 0.159227 0.179568 0.20409 0.234233 0.272186 0.321444 0.38795 0.482707 0.628596 0.882358
2.18166156499 0.136923 0.101878 0.095764001047 0.153624 0.173434 0.197314 0.226666 0.263622 0.311583 0.376336 0.468592 0.610626 0.857676
2.19911485751 0.131859 0.0990774 0.0932826129202 0.148109 0.167384 0.190619 0.219176 0.255128 0.301784 0.364774 0.454513 0.592669 0.832968
2.21656815003 0.126886 0.096286 0.0907982841248 0.142684 0.161422 0.184007 0.211764 0.246708 0.292054 0.353271 0.440482 0.574741 0.808256
2.23402144255 0.122005 0.0935037 0.0883110146608 0.13735 0.155548 0.177481 0.204435 0.238367 0.282397 0.341835 0.426508 0.556857 0.783564
2.25147473507 0.117218 0.0907306 0.0858210482301 0.132107 0.149764 0.171043 0.197193 0.230109 0.272819 0.330474 0.412603 0.539031 0.758914
2.26892802759 0.112524 0.087967 0.0833288316193 0.126957 0.144071 0.164695 0.190039 0.221939 0.263327 0.319196 0.398777 0.521279 0.734328
2.28638132011 0.107924 0.0852135 0.0808350146998 0.1219 0.138472 0.158441 0.182977 0.21386 0.253927 0.308008 0.385041 0.503616 0.70983
2.30383461263 0.103418 0.0824706 0.0783404747984 0.116938 0.132967 0.152281 0.176012 0.205877 0.244623 0.296919 0.371405 0.486057 0.68544
2.32128790515 0.0990076 0.0797393 0.0758462435859 0.112071 0.127559 0.146219 0.169144 0.197995 0.235422 0.285935 0.35788 0.468615 0.661183
2.33874119767 0.0946922 0.0770206 0.0733535883118 0.107301 0.122248 0.140256 0.162379 0.190217 0.226329 0.275065 0.344476 0.451307 0.637079
2.35619449019 0.0904726 0.0743156 0.0708639224467 0.102628 0.117037 0.134395 0.155718 0.182548 0.21735 0.264316 0.331203 0.434145 0.613151
2.37364778271 0.086349 0.0716256 0.068378846299 0.0980537 0.111927 0.128638 0.149164 0.174992 0.208491 0.253696 0.318072 0.417146 0.58942
2.39110107523 0.0823217 0.0689521 0.0659001226454 0.0935779 0.106918 0.122986 0.142722 0.167552 0.199756 0.243211 0.305092 0.400323 0.565909
2.40855436775 0.0783911 0.0662967 0.0634296523598 0.0892018 0.102013 0.117443 0.136393 0.160233 0.191152 0.23287 0.292274 0.38369 0.542638
2.42600766027 0.0745574 0.0636612 0.0609694987845 0.0849263 0.0972129 0.11201 0.130181 0.153039 0.182683 0.222679 0.279628 0.367262 0.519628
2.44346095279 0.070821 0.0610473 0.0585218471122 0.080752 0.0925187 0.106688 0.124088 0.145974 0.174355 0.212645 0.267163 0.351052 0.496902
2.46091424531 0.067182 0.0584572 0.0560890043869 0.0766797 0.0879319 0.101481 0.118117 0.139041 0.166173 0.202776 0.254888 0.335073 0.474478
2.47836753783 0.0636407 0.0558928 0.0536733995034 0.0727099 0.0834536 0.0963888 0.11227 0.132244 0.158142 0.193078 0.242814 0.319339 0.452378
2.49582083035 0.0601971 0.0533563 0.051277558837 0.0688433 0.079085 0.0914146 0.106551 0.125587 0.150267 0.183557 0.230949 0.303864 0.43062
2.51327412287 0.0568514 0.0508499 0.0489040818738 0.0650806 0.0748272 0.0865598 0.100962 0.119074 0.142553 0.174222 0.219303 0.288659 0.409225
2.53072741539 0.0536038 0.048376 0.046555673704 0.0614221 0.0706812 0.0818259 0.0955056 0.112707 0.135004 0.165077 0.207884 0.273738 0.388212
2.54818070791 0.0504543 0.0459369 0.0442350800347 0.0578685 0.0666482 0.0772147 0.0901836 0.106489 0.127625 0.156129 0.196701 0.259113 0.367599
2.56563400043 0.0474029 0.0435352 0.0419451115601 0.0544203 0.062729 0.0727278 0.0849988 0.100426 0.120421 0.147385 0.185762 0.244795 0.347405
2.58308729295 0.0444498 0.0411732 0.0396886277149 0.0510778 0.0589246 0.0683667 0.0799533 0.0945187 0.113395 0.138849 0.175075 0.230797 0.327647
2.60054058547 0.0415948 0.0388535 0.0374684960571 0.0478414 0.055236 0.0641328 0.0750493 0.0887711 0.106553 0.130529 0.16465 0.21713 0.308342
2.61799387799 0.038838 0.0365787 0.0352876410085 0.0447116 0.0516638 0.0600276 0.0702888 0.083186 0.0998977 0.122429 0.154492 0.203805 0.289508
2.63544717051 0.0361793 0.0343514 0.0331489463739 0.0416886 0.0482089 0.0560522 0.065674 0.0777662 0.0934336 0.114556 0.144611 0.190833 0.271161
2.65290046303 0.0336185 0.032174 0.0310553284516 0.0387728 0.0448721 0.0522081 0.0612066 0.0725145 0.0871643 0.106913 0.135012 0.178224 0.253316
2.67035375555 0.0311555 0.0300492 0.0290096629232 0.0359642 0.0416538 0.0484963 0.0568885 0.0674334 0.0810935 0.0995067 0.125703 0.165987 0.235989
2.68780704807 0.0287902 0.0279795 0.0270148010998 0.0332631 0.0385548 0.0449179 0.0527213 0.0625253 0.0752245 0.092341 0.116691 0.154133 0.219194
2.70526034059 0.0265224 0.0259674 0.0250735536756 0.0306697 0.0355755 0.041474 0.0487066 0.0577926 0.0695607 0.0854208 0.107982 0.142671 0.202945
2.72271363311 0.0243517 0.0240155 0.0231886744813 0.028184 0.0327165 0.0381654 0.044846 0.0532375 0.0641051 0.0787504 0.0995818 0.131609 0.187255
2.74016692563 0.022278 0.022126 0.0213628604835 0.025806 0.0299781 0.0349929 0.0411407 0.0488621 0.0588607 0.0723337 0.0914962 0.120956 0.172138
2.75762021815 0.0203008 0.0203015 0.0195987192917 0.0235357 0.0273606 0.0319574 0.0375921 0.0446681 0.0538302 0.0661747 0.0837308 0.110719 0.157605
2.77507351067 0.0184199 0.0185441 0.0178987772814 0.0213731 0.0248643 0.0290596 0.0342012 0.0406575 0.049016 0.0602769 0.0762906 0.100906 0.143667
2.79252680319 0.0166349 0.0168562 0.0162654633473 0.019318 0.0224894 0.0262998 0.0309692 0.0368317 0.0444207 0.0546438 0.0691803 0.0915235 0.130335
2.80998009571 0.0149452 0.0152399 0.0147010845332 0.0173702 0.020236 0.0236788 0.027897 0.0331923 0.0400463 0.0492783 0.0624044 0.0825782 0.117619
2.82743338823 0.0133505 0.0136972 0.0132078341555 0.0155295 0.0181042 0.0211967 0.0249852 0.0297404 0.0358946 0.0441832 0.0559668 0.0740758 0.105529
2.84488668075 0.0118502 0.0122301 0.0117877836797 0.0137956 0.0160939 0.0188539 0.0222346 0.0264773 0.0319676 0.039361 0.0498712 0.0660219 0.0940714
2.86233997327 0.0104437 0.0108403 0.0104428421032 0.0121681 0.0142049 0.0166505 0.0196456 0.0234038 0.0282665 0.0348141 0.0441208 0.058421 0.0832551
2.87979326579 0.0091304 0.00952961 0.00917478844936 0.0106466 0.0124371 0.0145866 0.0172186 0.0205208 0.0247927 0.0305442 0.0387185 0.0512776 0.0730865
2.89724655831 0.00790965 0.00829951 0.00798522302672 0.00923059 0.0107902 0.0126622 0.0149539 0.0178287 0.0215473 0.0265531 0.0336668 0.0445954 0.0635716
2.91469985083 0.00678069 0.00715141 0.00687557555261 0.00791949 0.00926378 0.0108769 0.0128515 0.015328 0.0185309 0.0228419 0.0289676 0.0383774 0.0547152
2.93215314335 0.00574275 0.00608657 0.00584710515306 0.00671267 0.00785733 0.00923065 0.0109113 0.0130188 0.0157441 0.0194117 0.0246225 0.0326263 0.0465216
2.94960643587 0.00479499 0.00510609 0.00490086786928 0.00560939 0.00657029 0.00772288 0.00913312 0.0109012 0.0131872 0.0162631 0.0206328 0.0273439 0.038994
2.96705972839 0.00393649 0.00421086 0.0040377410278 0.00460884 0.00540194 0.00635304 0.00751649 0.00897488 0.0108601 0.0133964 0.0169991 0.0225314 0.0321346
2.98451302091 0.00316629 0.00340162 0.00325836637673 0.00371015 0.00435151 0.00512044 0.00606084 0.0072394 0.00876259 0.0108116 0.0137215 0.0181896 0.0259447
3.00196631343 0.00248332 0.00267891 0.00256317445594 0.0029123 0.00341805 0.00402423 0.0047654 0.00569407 0.00689406 0.00850799 0.0107997 0.0143182 0.0204245
3.01941960595 0.00188645 0.00204303 0.00195237647368 0.00221421 0.0026005 0.00306337 0.00362918 0.00433795 0.00525359 0.00648486 0.00823297 0.0109165 0.0155731
3.03687289847 0.00137446 0.00149412 0.00142591556619 0.00161467 0.00189768 0.0022367 0.00265099 0.00316982 0.00383995 0.00474089 0.00601979 0.00798272 0.0113886
3.05432619099 0.000946002 0.00103203 0.000983491167897 0.00111234 0.00130823 0.00154282 0.0018294 0.00218821 0.00265152 0.00327429 0.00415815 0.00551454 0.00786776
3.07177948351 0.000599635 0.000656386 0.00062453464123 0.000705731 0.000830635 0.00098015 0.00116275 0.00139129 0.00168632 0.00208279 0.00264536 0.00350857 0.00500595
3.08923277603 0.000333762 0.000366537 0.000348144289476 0.000393207 0.000463159 0.000546861 0.000649042 0.000776892 0.000941887 0.00116355 0.00147802 0.00196044 0.00279717
3.10668606855 0.000146608 0.00016151 0.000153109726953 0.000172907 0.000203838 0.00024083 0.000285971 0.00034243 0.000415267 0.000513092 0.000651837 0.000864641 0.00123367
3.12413936107 3.61573e-05 3.99555e-05 3.77900281084e-05 4.26952e-05 5.038e-05 5.95657e-05 7.07689e-05 8.47745e-05 0.000102836 0.000127084 0.000161466 0.000214186 0.000305594
3.14159265359 0.0 0.0 0.0 0.0 0.0 0.0 0.0 0.0 0.0 0.0 0.0 0.0 0.0
