alpha phi_iso phi_ray phi_vec g0=0.1 g0=0.2 g0=0.3 g0=0.4 g0=0.5 g0=0.6 g0=0.7 g0=0.8 g0=0.9 g0=1.0
0.0 1.0 1.0 1.0 1.0 1.0 1.0 1.0 1.0 1.0 1.0 1.0 1.0 1.0
0.0174532925199 0.999733 0.999624 0.999597965133 0.999744 0.999757 0.999772 0.999788 0.999807 0.999829 0.999855 0.999886 0.999924 0.999973
0.0349065850399 0.998972 0.998544 0.998438756591 0.999017 0.999066 0.999122 0.999185 0.999257 0.999342 0.999442 0.999562 0.99971 0.999899
0.0523598775598 0.997779 0.996836 0.996591409166 0.997874 0.997981 0.998101 0.998237 0.998394 0.998576 0.998793 0.999054 0.999376 0.999785
0.0698131700798 0.9962 0.994557 0.994110984288 0.996363 0.996544 0.996749 0.996981 0.997249 0.997562 0.997933 0.99838 0.998934 0.999638
0.0872664625997 0.994267 0.991746 0.991035509624 0.99451 0.994783 0.995091 0.995441 0.995845 0.996318 0.996878 0.997555 0.998393 0.99946
0.10471975512 0.991999 0.98843 0.987391909614 0.992338 0.992717 0.993145 0.993634 0.994197 0.994857 0.995639 0.996587 0.99776 0.999255
0.12217304764 0.989414 0.984632 0.983202000503 0.98986 0.99036 0.990925 0.991571 0.992317 0.993189 0.994227 0.995483 0.99704 0.999026
0.13962634016 0.986523 0.980369 0.978485747461 0.987089 0.987724 0.988443 0.989264 0.990213 0.991325 0.992647 0.99425 0.996238 0.998774
0.157079632679 0.98334 0.975661 0.97326247391 0.984038 0.984821 0.985708 0.986722 0.987896 0.989271 0.990908 0.992893 0.995357 0.998501
0.174532925199 0.979877 0.970524 0.967551235606 0.980717 0.981661 0.982731 0.983956 0.985374 0.987036 0.989016 0.991418 0.994401 0.99821
0.191986217719 0.976144 0.964977 0.961370891588 0.977138 0.978255 0.979523 0.980974 0.982654 0.984626 0.986977 0.98983 0.993373 0.997901
0.209439510239 0.972151 0.959035 0.954740088056 0.973309 0.974612 0.97609 0.977783 0.979745 0.982049 0.984795 0.988131 0.992276 0.997574
0.226892802759 0.967909 0.952715 0.947677293839 0.969241 0.97074 0.972442 0.974392 0.976654 0.97931 0.982478 0.986327 0.991111 0.997229
0.244346095279 0.963427 0.946033 0.9402008004 0.964942 0.966649 0.968587 0.970809 0.973386 0.976415 0.980028 0.98442 0.989882 0.996867
0.261799387799 0.958714 0.939006 0.932328763757 0.960422 0.962346 0.964532 0.96704 0.969949 0.973369 0.977451 0.982415 0.988589 0.996488
0.279252680319 0.95378 0.931648 0.924079194809 0.955688 0.95784 0.960285 0.963091 0.966348 0.970178 0.974751 0.980313 0.987233 0.99609
0.296705972839 0.948631 0.923975 0.915470007709 0.950749 0.953137 0.955852 0.958969 0.962589 0.966846 0.97193 0.978117 0.985816 0.995672
0.314159265359 0.943275 0.916002 0.906519006964 0.94561 0.948244 0.95124 0.95468 0.958676 0.963377 0.968993 0.975829 0.984337 0.995232
0.331612557879 0.937721 0.907744 0.897243890661 0.940281 0.943169 0.946455 0.95023 0.954615 0.959775 0.965943 0.97345 0.982798 0.99477
0.349065850399 0.931976 0.899215 0.887662263365 0.934767 0.937917 0.941503 0.945623 0.95041 0.956045 0.962781 0.970983 0.981198 0.994283
0.366519142919 0.926046 0.890431 0.877791632894 0.929076 0.932496 0.936389 0.940864 0.946065 0.95219 0.959512 0.968429 0.979537 0.993768
0.383972435439 0.91994 0.881405 0.867649381299 0.923214 0.926911 0.93112 0.93596 0.941586 0.948212 0.956137 0.965789 0.977815 0.993225
0.401425727959 0.913662 0.872152 0.857252784208 0.917187 0.921167 0.925701 0.930914 0.936976 0.944116 0.952658 0.963064 0.97603 0.992649
0.418879020479 0.907221 0.862685 0.846618978579 0.911001 0.915271 0.920136 0.925731 0.932238 0.939905 0.949077 0.960254 0.974183 0.992038
0.436332312999 0.900621 0.853019 0.835764953029 0.904662 0.909228 0.91443 0.920415 0.927376 0.93558 0.945396 0.957359 0.972271 0.991389
0.453785605519 0.893869 0.843167 0.824707544603 0.898176 0.903042 0.908588 0.91497 0.922394 0.931144 0.941616 0.954381 0.970294 0.990698
0.471238898038 0.886972 0.833143 0.813463412979 0.891548 0.89672 0.902616 0.9094 0.917295 0.926601 0.93774 0.95132 0.968251 0.989963
0.488692190558 0.879935 0.822959 0.802049024345 0.884784 0.890266 0.896516 0.90371 0.912082 0.921952 0.933768 0.948175 0.96614 0.98918
0.506145483078 0.872763 0.81263 0.790480644943 0.877889 0.883686 0.890294 0.897902 0.906758 0.9172 0.929702 0.944947 0.963959 0.988346
0.523598775598 0.865462 0.802167 0.778774315278 0.870869 0.876982 0.883954 0.891981 0.901326 0.912346 0.925541 0.941635 0.961707 0.987455
0.541052068118 0.858038 0.791584 0.766945840437 0.863727 0.870161 0.8775 0.88595 0.895788 0.907392 0.921289 0.938238 0.959381 0.986506
0.558505360638 0.850496 0.780892 0.755010757844 0.85647 0.863227 0.870935 0.879812 0.890148 0.902341 0.916944 0.934758 0.956981 0.985493
0.575958653158 0.842841 0.770105 0.742984353382 0.849101 0.856184 0.864264 0.87357 0.884408 0.897194 0.912508 0.931192 0.954502 0.984413
0.593411945678 0.835077 0.759233 0.730881606573 0.841626 0.849036 0.85749 0.867228 0.87857 0.891952 0.907982 0.927541 0.951945 0.983262
0.610865238198 0.827211 0.74829 0.71871720025 0.83405 0.841787 0.850617 0.860789 0.872637 0.886617 0.903366 0.923804 0.949306 0.982035
0.628318530718 0.819247 0.737285 0.706505507659 0.826375 0.834442 0.843648 0.854255 0.866611 0.881191 0.898661 0.91998 0.946584 0.980729
0.645771823238 0.811189 0.726231 0.694260553758 0.818608 0.827004 0.836587 0.847629 0.860493 0.875675 0.893867 0.916068 0.943775 0.979339
0.663225115758 0.803042 0.715139 0.681996028121 0.810752 0.819478 0.829438 0.840915 0.854287 0.87007 0.888984 0.912067 0.940879 0.977861
0.680678408278 0.794812 0.704018 0.669725246237 0.802811 0.811866 0.822202 0.834114 0.847995 0.864378 0.884012 0.907978 0.937891 0.976291
0.698131700798 0.786501 0.692879 0.657461165632 0.79479 0.804173 0.814885 0.82723 0.841617 0.858599 0.878953 0.903798 0.934811 0.974624
0.715584993318 0.778115 0.681733 0.645216343951 0.786692 0.796402 0.807488 0.820266 0.835157 0.852736 0.873806 0.899527 0.931635 0.972857
0.733038285838 0.769659 0.670589 0.633002948628 0.778522 0.788557 0.800015 0.813223 0.828616 0.846788 0.868571 0.895164 0.928362 0.970985
0.750491578358 0.761135 0.659457 0.620832734314 0.770283 0.780642 0.792469 0.806104 0.821995 0.840758 0.863249 0.890707 0.924989 0.969004
0.767944870878 0.752549 0.648346 0.608717036427 0.761979 0.772659 0.784853 0.798911 0.815298 0.834645 0.857839 0.886157 0.921513 0.966911
0.785398163397 0.743904 0.637264 0.596666771152 0.753615 0.764612 0.77717 0.791648 0.808525 0.828452 0.852343 0.881512 0.917933 0.9647
0.802851455917 0.735205 0.62622 0.584692409643 0.745192 0.756504 0.769422 0.784315 0.801678 0.822179 0.846759 0.876772 0.914247 0.962369
0.820304748437 0.726455 0.615222 0.572803981244 0.736716 0.748339 0.761612 0.776917 0.794759 0.815828 0.841089 0.871935 0.910451 0.959912
0.837758040957 0.717658 0.604279 0.561011073494 0.72819 0.740119 0.753744 0.769454 0.787769 0.809398 0.835332 0.867 0.906544 0.957327
0.855211333477 0.708818 0.593397 0.549322806326 0.719617 0.731848 0.745819 0.761929 0.780711 0.802892 0.829488 0.861966 0.902524 0.95461
0.872664625997 0.699939 0.582584 0.537747851414 0.711 0.72353 0.737841 0.754344 0.773585 0.79631 0.823558 0.856834 0.898389 0.951757
0.890117918517 0.691025 0.571847 0.526294406379 0.702344 0.715166 0.729811 0.746701 0.766394 0.789652 0.817542 0.851602 0.894137 0.948765
0.907571211037 0.682078 0.561192 0.514970214133 0.69365 0.706759 0.721734 0.739003 0.759139 0.782921 0.81144 0.846269 0.889766 0.94563
0.925024503557 0.673103 0.550626 0.503782533859 0.684923 0.698314 0.71361 0.731251 0.751822 0.776117 0.805252 0.840835 0.885274 0.942349
0.942477796077 0.664103 0.540154 0.492738170032 0.676166 0.689832 0.705444 0.723448 0.744443 0.769241 0.798979 0.835299 0.880659 0.938919
0.959931088597 0.655082 0.529781 0.481843449847 0.667382 0.681317 0.697236 0.715596 0.737006 0.762294 0.792621 0.82966 0.87592 0.935337
0.977384381117 0.646042 0.519514 0.471104232893 0.658573 0.672771 0.68899 0.707696 0.72951 0.755277 0.786177 0.823918 0.871056 0.931599
0.994837673637 0.636987 0.509356 0.460525907928 0.649744 0.664196 0.680708 0.699751 0.721959 0.74819 0.77965 0.818073 0.866064 0.927705
1.01229096616 0.627921 0.499312 0.450113405778 0.640896 0.655597 0.672392 0.691763 0.714353 0.741036 0.773038 0.812125 0.860944 0.92365
1.02974425868 0.618846 0.489387 0.439871192888 0.632034 0.646975 0.664045 0.683734 0.706694 0.733816 0.766343 0.806072 0.855694 0.919432
1.0471975512 0.609766 0.479584 0.429803277771 0.623159 0.638333 0.655669 0.675665 0.698984 0.726529 0.759565 0.799916 0.850314 0.91505
1.06465084372 0.600684 0.469906 0.419913214234 0.614275 0.629674 0.647267 0.667559 0.691224 0.719178 0.752705 0.793655 0.844803 0.910501
1.08210413624 0.591602 0.460358 0.410204117501 0.605384 0.620999 0.63884 0.659418 0.683416 0.711764 0.745762 0.78729 0.839158 0.905783
1.09955742876 0.582525 0.450941 0.400678657765 0.59649 0.612313 0.630391 0.651243 0.675561 0.704287 0.738739 0.78082 0.833381 0.900895
1.11701072128 0.573453 0.441658 0.391339073086 0.587594 0.603617 0.621923 0.643037 0.667662 0.696749 0.731636 0.774247 0.82747 0.895835
1.1344640138 0.564392 0.432512 0.382187179065 0.578701 0.594913 0.613437 0.634802 0.659719 0.689152 0.724453 0.76757 0.821425 0.890601
1.15191730632 0.555343 0.423504 0.373224378521 0.569811 0.586205 0.604935 0.62654 0.651735 0.681496 0.717191 0.76079 0.815246 0.885194
1.16937059884 0.546309 0.414637 0.364451667938 0.560929 0.577495 0.596421 0.618252 0.64371 0.673784 0.709852 0.753907 0.808932 0.879611
1.18682389136 0.537292 0.40591 0.355869643918 0.552056 0.568784 0.587896 0.60994 0.635648 0.666016 0.702437 0.746922 0.802484 0.873852
1.20427718388 0.528297 0.397326 0.347478528977 0.543196 0.560076 0.579362 0.601608 0.62755 0.658194 0.694946 0.739835 0.795902 0.867917
1.2217304764 0.519324 0.388886 0.339278161871 0.534349 0.551373 0.570822 0.593256 0.619417 0.650319 0.68738 0.732647 0.789185 0.861805
1.23918376892 0.510377 0.380589 0.33126802662 0.52552 0.542677 0.562278 0.584886 0.611251 0.642393 0.679742 0.72536 0.782335 0.855516
1.25663706144 0.501459 0.372436 0.323447262185 0.516711 0.53399 0.553732 0.576501 0.603054 0.634418 0.672032 0.717973 0.775352 0.84905
1.27409035396 0.492571 0.364427 0.31581466569 0.507923 0.525315 0.545185 0.568103 0.594828 0.626395 0.664252 0.710489 0.768237 0.842408
1.29154364648 0.483717 0.356562 0.308368718219 0.499159 0.516654 0.536641 0.559693 0.586574 0.618325 0.656403 0.702908 0.76099 0.83559
1.308996939 0.474898 0.34884 0.301107591273 0.490422 0.50801 0.528101 0.551274 0.578296 0.610212 0.648487 0.695232 0.753613 0.828596
1.32645023152 0.466117 0.341261 0.294029166111 0.481714 0.499383 0.519568 0.542848 0.569993 0.602056 0.640505 0.687463 0.746107 0.821427
1.34390352404 0.457377 0.333823 0.287131036981 0.473037 0.490777 0.511044 0.534416 0.56167 0.593859 0.632459 0.679601 0.738474 0.814086
1.36135681656 0.448679 0.326527 0.280410546589 0.464393 0.482194 0.50253 0.525982 0.553327 0.585623 0.624352 0.671648 0.730714 0.806572
1.37881010908 0.440026 0.319369 0.273864782878 0.455785 0.473636 0.494029 0.517546 0.544966 0.57735 0.616184 0.663607 0.72283 0.798888
1.3962634016 0.43142 0.31235 0.2674906016 0.447214 0.465106 0.485543 0.509111 0.53659 0.569043 0.607958 0.655479 0.714824 0.791036
1.41371669412 0.422862 0.305466 0.26128464244 0.438683 0.456604 0.477074 0.500679 0.5282 0.560703 0.599675 0.647267 0.706696 0.783016
1.43116998664 0.414357 0.298717 0.255243348367 0.430194 0.448133 0.468624 0.492252 0.519799 0.552332 0.591339 0.638971 0.698451 0.774833
1.44862327916 0.405904 0.292101 0.249362968857 0.421749 0.439696 0.460195 0.483832 0.511389 0.543932 0.582951 0.630596 0.690089 0.766487
1.46607657168 0.397507 0.285615 0.243639588917 0.41335 0.431295 0.45179 0.475422 0.502972 0.535506 0.574513 0.622142 0.681613 0.757981
1.4835298642 0.389166 0.279257 0.238069148436 0.404999 0.42293 0.44341 0.467023 0.494551 0.527056 0.566028 0.613612 0.673027 0.749319
1.50098315672 0.380885 0.273025 0.232647435735 0.396697 0.414606 0.435057 0.458638 0.486126 0.518584 0.557498 0.60501 0.664332 0.740503
1.51843644924 0.372666 0.266916 0.227370129487 0.388448 0.406322 0.426735 0.450269 0.477702 0.510093 0.548926 0.596337 0.655532 0.731537
1.53588974176 0.364509 0.260929 0.222232801946 0.380253 0.398083 0.418443 0.441917 0.469279 0.501585 0.540314 0.587597 0.646629 0.722424
1.55334303427 0.356416 0.255059 0.217230938293 0.372113 0.389888 0.410186 0.433586 0.46086 0.493063 0.531665 0.578792 0.637627 0.713167
1.57079632679 0.34839 0.249305 0.21235994309 0.36403 0.381741 0.401964 0.425276 0.452448 0.484528 0.522981 0.569925 0.628529 0.70377
1.58824961931 0.340432 0.243663 0.207615172523 0.356007 0.373643 0.393779 0.416991 0.444045 0.475983 0.514266 0.560999 0.619339 0.694236
1.60570291183 0.332544 0.238131 0.202991937632 0.348045 0.365596 0.385634 0.408733 0.435652 0.467431 0.505522 0.552018 0.61006 0.684571
1.62315620435 0.324728 0.232707 0.198485523655 0.340145 0.357602 0.377532 0.400503 0.427274 0.458876 0.496752 0.542985 0.600695 0.674779
1.64060949687 0.316984 0.227386 0.19409120616 0.332311 0.349663 0.369472 0.392305 0.418911 0.450318 0.487959 0.533903 0.59125 0.664864
1.65806278939 0.309315 0.222167 0.189804254261 0.324542 0.34178 0.361459 0.384139 0.410568 0.441762 0.479147 0.524776 0.581727 0.654831
1.67551608191 0.301723 0.217046 0.185619966099 0.316841 0.333957 0.353494 0.376009 0.402244 0.43321 0.470317 0.515607 0.572131 0.644684
1.69296937443 0.294207 0.212021 0.181533659161 0.30921 0.326193 0.345578 0.367917 0.393945 0.424664 0.461475 0.506399 0.562467 0.634429
1.71042266695 0.286771 0.207088 0.177540708985 0.30165 0.318491 0.337713 0.359864 0.385671 0.416127 0.452621 0.497157 0.552737 0.624071
1.72787595947 0.279416 0.202244 0.17363653303 0.294162 0.310853 0.329903 0.351853 0.377425 0.407603 0.443761 0.487885 0.542948 0.613614
1.74532925199 0.272142 0.197487 0.169816632602 0.286749 0.303281 0.322148 0.343886 0.36921 0.399093 0.434897 0.478586 0.533102 0.603065
1.76278254451 0.264951 0.192814 0.166076576731 0.279411 0.295776 0.31445 0.335966 0.361029 0.390602 0.426033 0.469264 0.523206 0.592429
1.78023583703 0.257845 0.188221 0.16241203764 0.27215 0.288339 0.306812 0.328094 0.352883 0.382132 0.417171 0.459923 0.513264 0.581712
1.79768912955 0.250824 0.183707 0.15881879075 0.264968 0.280973 0.299236 0.320273 0.344776 0.373686 0.408317 0.450567 0.503281 0.57092
1.81514242207 0.24389 0.179269 0.155292717902 0.257866 0.27368 0.291722 0.312505 0.33671 0.365266 0.399472 0.441201 0.493261 0.560058
1.83259571459 0.237044 0.174903 0.151829839606 0.250845 0.26646 0.284274 0.304792 0.328688 0.356877 0.39064 0.431828 0.48321 0.549132
1.85004900711 0.230287 0.170608 0.148426295693 0.243907 0.259315 0.276892 0.297137 0.320712 0.34852 0.381826 0.422453 0.473132 0.53815
1.86750229963 0.22362 0.16638 0.145078380788 0.237052 0.252247 0.26958 0.289541 0.312784 0.3402 0.373033 0.41308 0.463033 0.527117
1.88495559215 0.217044 0.162218 0.141782528183 0.230283 0.245257 0.262337 0.282006 0.304908 0.331918 0.364263 0.403714 0.452919 0.516039
1.90240888467 0.210561 0.158119 0.138535338867 0.2236 0.238347 0.255168 0.274536 0.297085 0.323678 0.355522 0.394358 0.442794 0.504923
1.91986217719 0.20417 0.15408 0.135333578294 0.217004 0.231519 0.248072 0.267131 0.289319 0.315484 0.346813 0.385018 0.432664 0.493776
1.93731546971 0.197874 0.150101 0.132174173164 0.210498 0.224773 0.241053 0.259795 0.281612 0.307338 0.338139 0.375697 0.422534 0.482605
1.95476876223 0.191672 0.146178 0.129054237218 0.204081 0.218112 0.234111 0.252528 0.273966 0.299243 0.329504 0.366401 0.412411 0.471416
1.97222205475 0.185567 0.14231 0.125971061565 0.197755 0.211536 0.227248 0.245334 0.266385 0.291203 0.320912 0.357134 0.402298 0.460215
1.98967534727 0.179558 0.138495 0.122922124356 0.191521 0.205047 0.220466 0.238215 0.25887 0.28322 0.312366 0.3479 0.392202 0.449011
2.00712863979 0.173646 0.134732 0.119905090786 0.18538 0.198646 0.213768 0.231171 0.251424 0.275297 0.303871 0.338703 0.382129 0.437808
2.02458193231 0.167832 0.131018 0.116917816317 0.179333 0.192334 0.207153 0.224206 0.244049 0.267438 0.29543 0.329549 0.372083 0.426616
2.04203522483 0.162117 0.127353 0.113958356351 0.173382 0.186113 0.200624 0.217322 0.236749 0.259646 0.287046 0.320443 0.362071 0.41544
2.05948851735 0.156501 0.123735 0.111024953335 0.167525 0.179984 0.194183 0.21052 0.229525 0.251923 0.278724 0.311387 0.352098 0.404287
2.07694180987 0.150985 0.120162 0.108116056105 0.161766 0.173949 0.187831 0.203802 0.222381 0.244273 0.270467 0.302388 0.342171 0.393166
2.09439510239 0.145569 0.116635 0.105230303768 0.156104 0.168007 0.181569 0.197171 0.215318 0.236699 0.262279 0.29345 0.332294 0.382082
2.11184839491 0.140255 0.113151 0.102366532144 0.150541 0.162161 0.1754 0.190628 0.208338 0.229203 0.254164 0.284576 0.322473 0.371042
2.12930168743 0.135042 0.109711 0.099523770549 0.145076 0.156411 0.169324 0.184175 0.201445 0.221789 0.246125 0.275773 0.312714 0.360055
2.14675497995 0.129931 0.106313 0.0967012482375 0.139711 0.150759 0.163342 0.177813 0.19464 0.21446 0.238166 0.267044 0.303023 0.349126
2.16420827247 0.124922 0.102957 0.093898375059 0.134447 0.145205 0.157457 0.171546 0.187926 0.207218 0.23029 0.258394 0.293404 0.338263
2.18166156499 0.120015 0.0996423 0.091114760804 0.129284 0.139751 0.15167 0.165374 0.181305 0.200067 0.222502 0.249827 0.283864 0.327473
2.19911485751 0.115212 0.0963688 0.0883501861814 0.124222 0.134397 0.145981 0.159299 0.174779 0.193008 0.214804 0.241348 0.274408 0.316762
2.21656815003 0.110511 0.0931362 0.0856046253923 0.119263 0.129144 0.140392 0.153323 0.168351 0.186046 0.2072 0.23296 0.265042 0.306138
2.23402144255 0.105915 0.0899445 0.0828782171061 0.114407 0.123993 0.134905 0.147447 0.162023 0.179182 0.199694 0.224669 0.255771 0.295607
2.25147473507 0.101421 0.0867939 0.0801712741352 0.109653 0.118945 0.12952 0.141674 0.155796 0.172419 0.192289 0.216479 0.2466 0.285177
2.26892802759 0.0970316 0.0836843 0.07748428021 0.105003 0.114 0.124239 0.136004 0.149673 0.165761 0.184988 0.208394 0.237535 0.274854
2.28638132011 0.0927458 0.0806162 0.0748178674051 0.100458 0.10916 0.119062 0.130439 0.143655 0.159209 0.177795 0.200418 0.228581 0.264644
2.30383461263 0.0885639 0.0775899 0.0721728225887 0.0960165 0.104425 0.113991 0.124981 0.137746 0.152766 0.170713 0.192555 0.219744 0.254554
2.32128790515 0.0844859 0.0746059 0.0695500809733 0.0916799 0.0997952 0.109027 0.119631 0.131946 0.146435 0.163745 0.18481 0.211027 0.244592
2.33874119767 0.0805117 0.0716646 0.0669507132155 0.0874481 0.0952717 0.10417 0.11439 0.126257 0.140218 0.156894 0.177185 0.202437 0.234762
2.35619449019 0.0766414 0.0687669 0.0643759092924 0.0833215 0.0908549 0.0994223 0.10926 0.120682 0.134117 0.150163 0.169686 0.193978 0.225071
2.37364778271 0.0728747 0.0659135 0.0618269914008 0.0793001 0.0865452 0.0947834 0.104242 0.115222 0.128135 0.143556 0.162315 0.185656 0.215526
2.39110107523 0.0692115 0.0631052 0.0593053913828 0.0753841 0.0823429 0.0902545 0.0993362 0.109878 0.122273 0.137075 0.155077 0.177473 0.206132
2.40855436775 0.0656516 0.060343 0.0568126410518 0.0715735 0.0782487 0.0858365 0.0945452 0.104652 0.116535 0.130722 0.147976 0.169437 0.196896
2.42600766027 0.0621949 0.0576278 0.0543503625173 0.0678685 0.0742627 0.0815299 0.0898694 0.0995462 0.110922 0.124501 0.141013 0.16155 0.187823
2.44346095279 0.058841 0.0549607 0.0519202649605 0.064269 0.0703852 0.0773355 0.0853098 0.0945615 0.105436 0.118415 0.134194 0.153817 0.178918
2.46091424531 0.0555895 0.0523428 0.0495241349593 0.0607748 0.0666165 0.0732536 0.0808674 0.0896993 0.100078 0.112465 0.127522 0.146243 0.170188
2.47836753783 0.0524402 0.0497753 0.0471638171393 0.0573859 0.0629567 0.0692849 0.076543 0.084961 0.0948521 0.106654 0.120998 0.138832 0.161638
2.49582083035 0.0493925 0.0472593 0.044841210949 0.0541021 0.059406 0.0654298 0.0723375 0.0803478 0.0897581 0.100985 0.114628 0.131587 0.153272
2.51327412287 0.0464461 0.0447962 0.0425582577601 0.0509232 0.0559643 0.0616885 0.0682516 0.0758607 0.0847983 0.0954592 0.108413 0.124512 0.145095
2.53072741539 0.0436004 0.0423871 0.0403169408677 0.0478489 0.0526316 0.0580615 0.0642858 0.0715009 0.0799742 0.0900795 0.102356 0.117612 0.137113
2.54818070791 0.0408548 0.0400334 0.0381192532414 0.0448789 0.049408 0.0545489 0.0604408 0.0672693 0.0752871 0.0848475 0.0964603 0.110889 0.12933
2.56563400043 0.0382088 0.0377364 0.0359672039752 0.0420128 0.0462933 0.0511509 0.0567171 0.0631669 0.0707385 0.0797653 0.090728 0.104347 0.121751
2.58308729295 0.0356617 0.0354974 0.0338628053879 0.0392502 0.0432872 0.0478677 0.0531151 0.0591943 0.0663296 0.0748346 0.0851617 0.0979887 0.114379
2.60054058547 0.0332129 0.0333178 0.0318080568991 0.0365906 0.0403898 0.0446992 0.0496353 0.0553525 0.0620615 0.0700569 0.0797636 0.0918179 0.107218
2.61799387799 0.0308617 0.0311989 0.0298049418037 0.0340336 0.0376004 0.0416456 0.0462777 0.0516418 0.0579352 0.0654339 0.0745358 0.085837 0.100273
2.63544717051 0.0286071 0.0291419 0.0278554079232 0.0315785 0.034919 0.0387065 0.0430427 0.048063 0.0539518 0.0609669 0.0694802 0.0800489 0.0935466
2.65290046303 0.0264486 0.0271481 0.0259613611557 0.0292247 0.032345 0.035882 0.0399304 0.0446165 0.050112 0.0566572 0.0645988 0.0744557 0.0870425
2.67035375555 0.024385 0.0252189 0.0241246622513 0.0269716 0.029878 0.0331717 0.0369408 0.0413024 0.0464163 0.0525058 0.0598929 0.0690599 0.0807636
2.68780704807 0.0224156 0.0233553 0.0223471010128 0.0248183 0.0275173 0.0305753 0.0340737 0.0381211 0.0428656 0.0485138 0.0553642 0.0638635 0.0747128
2.70526034059 0.0205393 0.0215587 0.0206304027456 0.022764 0.0252625 0.0280924 0.0313291 0.0350727 0.0394601 0.0446819 0.0510139 0.0588684 0.0688926
2.72271363311 0.0187552 0.01983 0.0189762089086 0.020808 0.0231128 0.0257226 0.0287066 0.0321573 0.0362002 0.0410109 0.0468431 0.0540761 0.0633055
2.74016692563 0.0170622 0.0181703 0.0173860674394 0.0189493 0.0210675 0.0234652 0.0262061 0.0293746 0.033086 0.0375013 0.0428528 0.0494882 0.0579533
2.75762021815 0.0154592 0.0165807 0.0158614295294 0.017187 0.0191257 0.0213197 0.0238269 0.0267246 0.0301178 0.0341535 0.0390437 0.0451058 0.052838
2.77507351067 0.0139449 0.0150621 0.0144036302748 0.0155199 0.0172866 0.0192853 0.0215687 0.0242068 0.0272953 0.0309676 0.0354163 0.04093 0.0479611
2.79252680319 0.0125182 0.0136152 0.0130138886766 0.0139471 0.0155493 0.0173613 0.0194307 0.021821 0.0246184 0.0279438 0.0319712 0.0369615 0.0433238
2.80998009571 0.0111779 0.0122408 0.0116933011904 0.0124673 0.0139127 0.0155467 0.0174123 0.0195665 0.0220868 0.025082 0.0287085 0.0332009 0.0389271
2.82743338823 0.00992262 0.0109397 0.010442819153 0.0110794 0.0123757 0.0138407 0.0155127 0.0174426 0.0197 0.0223818 0.0256281 0.0296484 0.0347716
2.84488668075 0.00875096 0.00971222 0.00926326168124 0.00978214 0.0109372 0.0122421 0.0137308 0.0154487 0.0174574 0.019843 0.0227298 0.026304 0.0308577
2.86233997327 0.0076615 0.00855891 0.00815528342383 0.00857408 0.00959585 0.0107498 0.0120658 0.0135838 0.0153581 0.0174647 0.0200132 0.0231677 0.0271855
2.87979326579 0.00665278 0.00748007 0.00711938746045 0.00745385 0.00835041 0.0093625 0.0105163 0.0118468 0.0134013 0.0152463 0.0174777 0.0202388 0.0237547
2.89724655831 0.00572324 0.00647588 0.00615591240247 0.00642 0.00719946 0.00807899 0.00908129 0.0102365 0.0115859 0.0131869 0.0151224 0.0175167 0.0205647
2.91469985083 0.00487129 0.0055464 0.0052650162685 0.00547096 0.0061415 0.00689779 0.00775926 0.0087518 0.00991065 0.0112851 0.0129462 0.0150003 0.0176145
2.93215314335 0.00409528 0.00469155 0.00444668615907 0.00460513 0.00517496 0.00581736 0.00654878 0.00739112 0.00837419 0.00953969 0.0109478 0.0126885 0.0149031
2.94960643587 0.00339347 0.00391111 0.00370071245763 0.00382082 0.00429819 0.0048361 0.00544825 0.00615291 0.00697495 0.00794913 0.00912562 0.0105795 0.0124287
2.96705972839 0.00276408 0.0032047 0.00302669528029 0.00311625 0.00350944 0.00395226 0.00445593 0.00503545 0.00571118 0.00651165 0.00747795 0.00867168 0.0101894
2.98451302091 0.00220524 0.00257179 0.00242403802612 0.00248959 0.00280687 0.003164 0.00356999 0.00403687 0.00458101 0.00522528 0.00600272 0.00696275 0.00818293
3.00196631343 0.00171504 0.00201166 0.00189192802787 0.00193891 0.00218854 0.00246936 0.00278842 0.00315514 0.00358231 0.00408785 0.00469761 0.00545026 0.00640652
3.01941960595 0.00129144 0.00152343 0.00142934622662 0.00146216 0.0016524 0.00186626 0.0021091 0.00238804 0.00271279 0.00309693 0.00356002 0.0041314 0.00485705
3.03687289847 0.00093236 0.00110603 0.00103503814795 0.00105723 0.00119628 0.00135248 0.00152973 0.00173321 0.00196996 0.00224985 0.0025871 0.003003 0.00353098
3.05432619099 0.000635586 0.000758178 0.000707513901931 0.000721874 0.000817885 0.000925662 0.00104787 0.00118807 0.00135108 0.00154368 0.00177562 0.00206152 0.00242429
3.07177948351 0.000398813 0.00047837 0.000445035283625 0.000453735 0.000514794 0.000583278 0.00066087 0.000749815 0.000853165 0.000975191 0.00112205 0.00130298 0.00153244
3.08923277603 0.0002196 0.000264866 0.000245580299553 0.000250305 0.000284408 0.000322622 0.000365881 0.000415426 0.000472951 0.000540821 0.00062245 0.00072295 0.000850343
3.10668606855 9.53422e-05 0.00011564 0.000106817368711 0.000108895 0.00012393 0.00014076 0.000159792 0.000181569 0.000206831 0.000236611 0.000272401 0.000316435 0.000372218
3.12413936107 2.32097e-05 2.83142e-05 2.60440500471e-05 2.65706e-05 3.0294e-05 3.44566e-05 3.91581e-05 4.45316e-05 5.07582e-05 5.80914e-05 6.68965e-05 7.7721e-05 9.14238e-05
3.14159265359 0.0 0.0 0.0 0.0 0.0 0.0 0.0 0.0 0.0 0.0 0.0 0.0 0.0
