alpha phi_iso phi_ray phi_vec g0=0.1 g0=0.2 g0=0.3 g0=0.4 g0=0.5 g0=0.6 g0=0.7 g0=0.8 g0=0.9 g0=1.0
0.0 1.0 1.0 1.0 1.0 1.0 1.0 1.0 1.0 1.0 1.0 1.0 1.0 1.0
0.0174532925199 0.999724 0.999608 0.999585176587 0.999736 0.99975 0.999765 0.999783 0.999804 0.999829 0.999859 0.999895 0.999942 1.0
0.0349065850399 0.998939 0.998487 0.998390775594 0.998986 0.99904 0.9991 0.999169 0.99925 0.999345 0.99946 0.999602 0.999782 1.00002
0.0523598775598 0.997713 0.996715 0.996490623917 0.997814 0.997929 0.998059 0.998209 0.998384 0.998591 0.99884 0.999149 0.99954 1.00006
0.0698131700798 0.996095 0.994355 0.99394355515 0.996268 0.996464 0.996687 0.996944 0.997243 0.997598 0.998027 0.998558 0.999232 1.00012
0.0872664625997 0.99412 0.991447 0.990790005555 0.994381 0.994675 0.995011 0.995399 0.995852 0.996389 0.997039 0.997843 0.998867 1.00022
0.10471975512 0.991809 0.988021 0.987058380371 0.992172 0.992583 0.993052 0.993593 0.994226 0.994978 0.995888 0.997015 0.998451 1.00035
0.12217304764 0.989179 0.9841 0.9827715352 0.989659 0.990202 0.990822 0.991539 0.992378 0.993376 0.994584 0.996082 0.99799 1.00051
0.13962634016 0.986245 0.979704 0.977950265409 0.986855 0.987546 0.988336 0.989249 0.990319 0.991592 0.993135 0.995048 0.997489 1.00072
0.157079632679 0.983019 0.974851 0.972614649926 0.983773 0.984626 0.985602 0.986732 0.988057 0.989635 0.991548 0.993921 0.99695 1.00096
0.174532925199 0.979515 0.96956 0.96678444472 0.980423 0.981454 0.982634 0.984 0.985603 0.987513 0.98983 0.992706 0.996378 1.00124
0.191986217719 0.975742 0.96385 0.96047915705 0.976819 0.97804 0.97944 0.981061 0.982964 0.985233 0.987987 0.991407 0.995775 1.00156
0.209439510239 0.971712 0.957736 0.953718052884 0.972968 0.974394 0.976029 0.977923 0.980148 0.982801 0.986024 0.990027 0.995142 1.00192
0.226892802759 0.967435 0.951237 0.946520179176 0.968882 0.970525 0.97241 0.974595 0.977162 0.980225 0.983946 0.988571 0.994482 1.00231
0.244346095279 0.962922 0.94437 0.938904371287 0.96457 0.966442 0.968591 0.971083 0.974013 0.977509 0.981758 0.987041 0.993795 1.00275
0.261799387799 0.958181 0.937151 0.930889304958 0.96004 0.962154 0.96458 0.967396 0.970706 0.974658 0.979464 0.98544 0.993083 1.00322
0.279252680319 0.953221 0.929597 0.922493481458 0.955302 0.957668 0.960385 0.963539 0.967249 0.971679 0.977068 0.983771 0.992345 1.00372
0.296705972839 0.94805 0.921722 0.91373528698 0.950362 0.952991 0.956011 0.959519 0.963645 0.968575 0.974572 0.982034 0.991581 1.00424
0.314159265359 0.942677 0.913543 0.904632974083 0.945228 0.948131 0.951467 0.955341 0.959901 0.965349 0.97198 0.980231 0.990792 1.0048
0.331612557879 0.937109 0.905076 0.895204680245 0.939909 0.943095 0.946756 0.951011 0.95602 0.962007 0.969293 0.978364 0.989975 1.00538
0.349065850399 0.931354 0.896335 0.885468427873 0.934409 0.937888 0.941887 0.946535 0.952008 0.95855 0.966516 0.976433 0.989129 1.00598
0.366519142919 0.925419 0.887336 0.875442124294 0.928738 0.932518 0.936864 0.941917 0.947867 0.954983 0.963648 0.974438 0.988255 1.00659
0.383972435439 0.91931 0.878094 0.865143550624 0.9229 0.92699 0.931693 0.937162 0.943604 0.951308 0.960692 0.97238 0.987349 1.00722
0.401425727959 0.913035 0.868623 0.854590361768 0.916903 0.921309 0.926378 0.932274 0.93922 0.947529 0.957651 0.970259 0.98641 1.00785
0.418879020479 0.9066 0.858938 0.843800064143 0.910751 0.915482 0.920925 0.927257 0.934719 0.943646 0.954523 0.968075 0.985435 1.00849
0.436332312999 0.900011 0.849053 0.832790011969 0.904452 0.909514 0.915339 0.922117 0.930105 0.939663 0.951312 0.965826 0.984423 1.00912
0.453785605519 0.893274 0.838983 0.821577384998 0.89801 0.903409 0.909624 0.916855 0.92538 0.935582 0.948017 0.963513 0.983369 1.00974
0.471238898038 0.886395 0.828741 0.81017918851 0.891431 0.897174 0.903784 0.911478 0.920548 0.931405 0.944639 0.961134 0.982273 1.01035
0.488692190558 0.879381 0.818342 0.798612219905 0.884721 0.890812 0.897824 0.905986 0.915611 0.927133 0.941179 0.958689 0.981131 1.01094
0.506145483078 0.872236 0.807798 0.786893064992 0.877885 0.884328 0.891747 0.900385 0.910572 0.922768 0.937638 0.956176 0.979939 1.01151
0.523598775598 0.864966 0.797124 0.775038075717 0.870927 0.877727 0.885559 0.894678 0.905433 0.918311 0.934015 0.953594 0.978694 1.01204
0.541052068118 0.857576 0.786332 0.763063366448 0.863852 0.871013 0.879261 0.888866 0.900196 0.913764 0.93031 0.950942 0.977394 1.01254
0.558505360638 0.850072 0.775435 0.750984769431 0.856666 0.864191 0.872859 0.882955 0.894864 0.909128 0.926524 0.948218 0.976034 1.013
0.575958653158 0.842458 0.764446 0.738817849639 0.849373 0.857264 0.866356 0.876945 0.889439 0.904403 0.922656 0.945421 0.974611 1.01341
0.593411945678 0.83474 0.753377 0.72657786765 0.841977 0.850237 0.859754 0.870841 0.883922 0.899592 0.918707 0.942548 0.973122 1.01376
0.610865238198 0.826923 0.74224 0.714279775934 0.834483 0.843114 0.853058 0.864644 0.878316 0.894694 0.914675 0.939599 0.971562 1.01405
0.628318530718 0.81901 0.731048 0.701938196583 0.826896 0.835897 0.846271 0.858358 0.872622 0.889711 0.910561 0.93657 0.969928 1.01427
0.645771823238 0.811008 0.719811 0.689567410171 0.819218 0.828592 0.839396 0.851984 0.866841 0.884643 0.906364 0.933461 0.968217 1.01442
0.663225115758 0.802919 0.708541 0.677181333484 0.811456 0.821202 0.832435 0.845526 0.860977 0.879491 0.902083 0.930269 0.966423 1.01449
0.680678408278 0.79475 0.69725 0.664793523231 0.803611 0.813729 0.825393 0.838985 0.855029 0.874256 0.897719 0.926992 0.964544 1.01447
0.698131700798 0.786504 0.685947 0.652417138923 0.795689 0.806179 0.818271 0.832364 0.849 0.868938 0.893269 0.923629 0.962575 1.01436
0.715584993318 0.778185 0.674643 0.640064950296 0.787694 0.798553 0.811073 0.825665 0.842891 0.863538 0.888735 0.920177 0.960513 1.01415
0.733038285838 0.769797 0.663349 0.627749318753 0.779628 0.790856 0.803801 0.81889 0.836704 0.858055 0.884115 0.916633 0.958354 1.01383
0.750491578358 0.761346 0.652074 0.615482186225 0.771497 0.78309 0.796458 0.812041 0.830439 0.852491 0.879408 0.912997 0.956094 1.0134
0.767944870878 0.752834 0.640827 0.603275060323 0.763302 0.77526 0.789047 0.80512 0.824098 0.846846 0.874614 0.909267 0.953729 1.01285
0.785398163397 0.744265 0.629618 0.591139018051 0.755049 0.767367 0.78157 0.798129 0.817682 0.841121 0.869732 0.905439 0.951255 1.01218
0.802851455917 0.735645 0.618455 0.57908467611 0.74674 0.759415 0.774031 0.791071 0.811193 0.835315 0.864761 0.901512 0.948669 1.01138
0.820304748437 0.726975 0.607346 0.567122209454 0.738379 0.751406 0.76643 0.783946 0.804631 0.829429 0.859701 0.897484 0.945968 1.01045
0.837758040957 0.718261 0.596301 0.555261329025 0.729969 0.743345 0.758771 0.776757 0.797998 0.823463 0.854551 0.893354 0.943147 1.00937
0.855211333477 0.709505 0.585325 0.543511266895 0.721514 0.735233 0.751056 0.769506 0.791295 0.817419 0.849311 0.889118 0.940202 1.00814
0.872664625997 0.700711 0.574428 0.531880798546 0.713016 0.727074 0.743288 0.762195 0.784524 0.811295 0.843979 0.884776 0.937132 1.00676
0.890117918517 0.691883 0.563615 0.520378216884 0.704479 0.71887 0.735469 0.754824 0.777684 0.805093 0.838556 0.880326 0.933932 1.00523
0.907571211037 0.683025 0.552894 0.509011335948 0.695906 0.710624 0.727601 0.747397 0.770778 0.798812 0.83304 0.875766 0.930599 1.00353
0.925024503557 0.674139 0.54227 0.497787483487 0.687301 0.702339 0.719686 0.739914 0.763806 0.792454 0.827432 0.871094 0.92713 1.00166
0.942477796077 0.665229 0.53175 0.486713519524 0.678665 0.694018 0.711726 0.732378 0.75677 0.786018 0.82173 0.866309 0.923523 0.99962
0.959931088597 0.656298 0.52134 0.475795806653 0.670003 0.685662 0.703725 0.72479 0.749671 0.779506 0.815934 0.861409 0.919773 0.997402
0.977384381117 0.64735 0.511043 0.46504023603 0.661316 0.677274 0.695683 0.717152 0.74251 0.772917 0.810045 0.856393 0.915879 0.995002
0.994837673637 0.638387 0.500866 0.454452216232 0.652608 0.668858 0.687604 0.709465 0.735287 0.766252 0.804061 0.85126 0.911839 0.992415
1.01229096616 0.629414 0.490813 0.444036676971 0.643882 0.660416 0.679488 0.701731 0.728005 0.759512 0.797982 0.846008 0.907648 0.989637
1.02974425868 0.620431 0.480887 0.433798076518 0.635141 0.651949 0.671339 0.693953 0.720665 0.752696 0.791809 0.840637 0.903306 0.986665
1.0471975512 0.611444 0.471094 0.423740401705 0.626386 0.643461 0.663158 0.686131 0.713267 0.745807 0.785541 0.835145 0.898811 0.983495
1.06465084372 0.602454 0.461435 0.41386718277 0.617622 0.634954 0.654948 0.678267 0.705812 0.738844 0.779178 0.829531 0.894159 0.980123
1.08210413624 0.593465 0.451914 0.404181474797 0.60885 0.62643 0.64671 0.670363 0.698303 0.731808 0.77272 0.823795 0.88935 0.976547
1.09955742876 0.58448 0.442534 0.394685902266 0.600073 0.617891 0.638447 0.662421 0.69074 0.7247 0.766168 0.817936 0.884381 0.972763
1.11701072128 0.575501 0.433298 0.38538263306 0.591294 0.609341 0.630161 0.654442 0.683125 0.717521 0.759521 0.811954 0.879252 0.968768
1.1344640138 0.56653 0.424207 0.376273400747 0.582515 0.600781 0.621853 0.646429 0.675459 0.710271 0.75278 0.805848 0.873961 0.964561
1.15191730632 0.557572 0.415264 0.367359519421 0.573739 0.592213 0.613525 0.638381 0.667743 0.702952 0.745945 0.799618 0.868507 0.960138
1.16937059884 0.548628 0.406469 0.358641879994 0.564968 0.58364 0.605181 0.630303 0.659978 0.695564 0.739017 0.793264 0.862888 0.955498
1.18682389136 0.539701 0.397824 0.350120968756 0.556204 0.575064 0.596821 0.622195 0.652167 0.688109 0.731996 0.786785 0.857105 0.950639
1.20427718388 0.530793 0.38933 0.341796878509 0.547451 0.566487 0.588447 0.614058 0.644311 0.680588 0.724884 0.780182 0.851156 0.94556
1.2217304764 0.521907 0.380988 0.333669319708 0.538711 0.557912 0.580063 0.605896 0.63641 0.673001 0.71768 0.773456 0.845042 0.940259
1.23918376892 0.513046 0.372797 0.325737635305 0.529985 0.549341 0.571669 0.597709 0.628467 0.66535 0.710386 0.766606 0.838762 0.934735
1.25663706144 0.504212 0.364757 0.318000800752 0.521276 0.540775 0.563267 0.589499 0.620483 0.657637 0.703002 0.759633 0.832315 0.928988
1.27409035396 0.495407 0.356869 0.310457457407 0.512586 0.532217 0.554861 0.581268 0.61246 0.649862 0.69553 0.752538 0.825704 0.923018
1.29154364648 0.486634 0.349132 0.303105908826 0.503919 0.523669 0.546451 0.573019 0.6044 0.642028 0.687971 0.745322 0.818926 0.916824
1.308996939 0.477895 0.341546 0.295944150458 0.495274 0.515133 0.538039 0.564752 0.596303 0.634135 0.680326 0.737985 0.811984 0.910405
1.32645023152 0.469192 0.334108 0.288969869643 0.486656 0.506611 0.529628 0.55647 0.588172 0.626185 0.672596 0.73053 0.804879 0.903764
1.34390352404 0.460528 0.326819 0.282180467889 0.478066 0.498106 0.52122 0.548174 0.580009 0.61818 0.664783 0.722956 0.79761 0.896899
1.36135681656 0.451904 0.319676 0.275573079429 0.469506 0.489618 0.512816 0.539867 0.571816 0.610122 0.656889 0.715265 0.79018 0.889813
1.37881010908 0.443322 0.312678 0.26914458236 0.460979 0.481152 0.504419 0.531551 0.563593 0.602012 0.648915 0.70746 0.782589 0.882507
1.3962634016 0.434786 0.305824 0.262891617201 0.452486 0.472708 0.496031 0.523226 0.555344 0.593852 0.640863 0.699541 0.77484 0.874981
1.41371669412 0.426297 0.29911 0.25681059432 0.444029 0.464288 0.487653 0.514897 0.54707 0.585644 0.632735 0.691511 0.766933 0.867237
1.43116998664 0.417856 0.292536 0.250897727342 0.435611 0.455894 0.479287 0.506563 0.538774 0.57739 0.624532 0.683371 0.758872 0.859279
1.44862327916 0.409467 0.286099 0.245149033148 0.427233 0.447529 0.470937 0.498228 0.530456 0.569093 0.616258 0.675124 0.750659 0.851107
1.46607657168 0.40113 0.279796 0.239560357861 0.418897 0.439195 0.462602 0.489893 0.52212 0.560753 0.607913 0.666772 0.742294 0.842725
1.4835298642 0.392848 0.273625 0.234127387983 0.410606 0.430893 0.454287 0.481561 0.513767 0.552374 0.599501 0.658317 0.733783 0.834135
1.50098315672 0.384622 0.267583 0.22884567638 0.402361 0.422625 0.445991 0.473233 0.505399 0.543958 0.591024 0.649762 0.725126 0.82534
1.51843644924 0.376455 0.261668 0.223710645991 0.394164 0.414393 0.437719 0.464912 0.49702 0.535507 0.582485 0.641109 0.716327 0.816344
1.53588974176 0.368348 0.255876 0.218717612106 0.386018 0.4062 0.429471 0.4566 0.48863 0.527023 0.573885 0.632363 0.707389 0.80715
1.55334303427 0.360303 0.250204 0.21386180092 0.377922 0.398046 0.42125 0.448298 0.480233 0.51851 0.565227 0.623524 0.698316 0.797761
1.57079632679 0.352322 0.244649 0.209138368101 0.369881 0.389935 0.413057 0.44001 0.47183 0.509968 0.556515 0.614597 0.689111 0.788183
1.58824961931 0.344405 0.239209 0.204542409922 0.361894 0.381867 0.404895 0.431736 0.463424 0.501402 0.547751 0.605584 0.679777 0.778419
1.60570291183 0.336556 0.233879 0.200068970685 0.353964 0.373845 0.396765 0.42348 0.455017 0.492813 0.538938 0.59649 0.670318 0.768473
1.62315620435 0.328775 0.228658 0.195713076132 0.346094 0.365871 0.38867 0.415243 0.446612 0.484204 0.530079 0.587316 0.660739 0.758352
1.64060949687 0.321064 0.223541 0.191469748293 0.338283 0.357946 0.380612 0.407029 0.438211 0.475579 0.521178 0.578069 0.651044 0.748059
1.65806278939 0.313425 0.218525 0.18733399435 0.330535 0.350072 0.372593 0.398838 0.429817 0.466939 0.512237 0.56875 0.641237 0.7376
1.67551608191 0.305859 0.213607 0.183300854894 0.322851 0.342251 0.364614 0.390674 0.421432 0.458289 0.50326 0.559363 0.631323 0.726981
1.69296937443 0.298367 0.208784 0.179365392787 0.315231 0.334485 0.356678 0.382538 0.413059 0.44963 0.49425 0.549913 0.621306 0.716206
1.71042266695 0.290951 0.204052 0.175522730287 0.307679 0.326776 0.348786 0.374433 0.4047 0.440965 0.485211 0.540404 0.611191 0.705282
1.72787595947 0.283613 0.199408 0.17176803791 0.300195 0.319125 0.340941 0.366361 0.396359 0.432299 0.476146 0.53084 0.600983 0.694215
1.74532925199 0.276353 0.19485 0.168096564126 0.292781 0.311534 0.333145 0.358324 0.388037 0.423633 0.467059 0.521224 0.590687 0.683011
1.76278254451 0.269173 0.190373 0.164503642783 0.285439 0.304005 0.3254 0.350325 0.379737 0.414971 0.457953 0.511562 0.580309 0.671676
1.78023583703 0.262074 0.185974 0.160984700534 0.278169 0.296539 0.317707 0.342366 0.371462 0.406317 0.448833 0.501858 0.569853 0.660218
1.79768912955 0.255058 0.181652 0.15753528282 0.270974 0.289139 0.310069 0.334449 0.363215 0.397672 0.439701 0.492116 0.559326 0.648643
1.81514242207 0.248125 0.177402 0.154151046445 0.263854 0.281805 0.302487 0.326577 0.354999 0.389041 0.430562 0.482342 0.548733 0.636958
1.83259571459 0.241277 0.173221 0.150827785563 0.256812 0.27454 0.294964 0.318752 0.346816 0.380427 0.42142 0.472539 0.538079 0.62517
1.85004900711 0.234515 0.169107 0.147561424253 0.249849 0.267345 0.287501 0.310976 0.338668 0.371833 0.412279 0.462712 0.527371 0.613287
1.86750229963 0.22784 0.165058 0.144348046213 0.242965 0.260222 0.280101 0.303251 0.330559 0.363262 0.403142 0.452867 0.516614 0.601315
1.88495559215 0.221253 0.161069 0.141183887342 0.236162 0.253172 0.272765 0.295581 0.322492 0.354718 0.394014 0.443009 0.505815 0.589262
1.90240888467 0.214755 0.15714 0.138065354295 0.229442 0.246197 0.265495 0.287967 0.31447 0.346204 0.384899 0.433141 0.49498 0.577137
1.91986217719 0.208347 0.153267 0.134989017061 0.222805 0.239299 0.258294 0.280411 0.306494 0.337724 0.375801 0.42327 0.484115 0.564947
1.93731546971 0.202029 0.149448 0.131951631237 0.216253 0.232478 0.251162 0.272916 0.298569 0.329281 0.366725 0.413401 0.473226 0.552699
1.95476876223 0.195804 0.145681 0.128950138024 0.209788 0.225737 0.244103 0.265484 0.290696 0.320878 0.357673 0.403538 0.46232 0.540403
1.97222205475 0.189671 0.141963 0.125981664232 0.203409 0.219077 0.237117 0.258118 0.282879 0.312519 0.348651 0.393687 0.451402 0.528065
1.98967534727 0.183632 0.138293 0.123043540838 0.197119 0.2125 0.230207 0.250819 0.27512 0.304207 0.339663 0.383853 0.440481 0.515695
2.00712863979 0.177687 0.13467 0.120133288136 0.190918 0.206006 0.223374 0.24359 0.267422 0.295947 0.330713 0.374041 0.429561 0.5033
2.02458193231 0.171837 0.13109 0.117248626878 0.184808 0.199597 0.216621 0.236433 0.259789 0.28774 0.321806 0.364257 0.418651 0.490888
2.04203522483 0.166083 0.127553 0.114387493118 0.178789 0.193275 0.209948 0.229351 0.252222 0.279591 0.312945 0.354506 0.407756 0.478469
2.05948851735 0.160425 0.124058 0.11154801594 0.172862 0.187041 0.203358 0.222346 0.244724 0.271503 0.304135 0.344793 0.396882 0.466051
2.07694180987 0.154865 0.120602 0.108728539734 0.167029 0.180896 0.196853 0.215419 0.2373 0.26348 0.29538 0.335124 0.386038 0.453642
2.09439510239 0.149402 0.117185 0.105927613055 0.161291 0.174841 0.190433 0.208573 0.22995 0.255525 0.286685 0.325504 0.375229 0.441251
2.11184839491 0.144038 0.113806 0.103143996051 0.155647 0.168878 0.184102 0.201811 0.222678 0.247641 0.278053 0.315938 0.364463 0.428886
2.12930168743 0.138772 0.110464 0.1003766419 0.1501 0.163009 0.17786 0.195134 0.215487 0.239832 0.26949 0.306431 0.353745 0.416556
2.14675497995 0.133606 0.107158 0.0976247265105 0.144649 0.157233 0.171708 0.188544 0.208378 0.232102 0.260999 0.29699 0.343084 0.40427
2.16420827247 0.128539 0.103888 0.0948876113939 0.139297 0.151553 0.16565 0.182044 0.201356 0.224453 0.252585 0.287619 0.332484 0.392036
2.18166156499 0.123573 0.100653 0.0921648659432 0.134042 0.145968 0.159685 0.175635 0.194422 0.216889 0.244251 0.278324 0.321954 0.379862
2.19911485751 0.118707 0.0974528 0.0894562600063 0.128887 0.140482 0.153816 0.16932 0.18758 0.209414 0.236002 0.269109 0.311499 0.367757
2.21656815003 0.113942 0.0942872 0.0867617416133 0.123831 0.135094 0.148044 0.1631 0.180831 0.20203 0.227842 0.259981 0.301127 0.35573
2.23402144255 0.109279 0.0911564 0.0840814518252 0.118876 0.129805 0.142371 0.156978 0.174178 0.19474 0.219776 0.250943 0.290843 0.343789
2.25147473507 0.104717 0.0880603 0.081415724734 0.114022 0.124617 0.136797 0.150955 0.167623 0.187549 0.211806 0.242003 0.280656 0.331943
2.26892802759 0.100257 0.0849993 0.0787650503412 0.109269 0.11953 0.131325 0.145033 0.16117 0.180459 0.203938 0.233163 0.27057 0.320199
2.28638132011 0.0958985 0.0819736 0.0761301005428 0.104619 0.114546 0.125956 0.139214 0.154821 0.173473 0.196175 0.224431 0.260593 0.308567
2.30383461263 0.0916424 0.0789837 0.0735117142809 0.100071 0.109665 0.12069 0.1335 0.148577 0.166594 0.188521 0.215809 0.25073 0.297053
2.32128790515 0.0874886 0.0760302 0.0709108715584 0.0956262 0.104888 0.115529 0.127892 0.142441 0.159826 0.180981 0.207305 0.240989 0.285668
2.33874119767 0.083437 0.0731138 0.0683287157124 0.0912847 0.100215 0.110475 0.122392 0.136416 0.15317 0.173556 0.198921 0.231374 0.274417
2.35619449019 0.0794878 0.0702352 0.0657665162921 0.0870469 0.0956476 0.105527 0.117002 0.130503 0.146631 0.166253 0.190664 0.221893 0.263309
2.37364778271 0.0756409 0.0673954 0.0632256876203 0.0829132 0.0911863 0.100689 0.111724 0.124705 0.140211 0.159073 0.182537 0.212552 0.252353
2.39110107523 0.0718964 0.0645954 0.0607077516712 0.0788838 0.0868317 0.0959591 0.106558 0.119024 0.133912 0.152021 0.174545 0.203355 0.241555
2.40855436775 0.068254 0.0618362 0.0582143566319 0.074959 0.0825844 0.0913402 0.101506 0.113461 0.127737 0.1451 0.166693 0.194309 0.230922
2.42600766027 0.0647139 0.059119 0.0557472434927 0.0711389 0.0784449 0.0868326 0.0965693 0.108019 0.121689 0.138313 0.158985 0.18542 0.220464
2.44346095279 0.0612756 0.056445 0.0533082571835 0.0674237 0.0744136 0.0824372 0.0917499 0.102699 0.115771 0.131664 0.151425 0.176693 0.210185
2.46091424531 0.0579392 0.0538156 0.050899316877 0.0638134 0.070491 0.0781548 0.0870486 0.0975038 0.109984 0.125156 0.144018 0.168133 0.200095
2.47836753783 0.0547043 0.0512321 0.0485224234127 0.0603082 0.0666775 0.0739863 0.0824667 0.0924345 0.104331 0.118791 0.136767 0.159746 0.190198
2.49582083035 0.0515706 0.0486959 0.0461796333123 0.056908 0.0629733 0.0699321 0.0780052 0.0874927 0.0988142 0.112574 0.129676 0.151536 0.180503
2.51327412287 0.0485378 0.0462085 0.043873055067 0.0536127 0.0593787 0.065993 0.0736651 0.08268 0.0934359 0.106506 0.12275 0.143509 0.171014
2.53072741539 0.0456055 0.0437714 0.0416048454261 0.0504223 0.055894 0.0621696 0.0694476 0.077998 0.088198 0.100591 0.115991 0.135669 0.16174
2.54818070791 0.0427734 0.041386 0.0393771796994 0.0473366 0.0525192 0.0584622 0.0653533 0.0734478 0.0831025 0.0948313 0.109403 0.128022 0.152684
2.56563400043 0.0400409 0.039054 0.0371922666059 0.0443554 0.0492545 0.0548715 0.0613833 0.0690309 0.0781511 0.0892289 0.10299 0.12057 0.143855
2.58308729295 0.0374076 0.036777 0.0350523148645 0.0414784 0.0461 0.0513977 0.0575382 0.0647485 0.0733457 0.0837866 0.0967544 0.113319 0.135256
2.60054058547 0.034873 0.0345564 0.03295952577 0.0387055 0.0430556 0.0480411 0.0538187 0.0606016 0.0686878 0.0785065 0.0906996 0.106272 0.126893
2.61799387799 0.0324364 0.032394 0.0309160931929 0.0360361 0.0401212 0.044802 0.0502254 0.0565913 0.0641789 0.0733907 0.0848283 0.0994342 0.118772
2.63544717051 0.0300972 0.0302912 0.0289241887308 0.03347 0.0372967 0.0416805 0.0467588 0.0527184 0.0598205 0.0684412 0.0791433 0.0928078 0.110897
2.65290046303 0.0278548 0.0282495 0.0269859357238 0.0310067 0.0345819 0.0386768 0.0434193 0.0489838 0.0556137 0.0636599 0.0736471 0.0863968 0.103272
2.67035375555 0.0257084 0.0262706 0.0251034278146 0.0286456 0.0319766 0.0357907 0.0402072 0.0453881 0.0515598 0.0590484 0.0683419 0.0802041 0.0959026
2.68780704807 0.0236573 0.0243559 0.0232786844035 0.0263863 0.0294803 0.0330223 0.0371228 0.0419319 0.0476596 0.0546082 0.0632299 0.0742329 0.088792
2.70526034059 0.0217007 0.0225068 0.0215136692088 0.024228 0.0270927 0.0303714 0.0341662 0.0386158 0.0439142 0.0503406 0.0583131 0.0684857 0.0819441
2.72271363311 0.0198376 0.0207248 0.0198102568575 0.0221701 0.0248133 0.0278378 0.0313374 0.03544 0.0403242 0.046247 0.0535932 0.0629651 0.0753623
2.74016692563 0.0180672 0.0190111 0.0181702440218 0.0202119 0.0226416 0.0254211 0.0286364 0.0324049 0.0368902 0.0423282 0.0490718 0.0576733 0.0690495
2.75762021815 0.0163885 0.0173671 0.0165953197222 0.0183526 0.020577 0.023121 0.0260631 0.0295105 0.0336127 0.0385852 0.0447502 0.0526123 0.0630088
2.77507351067 0.0148005 0.0157938 0.0150870690394 0.0165912 0.0186188 0.0209369 0.0236172 0.0267569 0.0304921 0.0350186 0.0406296 0.0477838 0.0572424
2.79252680319 0.0133022 0.0142925 0.0136469582658 0.014927 0.0167662 0.0188684 0.0212983 0.0241439 0.0275284 0.0316291 0.0367109 0.0431892 0.0517527
2.80998009571 0.0118924 0.0128641 0.0122763274813 0.013359 0.0150185 0.0169148 0.019106 0.0216714 0.0247219 0.0284168 0.0329949 0.0388298 0.0465413
2.82743338823 0.01057 0.0115096 0.0109763757049 0.011886 0.0133747 0.0150752 0.0170397 0.0193389 0.0220722 0.025382 0.029482 0.0347064 0.0416097
2.84488668075 0.0093337 0.0102298 0.00974816460648 0.0105071 0.0118339 0.013349 0.0150987 0.017146 0.0195791 0.0225246 0.0261725 0.0308197 0.0369591
2.86233997327 0.00818229 0.0090253 0.00859259623433 0.00922089 0.0103949 0.0117351 0.0132823 0.0150921 0.0172421 0.0198445 0.0230664 0.02717 0.0325901
2.87979326579 0.00711441 0.00789674 0.00751041301501 0.0080263 0.00905671 0.0102325 0.0115895 0.0131762 0.0150607 0.017341 0.0201634 0.0237573 0.0285032
2.89724655831 0.00612867 0.00684456 0.00650218661696 0.00692197 0.00781803 0.00884012 0.0100193 0.0113976 0.0130341 0.0150136 0.0174631 0.0205814 0.0246983
2.91469985083 0.00522361 0.00586906 0.00556831795053 0.00590651 0.00667753 0.00755666 0.00857048 0.00975517 0.0111612 0.0128615 0.0149648 0.0176417 0.021175
2.93215314335 0.00439772 0.0049704 0.00470901489514 0.00497845 0.00563384 0.00638081 0.00724187 0.00824767 0.009441 0.0108835 0.0126675 0.0149373 0.0179325
2.94960643587 0.0036494 0.00414858 0.00392429229933 0.00413625 0.00468544 0.00531109 0.006032 0.00687375 0.00787207 0.00907845 0.0105699 0.0124669 0.0149696
2.96705972839 0.002977 0.00340346 0.00321397569287 0.00337829 0.00383074 0.00434594 0.00493932 0.00563187 0.00645291 0.00744469 0.0086704 0.010229 0.0122846
2.98451302091 0.00237878 0.00273472 0.00257767158966 0.00270285 0.00306804 0.00348367 0.00396214 0.00452033 0.0051818 0.00598052 0.00696727 0.00822157 0.0098754
3.00196631343 0.00185294 0.00214185 0.00201477119995 0.00210813 0.00239553 0.00272246 0.00309863 0.00353725 0.00405681 0.0046839 0.00545832 0.00644239 0.00773951
3.01941960595 0.00139758 0.00162415 0.00152444300598 0.00159221 0.00181129 0.00206035 0.00234676 0.00268056 0.00307575 0.00355253 0.00414109 0.00488871 0.00587382
3.03687289847 0.0010107 0.00118075 0.00110562533779 0.00115309 0.00131325 0.00149523 0.00170437 0.00194798 0.00223625 0.00258386 0.00301278 0.0035574 0.00427478
3.05432619099 0.000690208 0.000810525 0.000756992963979 0.00078862 0.000899242 0.00102484 0.0011691 0.00133703 0.00153563 0.00177499 0.00207021 0.00244489 0.00293826
3.07177948351 0.000433887 0.000512141 0.000476968228108 0.000496538 0.000566907 0.000646742 0.000738374 0.000844972 0.000970962 0.00112272 0.0013098 0.00154713 0.0018595
3.08923277603 0.000239379 0.000283997 0.000263676503131 0.000274411 0.000313724 0.000358288 0.000409397 0.00046881 0.000538983 0.000623457 0.000727528 0.000859487 0.00103309
3.10668606855 0.000104146 0.000124194 0.000114909070046 0.000119611 0.000136947 0.000156582 0.000179079 0.000205209 0.000236048 0.000273145 0.000318818 0.000376697 0.000452805
3.12413936107 2.54107e-05 3.04628e-05 2.80748601762e-05 2.92462e-05 3.35409e-05 3.83991e-05 4.39597e-05 5.04117e-05 5.80193e-05 6.71629e-05 7.84119e-05 9.26573e-05 0.000111378
3.14159265359 0.0 0.0 0.0 0.0 0.0 0.0 0.0 0.0 0.0 0.0 0.0 0.0 0.0
