alpha phi_iso phi_ray phi_vec g0=0.1 g0=0.2 g0=0.3 g0=0.4 g0=0.5 g0=0.6 g0=0.7 g0=0.8 g0=0.9 g0=1.0
0.0 1.0 1.0 1.0 1.0 1.0 1.0 1.0 1.0 1.0 1.0 1.0 1.0 1.0
0.0174532925199 0.999654 0.999506 0.999502319113 0.99967 0.99969 0.999714 0.999746 0.999787 0.999846 0.999933 1.00008 1.00036 1.00122
0.0349065850399 0.998687 0.998102 0.998083280012 0.998751 0.998829 0.998926 0.999051 0.999216 0.999446 0.999791 1.00036 1.0015 1.00488
0.0523598775598 0.997206 0.995899 0.995853685025 0.997348 0.997522 0.997738 0.998014 0.998382 0.998895 0.999662 1.00094 1.00347 1.011
0.0698131700798 0.995295 0.992987 0.9929014067 0.995545 0.995849 0.996228 0.996714 0.99736 0.998262 0.999611 1.00185 1.00631 1.01955
0.0872664625997 0.993007 0.989427 0.989284870027 0.993393 0.993863 0.994448 0.995199 0.996197 0.997592 0.999677 1.00314 1.01004 1.03053
0.10471975512 0.990376 0.985256 0.985042882531 0.990925 0.991594 0.992428 0.993498 0.994922 0.99691 0.999884 1.00483 1.01467 1.0439
0.12217304764 0.987425 0.980505 0.980204806295 0.988164 0.989066 0.99019 0.991632 0.993552 0.996233 1.00025 1.00691 1.0202 1.05964
0.13962634016 0.984172 0.975199 0.974796413278 0.985128 0.986295 0.987749 0.989616 0.992101 0.995573 1.00077 1.00941 1.02661 1.07771
0.157079632679 0.980635 0.969363 0.968842022294 0.981834 0.983297 0.985122 0.987464 0.990583 0.994941 1.00146 1.01231 1.03391 1.09807
0.174532925199 0.976829 0.963019 0.962365161475 0.978296 0.980086 0.98232 0.985188 0.989007 0.994344 1.00233 1.01562 1.04208 1.12068
0.191986217719 0.972769 0.956191 0.955388888815 0.974528 0.976676 0.979357 0.982799 0.987382 0.993789 1.00338 1.01933 1.05111 1.14549
0.209439510239 0.968467 0.9489 0.94793559985 0.970543 0.973078 0.976242 0.980305 0.985716 0.993281 1.00461 1.02344 1.06097 1.17244
0.226892802759 0.963937 0.941168 0.940027326824 0.966352 0.969302 0.972985 0.977715 0.984015 0.992824 1.00601 1.02795 1.07165 1.20148
0.244346095279 0.959189 0.933016 0.931685546372 0.961967 0.965359 0.969596 0.975038 0.982286 0.992421 1.0076 1.03284 1.08314 1.23255
0.261799387799 0.954234 0.924464 0.922931435947 0.957396 0.961258 0.966081 0.972278 0.980531 0.992074 1.00936 1.03811 1.0954 1.26559
0.279252680319 0.949082 0.915534 0.91378583109 0.952649 0.957006 0.962449 0.969441 0.978756 0.991783 1.0113 1.04375 1.10841 1.30052
0.296705972839 0.943742 0.906244 0.904269225422 0.947735 0.952612 0.958705 0.966533 0.976963 0.991549 1.0134 1.04974 1.12215 1.33729
0.314159265359 0.938223 0.896615 0.894401920237 0.942661 0.948082 0.954855 0.963558 0.975153 0.99137 1.01566 1.05607 1.13659 1.37582
0.331612557879 0.932534 0.886666 0.884203960394 0.937435 0.943423 0.950905 0.960519 0.973328 0.991246 1.01809 1.06274 1.15171 1.41605
0.349065850399 0.926681 0.876416 0.873695177049 0.932064 0.938641 0.946858 0.957419 0.97149 0.991173 1.02066 1.06971 1.16746 1.45789
0.366519142919 0.920673 0.865883 0.862895209036 0.926554 0.93374 0.94272 0.95426 0.969638 0.99115 1.02338 1.07699 1.18383 1.50127
0.383972435439 0.914517 0.855087 0.851823502855 0.920912 0.928727 0.938494 0.951046 0.967773 0.991173 1.02623 1.08455 1.20078 1.54611
0.401425727959 0.908218 0.844047 0.840499291314 0.915143 0.923607 0.934183 0.947777 0.965893 0.991237 1.02921 1.09238 1.21827 1.59233
0.418879020479 0.901784 0.832779 0.828941593518 0.909253 0.918382 0.929791 0.944455 0.963999 0.99134 1.03231 1.10046 1.23628 1.63986
0.436332312999 0.89522 0.821303 0.817169257618 0.903248 0.913058 0.92532 0.941081 0.962088 0.991477 1.03551 1.10877 1.25477 1.6886
0.453785605519 0.888533 0.809636 0.805200875323 0.897131 0.907639 0.920773 0.937657 0.960159 0.991642 1.03882 1.1173 1.27371 1.73849
0.471238898038 0.881728 0.797796 0.79305480328 0.890908 0.902128 0.916153 0.934181 0.95821 0.991831 1.04221 1.12602 1.29307 1.78942
0.488692190558 0.87481 0.7858 0.780749205803 0.884583 0.896528 0.91146 0.930655 0.95624 0.992038 1.04568 1.13493 1.3128 1.84133
0.506145483078 0.867785 0.773666 0.768301948031 0.878161 0.890844 0.906697 0.927078 0.954245 0.992257 1.04922 1.14399 1.33287 1.89412
0.523598775598 0.860658 0.761409 0.755730617297 0.871645 0.885076 0.901866 0.923451 0.952224 0.992483 1.05281 1.15319 1.35324 1.94771
0.541052068118 0.853433 0.749047 0.743052565863 0.86504 0.87923 0.896968 0.919773 0.950173 0.992709 1.05645 1.16251 1.37389 2.00202
0.558505360638 0.846115 0.736595 0.73028478271 0.858349 0.873306 0.892004 0.916044 0.948089 0.99293 1.06013 1.17193 1.39477 2.05695
0.575958653158 0.838709 0.724071 0.717443957636 0.851577 0.867308 0.886976 0.912262 0.94597 0.993138 1.06383 1.18144 1.41585 2.11243
0.593411945678 0.831218 0.711488 0.704546481266 0.844725 0.861239 0.881883 0.908427 0.943812 0.993327 1.06753 1.191 1.43709 2.16836
0.610865238198 0.823648 0.698864 0.691608359569 0.837799 0.855099 0.876728 0.904538 0.941612 0.993491 1.07124 1.20061 1.45845 2.22466
0.628318530718 0.816002 0.686212 0.678645235224 0.8308 0.848892 0.871511 0.900595 0.939366 0.993623 1.07494 1.21023 1.4799 2.28124
0.645771823238 0.808285 0.673546 0.665672408998 0.823732 0.842619 0.866232 0.896595 0.937072 0.993716 1.07861 1.21986 1.5014 2.33803
0.663225115758 0.800499 0.660882 0.65270471152 0.816598 0.836282 0.860893 0.892537 0.934725 0.993763 1.08224 1.22947 1.52291 2.39493
0.680678408278 0.79265 0.648233 0.639756652873 0.809401 0.829883 0.855493 0.888422 0.932322 0.993758 1.08583 1.23904 1.54441 2.45187
0.698131700798 0.78474 0.635613 0.626842251635 0.802144 0.823425 0.850032 0.884246 0.929859 0.993693 1.08936 1.24855 1.56585 2.50875
0.715584993318 0.776773 0.623034 0.613975141728 0.794829 0.816907 0.844512 0.880009 0.927333 0.993562 1.09282 1.25799 1.58719 2.5655
0.733038285838 0.768753 0.610508 0.601168486938 0.787459 0.810332 0.838932 0.875709 0.92474 0.993358 1.0962 1.26732 1.60841 2.62203
0.750491578358 0.760682 0.598049 0.588434980917 0.780036 0.803702 0.833293 0.871344 0.922076 0.993074 1.09948 1.27655 1.62947 2.67826
0.767944870878 0.752565 0.585668 0.57578684718 0.772563 0.797017 0.827595 0.866914 0.919337 0.992703 1.10266 1.28563 1.65033 2.73412
0.785398163397 0.744404 0.573375 0.56323586048 0.765043 0.79028 0.821837 0.862417 0.91652 0.992239 1.10572 1.29456 1.67096 2.78952
0.802851455917 0.736203 0.561182 0.550793282691 0.757477 0.783491 0.816021 0.857851 0.913622 0.991675 1.10866 1.30332 1.69133 2.8444
0.820304748437 0.727964 0.549099 0.538469884184 0.749868 0.776652 0.810145 0.853215 0.910638 0.991005 1.11146 1.31189 1.71141 2.89866
0.837758040957 0.71969 0.537135 0.526275922456 0.742218 0.769765 0.804211 0.848507 0.907566 0.990221 1.11411 1.32025 1.73115 2.95224
0.855211333477 0.711385 0.525301 0.514221142127 0.734529 0.762829 0.798217 0.843726 0.904401 0.989319 1.1166 1.32838 1.75054 3.00507
0.872664625997 0.703052 0.513604 0.502314796314 0.726803 0.755847 0.792165 0.83887 0.901141 0.988292 1.11892 1.33628 1.76953 3.05706
0.890117918517 0.694692 0.502054 0.490565582519 0.719043 0.74882 0.786055 0.833938 0.897781 0.987133 1.12106 1.34391 1.78811 3.10816
0.907571211037 0.68631 0.490658 0.478981706739 0.71125 0.741748 0.779885 0.828929 0.894319 0.985837 1.12301 1.35126 1.80623 3.1583
0.925024503557 0.677906 0.479423 0.467570819356 0.703426 0.734633 0.773657 0.823841 0.890752 0.984398 1.12476 1.35832 1.82388 3.2074
0.942477796077 0.669485 0.468356 0.456340036507 0.695573 0.727476 0.76737 0.818673 0.887076 0.982811 1.1263 1.36507 1.84102 3.2554
0.959931088597 0.661048 0.457464 0.445296004197 0.687694 0.720278 0.761024 0.813424 0.883289 0.98107 1.12763 1.3715 1.85762 3.30225
0.977384381117 0.652599 0.446753 0.434444770072 0.679789 0.71304 0.754621 0.808092 0.879388 0.97917 1.12873 1.3776 1.87367 3.34787
0.994837673637 0.644139 0.436227 0.423791890278 0.671862 0.705764 0.748158 0.802677 0.875369 0.977106 1.12959 1.38334 1.88912 3.3922
1.01229096616 0.635671 0.425893 0.413342365344 0.663913 0.69845 0.741638 0.797178 0.87123 0.974873 1.13022 1.38871 1.90397 3.4352
1.02974425868 0.627197 0.415753 0.403100704293 0.655944 0.691099 0.735059 0.791592 0.86697 0.972466 1.13059 1.39371 1.91818 3.47681
1.0471975512 0.61872 0.405812 0.393070924644 0.647958 0.683712 0.728423 0.785921 0.862585 0.969881 1.1307 1.39831 1.93174 3.51696
1.06465084372 0.610242 0.396074 0.383256424195 0.639955 0.676291 0.721729 0.780162 0.858073 0.967114 1.13055 1.40251 1.94462 3.55562
1.08210413624 0.601765 0.386542 0.373660237453 0.631938 0.668836 0.714977 0.774315 0.853432 0.964161 1.13013 1.4063 1.95679 3.59272
1.09955742876 0.593291 0.377217 0.364284757835 0.623908 0.661349 0.708169 0.76838 0.84866 0.961018 1.12942 1.40966 1.96825 3.62824
1.11701072128 0.584822 0.368101 0.35513201547 0.615867 0.653831 0.701304 0.762355 0.843755 0.957681 1.12844 1.41258 1.97896 3.66211
1.1344640138 0.576361 0.359198 0.346203442134 0.607816 0.646282 0.694383 0.75624 0.838717 0.954147 1.12716 1.41506 1.98892 3.6943
1.15191730632 0.56791 0.350506 0.337500084945 0.599758 0.638704 0.687406 0.750036 0.833542 0.950414 1.12559 1.41708 1.9981 3.72476
1.16937059884 0.55947 0.342028 0.329022478149 0.591694 0.631099 0.680374 0.743741 0.82823 0.946477 1.12371 1.41863 2.00649 3.75347
1.18682389136 0.551044 0.333763 0.320770728594 0.583624 0.623466 0.673287 0.737356 0.82278 0.942336 1.12153 1.41971 2.01407 3.78037
1.20427718388 0.542633 0.325712 0.312744451624 0.575552 0.615808 0.666146 0.73088 0.817191 0.937987 1.11904 1.42031 2.02084 3.80545
1.2217304764 0.53424 0.317873 0.304942920667 0.567479 0.608125 0.658952 0.724314 0.811461 0.933428 1.11623 1.42043 2.02677 3.82866
1.23918376892 0.525867 0.310246 0.297364896276 0.559406 0.600419 0.651705 0.717657 0.80559 0.928657 1.11311 1.42005 2.03186 3.84999
1.25663706144 0.517514 0.302829 0.290008818455 0.551334 0.592691 0.644406 0.710909 0.799578 0.923674 1.10967 1.41917 2.03608 3.8694
1.27409035396 0.509185 0.295621 0.282872699815 0.543266 0.584942 0.637056 0.704072 0.793424 0.918476 1.1059 1.41779 2.03945 3.88687
1.29154364648 0.50088 0.288619 0.275954168311 0.535203 0.577174 0.629656 0.697146 0.787129 0.913062 1.10181 1.41589 2.04194 3.90237
1.308996939 0.492602 0.281821 0.269250509979 0.527146 0.569387 0.622207 0.69013 0.780691 0.907433 1.09739 1.41349 2.04354 3.9159
1.32645023152 0.484352 0.275225 0.262758690311 0.519097 0.561583 0.614709 0.683026 0.774111 0.901586 1.09264 1.41056 2.04426 3.92742
1.34390352404 0.476132 0.268827 0.256475311511 0.511057 0.553764 0.607165 0.675835 0.76739 0.895523 1.08757 1.40712 2.04408 3.93694
1.36135681656 0.467944 0.262624 0.250396697975 0.503029 0.545931 0.599575 0.668557 0.760529 0.889242 1.08216 1.40316 2.043 3.94443
1.37881010908 0.45979 0.256612 0.244518853556 0.495013 0.538084 0.59194 0.661194 0.753526 0.882745 1.07642 1.39868 2.04102 3.94989
1.3962634016 0.45167 0.250788 0.238837547034 0.487012 0.530226 0.584262 0.653746 0.746385 0.876032 1.07034 1.39367 2.03814 3.9533
1.41371669412 0.443587 0.245147 0.233348248018 0.479026 0.522359 0.576541 0.646215 0.739105 0.869104 1.06394 1.38814 2.03435 3.95467
1.43116998664 0.435542 0.239685 0.228046191043 0.471057 0.514482 0.56878 0.638601 0.731688 0.861961 1.05721 1.38209 2.02965 3.95399
1.44862327916 0.427537 0.234398 0.222926439692 0.463106 0.506599 0.56098 0.630907 0.724136 0.854605 1.05015 1.37551 2.02404 3.95127
1.46607657168 0.419573 0.229281 0.217983779736 0.455176 0.49871 0.553142 0.623135 0.716449 0.847038 1.04276 1.36842 2.01753 3.94649
1.4835298642 0.411651 0.224328 0.2132128901 0.447268 0.490817 0.545269 0.615285 0.70863 0.839261 1.03504 1.36081 2.01013 3.93968
1.50098315672 0.403774 0.219536 0.208608214639 0.439383 0.482922 0.53736 0.607359 0.70068 0.831277 1.027 1.35268 2.00182 3.93083
1.51843644924 0.395943 0.214897 0.204164090361 0.431523 0.475027 0.52942 0.59936 0.692602 0.823088 1.01865 1.34404 1.99262 3.91996
1.53588974176 0.388158 0.210408 0.199874726055 0.423689 0.467132 0.521448 0.591289 0.684398 0.814696 1.00997 1.3349 1.98253 3.90707
1.55334303427 0.380422 0.206063 0.195734202291 0.415883 0.459239 0.513447 0.583148 0.67607 0.806105 1.00099 1.32525 1.97157 3.89218
1.57079632679 0.372736 0.201856 0.19173651416 0.408106 0.451351 0.50542 0.57494 0.667621 0.797317 0.991691 1.31511 1.95973 3.87531
1.58824961931 0.3651 0.197781 0.187875571273 0.40036 0.443469 0.497367 0.566667 0.659053 0.788336 0.98209 1.30447 1.94703 3.85647
1.60570291183 0.357518 0.193833 0.184145240503 0.392646 0.435594 0.489291 0.558331 0.650369 0.779166 0.972188 1.29335 1.93348 3.83569
1.62315620435 0.349989 0.190007 0.180539367351 0.384966 0.42773 0.481194 0.549935 0.641574 0.769809 0.96199 1.28175 1.91908 3.81298
1.64060949687 0.342515 0.186295 0.177051754581 0.377322 0.419876 0.473078 0.541481 0.632669 0.760272 0.951503 1.26968 1.90386 3.78837
1.65806278939 0.335097 0.182694 0.173676183586 0.369714 0.412035 0.464945 0.532972 0.623658 0.750556 0.940731 1.25715 1.88781 3.76188
1.67551608191 0.327737 0.179196 0.170406457128 0.362145 0.40421 0.456798 0.524412 0.614544 0.740668 0.929681 1.24417 1.87097 3.73356
1.69296937443 0.320436 0.175796 0.16723646345 0.354616 0.396401 0.448639 0.515802 0.605332 0.730612 0.918359 1.23073 1.85333 3.70342
1.71042266695 0.313195 0.172489 0.164160048053 0.347128 0.388611 0.440471 0.507145 0.596025 0.720393 0.906771 1.21687 1.83492 3.67149
1.72787595947 0.306015 0.169269 0.161171184659 0.339683 0.380841 0.432295 0.498446 0.586626 0.710016 0.894924 1.20258 1.81575 3.63782
1.74532925199 0.298898 0.16613 0.158263911099 0.332282 0.373094 0.424114 0.489706 0.577141 0.699485 0.882827 1.18787 1.79584 3.60244
1.76278254451 0.291843 0.163067 0.155432307941 0.324928 0.365372 0.415931 0.48093 0.567573 0.688808 0.870486 1.17276 1.7752 3.56538
1.78023583703 0.284854 0.160074 0.152670626715 0.317621 0.357676 0.407748 0.47212 0.557926 0.67799 0.857909 1.15725 1.75386 3.52668
1.79768912955 0.27793 0.157146 0.149973204429 0.310363 0.350008 0.399568 0.46328 0.548206 0.667035 0.845105 1.14137 1.73183 3.4864
1.81514242207 0.271073 0.154278 0.147334527676 0.303155 0.342371 0.391393 0.454414 0.538416 0.655952 0.832082 1.12512 1.70914 3.44456
1.83259571459 0.264284 0.151465 0.144749189904 0.295999 0.334767 0.383227 0.445524 0.528561 0.644746 0.818848 1.10851 1.6858 3.40122
1.85004900711 0.257564 0.148702 0.142211998253 0.288897 0.327197 0.375071 0.436615 0.518646 0.633422 0.805413 1.09156 1.66184 3.35641
1.86750229963 0.250914 0.145985 0.139717888086 0.28185 0.319664 0.366929 0.42769 0.508676 0.621989 0.791786 1.07427 1.63727 3.31019
1.88495559215 0.244335 0.143308 0.137262008461 0.274859 0.312169 0.358804 0.418753 0.498657 0.610453 0.777975 1.05668 1.61213 3.26261
1.90240888467 0.237827 0.140667 0.134839636657 0.267926 0.304715 0.350698 0.409808 0.488592 0.598821 0.763992 1.03878 1.58643 3.21372
1.91986217719 0.231393 0.138059 0.132446306389 0.261052 0.297304 0.342614 0.400858 0.478488 0.587099 0.749845 1.0206 1.5602 3.16356
1.93731546971 0.225032 0.135478 0.1300777437 0.25424 0.289938 0.334556 0.391909 0.468349 0.575295 0.735545 1.00214 1.53345 3.1122
1.95476876223 0.218746 0.132922 0.12772988833 0.247489 0.282618 0.326525 0.382962 0.458181 0.563417 0.721102 0.983431 1.50623 3.05967
1.97222205475 0.212536 0.130386 0.125398893721 0.240803 0.275349 0.318525 0.374024 0.44799 0.551472 0.706527 0.964478 1.47855 3.00605
1.98967534727 0.206403 0.127868 0.123081148376 0.234181 0.26813 0.31056 0.365097 0.43778 0.539467 0.69183 0.9453 1.45044 2.95139
2.00712863979 0.200347 0.125364 0.120773297242 0.227626 0.260965 0.302631 0.356185 0.427558 0.52741 0.677022 0.925912 1.42192 2.89573
2.02458193231 0.194369 0.122871 0.118472177589 0.22114 0.253855 0.294742 0.347294 0.41733 0.515309 0.662113 0.906332 1.39303 2.83915
2.04203522483 0.188471 0.120386 0.116174904497 0.214722 0.246804 0.286896 0.338427 0.4071 0.503172 0.647116 0.886574 1.36378 2.7817
2.05948851735 0.182652 0.117907 0.113878828114 0.208376 0.239812 0.279096 0.329588 0.396875 0.491006 0.632041 0.866657 1.33421 2.72344
2.07694180987 0.176914 0.115432 0.111581576392 0.202102 0.232882 0.271346 0.320781 0.38666 0.47882 0.6169 0.846597 1.30434 2.66443
2.09439510239 0.171258 0.112958 0.109281012353 0.195902 0.226016 0.263647 0.312012 0.376462 0.466622 0.601704 0.826411 1.27421 2.60473
2.11184839491 0.165685 0.110484 0.106975212718 0.189777 0.219216 0.256004 0.303283 0.366286 0.45442 0.586464 0.806116 1.24384 2.54441
2.12930168743 0.160194 0.108008 0.104662596122 0.183728 0.212485 0.248419 0.2946 0.356138 0.442222 0.571193 0.78573 1.21325 2.48352
2.14675497995 0.154787 0.105529 0.102341730789 0.177758 0.205825 0.240896 0.285967 0.346025 0.430037 0.555902 0.76527 1.18249 2.42214
2.16420827247 0.149465 0.103045 0.100011526861 0.171866 0.199237 0.233437 0.277388 0.335952 0.417872 0.540602 0.744754 1.15157 2.36031
2.18166156499 0.144228 0.100557 0.0976711081767 0.166055 0.192724 0.226046 0.268867 0.325925 0.405737 0.525306 0.724198 1.12053 2.29812
2.19911485751 0.139077 0.0980626 0.095319855012 0.160326 0.186287 0.218725 0.260408 0.31595 0.393639 0.510026 0.703622 1.0894 2.23561
2.21656815003 0.134013 0.0955623 0.0929573613412 0.15468 0.17993 0.211478 0.252017 0.306033 0.381587 0.494773 0.683043 1.0582 2.17286
2.23402144255 0.129036 0.0930558 0.0905835416852 0.149119 0.173654 0.204308 0.243698 0.29618 0.369588 0.479559 0.662478 1.02697 2.10993
2.25147473507 0.124147 0.0905431 0.0881984601532 0.143643 0.16746 0.197217 0.235453 0.286398 0.357653 0.464397 0.641945 0.995736 2.04688
2.26892802759 0.119346 0.0880245 0.0858024800318 0.138254 0.161352 0.19021 0.227289 0.276692 0.345789 0.449297 0.621463 0.964524 1.98379
2.28638132011 0.114634 0.0855005 0.0833961783049 0.132953 0.155331 0.183288 0.21921 0.267068 0.334003 0.434273 0.601049 0.933366 1.9207
2.30383461263 0.110013 0.0829719 0.080980302915 0.127742 0.1494 0.176456 0.211218 0.257532 0.322306 0.419336 0.58072 0.902293 1.8577
2.32128790515 0.105481 0.0804395 0.0785559009815 0.122622 0.143559 0.169715 0.20332 0.24809 0.310704 0.404497 0.560496 0.871332 1.79483
2.33874119767 0.10104 0.0779045 0.0761241905821 0.117593 0.137812 0.163068 0.195518 0.238747 0.299206 0.389768 0.540392 0.840514 1.73218
2.35619449019 0.0966903 0.0753682 0.0736865607526 0.112657 0.132159 0.15652 0.187817 0.229511 0.287821 0.375162 0.520426 0.809868 1.66979
2.37364778271 0.0924325 0.0728321 0.0712446142269 0.107815 0.126604 0.150072 0.180222 0.220386 0.276556 0.36069 0.500617 0.779422 1.60774
2.39110107523 0.0882669 0.0702979 0.0688001674365 0.103069 0.121147 0.143727 0.172736 0.211379 0.265419 0.346362 0.480981 0.749206 1.54608
2.40855436775 0.0841941 0.0677673 0.0663551650318 0.0984185 0.115791 0.137489 0.165363 0.202494 0.254419 0.332192 0.461536 0.719247 1.48488
2.42600766027 0.0802145 0.0652425 0.0639117653608 0.0938657 0.110537 0.13136 0.158108 0.193738 0.243563 0.318189 0.442298 0.689576 1.42421
2.44346095279 0.0763285 0.0627254 0.0614722122508 0.0894114 0.105388 0.125342 0.150974 0.185116 0.232859 0.304365 0.423284 0.660218 1.36411
2.46091424531 0.0725366 0.0602186 0.059038963227 0.0850565 0.100345 0.119439 0.143966 0.176634 0.222315 0.290732 0.404512 0.631202 1.30466
2.47836753783 0.0688391 0.0577242 0.0566145826633 0.080802 0.09541 0.113653 0.137086 0.168297 0.211938 0.2773 0.385996 0.602556 1.24591
2.49582083035 0.0652363 0.055245 0.0542017417827 0.0766489 0.0905843 0.107987 0.130339 0.16011 0.201737 0.26408 0.367754 0.574306 1.18793
2.51327412287 0.0617288 0.0527835 0.0518032400267 0.0725982 0.0858698 0.102443 0.123729 0.152079 0.191718 0.251082 0.349801 0.546479 1.13076
2.53072741539 0.0583167 0.0503424 0.0494219836861 0.0686507 0.0812681 0.0970234 0.117259 0.144208 0.181888 0.238317 0.332153 0.5191 1.07447
2.54818070791 0.0550004 0.0479246 0.0470609431605 0.0648073 0.0767807 0.0917312 0.110932 0.136503 0.172255 0.225795 0.314826 0.492196 1.01911
2.56563400043 0.0517802 0.0455331 0.044723195699 0.061069 0.0724092 0.0865686 0.104753 0.128969 0.162825 0.213526 0.297834 0.465792 0.96474
2.58308729295 0.0486564 0.0431707 0.0424118612898 0.0574364 0.0681551 0.0815378 0.0987238 0.12161 0.153606 0.20152 0.281192 0.439912 0.911413
2.60054058547 0.0456292 0.0408405 0.0401301026609 0.0539105 0.0640198 0.0766411 0.0928488 0.114431 0.144604 0.189787 0.264915 0.414581 0.85918
2.61799387799 0.0426989 0.0385456 0.0378811680194 0.0504919 0.0600047 0.0718808 0.0871309 0.107438 0.135826 0.178335 0.249016 0.389821 0.808095
2.63544717051 0.0398656 0.0362891 0.0356683055723 0.0471814 0.0561112 0.067259 0.0815732 0.100633 0.127277 0.167174 0.23351 0.365657 0.758206
2.65290046303 0.0371297 0.0340742 0.0334947421571 0.0439797 0.0523406 0.0627776 0.0761787 0.094022 0.118965 0.156313 0.21841 0.34211 0.709564
2.67035375555 0.0344911 0.0319038 0.0313637687203 0.0408875 0.0486941 0.0584388 0.0709504 0.0876087 0.110894 0.14576 0.203728 0.319202 0.662215
2.68780704807 0.0319502 0.0297812 0.029278633469 0.0379052 0.0451729 0.0542444 0.0658911 0.0813973 0.103072 0.135524 0.189478 0.296954 0.616206
2.70526034059 0.0295069 0.0277096 0.0272426059801 0.0350337 0.0417782 0.0501962 0.0610035 0.0753915 0.0955023 0.125612 0.175671 0.275387 0.571581
2.72271363311 0.0271615 0.0256919 0.0252588276118 0.0322733 0.038511 0.0462961 0.0562902 0.0695952 0.0881915 0.116033 0.16232 0.254519 0.528385
2.74016692563 0.024914 0.0237312 0.0233305252013 0.0296245 0.0353723 0.0425456 0.0517538 0.064012 0.0811445 0.106794 0.149435 0.23437 0.486657
2.75762021815 0.0227645 0.0218305 0.0214607546277 0.027088 0.0323632 0.0389463 0.0473966 0.0586453 0.0743663 0.0979015 0.137027 0.214959 0.446439
2.77507351067 0.0207129 0.0199928 0.0196525504003 0.024664 0.0294845 0.0354999 0.0432209 0.0534984 0.0678615 0.0893631 0.125107 0.196302 0.407768
2.79252680319 0.0187594 0.018221 0.0179089042887 0.022353 0.0267371 0.0322076 0.0392289 0.0485744 0.0616346 0.0811851 0.113685 0.178416 0.37068
2.80998009571 0.0169038 0.0165179 0.0162326584741 0.0201553 0.0241218 0.0290708 0.0354225 0.0438763 0.0556899 0.0733736 0.102769 0.161316 0.335211
2.82743338823 0.0151461 0.014886 0.0146265910285 0.0180712 0.0216392 0.0260908 0.0318036 0.0394069 0.0500313 0.0659344 0.0923693 0.145019 0.301393
2.84488668075 0.0134864 0.0133282 0.013093330435 0.016101 0.0192901 0.0232686 0.0283741 0.0351687 0.0446626 0.0588731 0.0824936 0.129537 0.269258
2.86233997327 0.0119243 0.0118468 0.0116354196981 0.0142448 0.0170749 0.0206053 0.0251355 0.0311641 0.0395873 0.0521947 0.0731497 0.114883 0.238833
2.87979326579 0.0104599 0.0104442 0.0102552522333 0.0125028 0.0149942 0.0181019 0.0220893 0.0273953 0.0348086 0.0459038 0.064345 0.101071 0.210146
2.89724655831 0.00909296 0.00912266 0.00895511460764 0.0108752 0.0130484 0.0157591 0.0192368 0.0238644 0.0303294 0.040005 0.056086 0.0881109 0.183222
2.91469985083 0.00782327 0.0078843 0.00773707969002 0.00936187 0.0112379 0.0135776 0.0165793 0.0205731 0.0261524 0.0345021 0.0483789 0.0760134 0.158084
2.93215314335 0.0066506 0.00673105 0.00660309213074 0.00796291 0.00956288 0.0115581 0.0141177 0.017523 0.02228 0.0293987 0.0412292 0.0647879 0.134753
2.94960643587 0.0055747 0.00566473 0.00555494699161 0.00667825 0.00802357 0.00970111 0.011853 0.0147156 0.0187143 0.0246979 0.0346417 0.0544426 0.113246
2.96705972839 0.00459524 0.00468695 0.00459422563662 0.00550775 0.00662005 0.00800691 0.00978573 0.012152 0.0154571 0.0204025 0.0286206 0.0449848 0.0935812
2.98451302091 0.00371188 0.00379917 0.00372235984125 0.00445122 0.00535234 0.00647578 0.0079166 0.00983309 0.0125098 0.0165147 0.0231697 0.0364207 0.0757714
3.00196631343 0.00292423 0.00300266 0.0029405249436 0.00350841 0.00422034 0.00510782 0.00624591 0.00775961 0.00987358 0.0130364 0.0182917 0.0287556 0.0598285
3.01941960595 0.00223182 0.0022985 0.00224976806306 0.00267898 0.00322385 0.00390299 0.00477384 0.00593199 0.00754929 0.00996886 0.013989 0.0219932 0.0457615
3.03687289847 0.00163417 0.00168757 0.00165085851182 0.00196252 0.00236257 0.00286114 0.00350038 0.00435042 0.00553738 0.00731301 0.0102631 0.0161365 0.033577
3.05432619099 0.0011307 0.00117053 0.00114437327404 0.00135853 0.00163607 0.00198192 0.00242529 0.00301482 0.00383793 0.00506917 0.00711467 0.011187 0.0232788
3.07177948351 0.000720772 0.00074782 0.000730611526699 0.000866413 0.0010438 0.00126482 0.00154813 0.00192478 0.00245063 0.00323714 0.00454372 0.0071448 0.0148679
3.08923277603 0.000403656 0.000419635 0.000409680118703 0.000485453 0.000585065 0.000709156 0.000868196 0.00107961 0.00137474 0.00181612 0.00254931 0.00400882 0.00834228
3.10668606855 0.000178516 0.00018591 0.000181343982438 0.000214799 0.000258975 0.000313997 0.000384503 0.000478216 0.000609017 0.000804622 0.00112952 0.00177623 0.0036963
3.12413936107 4.43707e-05 4.62812e-05 4.51116128831e-05 5.34182e-05 6.44312e-05 7.81451e-05 9.5715e-05 0.000119064 0.000151649 0.000200372 0.000281291 0.000442351 0.000920514
3.14159265359 0.0 0.0 0.0 0.0 0.0 0.0 0.0 0.0 0.0 0.0 0.0 0.0 0.0
