alpha phi_iso phi_ray phi_vec g0=0.1 g0=0.2 g0=0.3 g0=0.4 g0=0.5 g0=0.6 g0=0.7 g0=0.8 g0=0.9 g0=1.0
0.0 1.0 1.0 1.0 1.0 1.0 1.0 1.0 1.0 1.0 1.0 1.0 1.0 1.0
0.0174532925199 0.999687 0.999552 0.999539478704 0.999702 0.999719 0.999739 0.999764 0.999794 0.999833 0.999884 0.999955 1.00006 1.00023
0.0349065850399 0.998808 0.998275 0.998220498756 0.998865 0.998931 0.99901 0.999106 0.999225 0.999376 0.999576 0.999854 1.00027 1.00095
0.0523598775598 0.997448 0.996266 0.996136026694 0.997572 0.997718 0.997892 0.998102 0.998362 0.998694 0.999134 0.999744 1.00065 1.00216
0.0698131700798 0.995676 0.993603 0.993359914034 0.995891 0.996144 0.996444 0.996808 0.997259 0.997836 0.9986 0.999661 1.00124 1.00386
0.0872664625997 0.993536 0.990336 0.989942035183 0.993864 0.994248 0.994706 0.995261 0.995951 0.996833 0.998001 0.999626 1.00205 1.00605
0.10471975512 0.991055 0.986501 0.985916352275 0.991516 0.992057 0.992702 0.993486 0.99446 0.995705 0.997355 0.999653 1.00308 1.00874
0.12217304764 0.988254 0.982124 0.98130937128 0.988869 0.989591 0.990452 0.991499 0.992801 0.994466 0.996674 0.99975 1.00434 1.01193
0.13962634016 0.98515 0.977228 0.976144750477 0.985938 0.986864 0.987969 0.989314 0.990986 0.993127 0.995967 0.999924 1.00583 1.0156
0.157079632679 0.981758 0.971836 0.97044503226 0.982738 0.983891 0.985267 0.986943 0.989028 0.991697 0.995241 1.00018 1.00755 1.01975
0.174532925199 0.978092 0.965968 0.964232244553 0.979283 0.980684 0.982359 0.984397 0.986936 0.990186 0.994503 1.00052 1.0095 1.02437
0.191986217719 0.974165 0.959646 0.957527987764 0.975585 0.977256 0.979254 0.981688 0.984719 0.988601 0.993759 1.00095 1.01169 1.02946
0.209439510239 0.969989 0.952889 0.950353442034 0.971655 0.973618 0.975964 0.978823 0.982384 0.986948 0.993012 1.00147 1.0141 1.03501
0.226892802759 0.965577 0.945717 0.942729454183 0.967506 0.969779 0.972498 0.975811 0.97994 0.985233 0.992267 1.00208 1.01673 1.041
0.244346095279 0.960938 0.93815 0.934676523226 0.963146 0.965749 0.968864 0.97266 0.977393 0.98346 0.991525 1.00278 1.01958 1.04743
0.261799387799 0.956083 0.930206 0.926214858332 0.958586 0.961538 0.96507 0.969377 0.974748 0.981634 0.990789 1.00356 1.02265 1.05427
0.279252680319 0.951021 0.921905 0.917364422309 0.953835 0.957153 0.961125 0.965969 0.97201 0.979758 0.990061 1.00444 1.02592 1.06152
0.296705972839 0.945762 0.913263 0.908144960583 0.9489 0.952601 0.957034 0.962441 0.969184 0.977835 0.98934 1.0054 1.02939 1.06916
0.314159265359 0.940313 0.904299 0.898576037428 0.943789 0.947891 0.952804 0.958797 0.966274 0.975867 0.988627 1.00644 1.03306 1.07717
0.331612557879 0.934682 0.89503 0.888677006985 0.938511 0.943028 0.94844 0.955044 0.963283 0.973856 0.987921 1.00756 1.0369 1.08555
0.349065850399 0.928879 0.885474 0.878467092965 0.933072 0.93802 0.943949 0.951185 0.960215 0.971803 0.987221 1.00875 1.04092 1.09426
0.366519142919 0.922909 0.875649 0.867965316192 0.927478 0.932872 0.939335 0.947225 0.957071 0.969709 0.986525 1.01001 1.04511 1.10329
0.383972435439 0.916779 0.865571 0.857190559814 0.921737 0.927589 0.934604 0.943166 0.953854 0.967575 0.985833 1.01133 1.04945 1.11264
0.401425727959 0.910498 0.855257 0.846161518583 0.915854 0.922177 0.929758 0.939013 0.950567 0.9654 0.98514 1.01271 1.05393 1.12226
0.418879020479 0.90407 0.844723 0.834896720591 0.909834 0.916642 0.924803 0.934768 0.94721 0.963184 0.984445 1.01414 1.05854 1.13215
0.436332312999 0.897502 0.833987 0.823414491043 0.903685 0.910987 0.919743 0.930434 0.943785 0.960927 0.983745 1.01562 1.06327 1.14229
0.453785605519 0.8908 0.823063 0.811732973992 0.89741 0.905218 0.91458 0.926014 0.940292 0.958628 0.983036 1.01713 1.06812 1.15266
0.471238898038 0.883971 0.811969 0.79987008162 0.891016 0.899338 0.909319 0.921509 0.936734 0.956286 0.982315 1.01868 1.07305 1.16322
0.488692190558 0.877018 0.800719 0.787843523218 0.884506 0.893352 0.903963 0.916923 0.93311 0.9539 0.981579 1.02025 1.07808 1.17398
0.506145483078 0.869949 0.78933 0.775670747221 0.877886 0.887265 0.898514 0.912256 0.929421 0.951468 0.980822 1.02184 1.08317 1.18489
0.523598775598 0.862768 0.777816 0.763368948454 0.871161 0.881078 0.892976 0.90751 0.925667 0.948988 0.980042 1.02343 1.08832 1.19595
0.541052068118 0.855479 0.766192 0.750955053636 0.864334 0.874797 0.887351 0.902688 0.921848 0.94646 0.979234 1.02503 1.09352 1.20712
0.558505360638 0.848089 0.754473 0.738445699648 0.85741 0.868425 0.881641 0.897789 0.917964 0.94388 0.978393 1.02662 1.09875 1.21839
0.575958653158 0.840602 0.742674 0.725857211791 0.850393 0.861965 0.87585 0.892816 0.914014 0.941248 0.977515 1.0282 1.104 1.22974
0.593411945678 0.833022 0.730808 0.713205596539 0.843287 0.85542 0.869979 0.88777 0.909999 0.938559 0.976596 1.02975 1.10926 1.24114
0.610865238198 0.825354 0.71889 0.700506534298 0.836096 0.848793 0.864031 0.882651 0.905919 0.935814 0.975629 1.03127 1.11451 1.25257
0.628318530718 0.817602 0.706932 0.687775328677 0.828823 0.842088 0.858006 0.877461 0.901771 0.933007 0.974611 1.03276 1.11973 1.264
0.645771823238 0.809771 0.694948 0.675026942724 0.821473 0.835306 0.851909 0.8722 0.897557 0.930139 0.973537 1.03419 1.12492 1.27543
0.663225115758 0.801864 0.682951 0.662275926463 0.814048 0.828451 0.845739 0.866868 0.893274 0.927205 0.972401 1.03557 1.13007 1.28682
0.680678408278 0.793886 0.670953 0.649536460371 0.806552 0.821526 0.839499 0.861468 0.888922 0.924203 0.971198 1.03688 1.13515 1.29815
0.698131700798 0.785841 0.658967 0.636822297407 0.798988 0.814533 0.833191 0.855998 0.884501 0.921131 0.969924 1.03812 1.14015 1.3094
0.715584993318 0.777732 0.647003 0.62414677751 0.79136 0.807474 0.826816 0.85046 0.88001 0.917986 0.968573 1.03928 1.14507 1.32056
0.733038285838 0.769564 0.635074 0.611522791362 0.783671 0.800352 0.820376 0.844853 0.875447 0.914765 0.967141 1.04035 1.14988 1.33159
0.750491578358 0.76134 0.62319 0.59896278764 0.775924 0.793169 0.813872 0.839179 0.870812 0.911465 0.965622 1.04133 1.15458 1.34248
0.767944870878 0.753063 0.611362 0.586478765766 0.768121 0.785928 0.807305 0.833438 0.866103 0.908084 0.964012 1.04219 1.15916 1.3532
0.785398163397 0.744737 0.5996 0.574082254169 0.760266 0.778631 0.800677 0.82763 0.86132 0.90462 0.962305 1.04294 1.16359 1.36374
0.802851455917 0.736365 0.587915 0.56178428855 0.752362 0.771279 0.79399 0.821755 0.856461 0.901068 0.960497 1.04357 1.16787 1.37407
0.820304748437 0.727952 0.576314 0.549595448109 0.744411 0.763875 0.787244 0.815813 0.851526 0.897428 0.958582 1.04407 1.17198 1.38418
0.837758040957 0.719499 0.564808 0.537525790334 0.736415 0.756421 0.78044 0.809806 0.846514 0.893696 0.956557 1.04443 1.17591 1.39404
0.855211333477 0.711011 0.553404 0.525584901719 0.728379 0.748919 0.77358 0.803732 0.841423 0.88987 0.954416 1.04465 1.17966 1.40364
0.872664625997 0.70249 0.542111 0.51378185429 0.720303 0.741371 0.766666 0.797592 0.836253 0.885946 0.952154 1.04471 1.1832 1.41296
0.890117918517 0.69394 0.530937 0.502125198361 0.712192 0.733779 0.759697 0.791387 0.831003 0.881924 0.949768 1.04462 1.18653 1.42197
0.907571211037 0.685363 0.519888 0.49062299876 0.704047 0.726144 0.752676 0.785117 0.825671 0.877799 0.947253 1.04435 1.18963 1.43067
0.925024503557 0.676763 0.508972 0.479282798603 0.69587 0.718469 0.745604 0.778781 0.820257 0.873571 0.944605 1.04391 1.1925 1.43903
0.942477796077 0.668142 0.498195 0.468111612044 0.687665 0.710755 0.738481 0.772381 0.814761 0.869237 0.94182 1.04329 1.19512 1.44703
0.959931088597 0.659503 0.487562 0.457115960509 0.679433 0.703005 0.731308 0.765916 0.809181 0.864794 0.938894 1.04249 1.19749 1.45466
0.977384381117 0.650849 0.47708 0.446301843708 0.671176 0.695219 0.724088 0.759387 0.803516 0.860241 0.935822 1.04149 1.19959 1.46191
0.994837673637 0.642184 0.466753 0.435674746884 0.662898 0.6874 0.71682 0.752793 0.797766 0.855576 0.932602 1.04029 1.20142 1.46875
1.01229096616 0.633508 0.456586 0.425239640812 0.654601 0.679549 0.709507 0.746137 0.79193 0.850796 0.92923 1.03888 1.20296 1.47518
1.02974425868 0.624826 0.446583 0.415000996293 0.646286 0.671669 0.702148 0.739416 0.786009 0.845901 0.925702 1.03727 1.2042 1.48117
1.0471975512 0.616139 0.436749 0.404962776902 0.637955 0.66376 0.694746 0.732633 0.78 0.840888 0.922015 1.03544 1.20515 1.48672
1.06465084372 0.60745 0.427085 0.395128460733 0.629612 0.655825 0.687301 0.725788 0.773904 0.835756 0.918167 1.03338 1.20578 1.49181
1.08210413624 0.598762 0.417596 0.385501018657 0.621257 0.647865 0.679814 0.718881 0.767721 0.830503 0.914155 1.03111 1.2061 1.49643
1.09955742876 0.590077 0.408284 0.376082957801 0.612894 0.639881 0.672288 0.711912 0.76145 0.825129 0.909976 1.0286 1.20609 1.50057
1.11701072128 0.581398 0.399151 0.366876285314 0.604523 0.631877 0.664722 0.704883 0.755091 0.819632 0.905627 1.02585 1.20574 1.50421
1.1344640138 0.572726 0.390199 0.357882566338 0.596148 0.623852 0.657118 0.697793 0.748644 0.814011 0.901107 1.02287 1.20506 1.50735
1.15191730632 0.564065 0.381428 0.34910288053 0.58777 0.615809 0.649477 0.690643 0.742109 0.808265 0.896412 1.01965 1.20404 1.50997
1.16937059884 0.555416 0.372841 0.34053788728 0.579391 0.607749 0.6418 0.683435 0.735486 0.802394 0.891543 1.01618 1.20266 1.51207
1.18682389136 0.546782 0.364437 0.332187789477 0.571014 0.599675 0.634089 0.676169 0.728775 0.796397 0.886496 1.01246 1.20093 1.51363
1.20427718388 0.538164 0.356218 0.324052376984 0.562639 0.591587 0.626346 0.668845 0.721977 0.790273 0.881271 1.00849 1.19884 1.51465
1.2217304764 0.529566 0.348182 0.316131026645 0.554269 0.583487 0.61857 0.661466 0.715092 0.784023 0.875866 1.00427 1.19638 1.51512
1.23918376892 0.520989 0.340329 0.308422702278 0.545906 0.575377 0.610764 0.65403 0.708119 0.777646 0.870281 0.999786 1.19355 1.51504
1.25663706144 0.512435 0.332659 0.300925998151 0.537552 0.567259 0.602929 0.646541 0.701061 0.771141 0.864514 0.995049 1.19036 1.5144
1.27409035396 0.503907 0.325171 0.293639131744 0.529209 0.559134 0.595066 0.638998 0.693917 0.76451 0.858565 0.990052 1.18678 1.51318
1.29154364648 0.495405 0.317863 0.286559950986 0.520878 0.551004 0.587176 0.631402 0.686689 0.757753 0.852433 0.984796 1.18284 1.5114
1.308996939 0.486933 0.310733 0.279685977734 0.512561 0.54287 0.579262 0.623756 0.679377 0.750869 0.84612 0.979278 1.17851 1.50904
1.32645023152 0.478492 0.30378 0.273014400531 0.50426 0.534735 0.571325 0.61606 0.671981 0.743859 0.839623 0.973498 1.1738 1.50611
1.34390352404 0.470085 0.297001 0.266542096338 0.495977 0.526599 0.563365 0.608315 0.664504 0.736725 0.832946 0.967456 1.1687 1.50259
1.36135681656 0.461712 0.290393 0.260265652277 0.487714 0.518465 0.555385 0.600523 0.656946 0.729468 0.826086 0.961152 1.16323 1.49849
1.37881010908 0.453376 0.283955 0.254181380119 0.479472 0.510334 0.547386 0.592685 0.649309 0.722087 0.819046 0.954587 1.15737 1.4938
1.3962634016 0.445079 0.277683 0.248285316286 0.471254 0.502208 0.539371 0.584803 0.641594 0.714585 0.811827 0.947761 1.15113 1.48853
1.41371669412 0.436822 0.271574 0.242573272576 0.46306 0.494088 0.531339 0.576879 0.633802 0.706963 0.804429 0.940675 1.14451 1.48268
1.43116998664 0.428607 0.265624 0.237040814418 0.454893 0.485977 0.523294 0.568913 0.625935 0.699222 0.796854 0.933331 1.13751 1.47624
1.44862327916 0.420437 0.25983 0.231683326094 0.446754 0.477875 0.515236 0.560908 0.617995 0.691364 0.789104 0.92573 1.13013 1.46922
1.46607657168 0.412312 0.254189 0.226495981748 0.438646 0.469786 0.507168 0.552866 0.609984 0.683391 0.781181 0.917874 1.12237 1.46163
1.4835298642 0.404234 0.248696 0.221473781622 0.430569 0.461709 0.499091 0.544788 0.601903 0.675305 0.773086 0.909766 1.11424 1.45345
1.50098315672 0.396205 0.243347 0.216611581035 0.422526 0.453648 0.491008 0.536676 0.593754 0.667107 0.764823 0.901408 1.10574 1.44471
1.51843644924 0.388226 0.238139 0.211904097634 0.414517 0.445603 0.482919 0.528532 0.58554 0.658802 0.756393 0.892803 1.09687 1.4354
1.53588974176 0.3803 0.233067 0.207345925881 0.406546 0.437578 0.474827 0.520358 0.577263 0.65039 0.7478 0.883954 1.08764 1.42552
1.55334303427 0.372427 0.228126 0.202931558797 0.398613 0.429572 0.466734 0.512156 0.568924 0.641874 0.739046 0.874865 1.07804 1.41509
1.57079632679 0.36461 0.223312 0.198655416938 0.390719 0.421589 0.458641 0.503929 0.560527 0.633257 0.730135 0.86554 1.06809 1.4041
1.58824961931 0.356848 0.218621 0.194511826666 0.382868 0.413629 0.450551 0.495678 0.552073 0.624542 0.721069 0.855982 1.0578 1.39257
1.60570291183 0.349145 0.214048 0.190495107094 0.375059 0.405695 0.442465 0.487405 0.543566 0.615731 0.711853 0.846196 1.04715 1.38051
1.62315620435 0.341502 0.209589 0.186599504877 0.367295 0.397788 0.434386 0.479114 0.535008 0.606829 0.70249 0.836186 1.03618 1.36791
1.64060949687 0.333919 0.205239 0.182819273915 0.359578 0.389911 0.426315 0.470806 0.526403 0.597839 0.692984 0.825959 1.02486 1.3548
1.65806278939 0.326399 0.200993 0.179148675353 0.351909 0.382065 0.418256 0.462484 0.517751 0.588763 0.68334 0.815519 1.01323 1.34118
1.67551608191 0.318942 0.196847 0.175581970338 0.344289 0.374252 0.410209 0.454151 0.509058 0.579605 0.673562 0.80487 1.00128 1.32706
1.69296937443 0.31155 0.192796 0.172113463491 0.336721 0.366473 0.402177 0.445808 0.500325 0.570369 0.663654 0.79402 0.989013 1.31244
1.71042266695 0.304225 0.188835 0.168737502912 0.329205 0.358731 0.394162 0.437459 0.491556 0.561059 0.653621 0.782974 0.976448 1.29735
1.72787595947 0.296967 0.18496 0.165448509158 0.321743 0.351027 0.386167 0.429105 0.482754 0.551678 0.643468 0.771738 0.963589 1.2818
1.74532925199 0.289777 0.181167 0.162240975248 0.314337 0.343363 0.378193 0.420751 0.473922 0.542232 0.6332 0.760319 0.950444 1.26579
1.76278254451 0.282658 0.177451 0.159109481154 0.306988 0.335742 0.370242 0.412398 0.465064 0.532723 0.622821 0.748723 0.937024 1.24933
1.78023583703 0.27561 0.173807 0.156048722784 0.299697 0.328164 0.362318 0.404049 0.456183 0.523156 0.612339 0.736958 0.923336 1.23245
1.79768912955 0.268634 0.170232 0.15305351198 0.292467 0.320632 0.354422 0.395707 0.447282 0.513535 0.601757 0.72503 0.909391 1.21516
1.81514242207 0.261732 0.166722 0.150118783771 0.285298 0.313147 0.346557 0.387375 0.438366 0.503865 0.591082 0.712947 0.895199 1.19746
1.83259571459 0.254905 0.163271 0.147239625349 0.278193 0.305711 0.338724 0.379056 0.429437 0.494151 0.58032 0.700717 0.88077 1.17938
1.85004900711 0.248153 0.159877 0.144411268828 0.271151 0.298327 0.330927 0.370752 0.420499 0.484397 0.569476 0.688347 0.866113 1.16092
1.86750229963 0.241477 0.156535 0.141629127472 0.264176 0.290995 0.323167 0.362467 0.411557 0.474608 0.558556 0.675845 0.851241 1.14211
1.88495559215 0.23488 0.153242 0.138888766713 0.257268 0.283719 0.315447 0.354204 0.402613 0.464788 0.547567 0.66322 0.836164 1.12297
1.90240888467 0.228362 0.149995 0.136185947623 0.250429 0.276499 0.307769 0.345966 0.393672 0.454943 0.536516 0.650479 0.820893 1.10349
1.91986217719 0.221923 0.146789 0.133516619674 0.243659 0.269338 0.300136 0.337755 0.384738 0.445077 0.525408 0.637631 0.805441 1.08372
1.93731546971 0.215565 0.143622 0.130876927979 0.236961 0.262237 0.29255 0.329575 0.375814 0.435196 0.514249 0.624686 0.789818 1.06365
1.95476876223 0.209289 0.140491 0.128263235031 0.230336 0.255198 0.285014 0.321429 0.366905 0.425305 0.503048 0.611651 0.774037 1.04331
1.97222205475 0.203096 0.137392 0.12567211346 0.223785 0.248223 0.277529 0.31332 0.358015 0.415409 0.49181 0.598535 0.758109 1.02271
1.98967534727 0.196986 0.134323 0.123100346029 0.217309 0.241314 0.270099 0.305251 0.349147 0.405513 0.480542 0.585348 0.742048 1.00188
2.00712863979 0.190961 0.131282 0.120544940129 0.21091 0.234472 0.262725 0.297226 0.340306 0.395622 0.469252 0.572099 0.725866 0.980827
2.02458193231 0.185021 0.128266 0.118003135023 0.204589 0.2277 0.25541 0.289247 0.331496 0.385742 0.457946 0.558797 0.709575 0.959575
2.04203522483 0.179167 0.125273 0.115472409093 0.198347 0.220998 0.248157 0.281317 0.322721 0.375878 0.44663 0.545451 0.693189 0.938141
2.05948851735 0.1734 0.122301 0.112950458104 0.192186 0.21437 0.240967 0.273441 0.313984 0.366036 0.435313 0.53207 0.67672 0.916544
2.07694180987 0.16772 0.119348 0.110435224182 0.186106 0.207817 0.233844 0.26562 0.305292 0.356221 0.424002 0.518665 0.660181 0.894804
2.09439510239 0.162129 0.116413 0.107924888574 0.18011 0.201339 0.226789 0.257859 0.296646 0.346439 0.412703 0.505246 0.643586 0.872939
2.11184839491 0.156627 0.113494 0.105417857156 0.174197 0.19494 0.219806 0.250161 0.288053 0.336694 0.401424 0.49182 0.626948 0.850968
2.12930168743 0.151215 0.11059 0.102912782165 0.168369 0.188621 0.212896 0.242527 0.279515 0.326993 0.390172 0.478399 0.61028 0.828912
2.14675497995 0.145893 0.1077 0.100408562205 0.162628 0.182383 0.206061 0.234963 0.271038 0.317341 0.378955 0.464993 0.593596 0.80679
2.16420827247 0.140663 0.104823 0.0979043132611 0.156974 0.176229 0.199305 0.227471 0.262624 0.307744 0.367779 0.45161 0.57691 0.784621
2.18166156499 0.135524 0.101959 0.0953993904366 0.151409 0.170159 0.192629 0.220053 0.25428 0.298207 0.356653 0.43826 0.560234 0.762425
2.19911485751 0.130478 0.0991072 0.092893380708 0.145934 0.164176 0.186036 0.212714 0.246008 0.288735 0.345582 0.424954 0.543583 0.740222
2.21656815003 0.125524 0.0962672 0.0903860956784 0.140549 0.158281 0.179528 0.205456 0.237812 0.279334 0.334575 0.411702 0.526969 0.718032
2.23402144255 0.120664 0.0934391 0.0878775715781 0.135256 0.152475 0.173107 0.198283 0.229698 0.270011 0.32364 0.398512 0.510407 0.695874
2.25147473507 0.115898 0.090623 0.085368054772 0.130055 0.146761 0.166776 0.191197 0.221669 0.260769 0.312782 0.385396 0.49391 0.673769
2.26892802759 0.111226 0.0878193 0.0828580162519 0.124948 0.141139 0.160536 0.184202 0.213729 0.251615 0.30201 0.372362 0.477492 0.651736
2.28638132011 0.106649 0.0850285 0.0803481154064 0.119936 0.135612 0.154391 0.1773 0.205883 0.242554 0.291331 0.35942 0.461166 0.629795
2.30383461263 0.102167 0.0822512 0.0778392290047 0.115019 0.13018 0.148341 0.170496 0.198134 0.233591 0.280751 0.346581 0.444945 0.607965
2.32128790515 0.0977815 0.0794882 0.0753324149669 0.110199 0.124846 0.14239 0.16379 0.190486 0.224732 0.270279 0.333853 0.428843 0.586266
2.33874119767 0.0934917 0.0767406 0.0728289051179 0.105475 0.11961 0.136539 0.157187 0.182943 0.215982 0.25992 0.321246 0.412873 0.564717
2.35619449019 0.0892985 0.0740094 0.070330134171 0.10085 0.114475 0.13079 0.15069 0.17551 0.207346 0.249682 0.308769 0.397048 0.543338
2.37364778271 0.085202 0.071296 0.0678376817604 0.096324 0.10944 0.125146 0.144301 0.168189 0.198829 0.239572 0.296433 0.381381 0.522147
2.39110107523 0.0812026 0.0686017 0.0653532941786 0.0918973 0.104509 0.119609 0.138022 0.160986 0.190437 0.229597 0.284245 0.365885 0.501163
2.40855436775 0.0773005 0.0659281 0.0628788626391 0.0875709 0.0996807 0.114179 0.131858 0.153903 0.182174 0.219763 0.272216 0.350573 0.480405
2.42600766027 0.0734961 0.063277 0.0604164305216 0.0833456 0.0949581 0.10886 0.125809 0.146944 0.174045 0.210077 0.260354 0.335456 0.459892
2.44346095279 0.0697895 0.06065 0.0579681498964 0.079222 0.0903419 0.103652 0.11988 0.140113 0.166056 0.200545 0.248668 0.320548 0.439641
2.46091424531 0.0661809 0.0580492 0.0555363032623 0.0752008 0.0858331 0.098559 0.114073 0.133413 0.158211 0.191175 0.237167 0.305861 0.41967
2.47836753783 0.0626704 0.0554764 0.0531232818083 0.0712825 0.0814331 0.0935812 0.108389 0.126848 0.150514 0.181972 0.225859 0.291406 0.399997
2.49582083035 0.0592582 0.0529338 0.0507315636761 0.0674677 0.0771427 0.0887205 0.102832 0.120421 0.14297 0.172942 0.214752 0.277196 0.38064
2.51327412287 0.0559444 0.0504236 0.0483637284514 0.0637569 0.072963 0.0839787 0.0974036 0.114136 0.135585 0.164091 0.203856 0.263241 0.361614
2.53072741539 0.052729 0.047948 0.0460224064425 0.0601506 0.0688951 0.0793573 0.0921065 0.107995 0.128361 0.155426 0.193178 0.249553 0.342937
2.54818070791 0.0496121 0.0455092 0.0437103149097 0.0566492 0.0649398 0.0748578 0.0869427 0.102002 0.121303 0.146952 0.182725 0.236144 0.324624
2.56563400043 0.0465936 0.0431097 0.0414302073436 0.0532531 0.061098 0.0704817 0.0819144 0.09616 0.114416 0.138674 0.172506 0.223022 0.306692
2.58308729295 0.0436736 0.0407518 0.0391848662188 0.0499628 0.0573705 0.0662304 0.0770237 0.0904712 0.107703 0.130599 0.162528 0.2102 0.289156
2.60054058547 0.0408519 0.0384379 0.0369771247323 0.0467785 0.0537581 0.0621051 0.0722725 0.084939 0.101169 0.12273 0.152798 0.197688 0.272031
2.61799387799 0.0381286 0.0361706 0.0348098088348 0.0437004 0.0502616 0.0581072 0.0676628 0.0795658 0.0948158 0.115075 0.143323 0.185494 0.255331
2.63544717051 0.0355034 0.0339523 0.0326857589693 0.040729 0.0468816 0.0542378 0.0631963 0.0743543 0.0886485 0.107636 0.134109 0.173629 0.239071
2.65290046303 0.0329761 0.0317854 0.0306077938405 0.0378642 0.0436187 0.050498 0.0588747 0.069307 0.0826701 0.100419 0.125164 0.162101 0.223263
2.67035375555 0.0305467 0.0296724 0.0285787249074 0.0351064 0.0404735 0.0468888 0.0546996 0.0644261 0.0768839 0.0934289 0.116494 0.150919 0.207921
2.68780704807 0.0282148 0.0276157 0.0266013201524 0.0324555 0.0374463 0.0434111 0.0506726 0.0597139 0.0712929 0.0866694 0.108103 0.140093 0.193058
2.70526034059 0.0259802 0.0256177 0.024678304082 0.0299116 0.0345378 0.040066 0.046795 0.0551724 0.0659001 0.0801446 0.099999 0.129629 0.178684
2.72271363311 0.0238425 0.0236808 0.0228123432345 0.0274747 0.0317481 0.036854 0.0430682 0.0508037 0.0607082 0.0738585 0.0921861 0.119536 0.164812
2.74016692563 0.0218015 0.0218073 0.0210060389338 0.0251447 0.0290776 0.0337759 0.0394933 0.0466094 0.0557199 0.0678147 0.0846697 0.10982 0.151453
2.75762021815 0.0198566 0.0199994 0.0192618983055 0.0229216 0.0265265 0.0308324 0.0360714 0.0425914 0.0509376 0.0620165 0.0774545 0.100488 0.138616
2.77507351067 0.0180076 0.0182594 0.0175823560151 0.0208052 0.024095 0.0280239 0.0328036 0.038751 0.0463634 0.0564672 0.0705449 0.0915476 0.126311
2.79252680319 0.0162539 0.0165893 0.0159697307913 0.0187952 0.0217831 0.0253509 0.0296905 0.0350897 0.0419995 0.0511696 0.0639453 0.0830037 0.114547
2.80998009571 0.014595 0.0149912 0.0144262399187 0.0168914 0.0195909 0.0228137 0.0267331 0.0316087 0.0378476 0.0461265 0.0576592 0.074862 0.103332
2.82743338823 0.0130304 0.013467 0.0129539630073 0.0150934 0.0175182 0.0204125 0.0239318 0.028309 0.0339094 0.0413401 0.0516902 0.0671275 0.0926735
2.84488668075 0.0115594 0.0120184 0.0115548492385 0.0134009 0.0155649 0.0181474 0.0212871 0.0251916 0.0301864 0.0368127 0.0460414 0.0598048 0.0825791
2.86233997327 0.0101814 0.0106472 0.0102307101193 0.0118134 0.0137308 0.0160185 0.0187994 0.0222571 0.0266796 0.032546 0.0407154 0.0528978 0.0730544
2.87979326579 0.00889563 0.00935493 0.00898319774409 0.0103303 0.0120154 0.0140257 0.0164689 0.019506 0.0233902 0.0285417 0.0357147 0.0464101 0.0641049
2.89724655831 0.0077014 0.00814302 0.00781379754846 0.00895105 0.0104186 0.0121688 0.0142955 0.0169389 0.0203188 0.0248009 0.0310411 0.0403446 0.0557354
2.91469985083 0.00659786 0.00701274 0.00672382106349 0.00767497 0.00893954 0.0104475 0.0122793 0.0145557 0.017466 0.0213247 0.0266962 0.0347039 0.0479496
2.93215314335 0.00558413 0.00596521 0.00571440591554 0.0065013 0.00757782 0.00886119 0.0104199 0.0123566 0.014832 0.0181137 0.0226813 0.0294897 0.0407506
2.94960643587 0.00465928 0.0050014 0.00478648684219 0.00542921 0.00633267 0.00740946 0.00871699 0.0103412 0.0124169 0.0151681 0.0189969 0.0247034 0.0341408
2.96705972839 0.0038223 0.00412208 0.00394079569225 0.00445778 0.00520328 0.00609156 0.00716992 0.00850917 0.0102204 0.0124881 0.0156435 0.0203457 0.0281215
2.98451302091 0.00307211 0.00332787 0.00317786867179 0.00358602 0.00418871 0.00490665 0.00577798 0.00685987 0.00824192 0.0100731 0.0126207 0.0164167 0.0226932
3.00196631343 0.00240755 0.00261915 0.00249798837588 0.0028128 0.00328792 0.00385371 0.00454021 0.00539238 0.00648075 0.00792253 0.00992803 0.0129158 0.0178554
3.01941960595 0.00182738 0.00199614 0.0019012272648 0.00213692 0.00249971 0.0029316 0.00345547 0.00410559 0.00493571 0.00603517 0.0075642 0.0098418 0.0136069
3.03687289847 0.00133026 0.00145881 0.00138741867991 0.00155705 0.00182276 0.00213897 0.00252241 0.00299812 0.00360538 0.00440948 0.00552754 0.0071927 0.00994498
3.05432619099 0.000914735 0.0010069 0.000956106121468 0.00107173 0.00125559 0.00147431 0.00173945 0.00206828 0.00248793 0.00304347 0.00381576 0.00496574 0.00686624
3.07177948351 0.000579247 0.000639909 0.000606572232713 0.000679356 0.000796541 0.000935889 0.00110474 0.00131409 0.00158118 0.00193466 0.00242594 0.00315734 0.00436589
3.08923277603 0.000322073 0.000357036 0.000337795323728 0.000378145 0.000443748 0.000521724 0.000616169 0.000733222 0.000882505 0.00108002 0.00135446 0.00176295 0.00243782
3.10668606855 0.00014131 0.000157178 0.000148391403205 0.000166107 0.000195102 0.000229548 0.000271249 0.00032291 0.00038877 0.000475877 0.000596877 0.000776936 0.00107435
3.12413936107 3.48047e-05 3.88429e-05 3.65851943349e-05 4.09668e-05 4.81673e-05 5.67158e-05 6.70591e-05 7.98658e-05 9.61851e-05 0.000117761 0.00014772 0.00019229 0.000265893
3.14159265359 0.0 0.0 0.0 0.0 0.0 0.0 0.0 0.0 0.0 0.0 0.0 0.0 0.0
