alpha phi_iso phi_ray phi_vec g0=0.1 g0=0.2 g0=0.3 g0=0.4 g0=0.5 g0=0.6 g0=0.7 g0=0.8 g0=0.9 g0=1.0
0.0 1.0 1.0 1.0 1.0 1.0 1.0 1.0 1.0 1.0 1.0 1.0 1.0 1.0
0.0174532925199 0.999676 0.999537 0.999527022338 0.999691 0.999709 0.999731 0.999758 0.999792 0.999836 0.999896 0.999984 1.00012 1.00039
0.0349065850399 0.998768 0.998217 0.998174415366 0.998828 0.998898 0.998983 0.999088 0.99922 0.999393 0.999631 0.999976 1.00053 1.00155
0.0523598775598 0.997369 0.996142 0.996040889191 0.9975 0.997655 0.997842 0.998072 0.998363 0.998745 0.999268 1.00003 1.00125 1.00351
0.0698131700798 0.995552 0.993395 0.993204817087 0.995779 0.996048 0.996373 0.996774 0.997281 0.997946 0.998858 1.00019 1.00231 1.00626
0.0872664625997 0.993363 0.990029 0.989718853886 0.99371 0.994122 0.994619 0.995233 0.996011 0.997032 0.998431 1.00047 1.00374 1.0098
0.10471975512 0.990833 0.986081 0.985618555997 0.991323 0.991904 0.992608 0.993476 0.994578 0.996024 0.998007 1.0009 1.00553 1.01413
0.12217304764 0.987983 0.981578 0.98093140741 0.988638 0.989416 0.990358 0.991521 0.992998 0.994936 0.997597 1.00148 1.00769 1.01924
0.13962634016 0.984829 0.976544 0.975681776444 0.985671 0.986672 0.987884 0.989382 0.991284 0.993782 0.99721 1.00222 1.01023 1.02513
0.157079632679 0.981389 0.971002 0.969892851242 0.982439 0.983688 0.985201 0.987072 0.989448 0.992569 0.996855 1.00312 1.01313 1.03177
0.174532925199 0.977677 0.964974 0.963587196811 0.978955 0.980477 0.982321 0.984602 0.9875 0.991308 0.996538 1.00418 1.01641 1.03916
0.191986217719 0.973706 0.958482 0.956786896646 0.975233 0.977051 0.979255 0.981983 0.985449 0.990004 0.996263 1.00541 1.02005 1.04729
0.209439510239 0.969488 0.951546 0.949513609376 0.971283 0.973422 0.976014 0.979223 0.983303 0.988665 0.996034 1.0068 1.02404 1.05613
0.226892802759 0.965036 0.944186 0.941788578211 0.967118 0.969599 0.972607 0.976333 0.981069 0.987296 0.995854 1.00836 1.02839 1.06567
0.244346095279 0.960361 0.936423 0.9336326687 0.962748 0.965593 0.969044 0.973318 0.978753 0.9859 0.995725 1.01009 1.03309 1.0759
0.261799387799 0.955473 0.928276 0.925066453711 0.958183 0.961413 0.965331 0.970186 0.976361 0.984482 0.995647 1.01197 1.03811 1.08678
0.279252680319 0.950381 0.919763 0.916110203984 0.953431 0.957066 0.961478 0.966944 0.973897 0.983044 0.995621 1.01401 1.04347 1.0983
0.296705972839 0.945095 0.910905 0.906783963667 0.9485 0.952561 0.957489 0.963596 0.971366 0.981588 0.995646 1.0162 1.04913 1.11044
0.314159265359 0.939624 0.901719 0.897107550311 0.9434 0.947904 0.953371 0.960147 0.96877 0.980116 0.99572 1.01854 1.0551 1.12316
0.331612557879 0.933974 0.892223 0.887100611524 0.938136 0.943102 0.94913 0.956603 0.966113 0.978628 0.995842 1.02102 1.06135 1.13646
0.349065850399 0.928154 0.882436 0.876782568318 0.932717 0.938162 0.944771 0.952967 0.963397 0.977125 0.996009 1.02363 1.06788 1.15029
0.366519142919 0.922172 0.872375 0.866172709527 0.927149 0.933088 0.9403 0.949242 0.960625 0.975607 0.996217 1.02637 1.07468 1.16463
0.383972435439 0.916035 0.862058 0.855290106829 0.921438 0.927888 0.935719 0.945432 0.957797 0.974072 0.996465 1.02922 1.08171 1.17946
0.401425727959 0.909748 0.851503 0.844153680843 0.915591 0.922565 0.931035 0.94154 0.954915 0.972521 0.996747 1.03219 1.08898 1.19475
0.418879020479 0.903319 0.840725 0.832782144474 0.909612 0.917124 0.926249 0.937568 0.951979 0.970952 0.997059 1.03526 1.09647 1.21047
0.436332312999 0.896754 0.829743 0.82119403124 0.903508 0.911571 0.921367 0.933518 0.948991 0.969363 0.997397 1.03841 1.10415 1.22658
0.453785605519 0.890058 0.818574 0.809407657508 0.897283 0.90591 0.916391 0.929393 0.945951 0.967752 0.997755 1.04166 1.11202 1.24306
0.471238898038 0.883238 0.807232 0.79744112249 0.890943 0.900145 0.911324 0.925194 0.942858 0.966118 0.998129 1.04497 1.12005 1.25988
0.488692190558 0.876298 0.795736 0.785312289365 0.884493 0.894279 0.906169 0.920923 0.939713 0.964457 0.998513 1.04835 1.12823 1.27701
0.506145483078 0.869245 0.7841 0.773038794714 0.877936 0.888316 0.900929 0.91658 0.936515 0.962768 0.998901 1.05178 1.13654 1.29441
0.523598775598 0.862084 0.772341 0.760637982438 0.871278 0.882261 0.895607 0.912168 0.933264 0.961046 0.999288 1.05525 1.14496 1.31206
0.541052068118 0.854818 0.760473 0.748126932076 0.864523 0.876115 0.890203 0.907687 0.929958 0.95929 0.999666 1.05876 1.15348 1.32992
0.558505360638 0.847454 0.748513 0.735522439923 0.857675 0.869884 0.884722 0.903138 0.926598 0.957496 1.00003 1.06228 1.16207 1.34796
0.575958653158 0.839996 0.736475 0.722840981267 0.850737 0.863568 0.879164 0.898521 0.923181 0.955661 1.00037 1.06582 1.17072 1.36615
0.593411945678 0.832448 0.724374 0.710098691506 0.843713 0.857173 0.873532 0.893837 0.919706 0.953781 1.00069 1.06935 1.17942 1.38445
0.610865238198 0.824815 0.712224 0.697311394469 0.836608 0.850699 0.867827 0.889087 0.916174 0.951854 1.00097 1.07287 1.18813 1.40284
0.628318530718 0.817101 0.700038 0.684494526886 0.829425 0.844151 0.862051 0.884271 0.912581 0.949874 1.00122 1.07637 1.19685 1.42129
0.645771823238 0.80931 0.687831 0.671663176156 0.822167 0.83753 0.856205 0.879388 0.908926 0.947839 1.00141 1.07983 1.20555 1.43975
0.663225115758 0.801446 0.675616 0.658832023696 0.814837 0.830839 0.850291 0.874439 0.905209 0.945744 1.00155 1.08324 1.21421 1.45821
0.680678408278 0.793514 0.663405 0.646015354383 0.807439 0.82408 0.84431 0.869425 0.901427 0.943587 1.00163 1.0866 1.22283 1.47662
0.698131700798 0.785517 0.651212 0.633227056554 0.799976 0.817256 0.838264 0.864345 0.897579 0.941362 1.00165 1.08989 1.23137 1.49496
0.715584993318 0.777458 0.639048 0.620480555917 0.792451 0.810369 0.832153 0.859198 0.893662 0.939067 1.00158 1.0931 1.23983 1.51319
0.733038285838 0.769342 0.626925 0.607788862756 0.784867 0.803421 0.825979 0.853986 0.889676 0.936697 1.00144 1.09622 1.24818 1.53129
0.750491578358 0.761172 0.614854 0.595164524727 0.777226 0.796414 0.819742 0.848707 0.885618 0.934249 1.00121 1.09924 1.25641 1.54922
0.767944870878 0.752952 0.602847 0.582619636294 0.769533 0.78935 0.813445 0.843361 0.881487 0.931719 1.00089 1.10214 1.26449 1.56696
0.785398163397 0.744684 0.590913 0.570165800971 0.761788 0.78223 0.807087 0.837949 0.87728 0.929102 1.00046 1.10492 1.27242 1.58447
0.802851455917 0.736373 0.579064 0.557814169082 0.753995 0.775058 0.80067 0.83247 0.872997 0.926395 0.999925 1.10757 1.28016 1.60173
0.820304748437 0.728021 0.567308 0.54557536223 0.746157 0.767835 0.794194 0.826923 0.868635 0.923595 0.999276 1.11007 1.28772 1.6187
0.837758040957 0.719631 0.555655 0.53345954883 0.738276 0.760562 0.787661 0.821309 0.864193 0.920698 0.998506 1.11242 1.29507 1.63536
0.855211333477 0.711208 0.544113 0.521476349696 0.730355 0.753241 0.78107 0.815627 0.859669 0.917699 0.99761 1.1146 1.30219 1.65168
0.872664625997 0.702753 0.532691 0.509634913569 0.722395 0.745874 0.774425 0.809877 0.85506 0.914596 0.996581 1.11661 1.30906 1.66764
0.890117918517 0.69427 0.521398 0.497943869912 0.7144 0.738463 0.767723 0.804058 0.850366 0.911385 0.995413 1.11843 1.31568 1.6832
0.907571211037 0.685761 0.510239 0.486411300586 0.706372 0.731009 0.760968 0.79817 0.845585 0.908063 0.9941 1.12006 1.32203 1.69834
0.925024503557 0.67723 0.499223 0.475044805938 0.698313 0.723514 0.754159 0.792214 0.840716 0.904626 0.992636 1.12149 1.32809 1.71304
0.942477796077 0.66868 0.488355 0.463851457596 0.690225 0.715979 0.747297 0.786188 0.835756 0.901071 0.991017 1.1227 1.33385 1.72727
0.959931088597 0.660112 0.477642 0.452837789027 0.68211 0.708406 0.740384 0.780093 0.830705 0.897396 0.989236 1.1237 1.3393 1.74101
0.977384381117 0.65153 0.46709 0.442009833302 0.673971 0.700797 0.733419 0.773929 0.825561 0.893596 0.987289 1.12446 1.34441 1.75423
0.994837673637 0.642937 0.456703 0.431373094771 0.66581 0.693152 0.726403 0.767694 0.820322 0.88967 0.98517 1.12499 1.34919 1.76691
1.01229096616 0.634334 0.446486 0.42093256795 0.657629 0.685475 0.719338 0.76139 0.814988 0.885615 0.982875 1.12527 1.3536 1.77903
1.02974425868 0.625725 0.436444 0.410692728073 0.649429 0.677765 0.712225 0.755016 0.809558 0.881427 0.9804 1.1253 1.35765 1.79057
1.0471975512 0.617112 0.42658 0.400657549982 0.641214 0.670025 0.705063 0.748573 0.804029 0.877105 0.977739 1.12508 1.36133 1.80151
1.06465084372 0.608497 0.416898 0.390830489238 0.632984 0.662256 0.697854 0.742059 0.798402 0.872647 0.97489 1.12458 1.36461 1.81183
1.08210413624 0.599883 0.407401 0.381214529331 0.624743 0.65446 0.690599 0.735476 0.792676 0.868049 0.971847 1.12381 1.36749 1.82151
1.09955742876 0.591272 0.39809 0.371812134473 0.616491 0.646637 0.683298 0.728824 0.78685 0.863311 0.968607 1.12277 1.36996 1.83054
1.11701072128 0.582667 0.388969 0.362625315689 0.608231 0.63879 0.675953 0.722102 0.780922 0.85843 0.965168 1.12144 1.37202 1.83889
1.1344640138 0.574069 0.380039 0.353655593048 0.599965 0.63092 0.668564 0.715311 0.774893 0.853405 0.961525 1.11982 1.37364 1.84656
1.15191730632 0.565481 0.371301 0.344904023989 0.591694 0.623028 0.661133 0.708452 0.768763 0.848234 0.957675 1.1179 1.37483 1.85352
1.16937059884 0.556905 0.362756 0.336371222206 0.58342 0.615116 0.65366 0.701524 0.76253 0.842916 0.953617 1.11569 1.37557 1.85977
1.18682389136 0.548344 0.354404 0.328057329319 0.575146 0.607185 0.646147 0.694529 0.756194 0.83745 0.949347 1.11317 1.37585 1.86529
1.20427718388 0.539799 0.346247 0.319962099851 0.566873 0.599237 0.638594 0.687466 0.749756 0.831834 0.944863 1.11034 1.37568 1.87006
1.2217304764 0.531272 0.338282 0.312084844579 0.558603 0.591274 0.631003 0.680337 0.743215 0.826068 0.940164 1.1072 1.37505 1.87408
1.23918376892 0.522766 0.33051 0.304424449414 0.550338 0.583296 0.623374 0.673142 0.736572 0.820152 0.935247 1.10375 1.37394 1.87734
1.25663706144 0.514282 0.32293 0.296979450935 0.542079 0.575305 0.615709 0.665881 0.729826 0.814084 0.930112 1.09998 1.37235 1.87983
1.27409035396 0.505823 0.31554 0.28974797974 0.533828 0.567303 0.60801 0.658557 0.722979 0.807864 0.924757 1.09589 1.37029 1.88154
1.29154364648 0.49739 0.308339 0.282727807653 0.525587 0.559292 0.600277 0.651169 0.71603 0.801493 0.919181 1.09148 1.36774 1.88246
1.308996939 0.488985 0.301325 0.275916366605 0.517358 0.551272 0.592511 0.643718 0.70898 0.794971 0.913384 1.08674 1.3647 1.88258
1.32645023152 0.480611 0.294496 0.269310739196 0.509143 0.543245 0.584714 0.636206 0.70183 0.788297 0.907365 1.08168 1.36117 1.88191
1.34390352404 0.472268 0.287849 0.262907715341 0.500942 0.535214 0.576888 0.628633 0.69458 0.781473 0.901124 1.07629 1.35715 1.88043
1.36135681656 0.46396 0.281381 0.256703763948 0.492758 0.527179 0.569033 0.621002 0.687233 0.774498 0.894662 1.07058 1.35264 1.87815
1.37881010908 0.455687 0.275089 0.250695089563 0.484593 0.519142 0.561151 0.613313 0.679788 0.767374 0.887978 1.06454 1.34763 1.87505
1.3962634016 0.447451 0.26897 0.244877613489 0.476448 0.511105 0.553245 0.605567 0.672247 0.760101 0.881075 1.05817 1.34212 1.87115
1.41371669412 0.439254 0.263021 0.239247020997 0.468324 0.503069 0.545314 0.597767 0.664611 0.752682 0.873951 1.05148 1.33612 1.86643
1.43116998664 0.431098 0.257238 0.233798770758 0.460224 0.495035 0.537361 0.589913 0.656882 0.745117 0.86661 1.04447 1.32963 1.8609
1.44862327916 0.422984 0.251617 0.228528085414 0.45215 0.487007 0.529388 0.582007 0.649062 0.737407 0.859053 1.03713 1.32264 1.85456
1.46607657168 0.414914 0.246154 0.223430017655 0.444102 0.478984 0.521395 0.574051 0.641151 0.729556 0.85128 1.02947 1.31516 1.84742
1.4835298642 0.40689 0.240844 0.218499440789 0.436082 0.470969 0.513385 0.566047 0.633153 0.721563 0.843295 1.02149 1.3072 1.83947
1.50098315672 0.398913 0.235684 0.213731058175 0.428093 0.462964 0.50536 0.557996 0.625068 0.713433 0.8351 1.0132 1.29875 1.83072
1.51843644924 0.390985 0.230669 0.209119431552 0.420135 0.45497 0.497322 0.5499 0.6169 0.705166 0.826697 1.0046 1.28982 1.82118
1.53588974176 0.383107 0.225794 0.204659018803 0.41221 0.446989 0.489271 0.541762 0.608649 0.696766 0.818089 0.995683 1.28041 1.81084
1.55334303427 0.375281 0.221054 0.200344155073 0.404321 0.439023 0.48121 0.533584 0.600319 0.688235 0.809279 0.986463 1.27053 1.79973
1.57079632679 0.367508 0.216445 0.196169090534 0.396467 0.431073 0.473142 0.525367 0.591912 0.679576 0.800271 0.976942 1.26018 1.78784
1.58824961931 0.359789 0.211961 0.19212802815 0.388652 0.42314 0.465067 0.517114 0.58343 0.670792 0.791068 0.967124 1.24937 1.77519
1.60570291183 0.352127 0.207598 0.188215085912 0.380876 0.415228 0.456988 0.508826 0.574876 0.661885 0.781674 0.957014 1.23811 1.76178
1.62315620435 0.344521 0.203352 0.184424381813 0.373141 0.407338 0.448907 0.500508 0.566254 0.65286 0.772094 0.946617 1.2264 1.74762
1.64060949687 0.336975 0.199216 0.180749977197 0.365449 0.39947 0.440826 0.49216 0.557565 0.64372 0.76233 0.935939 1.21426 1.73273
1.65806278939 0.329489 0.195186 0.177185980612 0.357801 0.391629 0.432747 0.483786 0.548813 0.634469 0.752389 0.924986 1.20168 1.71712
1.67551608191 0.322065 0.191257 0.173726481727 0.350199 0.383814 0.424672 0.475388 0.54 0.62511 0.742275 0.913764 1.18868 1.70079
1.69296937443 0.314703 0.187424 0.170365617417 0.342645 0.376028 0.416604 0.466968 0.531131 0.615647 0.731993 0.90228 1.17526 1.68378
1.71042266695 0.307405 0.183681 0.167097562321 0.335139 0.368273 0.408545 0.458529 0.522209 0.606084 0.721547 0.890539 1.16144 1.66608
1.72787595947 0.300172 0.180025 0.163916576053 0.327683 0.36055 0.400496 0.450075 0.513236 0.596426 0.710945 0.87855 1.14723 1.64771
1.74532925199 0.293006 0.17645 0.160816965434 0.32028 0.352862 0.392461 0.441607 0.504216 0.586678 0.70019 0.86632 1.13263 1.62869
1.76278254451 0.285907 0.172951 0.15779315058 0.31293 0.34521 0.384441 0.43313 0.495153 0.576842 0.689289 0.853857 1.11766 1.60904
1.78023583703 0.278878 0.169524 0.154839664906 0.305634 0.337596 0.376439 0.424645 0.486051 0.566925 0.678248 0.841169 1.10232 1.58878
1.79768912955 0.271918 0.166164 0.151951136241 0.298395 0.330022 0.368457 0.416155 0.476913 0.556932 0.667074 0.828264 1.08664 1.56791
1.81514242207 0.26503 0.162867 0.149122334035 0.291214 0.322491 0.360498 0.407664 0.467743 0.546866 0.655772 0.81515 1.07062 1.54647
1.83259571459 0.258213 0.159627 0.146348197684 0.284092 0.315003 0.352564 0.399175 0.458546 0.536733 0.64435 0.801837 1.05427 1.52446
1.85004900711 0.25147 0.156442 0.143623779881 0.277031 0.307561 0.344658 0.390691 0.449324 0.526538 0.632813 0.788334 1.03761 1.50192
1.86750229963 0.244801 0.153307 0.140944331588 0.270032 0.300166 0.336781 0.382215 0.440083 0.516287 0.621169 0.774649 1.02065 1.47885
1.88495559215 0.238208 0.150218 0.138305254832 0.263097 0.292821 0.328937 0.373751 0.430826 0.505985 0.609426 0.760793 1.0034 1.45528
1.90240888467 0.231691 0.14717 0.135702168791 0.256227 0.285528 0.321128 0.3653 0.421557 0.495637 0.597589 0.746776 0.985887 1.43124
1.91986217719 0.225252 0.144161 0.133130853147 0.249423 0.278287 0.313357 0.356868 0.412282 0.485248 0.585668 0.732607 0.968111 1.40674
1.93731546971 0.21889 0.141187 0.130587323619 0.242687 0.271103 0.305625 0.348457 0.403004 0.474826 0.573668 0.718296 0.950092 1.38181
1.95476876223 0.212609 0.138245 0.128067775312 0.23602 0.263975 0.297937 0.340071 0.393727 0.464375 0.561598 0.703854 0.931844 1.35647
1.97222205475 0.206407 0.135331 0.125568639368 0.229424 0.256907 0.290293 0.331712 0.384456 0.453901 0.549465 0.689291 0.913383 1.33074
1.98967534727 0.200286 0.132443 0.123086573521 0.222899 0.249899 0.282697 0.323385 0.375196 0.44341 0.537278 0.674619 0.894723 1.30465
2.00712863979 0.194248 0.129577 0.120618433778 0.216449 0.242955 0.275152 0.315093 0.36595 0.432908 0.525044 0.659847 0.875881 1.27822
2.02458193231 0.188292 0.126732 0.118161349943 0.210072 0.236075 0.26766 0.306839 0.356725 0.422401 0.512771 0.644988 0.856872 1.25147
2.04203522483 0.18242 0.123905 0.115712668978 0.203772 0.229262 0.260223 0.298626 0.347523 0.411895 0.500468 0.630051 0.837711 1.22444
2.05948851735 0.176632 0.121093 0.113269964435 0.197549 0.222518 0.252844 0.290459 0.338351 0.401396 0.488142 0.615049 0.818416 1.19714
2.07694180987 0.17093 0.118295 0.110831064787 0.191404 0.215844 0.245526 0.282341 0.329211 0.390911 0.475802 0.599993 0.799002 1.16961
2.09439510239 0.165314 0.11551 0.108394043982 0.185339 0.209243 0.238272 0.274275 0.320111 0.380445 0.463457 0.584894 0.779486 1.14186
2.11184839491 0.159784 0.112734 0.105957212006 0.179355 0.202715 0.231083 0.266265 0.311053 0.370006 0.451114 0.569763 0.759884 1.11392
2.12930168743 0.154342 0.109969 0.103519133762 0.173454 0.196264 0.223963 0.258314 0.302042 0.359599 0.438782 0.554613 0.740214 1.08583
2.14675497995 0.148988 0.107211 0.101078600747 0.167636 0.189891 0.216915 0.250426 0.293084 0.34923 0.42647 0.539455 0.720491 1.0576
2.16420827247 0.143723 0.10446 0.0986346688189 0.161903 0.183598 0.20994 0.242605 0.284183 0.338906 0.414186 0.524301 0.700734 1.02926
2.18166156499 0.138548 0.101716 0.0961866015463 0.156255 0.177386 0.203041 0.234853 0.275344 0.328633 0.401939 0.509163 0.680958 1.00085
2.19911485751 0.133462 0.0989785 0.0937339457407 0.150695 0.171257 0.196221 0.227175 0.266571 0.318418 0.389737 0.494051 0.661181 0.972377
2.21656815003 0.128468 0.0962464 0.0912764276009 0.145222 0.165213 0.189483 0.219573 0.257869 0.308267 0.377589 0.478979 0.641419 0.943879
2.23402144255 0.123564 0.0935201 0.0888140565683 0.139839 0.159257 0.182828 0.212052 0.249244 0.298185 0.365502 0.463957 0.621691 0.91538
2.25147473507 0.118753 0.0907996 0.0863470214714 0.134546 0.153388 0.17626 0.204615 0.240699 0.288181 0.353487 0.448999 0.602013 0.886907
2.26892802759 0.114034 0.0880853 0.0838757566158 0.129345 0.14761 0.169781 0.197265 0.232239 0.278258 0.341551 0.434115 0.582401 0.858488
2.28638132011 0.109408 0.0853777 0.0814009040184 0.124236 0.141924 0.163394 0.190006 0.223869 0.268425 0.329703 0.419317 0.562874 0.830148
2.30383461263 0.104875 0.0826775 0.078923322849 0.119221 0.136332 0.157099 0.182841 0.215594 0.258688 0.317952 0.404617 0.543447 0.801915
2.32128790515 0.100436 0.0799855 0.0764440516644 0.1143 0.130835 0.150902 0.175773 0.207418 0.249051 0.306304 0.390026 0.524137 0.773815
2.33874119767 0.096092 0.0773028 0.0739643367327 0.109474 0.125434 0.144802 0.168806 0.199345 0.239522 0.29477 0.375557 0.504962 0.745873
2.35619449019 0.0918423 0.0746306 0.0714856131508 0.104745 0.120132 0.138804 0.161943 0.191381 0.230106 0.283357 0.36122 0.485938 0.718117
2.37364778271 0.0876878 0.0719702 0.0690094765195 0.100113 0.11493 0.132908 0.155187 0.183529 0.220811 0.272073 0.347027 0.467081 0.690572
2.39110107523 0.0836287 0.0693232 0.0665377018269 0.0955793 0.109829 0.127118 0.148542 0.175794 0.21164 0.260927 0.332988 0.448407 0.663263
2.40855436775 0.0796654 0.0666912 0.0640722151238 0.0911446 0.104831 0.121436 0.14201 0.16818 0.202601 0.249926 0.319117 0.429933 0.636217
2.42600766027 0.0757984 0.064076 0.0616150935239 0.0868098 0.0999378 0.115863 0.135595 0.160691 0.193699 0.239079 0.305422 0.411675 0.609459
2.44346095279 0.0720278 0.0614796 0.0591685652036 0.0825756 0.0951499 0.110403 0.129299 0.153332 0.18494 0.228392 0.291916 0.393649 0.583014
2.46091424531 0.068354 0.0589039 0.0567349527537 0.0784428 0.0904691 0.105056 0.123126 0.146107 0.176329 0.217875 0.278608 0.375869 0.556905
2.47836753783 0.0647771 0.0563512 0.0543167298278 0.0744122 0.0858967 0.0998253 0.117079 0.13902 0.167872 0.207534 0.26551 0.358352 0.531158
2.49582083035 0.0612974 0.0538237 0.0519164644935 0.0704844 0.0814339 0.0947126 0.11116 0.132074 0.159575 0.197376 0.252631 0.341112 0.505795
2.51327412287 0.0579152 0.0513236 0.0495368003501 0.0666602 0.077082 0.0897198 0.105372 0.125274 0.151442 0.18741 0.239982 0.324164 0.480841
2.53072741539 0.0546304 0.0488535 0.0471804848525 0.0629401 0.0728422 0.0848488 0.0997183 0.118624 0.14348 0.177642 0.227573 0.307522 0.456318
2.54818070791 0.0514433 0.0464158 0.044850340987 0.0593247 0.0687156 0.0801013 0.0942009 0.112126 0.135692 0.168079 0.215413 0.291201 0.432248
2.56563400043 0.048354 0.0440131 0.0425492200641 0.0558146 0.0647033 0.0754792 0.0888225 0.105785 0.128084 0.158728 0.203512 0.275215 0.408655
2.58308729295 0.0453625 0.0416479 0.0402800678087 0.0524103 0.0608063 0.0709841 0.0835857 0.099604 0.12066 0.149595 0.191879 0.259577 0.385558
2.60054058547 0.042469 0.039323 0.0380458110627 0.0491124 0.0570258 0.0666176 0.0784928 0.0935865 0.113426 0.140687 0.180524 0.244299 0.362978
2.61799387799 0.0396734 0.0370409 0.0358494333167 0.0459211 0.0533625 0.0623813 0.0735461 0.0877358 0.106386 0.132011 0.169454 0.229396 0.340937
2.63544717051 0.0369758 0.0348044 0.0336939369439 0.0428371 0.0498174 0.0582767 0.0687479 0.082055 0.0995436 0.123571 0.158679 0.214879 0.319454
2.65290046303 0.0343761 0.0326162 0.0315822865522 0.0398605 0.0463914 0.0543052 0.0641003 0.076547 0.0929038 0.115375 0.148206 0.200761 0.298547
2.67035375555 0.0318741 0.0304789 0.0295174656321 0.0369918 0.0430852 0.0504681 0.0596052 0.0712149 0.0864704 0.107427 0.138045 0.187052 0.278236
2.68780704807 0.02947 0.0283952 0.0275024199082 0.0342311 0.0398994 0.0467666 0.0552646 0.0660612 0.0802473 0.0997336 0.128201 0.173764 0.258538
2.70526034059 0.0271634 0.0263677 0.0255400478984 0.0315788 0.0368349 0.043202 0.0510803 0.0610887 0.0742381 0.0922991 0.118682 0.160909 0.239469
2.72271363311 0.0249542 0.0243992 0.0236332103547 0.029035 0.0338921 0.0397753 0.047054 0.0562999 0.0684464 0.0851287 0.109496 0.148495 0.221047
2.74016692563 0.0228422 0.0224921 0.0217847113804 0.0265998 0.0310717 0.0364875 0.0431873 0.0516971 0.0628755 0.078227 0.100649 0.136532 0.203286
2.75762021815 0.0208273 0.020649 0.0199972701062 0.0242733 0.028374 0.0333396 0.0394818 0.0472825 0.0575285 0.0715985 0.0921477 0.125031 0.186202
2.77507351067 0.018909 0.0188723 0.0182735206898 0.0220556 0.0257994 0.0303323 0.0359387 0.0430581 0.0524084 0.0652473 0.0839972 0.114 0.169809
2.79252680319 0.0170872 0.0171643 0.0166160123162 0.0199467 0.0233483 0.0274665 0.0325593 0.0390258 0.0475178 0.0591773 0.0762034 0.103446 0.154119
2.80998009571 0.0153614 0.0155275 0.0150271903147 0.0179464 0.021021 0.0247428 0.0293448 0.0351874 0.0428594 0.053392 0.0687716 0.093378 0.139145
2.82743338823 0.0137313 0.0139639 0.0135093489517 0.0160546 0.0188176 0.0221616 0.026296 0.0315444 0.0384354 0.0478949 0.0617064 0.0838027 0.124899
2.84488668075 0.0121965 0.0124756 0.0120647069622 0.0142712 0.0167382 0.0197236 0.023414 0.0280983 0.0342479 0.0426889 0.0550124 0.0747267 0.111391
2.86233997327 0.0107564 0.0110647 0.0106953036942 0.0125959 0.0147828 0.0174289 0.0206994 0.0248501 0.0302987 0.0377768 0.0486934 0.066156 0.0986309
2.87979326579 0.00941061 0.00973285 0.00940303687423 0.0110284 0.0129514 0.0152778 0.0181528 0.021801 0.0265895 0.0331608 0.042753 0.0580958 0.0866271
2.89724655831 0.00815848 0.00848186 0.00818967204896 0.0095683 0.0112438 0.0132704 0.0157746 0.0189519 0.0231216 0.0288432 0.0371943 0.0505511 0.0753876
2.91469985083 0.00699941 0.00731325 0.0070567670536 0.00821516 0.00965976 0.0114068 0.0135651 0.0163032 0.0198961 0.0248256 0.03202 0.0435257 0.064919
2.93215314335 0.00593274 0.00622844 0.00600573810201 0.00696848 0.00819895 0.00968672 0.0115245 0.0138555 0.0169139 0.0211095 0.0272322 0.0370232 0.0552272
2.94960643587 0.00495774 0.00522866 0.00503778425525 0.00582767 0.00686092 0.00811 0.00965264 0.011609 0.0141755 0.0176959 0.0228327 0.0310464 0.0463167
2.96705972839 0.00407363 0.00431498 0.00415392518729 0.00479204 0.00564515 0.00667624 0.00794942 0.00956382 0.0116813 0.0145855 0.0188227 0.0255973 0.0381912
2.98451302091 0.00327955 0.00348827 0.00335497286076 0.00386085 0.00455097 0.0053849 0.00641443 0.00771963 0.00943132 0.0117786 0.0152028 0.0206772 0.0308532
3.00196631343 0.00257458 0.00274922 0.00264152208547 0.00303324 0.00357764 0.00423532 0.00504709 0.00607603 0.00742519 0.00927507 0.0119733 0.0162866 0.0243038
3.01941960595 0.00195771 0.00209831 0.0020139316356 0.00230827 0.00272424 0.00322665 0.00384663 0.00463232 0.00566233 0.00707439 0.00913378 0.0124255 0.0185432
3.03687289847 0.00142786 0.00153582 0.00147232424968 0.00168488 0.00198976 0.0023579 0.00281208 0.00338752 0.00414176 0.0051756 0.00668315 0.00909251 0.01357
3.05432619099 0.000983844 0.00106176 0.00101656774775 0.00116188 0.00137301 0.00162787 0.00194221 0.00234038 0.00286216 0.00357723 0.00461981 0.00628583 0.00938165
3.07177948351 0.000624357 0.000675928 0.000646256148504 0.000737964 0.000872641 0.00103516 0.00123555 0.00148932 0.00182179 0.00227734 0.00294141 0.00400244 0.00597386
3.08923277603 0.000347965 0.000377831 0.000360690786444 0.000411647 0.00048711 0.000578141 0.000690348 0.000832404 0.00101847 0.00127335 0.00164484 0.0022383 0.00334085
3.10668606855 0.000153061 0.000166672 0.000158842546165 0.000181247 0.000214633 0.00025489 0.000304493 0.000367271 0.000449473 0.00056205 0.000726095 0.000988117 0.00147484
3.12413936107 3.78089e-05 4.12854e-05 3.92668895328e-05 4.48199e-05 5.31199e-05 6.31231e-05 7.54433e-05 9.10294e-05 0.000111431 0.000139363 0.000180055 0.000245037 0.000365727
3.14159265359 0.0 0.0 0.0 0.0 0.0 0.0 0.0 0.0 0.0 0.0 0.0 0.0 0.0
