alpha phi_iso phi_ray phi_vec g0=0.1 g0=0.2 g0=0.3 g0=0.4 g0=0.5 g0=0.6 g0=0.7 g0=0.8 g0=0.9 g0=1.0
0.0 1.0 1.0 1.0 1.0 1.0 1.0 1.0 1.0 1.0 1.0 1.0 1.0 1.0
0.0174532925199 0.999663 0.999519 0.999512290534 0.999679 0.999698 0.999721 0.999751 0.999789 0.999841 0.999916 1.00003 1.00024 1.00072
0.0349065850399 0.99872 0.998148 0.998120031772 0.998783 0.998858 0.99895 0.999066 0.999217 0.999421 0.999716 1.00018 1.001 1.0029
0.0523598775598 0.997273 0.995996 0.995929020623 0.997411 0.997577 0.99778 0.998037 0.998371 0.998825 0.999477 1.0005 1.00232 1.00654
0.0698131700798 0.9954 0.993151 0.993023236962 0.995641 0.995931 0.996287 0.996737 0.997322 0.998116 0.999259 1.00105 1.00425 1.01164
0.0872664625997 0.993153 0.989668 0.989458738854 0.993523 0.993969 0.994517 0.995209 0.99611 0.997334 0.999096 1.00185 1.00679 1.0182
0.10471975512 0.990563 0.985587 0.985272969828 0.991088 0.99172 0.992499 0.993482 0.994763 0.996504 0.99901 1.00293 1.00996 1.02619
0.12217304764 0.987653 0.980936 0.980494595129 0.988357 0.989207 0.990254 0.991575 0.993298 0.995641 0.999013 1.00429 1.01375 1.03561
0.13962634016 0.98444 0.975739 0.975148777264 0.985349 0.986446 0.987797 0.989504 0.99173 0.994756 0.999116 1.00594 1.01817 1.04644
0.157079632679 0.980943 0.970021 0.969259420618 0.98208 0.983452 0.985144 0.987281 0.990069 0.993861 0.999324 1.00788 1.02321 1.05865
0.174532925199 0.977175 0.963804 0.962849686136 0.978563 0.98024 0.982307 0.984919 0.988327 0.992964 0.999645 1.01011 1.02886 1.07222
0.191986217719 0.97315 0.957111 0.955942220075 0.974813 0.976821 0.979298 0.982428 0.986513 0.992071 1.00008 1.01263 1.03511 1.08711
0.209439510239 0.968883 0.949963 0.948559168302 0.970842 0.973208 0.976127 0.979817 0.984633 0.991188 1.00064 1.01544 1.04196 1.10331
0.226892802759 0.964384 0.94238 0.940722233483 0.96666 0.969411 0.972804 0.977095 0.982696 0.99032 1.00131 1.01853 1.04939 1.12076
0.244346095279 0.959666 0.934385 0.932452689373 0.96228 0.96544 0.969338 0.974269 0.980707 0.98947 1.0021 1.0219 1.05738 1.13945
0.261799387799 0.954738 0.925997 0.923771466604 0.95771 0.961304 0.965737 0.971346 0.97867 0.988641 1.00302 1.02554 1.06592 1.15933
0.279252680319 0.94961 0.917235 0.914699166982 0.95296 0.957011 0.962009 0.968332 0.97659 0.987835 1.00405 1.02945 1.075 1.18036
0.296705972839 0.944292 0.908119 0.905256134966 0.948038 0.952568 0.958158 0.965232 0.974471 0.987052 1.00519 1.03362 1.08459 1.2025
0.314159265359 0.938793 0.898669 0.895462500563 0.942952 0.947983 0.954192 0.96205 0.972314 0.986292 1.00645 1.03804 1.09468 1.22571
0.331612557879 0.93312 0.888903 0.885338150734 0.93771 0.943262 0.950116 0.958791 0.970123 0.985556 1.00781 1.0427 1.10524 1.24994
0.349065850399 0.927281 0.878839 0.874902757984 0.932318 0.938412 0.945935 0.955457 0.967898 0.984842 1.00928 1.04758 1.11626 1.27516
0.366519142919 0.921283 0.868498 0.864175837555 0.926783 0.933438 0.941653 0.952053 0.96564 0.984148 1.01084 1.05269 1.12771 1.3013
0.383972435439 0.915135 0.857895 0.853176704532 0.921112 0.928345 0.937275 0.94858 0.963351 0.983473 1.01249 1.05799 1.13957 1.32833
0.401425727959 0.908841 0.847051 0.841924459547 0.91531 0.923138 0.932804 0.945041 0.961031 0.982814 1.01423 1.06349 1.15182 1.35619
0.418879020479 0.90241 0.835982 0.830438045965 0.909383 0.917822 0.928243 0.941437 0.958679 0.982169 1.01605 1.06917 1.16443 1.38483
0.436332312999 0.895846 0.824706 0.818736149808 0.903335 0.912401 0.923596 0.93777 0.956295 0.981533 1.01794 1.07502 1.17737 1.41421
0.453785605519 0.889156 0.813241 0.806837285537 0.897174 0.906879 0.918865 0.934042 0.953878 0.980904 1.01989 1.08102 1.19063 1.44427
0.471238898038 0.882345 0.801603 0.794759738859 0.890902 0.90126 0.914053 0.930254 0.951428 0.980277 1.02189 1.08715 1.20418 1.47497
0.488692190558 0.875419 0.78981 0.782521538142 0.884525 0.895548 0.909164 0.926405 0.948942 0.979649 1.02395 1.09341 1.21798 1.50623
0.506145483078 0.868383 0.777878 0.770140468704 0.878047 0.889746 0.904197 0.922498 0.94642 0.979016 1.02604 1.09978 1.23202 1.53803
0.523598775598 0.861243 0.765823 0.757634044222 0.871472 0.883857 0.899157 0.918532 0.943859 0.978372 1.02816 1.10624 1.24627 1.57029
0.541052068118 0.854002 0.753662 0.745019506734 0.864805 0.877885 0.894043 0.914508 0.941259 0.977713 1.03031 1.11278 1.26069 1.60298
0.558505360638 0.846666 0.74141 0.732313769449 0.858049 0.871832 0.888859 0.910424 0.938616 0.977034 1.03246 1.11939 1.27528 1.63602
0.575958653158 0.83924 0.729084 0.719533473936 0.851209 0.865701 0.883605 0.906283 0.935929 0.97633 1.03462 1.12604 1.28998 1.66938
0.593411945678 0.831727 0.716697 0.706694890042 0.844286 0.859494 0.878283 0.902082 0.933195 0.975596 1.03677 1.13272 1.30479 1.70299
0.610865238198 0.824133 0.704266 0.69381395879 0.837286 0.853215 0.872895 0.897823 0.930412 0.974827 1.03891 1.13942 1.31967 1.7368
0.628318530718 0.81646 0.691804 0.680906278076 0.830212 0.846865 0.86744 0.893503 0.927578 0.974017 1.04102 1.14612 1.33459 1.77077
0.645771823238 0.808714 0.679326 0.667987031186 0.823066 0.840446 0.861921 0.889123 0.924689 0.973161 1.0431 1.1528 1.34953 1.80482
0.663225115758 0.800898 0.666845 0.655071043984 0.815852 0.833961 0.856337 0.884683 0.921744 0.972254 1.04514 1.15945 1.36446 1.83892
0.680678408278 0.793016 0.654375 0.64217271343 0.808572 0.827412 0.850691 0.880181 0.918738 0.97129 1.04712 1.16605 1.37936 1.87301
0.698131700798 0.785072 0.641929 0.62930602187 0.801231 0.820801 0.844982 0.875616 0.91567 0.970263 1.04904 1.17259 1.39419 1.90703
0.715584993318 0.77707 0.62952 0.616484508451 0.79383 0.814129 0.839212 0.870989 0.912537 0.969168 1.05088 1.17906 1.40893 1.94094
0.733038285838 0.769012 0.617159 0.603721297709 0.786372 0.807398 0.833381 0.866297 0.909336 0.967999 1.05265 1.18542 1.42356 1.97468
0.750491578358 0.760903 0.604859 0.591029028085 0.778861 0.800611 0.827489 0.86154 0.906064 0.966752 1.05433 1.19168 1.43804 2.00821
0.767944870878 0.752745 0.592631 0.578419894818 0.771297 0.793768 0.821537 0.856717 0.902718 0.96542 1.0559 1.19782 1.45236 2.04146
0.785398163397 0.744542 0.580486 0.565905578458 0.763685 0.786872 0.815526 0.851828 0.899296 0.963998 1.05737 1.20382 1.46648 2.07439
0.802851455917 0.736298 0.568434 0.553497316354 0.756027 0.779924 0.809455 0.84687 0.895794 0.96248 1.05871 1.20966 1.48039 2.10696
0.820304748437 0.728015 0.556486 0.541205831165 0.748325 0.772925 0.803326 0.841844 0.89221 0.960863 1.05993 1.21533 1.49405 2.13912
0.837758040957 0.719696 0.54465 0.529041330865 0.74058 0.765877 0.797139 0.836747 0.888541 0.959139 1.06102 1.22082 1.50745 2.17081
0.855211333477 0.711345 0.532937 0.51701353733 0.732797 0.758781 0.790894 0.831581 0.884784 0.957305 1.06196 1.22612 1.52055 2.20199
0.872664625997 0.702964 0.521354 0.505131643455 0.724976 0.751639 0.784592 0.826342 0.880937 0.955355 1.06275 1.2312 1.53334 2.23262
0.890117918517 0.694556 0.50991 0.493404327445 0.71712 0.744453 0.778232 0.82103 0.876996 0.953284 1.06338 1.23606 1.5458 2.26265
0.907571211037 0.686124 0.498612 0.481839752821 0.709232 0.737222 0.771816 0.815646 0.872961 0.951088 1.06383 1.24069 1.5579 2.29204
0.925024503557 0.677671 0.487468 0.470445554114 0.701312 0.72995 0.765343 0.810186 0.868827 0.948762 1.06412 1.24506 1.56961 2.32075
0.942477796077 0.669199 0.476485 0.459228836875 0.693364 0.722637 0.758814 0.804652 0.864593 0.9463 1.06421 1.24918 1.58092 2.34873
0.959931088597 0.660711 0.465668 0.448196191966 0.685389 0.715283 0.75223 0.799041 0.860256 0.9437 1.06412 1.25301 1.59182 2.37595
0.977384381117 0.65221 0.455024 0.437353652669 0.67739 0.707892 0.74559 0.793353 0.855814 0.940957 1.06383 1.25657 1.60227 2.40237
0.994837673637 0.643697 0.444557 0.426706766174 0.669367 0.700463 0.738895 0.787589 0.851266 0.938066 1.06333 1.25982 1.61226 2.42794
1.01229096616 0.635176 0.434273 0.416260550686 0.661324 0.692999 0.732145 0.781746 0.846608 0.935024 1.06262 1.26277 1.62177 2.45264
1.02974425868 0.62665 0.424175 0.406019481129 0.653262 0.685499 0.725342 0.775824 0.841839 0.931827 1.06169 1.2654 1.63078 2.47642
1.0471975512 0.618119 0.414269 0.395987532034 0.645183 0.677967 0.718485 0.769823 0.836958 0.928472 1.06054 1.2677 1.63928 2.49926
1.06465084372 0.609587 0.404556 0.386168191841 0.637088 0.670402 0.711575 0.763742 0.831962 0.924955 1.05916 1.26967 1.64725 2.52113
1.08210413624 0.601056 0.39504 0.37656439141 0.62898 0.662806 0.704612 0.757582 0.82685 0.921273 1.05754 1.27128 1.65467 2.54198
1.09955742876 0.592529 0.385724 0.367178618398 0.620861 0.655181 0.697598 0.751341 0.821621 0.917423 1.05568 1.27255 1.66153 2.5618
1.11701072128 0.584007 0.376609 0.358012845775 0.612731 0.647527 0.690531 0.745019 0.816273 0.913402 1.05357 1.27344 1.66781 2.58055
1.1344640138 0.575492 0.367697 0.349068574713 0.604594 0.639846 0.683414 0.738617 0.810805 0.909207 1.05122 1.27397 1.67351 2.59821
1.15191730632 0.566987 0.35899 0.340346834587 0.596449 0.632139 0.676247 0.732134 0.805216 0.904837 1.0486 1.27412 1.6786 2.61475
1.16937059884 0.558494 0.350487 0.331848182976 0.588301 0.624407 0.669031 0.72557 0.799505 0.900289 1.04573 1.27388 1.68308 2.63014
1.18682389136 0.550014 0.34219 0.323572734254 0.580149 0.616652 0.661766 0.718925 0.793672 0.895561 1.0426 1.27324 1.68693 2.64438
1.20427718388 0.541551 0.334098 0.315520188188 0.571996 0.608875 0.654453 0.7122 0.787715 0.890652 1.0392 1.27221 1.69015 2.65743
1.2217304764 0.533105 0.326211 0.307689787042 0.563843 0.601076 0.647092 0.705395 0.781635 0.885559 1.03553 1.27078 1.69272 2.66927
1.23918376892 0.524679 0.318528 0.300080387067 0.555692 0.593259 0.639686 0.698509 0.77543 0.880282 1.03159 1.26894 1.69464 2.67989
1.25663706144 0.516275 0.311047 0.292690401308 0.547545 0.585423 0.632235 0.691544 0.769101 0.874819 1.02738 1.26668 1.6959 2.68928
1.27409035396 0.507895 0.303768 0.28551792828 0.539404 0.577571 0.624739 0.684501 0.762648 0.86917 1.02289 1.26401 1.69649 2.69741
1.29154364648 0.499539 0.296688 0.278560637593 0.531269 0.569703 0.617201 0.677379 0.75607 0.863334 1.01812 1.26092 1.6964 2.70428
1.308996939 0.491211 0.289805 0.271815884323 0.523143 0.56182 0.60962 0.670179 0.749369 0.857311 1.01308 1.25741 1.69564 2.70987
1.32645023152 0.482912 0.283117 0.265280637531 0.515027 0.553926 0.601998 0.662903 0.742544 0.8511 1.00775 1.25347 1.69419 2.71417
1.34390352404 0.474644 0.276621 0.258951594639 0.506923 0.54602 0.594337 0.655551 0.735595 0.844701 1.00215 1.24911 1.69205 2.71718
1.36135681656 0.466408 0.270313 0.252825138536 0.498832 0.538104 0.586637 0.648124 0.728525 0.838115 0.99626 1.24431 1.68922 2.71888
1.37881010908 0.458207 0.26419 0.246897323282 0.490756 0.53018 0.5789 0.640623 0.721333 0.831342 0.990092 1.23909 1.68569 2.71928
1.3962634016 0.450041 0.258249 0.241163988487 0.482697 0.522249 0.571127 0.63305 0.71402 0.824384 0.983643 1.23344 1.68147 2.71836
1.41371669412 0.441913 0.252485 0.23562068782 0.474656 0.514313 0.56332 0.625406 0.706588 0.81724 0.976914 1.22736 1.67655 2.71613
1.43116998664 0.433824 0.246895 0.230262731904 0.466634 0.506373 0.55548 0.617692 0.699038 0.809913 0.969907 1.22086 1.67094 2.71259
1.44862327916 0.425776 0.241475 0.225085231207 0.458634 0.498431 0.547609 0.60991 0.691372 0.802403 0.962622 1.21392 1.66463 2.70773
1.46607657168 0.41777 0.23622 0.22008309604 0.450657 0.490488 0.539708 0.602061 0.68359 0.794713 0.955061 1.20656 1.65764 2.70156
1.4835298642 0.409808 0.231124 0.215251050853 0.442704 0.482546 0.531779 0.594148 0.675696 0.786843 0.947227 1.19878 1.64995 2.69408
1.50098315672 0.401891 0.226184 0.210583662832 0.434777 0.474607 0.523823 0.586171 0.66769 0.778797 0.939121 1.19058 1.64157 2.6853
1.51843644924 0.394021 0.221395 0.206075341898 0.426878 0.466672 0.515843 0.578133 0.659576 0.770577 0.930747 1.18196 1.63252 2.67522
1.53588974176 0.386199 0.216751 0.201720383595 0.419008 0.458743 0.50784 0.570035 0.651354 0.762185 0.922107 1.17293 1.62278 2.66385
1.55334303427 0.378427 0.212248 0.197512954796 0.411169 0.450821 0.499816 0.561881 0.643028 0.753624 0.913205 1.16349 1.61238 2.65121
1.57079632679 0.370706 0.207879 0.193447165187 0.403361 0.442908 0.491773 0.553671 0.6346 0.744896 0.904044 1.15365 1.60131 2.6373
1.58824961931 0.363037 0.20364 0.189517038671 0.395588 0.435007 0.483713 0.545409 0.626072 0.736006 0.894628 1.14341 1.58958 2.62213
1.60570291183 0.355422 0.199526 0.185716527669 0.387849 0.427118 0.475637 0.537096 0.617448 0.726956 0.884962 1.13278 1.57721 2.60573
1.62315620435 0.347863 0.19553 0.182039570304 0.380148 0.419244 0.467549 0.528735 0.60873 0.71775 0.87505 1.12175 1.56419 2.5881
1.64060949687 0.34036 0.191648 0.178480076104 0.372485 0.411386 0.459449 0.520329 0.599921 0.708392 0.864897 1.11035 1.55055 2.56926
1.65806278939 0.332915 0.187874 0.175031940302 0.364861 0.403546 0.451341 0.51188 0.591026 0.698885 0.854509 1.09858 1.53629 2.54922
1.67551608191 0.325528 0.184202 0.171689115318 0.35728 0.395726 0.443227 0.503391 0.582046 0.689235 0.84389 1.08644 1.52141 2.52802
1.69296937443 0.318203 0.180628 0.168445524977 0.34974 0.387928 0.435108 0.494865 0.572985 0.679446 0.833046 1.07394 1.50594 2.50566
1.71042266695 0.310938 0.177145 0.165295178888 0.342246 0.380154 0.426987 0.486304 0.563848 0.669521 0.821984 1.06109 1.48988 2.48218
1.72787595947 0.303737 0.173748 0.162232158141 0.334797 0.372405 0.418866 0.477711 0.554637 0.659466 0.810709 1.0479 1.47326 2.45759
1.74532925199 0.296599 0.170433 0.159250572422 0.327396 0.364684 0.410748 0.46909 0.545357 0.649286 0.799229 1.03438 1.45607 2.43191
1.76278254451 0.289527 0.167194 0.156344674386 0.320044 0.356992 0.402636 0.460444 0.536011 0.638985 0.787549 1.02053 1.43834 2.40518
1.78023583703 0.282521 0.164025 0.153508788171 0.312742 0.349331 0.394531 0.451775 0.526603 0.62857 0.775678 1.00637 1.42007 2.37742
1.79768912955 0.275582 0.160923 0.150737395181 0.305492 0.341704 0.386436 0.443087 0.517139 0.618045 0.763621 0.991913 1.4013 2.34865
1.81514242207 0.268712 0.157881 0.148025062602 0.298295 0.334111 0.378353 0.434383 0.507621 0.607416 0.751388 0.97716 1.38203 2.31891
1.83259571459 0.261911 0.154895 0.145366529183 0.291154 0.326556 0.370286 0.425666 0.498054 0.596689 0.738985 0.962126 1.36227 2.28822
1.85004900711 0.255181 0.151961 0.142756705233 0.284068 0.31904 0.362237 0.416941 0.488443 0.58587 0.72642 0.946822 1.34205 2.25661
1.86750229963 0.248522 0.149074 0.140190629736 0.277041 0.311565 0.354208 0.408209 0.478792 0.574964 0.713702 0.931259 1.32138 2.22412
1.88495559215 0.241936 0.14623 0.137663556128 0.270073 0.304133 0.346203 0.399476 0.469106 0.563978 0.700839 0.91545 1.30028 2.19078
1.90240888467 0.235424 0.143424 0.135170909406 0.263166 0.296747 0.338223 0.390744 0.459389 0.552919 0.687839 0.899405 1.27877 2.15662
1.91986217719 0.228987 0.140653 0.132708314727 0.256321 0.289407 0.330272 0.382018 0.449647 0.541792 0.674712 0.883138 1.25687 2.12168
1.93731546971 0.222625 0.137912 0.130271597399 0.249539 0.282117 0.322353 0.3733 0.439885 0.530604 0.661466 0.866662 1.2346 2.08599
1.95476876223 0.216339 0.135199 0.127856797189 0.242823 0.274878 0.314467 0.364594 0.430106 0.519361 0.64811 0.849989 1.21198 2.04958
1.97222205475 0.210132 0.132509 0.125460196907 0.236173 0.267693 0.306619 0.355905 0.420317 0.508071 0.634653 0.833132 1.18902 2.0125
1.98967534727 0.204002 0.12984 0.123078265224 0.229591 0.260562 0.29881 0.347236 0.410522 0.496741 0.621105 0.816104 1.16575 1.97478
2.00712863979 0.197952 0.127188 0.120707756748 0.223079 0.253489 0.291043 0.33859 0.400726 0.485376 0.607476 0.79892 1.14219 1.93645
2.02458193231 0.191982 0.124551 0.11834559765 0.216637 0.246475 0.283322 0.329973 0.390935 0.473985 0.593774 0.781593 1.11835 1.89756
2.04203522483 0.186092 0.121926 0.115989028632 0.210267 0.239523 0.27565 0.321387 0.381154 0.462574 0.58001 0.764136 1.09427 1.85814
2.05948851735 0.180285 0.119311 0.113635461958 0.203971 0.232634 0.268028 0.312836 0.371388 0.45115 0.566193 0.746565 1.06996 1.81824
2.07694180987 0.17456 0.116704 0.111282610129 0.197749 0.225811 0.260461 0.304325 0.361642 0.439721 0.552334 0.728892 1.04545 1.77789
2.09439510239 0.168918 0.114102 0.108928414393 0.191604 0.219055 0.25295 0.295857 0.351923 0.428294 0.538442 0.711134 1.02075 1.73714
2.11184839491 0.163361 0.111504 0.106571073343 0.185536 0.212369 0.245499 0.287437 0.342234 0.416876 0.524528 0.693303 0.995898 1.69602
2.12930168743 0.157888 0.108909 0.10420902862 0.179547 0.205754 0.23811 0.279068 0.332582 0.405475 0.510602 0.675415 0.970903 1.65457
2.14675497995 0.152501 0.106315 0.10184096491 0.173638 0.199213 0.230787 0.270754 0.322972 0.394098 0.496674 0.657485 0.945793 1.61285
2.16420827247 0.1472 0.103722 0.0994658528387 0.167811 0.192747 0.223533 0.262499 0.313409 0.382752 0.482754 0.639527 0.920591 1.57088
2.18166156499 0.141987 0.101128 0.0970828488895 0.162066 0.186359 0.216349 0.254308 0.3039 0.371445 0.468852 0.621555 0.895319 1.52871
2.19911485751 0.13686 0.0985329 0.094691424078 0.156405 0.180051 0.20924 0.246184 0.294448 0.360184 0.45498 0.603586 0.870001 1.48638
2.21656815003 0.131822 0.0959365 0.0922912352792 0.150829 0.173823 0.202207 0.238131 0.285061 0.348977 0.441147 0.585634 0.84466 1.44394
2.23402144255 0.126873 0.0933388 0.0898821967116 0.14534 0.16768 0.195254 0.230153 0.275742 0.337831 0.427364 0.567713 0.819318 1.40142
2.25147473507 0.122014 0.0907396 0.0874644799379 0.139938 0.161621 0.188384 0.222254 0.266499 0.326754 0.413641 0.54984 0.794 1.35887
2.26892802759 0.117244 0.0881394 0.0850384423801 0.134625 0.15565 0.181599 0.214438 0.257335 0.315753 0.399988 0.532028 0.768728 1.31633
2.28638132011 0.112565 0.0855387 0.0826046845071 0.129402 0.149768 0.174903 0.20671 0.248257 0.304836 0.386416 0.514292 0.743526 1.27385
2.30383461263 0.107977 0.0829381 0.0801640498349 0.12427 0.143976 0.168297 0.199072 0.23927 0.294009 0.372935 0.496649 0.718416 1.23146
2.32128790515 0.103481 0.0803386 0.077717539145 0.11923 0.138278 0.161785 0.191529 0.230379 0.283281 0.359556 0.479111 0.693421 1.18921
2.33874119767 0.0990775 0.0777413 0.075266396266 0.114284 0.132674 0.155369 0.184084 0.221589 0.272658 0.346288 0.461695 0.668565 1.14713
2.35619449019 0.0947664 0.0751473 0.072812036589 0.109432 0.127167 0.149052 0.176742 0.212906 0.262148 0.333142 0.444414 0.643869 1.10528
2.37364778271 0.0905484 0.0725583 0.0703560756614 0.104675 0.121758 0.142837 0.169505 0.204335 0.251758 0.320127 0.427284 0.619357 1.06368
2.39110107523 0.0864239 0.0699757 0.0679003005933 0.100014 0.116448 0.136725 0.162379 0.195881 0.241495 0.307254 0.410318 0.595051 1.02239
2.40855436775 0.0823935 0.0674014 0.0654466700572 0.0954515 0.11124 0.130721 0.155366 0.187549 0.231366 0.294533 0.393531 0.570974 0.981444
2.42600766027 0.0784575 0.0648373 0.0629972999913 0.0909869 0.106136 0.124826 0.148469 0.179344 0.221378 0.281973 0.376937 0.547146 0.940878
2.44346095279 0.0746163 0.0622854 0.0605544493027 0.0866217 0.101136 0.119043 0.141694 0.171272 0.211538 0.269584 0.36055 0.523591 0.900734
2.46091424531 0.0708702 0.059748 0.0581205055703 0.0823567 0.096243 0.113374 0.135042 0.163336 0.201853 0.257375 0.344384 0.500329 0.861053
2.47836753783 0.0672197 0.0572273 0.0556980136387 0.0781928 0.0914579 0.107821 0.128519 0.155543 0.19233 0.245356 0.328453 0.477382 0.821871
2.49582083035 0.0636649 0.0547258 0.0532896041338 0.074131 0.0867824 0.102388 0.122126 0.147895 0.182974 0.233537 0.312769 0.45477 0.783229
2.51327412287 0.0602062 0.0522459 0.0508980363536 0.070172 0.0822179 0.0970758 0.115867 0.1404 0.173793 0.221925 0.297346 0.432514 0.745162
2.53072741539 0.0568439 0.0497904 0.0485261267832 0.0663167 0.0777659 0.0918871 0.109745 0.13306 0.164793 0.21053 0.282197 0.410634 0.707708
2.54818070791 0.0535781 0.0473619 0.0461768348769 0.0625657 0.0734278 0.086824 0.103765 0.12588 0.15598 0.199361 0.267335 0.38915 0.670903
2.56563400043 0.0504092 0.0449632 0.0438531200889 0.0589199 0.0692049 0.0818887 0.0979276 0.118864 0.14736 0.188426 0.252772 0.368081 0.634783
2.58308729295 0.0473373 0.042597 0.0415580419514 0.0553799 0.0650986 0.0770833 0.0922372 0.112018 0.138938 0.177734 0.23852 0.347447 0.599382
2.60054058547 0.0443626 0.0402664 0.0392946885904 0.0519465 0.0611102 0.0724097 0.0866965 0.105344 0.130722 0.167293 0.224591 0.327265 0.564734
2.61799387799 0.0414853 0.0379741 0.0370661910228 0.0486201 0.0572407 0.0678698 0.0813082 0.0988477 0.122716 0.15711 0.210996 0.307554 0.530873
2.63544717051 0.0387055 0.0357232 0.034875708859 0.0454016 0.0534915 0.0634656 0.0760751 0.0925319 0.114926 0.147194 0.197748 0.288332 0.49783
2.65290046303 0.0360232 0.0335166 0.0327263874125 0.0422913 0.0498636 0.0591988 0.0709999 0.0864008 0.107357 0.137552 0.184856 0.269614 0.465637
2.67035375555 0.0334387 0.0313572 0.0306213719969 0.0392899 0.046358 0.0550711 0.066085 0.0804578 0.100014 0.128191 0.172331 0.251419 0.434324
2.68780704807 0.0309518 0.029248 0.0285638079259 0.0363978 0.0429758 0.0510841 0.061333 0.0747066 0.092902 0.119118 0.160184 0.233762 0.40392
2.70526034059 0.0285627 0.027192 0.0265568119193 0.0336154 0.0397179 0.0472395 0.0567461 0.0691504 0.0860262 0.110339 0.148424 0.216658 0.374454
2.72271363311 0.0262713 0.025192 0.0246034435093 0.0309431 0.0365852 0.0435387 0.0523267 0.0637926 0.0793909 0.101862 0.137061 0.200122 0.345952
2.74016692563 0.0240777 0.0232509 0.0227067336346 0.0283814 0.0335784 0.0399831 0.0480768 0.0586361 0.0730002 0.0936929 0.126104 0.184169 0.318442
2.75762021815 0.0219816 0.0213714 0.0208696131555 0.0259305 0.0306985 0.036574 0.0439984 0.0536838 0.0668585 0.0858367 0.115561 0.168811 0.291947
2.77507351067 0.0199832 0.0195565 0.0190949843386 0.0235906 0.027946 0.0333126 0.0400934 0.0489386 0.0609697 0.0782995 0.105441 0.154062 0.266492
2.79252680319 0.0180822 0.0178087 0.0173856350755 0.0213621 0.0253217 0.0302001 0.0363635 0.044403 0.0553373 0.0710866 0.0957514 0.139935 0.2421
2.80998009571 0.0162785 0.0161306 0.0157442674766 0.019245 0.022826 0.0272374 0.0328106 0.0400794 0.049965 0.064203 0.0864999 0.12644 0.218791
2.82743338823 0.0145719 0.0145247 0.0141734406833 0.0172396 0.0204594 0.0244257 0.0294359 0.0359701 0.0448559 0.0576533 0.0776932 0.113589 0.196587
2.84488668075 0.0129622 0.0129934 0.0126756566496 0.0153458 0.0182224 0.0217656 0.0262409 0.0320771 0.0400131 0.0514419 0.0693377 0.101392 0.175505
2.86233997327 0.0114491 0.0115391 0.011253245767 0.0135637 0.0161154 0.0192579 0.0232269 0.0284023 0.0354393 0.0455727 0.0614395 0.0898583 0.155564
2.87979326579 0.0100324 0.0101638 0.00990839545816 0.0118932 0.0141385 0.0169033 0.0203949 0.0249474 0.031137 0.0400496 0.054004 0.0789965 0.136778
2.89724655831 0.00871176 0.00886954 0.00864317877057 0.0103344 0.0122919 0.0147023 0.0177459 0.0217139 0.0271085 0.0348757 0.0470361 0.0688147 0.119164
2.91469985083 0.00748673 0.00765828 0.00745948289243 0.00888688 0.0105758 0.0126552 0.0152806 0.0187031 0.0233556 0.0300539 0.0405403 0.0593198 0.102735
2.93215314335 0.00635694 0.00653173 0.00635900915245 0.00755058 0.00899023 0.0107625 0.0129998 0.0159161 0.0198802 0.025587 0.0345205 0.0505183 0.0875012
2.94960643587 0.00532193 0.00549144 0.00534333020742 0.00632518 0.00753502 0.00902414 0.0109039 0.0133538 0.0166836 0.0214769 0.02898 0.0424156 0.0734741
2.96705972839 0.0043812 0.00453882 0.00441380426093 0.00521032 0.00621002 0.00744033 0.00899317 0.0110168 0.013767 0.0177256 0.0239216 0.0350161 0.0606619
2.98451302091 0.00353419 0.0036751 0.00357157506339 0.00420557 0.00501497 0.00601093 0.00726781 0.00890558 0.0111311 0.0143343 0.0193475 0.0283237 0.0490719
3.00196631343 0.00278027 0.0029013 0.00281761480262 0.00331044 0.00394948 0.0047357 0.00572775 0.00702029 0.0087765 0.0113039 0.0152593 0.0223409 0.0387093
3.01941960595 0.00211876 0.00221826 0.00215265261952 0.00252431 0.00301306 0.00361427 0.00437276 0.00536086 0.00670327 0.00863498 0.0116579 0.0170696 0.0295777
3.03687289847 0.00154891 0.0016266 0.00157718890486 0.00184651 0.00220508 0.00264609 0.00320238 0.00392696 0.00491124 0.00632747 0.00854347 0.0125104 0.0216788
3.05432619099 0.00106988 0.00112672 0.00109152389314 0.00127622 0.0015248 0.00183045 0.00221594 0.00271797 0.00339984 0.00438083 0.00591568 0.00866307 0.0150124
3.07177948351 0.000680752 0.000718783 0.00069565758435 0.000812555 0.000971295 0.00116645 0.00141252 0.00173294 0.00216807 0.00279401 0.00377325 0.00552595 0.0095763
3.08923277603 0.000380482 0.000402701 0.000389332634654 0.000454445 0.0005435 0.000652956 0.000790945 0.000970589 0.00121451 0.00156534 0.00211412 0.00309628 0.00536584
3.10668606855 0.000167895 0.000178092 0.000171977168855 0.000200671 0.000240124 0.000288601 0.000349701 0.000429227 0.000537188 0.000692442 0.000935268 0.00136981 0.00237387
3.12413936107 4.16237e-05 4.42431e-05 4.2661889755e-05 4.97879e-05 5.96114e-05 7.16782e-05 8.68824e-05 0.000106667 0.000133519 0.000172127 0.000232502 0.000340533 0.000590129
3.14159265359 0.0 0.0 0.0 0.0 0.0 0.0 0.0 0.0 0.0 0.0 0.0 0.0 0.0
