# Model: CoolTLusty
# Pc: 0.6, Pm: 1.0
# col 0 - wavelength (microns)
# col 1 - geometric albedo
4.000000000000000222e-01 4.334999999999999964e-01
4.010000000000000231e-01 4.335499999999997689e-01
4.020000000000000240e-01 4.277999999999999581e-01
4.030000000000000249e-01 4.319200000000004702e-01
4.040000000000000258e-01 4.387999999999999678e-01
4.050000000000000266e-01 4.426999999999998714e-01
4.060000000000000275e-01 4.369800000000000351e-01
4.070000000000000284e-01 4.407200000000003337e-01
4.080000000000000293e-01 4.465799999999996994e-01
4.090000000000000302e-01 4.447400000000000242e-01
4.100000000000000311e-01 4.545399999999996665e-01
4.110000000000000320e-01 4.499700000000000921e-01
4.120000000000000329e-01 4.491400000000000947e-01
4.130000000000000338e-01 4.521200000000001884e-01
4.140000000000000346e-01 4.550400000000004441e-01
4.150000000000000355e-01 4.583600000000001007e-01
4.160000000000000364e-01 4.536399999999999322e-01
4.170000000000000373e-01 4.583200000000001717e-01
4.180000000000000382e-01 4.620199999999999863e-01
4.190000000000000391e-01 4.584799999999995546e-01
4.200000000000000400e-01 4.583999999999997521e-01
4.210000000000000409e-01 4.578400000000003578e-01
4.220000000000000417e-01 4.645600000000009167e-01
4.230000000000000426e-01 4.704699999999994997e-01
4.240000000000000435e-01 4.673599999999998866e-01
4.250000000000000444e-01 4.702100000000002944e-01
4.260000000000000453e-01 4.703999999999996517e-01
4.270000000000000462e-01 4.758500000000007724e-01
4.280000000000000471e-01 4.738000000000002210e-01
4.290000000000000480e-01 4.763399999999999856e-01
4.300000000000000488e-01 4.861600000000004806e-01
4.310000000000000497e-01 4.884599999999987840e-01
4.320000000000000506e-01 4.747200000000004749e-01
4.330000000000000515e-01 4.735899999999995114e-01
4.340000000000000524e-01 4.773199999999994114e-01
4.350000000000000533e-01 4.738900000000001445e-01
4.360000000000000542e-01 4.702599999999995672e-01
4.370000000000000551e-01 4.670800000000002727e-01
4.380000000000000560e-01 4.762000000000009559e-01
4.390000000000000568e-01 4.802199999999994251e-01
4.400000000000000577e-01 4.646999999999986697e-01
4.410000000000000586e-01 4.473099999999998189e-01
4.420000000000000595e-01 4.544200000000009343e-01
4.430000000000000604e-01 4.729400000000010262e-01
4.440000000000000613e-01 4.785200000000003340e-01
4.450000000000000622e-01 4.828500000000002235e-01
4.460000000000000631e-01 4.876600000000000934e-01
4.470000000000000639e-01 4.847599999999997467e-01
4.480000000000000648e-01 4.859400000000000386e-01
4.490000000000000657e-01 4.862200000000002076e-01
4.500000000000000666e-01 4.856200000000000516e-01
4.510000000000000675e-01 4.852600000000001357e-01
4.520000000000000684e-01 4.869000000000001660e-01
4.530000000000000693e-01 4.892099999999998117e-01
4.540000000000000702e-01 4.853000000000001757e-01
4.550000000000000711e-01 4.867799999999998795e-01
4.560000000000000719e-01 4.848199999999998622e-01
4.570000000000000728e-01 4.832299999999998263e-01
4.580000000000000737e-01 4.828599999999996228e-01
4.590000000000000746e-01 4.744199999999995088e-01
4.600000000000000755e-01 4.723400000000008703e-01
4.610000000000000764e-01 4.853200000000007508e-01
4.620000000000000773e-01 4.932800000000001628e-01
4.630000000000000782e-01 4.953800000000001535e-01
4.640000000000000790e-01 4.976000000000001533e-01
4.650000000000000799e-01 4.980999999999995986e-01
4.660000000000000808e-01 4.946600000000003772e-01
4.670000000000000817e-01 4.994199999999998085e-01
4.680000000000000826e-01 4.999800000000002576e-01
4.690000000000000835e-01 5.022599999999999287e-01
4.700000000000000844e-01 5.023400000000003418e-01
4.710000000000000853e-01 5.037699999999999401e-01
4.720000000000000862e-01 5.016000000000001569e-01
4.730000000000000870e-01 5.038600000000001966e-01
4.740000000000000879e-01 5.045199999999994134e-01
4.750000000000000888e-01 4.997399999999999065e-01
4.760000000000000897e-01 5.006400000000001960e-01
4.770000000000000906e-01 5.003399999999995629e-01
4.780000000000000915e-01 4.950399999999998135e-01
4.790000000000000924e-01 4.916399999999994108e-01
4.800000000000000933e-01 4.845999999999993646e-01
4.810000000000000941e-01 4.779899999999990268e-01
4.820000000000000950e-01 4.713599999999997792e-01
4.830000000000000959e-01 4.683799999999993524e-01
4.840000000000000968e-01 4.578599999999964920e-01
4.850000000000000977e-01 4.282999999999986818e-01
4.860000000000000986e-01 4.321600000000029862e-01
4.870000000000000995e-01 4.611000000000035071e-01
4.880000000000001004e-01 4.885000000000028209e-01
4.890000000000001013e-01 5.090000000000012292e-01
4.900000000000001021e-01 5.121200000000001307e-01
4.910000000000001030e-01 5.138600000000002055e-01
4.920000000000001039e-01 5.189399999999995128e-01
4.930000000000001048e-01 5.149399999999999533e-01
4.940000000000001057e-01 5.139999999999993463e-01
4.950000000000001066e-01 5.125100000000005762e-01
4.960000000000001075e-01 5.170599999999999641e-01
4.970000000000001084e-01 5.173899999999997945e-01
4.980000000000001092e-01 5.190400000000001679e-01
4.990000000000001101e-01 5.163199999999995571e-01
5.000000000000001110e-01 5.150599999999997403e-01
5.010000000000001119e-01 5.137100000000002220e-01
5.020000000000001128e-01 5.125799999999993695e-01
5.030000000000001137e-01 5.068199999999993821e-01
5.040000000000001146e-01 5.046399999999995334e-01
5.050000000000001155e-01 4.996999999999995890e-01
5.060000000000001164e-01 4.933599999999994656e-01
5.070000000000001172e-01 4.875099999999991107e-01
5.080000000000001181e-01 4.810399999999989129e-01
5.090000000000001190e-01 4.714999999999992530e-01
5.100000000000001199e-01 4.697599999999996778e-01
5.110000000000001208e-01 4.746100000000013086e-01
5.120000000000001217e-01 4.911000000000022014e-01
5.130000000000001226e-01 5.083800000000013863e-01
5.140000000000001235e-01 5.208400000000006358e-01
5.150000000000001243e-01 5.246800000000002573e-01
5.160000000000001252e-01 5.236800000000005895e-01
5.170000000000001261e-01 5.301499999999998991e-01
5.180000000000001270e-01 5.219400000000004036e-01
5.190000000000001279e-01 5.161999999999979938e-01
5.200000000000001288e-01 5.068599999999999772e-01
5.210000000000001297e-01 5.046199999999989583e-01
5.220000000000001306e-01 5.008600000000000829e-01
5.230000000000001315e-01 5.040100000000000691e-01
5.240000000000001323e-01 5.045600000000006746e-01
5.250000000000001332e-01 5.115600000000011249e-01
5.260000000000001341e-01 5.170400000000011653e-01
5.270000000000001350e-01 5.241800000000000903e-01
5.280000000000001359e-01 5.210599999999997456e-01
5.290000000000001368e-01 5.173699999999993304e-01
5.300000000000001377e-01 5.164799999999994951e-01
5.310000000000001386e-01 5.103299999999986181e-01
5.320000000000001394e-01 5.026999999999993696e-01
5.330000000000001403e-01 4.948799999999979882e-01
5.340000000000001412e-01 4.874799999999992473e-01
5.350000000000001421e-01 4.777599999999980751e-01
5.360000000000001430e-01 4.636599999999980182e-01
5.370000000000001439e-01 4.497299999999982423e-01
5.380000000000001448e-01 4.353599999999989700e-01
5.390000000000001457e-01 4.277199999999987123e-01
5.400000000000001465e-01 4.152999999999983927e-01
5.410000000000001474e-01 4.008499999999971530e-01
5.420000000000001483e-01 3.857199999999991746e-01
5.430000000000001492e-01 3.819000000000000172e-01
5.440000000000001501e-01 3.883200000000019969e-01
5.450000000000001510e-01 4.116000000000045733e-01
5.460000000000001519e-01 4.436600000000038846e-01
5.470000000000001528e-01 4.761200000000052057e-01
5.480000000000001537e-01 5.051200000000020118e-01
5.490000000000001545e-01 5.172100000000009468e-01
5.500000000000001554e-01 5.187999999999999279e-01
5.510000000000001563e-01 5.207624242424252481e-01
5.520000000000001572e-01 5.211701010100999731e-01
5.530000000000001581e-01 5.161139393939395692e-01
5.540000000000001590e-01 5.134696969696965763e-01
5.550000000000001599e-01 5.102641414141410037e-01
5.560000000000001608e-01 5.095836363636365718e-01
5.570000000000001616e-01 5.117037373737377548e-01
5.580000000000001625e-01 5.146866666666668477e-01
5.590000000000001634e-01 5.172500000000006537e-01
5.600000000000001643e-01 5.202216161616163292e-01
5.610000000000001652e-01 5.203677777777774294e-01
5.620000000000001661e-01 5.191812121212120434e-01
5.630000000000001670e-01 5.183516161616159579e-01
5.640000000000001679e-01 5.150323232323228417e-01
5.650000000000001688e-01 5.110727272727262349e-01
5.660000000000001696e-01 5.042365656565639398e-01
5.670000000000001705e-01 4.968764646464632895e-01
5.680000000000001714e-01 4.885127272727260994e-01
5.690000000000001723e-01 4.846277777777773244e-01
5.700000000000001732e-01 4.806737373737367536e-01
5.710000000000001741e-01 4.775851515151506299e-01
5.720000000000001750e-01 4.723844444444429969e-01
5.730000000000001759e-01 4.659580808080793224e-01
5.740000000000001767e-01 4.582848484848468518e-01
5.750000000000001776e-01 4.526957575757566410e-01
5.760000000000001785e-01 4.511412121212128312e-01
5.770000000000001794e-01 4.553618181818185340e-01
5.780000000000001803e-01 4.588262626262643029e-01
5.790000000000001812e-01 4.691535353535369879e-01
5.800000000000001821e-01 4.809412121212147673e-01
5.810000000000001830e-01 4.932619191919209167e-01
5.820000000000001839e-01 5.033682828282844968e-01
5.830000000000001847e-01 5.099766666666674109e-01
5.840000000000001856e-01 5.149151515151522140e-01
5.850000000000001865e-01 5.176482828282833459e-01
5.860000000000001874e-01 5.198672727272727334e-01
5.870000000000001883e-01 5.194911111111107926e-01
5.880000000000001892e-01 5.162579797979798268e-01
5.890000000000001901e-01 5.138287878787878293e-01
5.900000000000001910e-01 5.100430303030287771e-01
5.910000000000001918e-01 5.025946464646449119e-01
5.920000000000001927e-01 4.959399999999988262e-01
5.930000000000001936e-01 4.906690909090899444e-01
5.940000000000001945e-01 4.842111111111084831e-01
5.950000000000001954e-01 4.769627272727272049e-01
5.960000000000001963e-01 4.744080808080807787e-01
5.970000000000001972e-01 4.772206060606061229e-01
5.980000000000001981e-01 4.785503030303039362e-01
5.990000000000001990e-01 4.821318181818185500e-01
6.000000000000001998e-01 4.869890909090923703e-01
6.010000000000002007e-01 4.922330303030307830e-01
6.020000000000002016e-01 4.963674747474755566e-01
6.030000000000002025e-01 4.995135353535354872e-01
6.040000000000002034e-01 5.019636363636368337e-01
6.050000000000002043e-01 5.021011111111102210e-01
6.060000000000002052e-01 4.961412121212105397e-01
6.070000000000002061e-01 4.904499999999991644e-01
6.080000000000002069e-01 4.847943434343416347e-01
6.090000000000002078e-01 4.808191919191917019e-01
6.100000000000002087e-01 4.801387878787867769e-01
6.110000000000002096e-01 4.749992929292918276e-01
6.120000000000002105e-01 4.666155555555528411e-01
6.130000000000002114e-01 4.534109090909052009e-01
6.140000000000002123e-01 4.373121212121185430e-01
6.150000000000002132e-01 4.287502020202008102e-01
6.160000000000002141e-01 4.209466666666655810e-01
6.170000000000002149e-01 4.147405050505017510e-01
6.180000000000002158e-01 3.935335353535317493e-01
6.190000000000002167e-01 3.856636363636359310e-01
6.200000000000002176e-01 3.888838383838403856e-01
6.210000000000002185e-01 4.007620202020218403e-01
6.220000000000002194e-01 4.149909090909135179e-01
6.230000000000002203e-01 4.324797979798012948e-01
6.240000000000002212e-01 4.519191919191949403e-01
6.250000000000002220e-01 4.673390909090933687e-01
6.260000000000002229e-01 4.805387878787905631e-01
6.270000000000002238e-01 4.906000000000011463e-01
6.280000000000002247e-01 4.942375757575778183e-01
6.290000000000002256e-01 5.030409090909100378e-01
6.300000000000002265e-01 5.078222222222238402e-01
6.310000000000002274e-01 5.130409090909091585e-01
6.320000000000002283e-01 5.128048484848491961e-01
6.330000000000002292e-01 5.144949494949491164e-01
6.340000000000002300e-01 5.137242424242423056e-01
6.350000000000002309e-01 5.136158585858583425e-01
6.360000000000002318e-01 5.127820202020202389e-01
6.370000000000002327e-01 5.123072727272723892e-01
6.380000000000002336e-01 5.122999999999994225e-01
6.390000000000002345e-01 5.105989898989885534e-01
6.400000000000002354e-01 5.092509090909093095e-01
6.410000000000002363e-01 5.086115151515139265e-01
6.420000000000002371e-01 5.037822222222209101e-01
6.430000000000002380e-01 4.955954545454511750e-01
6.440000000000002389e-01 4.799666666666636550e-01
6.450000000000002398e-01 4.736640404040425856e-01
6.460000000000002407e-01 4.918660606060625828e-01
6.470000000000002416e-01 4.840487878787788079e-01
6.480000000000002425e-01 4.789771717171760756e-01
6.490000000000002434e-01 4.898000000000002352e-01
6.500000000000002442e-01 4.965000000000014402e-01
6.510000000000002451e-01 4.998999999999999000e-01
6.520000000000002460e-01 5.041000000000008807e-01
6.530000000000002469e-01 5.084000000000002961e-01
6.540000000000002478e-01 5.088999999999999080e-01
6.550000000000002487e-01 5.097000000000003750e-01
6.560000000000002496e-01 5.067000000000023707e-01
6.570000000000002505e-01 5.120999999999997776e-01
6.580000000000002514e-01 5.104000000000001869e-01
6.590000000000002522e-01 5.098999999999989097e-01
6.600000000000002531e-01 5.109999999999996767e-01
6.610000000000002540e-01 5.105500000000001704e-01
6.620000000000002549e-01 5.086999999999988198e-01
6.630000000000002558e-01 5.058999999999995723e-01
6.640000000000002567e-01 5.058999999999993502e-01
6.650000000000002576e-01 5.057000000000000384e-01
6.660000000000002585e-01 5.011999999999990907e-01
6.670000000000002593e-01 5.003000000000007441e-01
6.680000000000002602e-01 5.027000000000004798e-01
6.690000000000002611e-01 5.040000000000005587e-01
6.700000000000002620e-01 5.082000000000015394e-01
6.710000000000002629e-01 5.136500000000000510e-01
6.720000000000002638e-01 5.167000000000009363e-01
6.730000000000002647e-01 5.225000000000015188e-01
6.740000000000002656e-01 5.238000000000003764e-01
6.750000000000002665e-01 5.272500000000019948e-01
6.760000000000002673e-01 5.312999999999995504e-01
6.770000000000002682e-01 5.297000000000002817e-01
6.780000000000002691e-01 5.320000000000000284e-01
6.790000000000002700e-01 5.293999999999976502e-01
6.800000000000002709e-01 5.256000000000001782e-01
6.810000000000002718e-01 5.261999999999994460e-01
6.820000000000002727e-01 5.188999999999982515e-01
6.830000000000002736e-01 5.165000000000018465e-01
6.840000000000002744e-01 5.195000000000004059e-01
6.850000000000002753e-01 5.193999999999993067e-01
6.860000000000002762e-01 5.228999999999994763e-01
6.870000000000002771e-01 5.170500000000031182e-01
6.880000000000002780e-01 5.249999999999961364e-01
6.890000000000002789e-01 5.227500000000010472e-01
6.900000000000002798e-01 5.241999999999976678e-01
6.910000000000002807e-01 5.195499999999990681e-01
6.920000000000002816e-01 5.196999999999973863e-01
6.930000000000002824e-01 5.128999999999984682e-01
6.940000000000002833e-01 5.109000000000006869e-01
6.950000000000002842e-01 5.113499999999986390e-01
6.960000000000002851e-01 5.052999999999978620e-01
6.970000000000002860e-01 5.003499999999994063e-01
6.980000000000002869e-01 4.980999999999968231e-01
6.990000000000002878e-01 4.868499999999963412e-01
7.000000000000002887e-01 4.754999999999975913e-01
7.010000000000002895e-01 4.688499999999968804e-01
7.020000000000002904e-01 4.599999999999983546e-01
7.030000000000002913e-01 4.652500000000028280e-01
7.040000000000002922e-01 4.649999999999959721e-01
7.050000000000002931e-01 4.641000000000042869e-01
7.060000000000002940e-01 4.767999999999996685e-01
7.070000000000002949e-01 4.764500000000009283e-01
7.080000000000002958e-01 4.842000000000026838e-01
7.090000000000002967e-01 4.894999999999996021e-01
7.100000000000002975e-01 4.880000000000020433e-01
7.110000000000002984e-01 4.963500000000021783e-01
7.120000000000002993e-01 4.970999999999990426e-01
7.130000000000003002e-01 4.954500000000014448e-01
7.140000000000003011e-01 4.999999999999988343e-01
7.150000000000003020e-01 4.916499999999960346e-01
7.160000000000003029e-01 4.713999999999909929e-01
7.170000000000003038e-01 4.445999999999904473e-01
7.180000000000003046e-01 4.158999999999898334e-01
7.190000000000003055e-01 3.917499999999917160e-01
7.200000000000003064e-01 3.558999999999925001e-01
7.210000000000003073e-01 3.416999999999967841e-01
7.220000000000003082e-01 3.289999999999984048e-01
7.230000000000003091e-01 3.117999999999891969e-01
7.240000000000003100e-01 2.772999999999905540e-01
7.250000000000003109e-01 2.374499999999867272e-01
7.260000000000003118e-01 2.168000000000045724e-01
7.270000000000003126e-01 2.065499999999895475e-01
7.280000000000003135e-01 2.094000000000162398e-01
7.290000000000003144e-01 2.453500000000028436e-01
7.300000000000003153e-01 2.565000000000104974e-01
7.310000000000003162e-01 2.928500000000118786e-01
7.320000000000003171e-01 3.228000000000032510e-01
7.330000000000003180e-01 3.348500000000055876e-01
7.340000000000003189e-01 3.650000000000095945e-01
7.350000000000003197e-01 3.929500000000051840e-01
7.360000000000003206e-01 4.205000000000059246e-01
7.370000000000003215e-01 4.322000000000053577e-01
7.380000000000003224e-01 4.502000000000054847e-01
7.390000000000003233e-01 4.675500000000054057e-01
7.400000000000003242e-01 4.807000000000031248e-01
7.410000000000003251e-01 4.899000000000043320e-01
7.420000000000003260e-01 4.960000000000019393e-01
7.430000000000003268e-01 5.010500000000021048e-01
7.440000000000003277e-01 5.064000000000002943e-01
7.450000000000003286e-01 5.067999999999991401e-01
7.460000000000003295e-01 5.061000000000021037e-01
7.470000000000003304e-01 5.075999999999991630e-01
7.480000000000003313e-01 5.063999999999988511e-01
7.490000000000003322e-01 5.043499999999994099e-01
7.500000000000003331e-01 5.043999999999995154e-01
7.510000000000003340e-01 5.034000000000002917e-01
7.520000000000003348e-01 5.022999999999994136e-01
7.530000000000003357e-01 4.994499999999993944e-01
7.540000000000003366e-01 4.971999999999975328e-01
7.550000000000003375e-01 4.936999999999996946e-01
7.560000000000003384e-01 4.922999999999981835e-01
7.570000000000003393e-01 4.854999999999970450e-01
7.580000000000003402e-01 4.785999999999981935e-01
7.590000000000003411e-01 4.770999999999971375e-01
7.600000000000003419e-01 4.614999999999965796e-01
7.610000000000003428e-01 4.496999999999959918e-01
7.620000000000003437e-01 4.458000000000041374e-01
7.630000000000003446e-01 4.503499999999999170e-01
7.640000000000003455e-01 4.543999999999990824e-01
7.650000000000003464e-01 4.506999999999978801e-01
7.660000000000003473e-01 4.549999999999993494e-01
7.670000000000003482e-01 4.496999999999974906e-01
7.680000000000003491e-01 4.554000000000004711e-01
7.690000000000003499e-01 4.550000000000019584e-01
7.700000000000003508e-01 4.604000000000007531e-01
7.710000000000003517e-01 4.599999999999984102e-01
7.720000000000003526e-01 4.553000000000012593e-01
7.730000000000003535e-01 4.515999999999958936e-01
7.740000000000003544e-01 4.509000000000027986e-01
7.750000000000003553e-01 4.521999999999982700e-01
7.760000000000003562e-01 4.439999999999980074e-01
7.770000000000003570e-01 4.420000000000006146e-01
7.780000000000003579e-01 4.367999999999965799e-01
7.790000000000003588e-01 4.225499999999938749e-01
7.800000000000003597e-01 4.053999999999928217e-01
7.810000000000003606e-01 3.853499999999969727e-01
7.820000000000003615e-01 3.813999999999963531e-01
7.830000000000003624e-01 3.635999999999902643e-01
7.840000000000003633e-01 3.365000000000029634e-01
7.850000000000003642e-01 3.495500000000004714e-01
7.860000000000003650e-01 3.311999999999948319e-01
7.870000000000003659e-01 3.285000000000073972e-01
7.880000000000003668e-01 3.399000000000003130e-01
7.890000000000003677e-01 3.390000000000007452e-01
7.900000000000003686e-01 3.449000000000026489e-01
7.910000000000003695e-01 3.382999999999918295e-01
7.920000000000003704e-01 3.234000000000033515e-01
7.930000000000003713e-01 3.341000000000058368e-01
7.940000000000003721e-01 3.467999999999960559e-01
7.950000000000003730e-01 3.408500000000000973e-01
7.960000000000003739e-01 3.424000000000026467e-01
7.970000000000003748e-01 3.405499999999958005e-01
7.980000000000003757e-01 3.429000000000014259e-01
7.990000000000003766e-01 3.478000000000023295e-01
8.000000000000003775e-01 3.625000000000011546e-01
8.010000000000003784e-01 3.755000000000072169e-01
8.020000000000003793e-01 3.734000000000061714e-01
8.030000000000003801e-01 3.888000000000038647e-01
8.040000000000003810e-01 3.964999999999999081e-01
8.050000000000003819e-01 4.034000000000027564e-01
8.060000000000003828e-01 4.104000000000039283e-01
8.070000000000003837e-01 4.229000000000046611e-01
8.080000000000003846e-01 4.277000000000013014e-01
8.090000000000003855e-01 4.258999999999957264e-01
8.100000000000003864e-01 4.285000000000011022e-01
8.110000000000003872e-01 4.310500000000014875e-01
8.120000000000003881e-01 4.375000000000009992e-01
8.130000000000003890e-01 4.390000000000006120e-01
8.140000000000003899e-01 4.447000000000019826e-01
8.150000000000003908e-01 4.437999999999988621e-01
8.160000000000003917e-01 4.471000000000055485e-01
8.170000000000003926e-01 4.549500000000053501e-01
8.180000000000003935e-01 4.596999999999993314e-01
8.190000000000003944e-01 4.612999999999999878e-01
8.200000000000003952e-01 4.670000000000030238e-01
8.210000000000003961e-01 4.722000000000007858e-01
8.220000000000003970e-01 4.725999999999990209e-01
8.230000000000003979e-01 4.714500000000031998e-01
8.240000000000003988e-01 4.757000000000030093e-01
8.250000000000003997e-01 4.769999999999992024e-01
8.260000000000004006e-01 4.740000000000018643e-01
8.270000000000004015e-01 4.776499999999985202e-01
8.280000000000004023e-01 4.789000000000018797e-01
8.290000000000004032e-01 4.790999999999994152e-01
8.300000000000004041e-01 4.792000000000026794e-01
8.310000000000004050e-01 4.841500000000004689e-01
8.320000000000004059e-01 4.814999999999986513e-01
8.330000000000004068e-01 4.760999999999974697e-01
8.340000000000004077e-01 4.687999999999959977e-01
8.350000000000004086e-01 4.545499999999919605e-01
8.360000000000004095e-01 4.328999999999901260e-01
8.370000000000004103e-01 4.154999999999945404e-01
8.380000000000004112e-01 3.995999999999833574e-01
8.390000000000004121e-01 3.809000000000073993e-01
8.400000000000004130e-01 4.025999999999945733e-01
8.410000000000004139e-01 3.749999999999819034e-01
8.420000000000004148e-01 3.604000000000265325e-01
8.430000000000004157e-01 4.169000000000062101e-01
8.440000000000004166e-01 4.026999999999926749e-01
8.450000000000004174e-01 4.090500000000117931e-01
8.460000000000004183e-01 4.301000000000024248e-01
8.470000000000004192e-01 4.328999999999996184e-01
8.480000000000004201e-01 4.326000000000029821e-01
8.490000000000004210e-01 4.420000000000044449e-01
8.500000000000004219e-01 4.405999999999919980e-01
8.510000000000004228e-01 4.300499999999958245e-01
8.520000000000004237e-01 4.183999999999920005e-01
8.530000000000004245e-01 4.014999999999910862e-01
8.540000000000004254e-01 3.812999999999937550e-01
8.550000000000004263e-01 3.593499999999993366e-01
8.560000000000004272e-01 3.443999999999822204e-01
8.570000000000004281e-01 3.065999999999838854e-01
8.580000000000004290e-01 2.738999999999935375e-01
8.590000000000004299e-01 2.616499999999927217e-01
8.600000000000004308e-01 2.335999999999781307e-01
8.610000000000004317e-01 1.941499999999898030e-01
8.620000000000004325e-01 1.676999999999969904e-01
8.630000000000004334e-01 1.737500000000040956e-01
8.640000000000004343e-01 1.675000000000078926e-01
8.650000000000004352e-01 1.782499999999990203e-01
8.660000000000004361e-01 1.956000000000054362e-01
8.670000000000004370e-01 1.984500000000074538e-01
8.680000000000004379e-01 2.335000000000128917e-01
8.690000000000004388e-01 2.575000000000086664e-01
8.700000000000004396e-01 2.676000000000015588e-01
8.710000000000004405e-01 2.811000000000126731e-01
8.720000000000004414e-01 3.102000000000065261e-01
8.730000000000004423e-01 3.241000000000084369e-01
8.740000000000004432e-01 3.275999999999952284e-01
8.750000000000004441e-01 3.252000000000019875e-01
8.760000000000004450e-01 3.216999999999961002e-01
8.770000000000004459e-01 3.118499999999943539e-01
8.780000000000004468e-01 2.920999999999936980e-01
8.790000000000004476e-01 2.622999999999733323e-01
8.800000000000004485e-01 1.751999999999643565e-01
8.810000000000004494e-01 1.160499999999763526e-01
8.820000000000004503e-01 5.369999999998889550e-02
8.830000000000004512e-01 3.644999999999500029e-02
8.840000000000004521e-01 3.500000000000977329e-02
8.850000000000004530e-01 5.900000000000665823e-02
8.860000000000004539e-01 5.549999999998978667e-02
8.870000000000004547e-01 2.569999999998845430e-02
8.880000000000004556e-01 2.580000000000721647e-02
8.890000000000004565e-01 4.030000000000250049e-02
8.900000000000004574e-01 4.499999999999722278e-02
8.910000000000004583e-01 4.129999999999975357e-02
8.920000000000004592e-01 4.740000000000033076e-02
8.930000000000004601e-01 4.660000000000025233e-02
8.940000000000004610e-01 3.780000000000099947e-02
8.950000000000004619e-01 4.110000000000074705e-02
8.960000000000004627e-01 4.030000000000844018e-02
8.970000000000004636e-01 6.540000000001373881e-02
8.980000000000004645e-01 7.419999999999844775e-02
8.990000000000004654e-01 7.010000000000074505e-02
