# Model: CoolTLusty
# Pc: 0.0, Pm: 0.0
# col 0 - wavelength (microns)
# col 1 - geometric albedo
4.000000000000000222e-01 5.648999999999999577e-01
4.010000000000000231e-01 5.647999999999996357e-01
4.020000000000000240e-01 5.504999999999999893e-01
4.030000000000000249e-01 5.554000000000007820e-01
4.040000000000000258e-01 5.689999999999999503e-01
4.050000000000000266e-01 5.757499999999997620e-01
4.060000000000000275e-01 5.597999999999999643e-01
4.070000000000000284e-01 5.658500000000005192e-01
4.080000000000000293e-01 5.780999999999995032e-01
4.090000000000000302e-01 5.736499999999999932e-01
4.100000000000000311e-01 5.913999999999994817e-01
4.110000000000000320e-01 5.813999999999998058e-01
4.120000000000000329e-01 5.749000000000000776e-01
4.130000000000000338e-01 5.790500000000002867e-01
4.140000000000000346e-01 5.835000000000003517e-01
4.150000000000000355e-01 5.876000000000000112e-01
4.160000000000000364e-01 5.775999999999996692e-01
4.170000000000000373e-01 5.833000000000003737e-01
4.180000000000000382e-01 5.899999999999996358e-01
4.190000000000000391e-01 5.788999999999989710e-01
4.200000000000000400e-01 5.747999999999997556e-01
4.210000000000000409e-01 5.750500000000005052e-01
4.220000000000000417e-01 5.869000000000015316e-01
4.230000000000000426e-01 5.976999999999994539e-01
4.240000000000000435e-01 5.911999999999997257e-01
4.250000000000000444e-01 5.937500000000004441e-01
4.260000000000000453e-01 5.921999999999993936e-01
4.270000000000000462e-01 5.999000000000012101e-01
4.280000000000000471e-01 5.959000000000000963e-01
4.290000000000000480e-01 5.992499999999998384e-01
4.300000000000000488e-01 6.142000000000011894e-01
4.310000000000000497e-01 6.211499999999979815e-01
4.320000000000000506e-01 5.910000000000004139e-01
4.330000000000000515e-01 5.891499999999989523e-01
4.340000000000000524e-01 5.926999999999994495e-01
4.350000000000000533e-01 5.840499999999996250e-01
4.360000000000000542e-01 5.736999999999988775e-01
4.370000000000000551e-01 5.638000000000003009e-01
4.380000000000000560e-01 5.806000000000014483e-01
4.390000000000000568e-01 5.894499999999984752e-01
4.400000000000000577e-01 5.498999999999965027e-01
4.410000000000000586e-01 5.079999999999995630e-01
4.420000000000000595e-01 5.248000000000019316e-01
4.430000000000000604e-01 5.643500000000022387e-01
4.440000000000000613e-01 5.801000000000002821e-01
4.450000000000000622e-01 5.868000000000002103e-01
4.460000000000000631e-01 5.952999999999999403e-01
4.470000000000000639e-01 5.874499999999994726e-01
4.480000000000000648e-01 5.868000000000000993e-01
4.490000000000000657e-01 5.870500000000001828e-01
4.500000000000000666e-01 5.844999999999999085e-01
4.510000000000000675e-01 5.815000000000001279e-01
4.520000000000000684e-01 5.832000000000000517e-01
4.530000000000000693e-01 5.837999999999997636e-01
4.540000000000000702e-01 5.761999999999999345e-01
4.550000000000000711e-01 5.759999999999996234e-01
4.560000000000000719e-01 5.704999999999995630e-01
4.570000000000000728e-01 5.656999999999995365e-01
4.580000000000000737e-01 5.607999999999989660e-01
4.590000000000000746e-01 5.390999999999984693e-01
4.600000000000000755e-01 5.318000000000020488e-01
4.610000000000000764e-01 5.636500000000019828e-01
4.620000000000000773e-01 5.810000000000002940e-01
4.630000000000000782e-01 5.846000000000001195e-01
4.640000000000000790e-01 5.864000000000001434e-01
4.650000000000000799e-01 5.858499999999994268e-01
4.660000000000000808e-01 5.777000000000004354e-01
4.670000000000000817e-01 5.851000000000000645e-01
4.680000000000000826e-01 5.865000000000004654e-01
4.690000000000000835e-01 5.902499999999997193e-01
4.700000000000000844e-01 5.891000000000002901e-01
4.710000000000000853e-01 5.904999999999998028e-01
4.720000000000000862e-01 5.861999999999998323e-01
4.730000000000000870e-01 5.881000000000005112e-01
4.740000000000000879e-01 5.874999999999986899e-01
4.750000000000000888e-01 5.776499999999996637e-01
4.760000000000000897e-01 5.768999999999999684e-01
4.770000000000000906e-01 5.738999999999990775e-01
4.780000000000000915e-01 5.595999999999989871e-01
4.790000000000000924e-01 5.483999999999985553e-01
4.800000000000000933e-01 5.298999999999984833e-01
4.810000000000000941e-01 5.125499999999977296e-01
4.820000000000000950e-01 4.961999999999991973e-01
4.830000000000000959e-01 4.885999999999983689e-01
4.840000000000000968e-01 4.634999999999916409e-01
4.850000000000000977e-01 3.940999999999964531e-01
4.860000000000000986e-01 3.991000000000068382e-01
4.870000000000000995e-01 4.638000000000072620e-01
4.880000000000001004e-01 5.287000000000062760e-01
4.890000000000001013e-01 5.750000000000026201e-01
4.900000000000001021e-01 5.834000000000002517e-01
4.910000000000001030e-01 5.859499999999998598e-01
4.920000000000001039e-01 5.915999999999995707e-01
4.930000000000001048e-01 5.839999999999994085e-01
4.940000000000001057e-01 5.808999999999989727e-01
4.950000000000001066e-01 5.771000000000010566e-01
4.960000000000001075e-01 5.848000000000002085e-01
4.970000000000001084e-01 5.850999999999998424e-01
4.980000000000001092e-01 5.866000000000002323e-01
4.990000000000001101e-01 5.806999999999985507e-01
5.000000000000001110e-01 5.758999999999994124e-01
5.010000000000001119e-01 5.709500000000002906e-01
5.020000000000001128e-01 5.663999999999983492e-01
5.030000000000001137e-01 5.527499999999987423e-01
5.040000000000001146e-01 5.454999999999984306e-01
5.050000000000001155e-01 5.317999999999984961e-01
5.060000000000001164e-01 5.160999999999987820e-01
5.070000000000001172e-01 5.009499999999976749e-01
5.080000000000001181e-01 4.825999999999973644e-01
5.090000000000001190e-01 4.590499999999979042e-01
5.100000000000001199e-01 4.516999999999996018e-01
5.110000000000001208e-01 4.636000000000033983e-01
5.120000000000001217e-01 5.022000000000049758e-01
5.130000000000001226e-01 5.433000000000034468e-01
5.140000000000001235e-01 5.704000000000014614e-01
5.150000000000001243e-01 5.789500000000006308e-01
5.160000000000001252e-01 5.772000000000006015e-01
5.170000000000001261e-01 5.838499999999997581e-01
5.180000000000001270e-01 5.654999999999995586e-01
5.190000000000001279e-01 5.524999999999951061e-01
5.200000000000001288e-01 5.316999999999989512e-01
5.210000000000001297e-01 5.229499999999983606e-01
5.220000000000001306e-01 5.149000000000002464e-01
5.230000000000001315e-01 5.198500000000011445e-01
5.240000000000001323e-01 5.234000000000013086e-01
5.250000000000001332e-01 5.383500000000024377e-01
5.260000000000001341e-01 5.504000000000016657e-01
5.270000000000001350e-01 5.614999999999996660e-01
5.280000000000001359e-01 5.557999999999994056e-01
5.290000000000001368e-01 5.488999999999982782e-01
5.300000000000001377e-01 5.447999999999988407e-01
5.310000000000001386e-01 5.302499999999970015e-01
5.320000000000001394e-01 5.107999999999977003e-01
5.330000000000001403e-01 4.873499999999954535e-01
5.340000000000001412e-01 4.701999999999980084e-01
5.350000000000001421e-01 4.452999999999950886e-01
5.360000000000001430e-01 4.134999999999953713e-01
5.370000000000001439e-01 3.776999999999947066e-01
5.380000000000001448e-01 3.446999999999977859e-01
5.390000000000001457e-01 3.279999999999970162e-01
5.400000000000001465e-01 3.021999999999968600e-01
5.410000000000001474e-01 2.734999999999949694e-01
5.420000000000001483e-01 2.460999999999981258e-01
5.430000000000001492e-01 2.362499999999992939e-01
5.440000000000001501e-01 2.469000000000036998e-01
5.450000000000001510e-01 2.917500000000097793e-01
5.460000000000001519e-01 3.602000000000084023e-01
5.470000000000001528e-01 4.343000000000116767e-01
5.480000000000001537e-01 5.002000000000047519e-01
5.490000000000001545e-01 5.329000000000035930e-01
5.500000000000001554e-01 5.470000000000005969e-01
5.510000000000001563e-01 5.503000000000002334e-01
5.520000000000001572e-01 5.474999999999990985e-01
5.530000000000001581e-01 5.396499999999984087e-01
5.540000000000001590e-01 5.252999999999984349e-01
5.550000000000001599e-01 5.128999999999984682e-01
5.560000000000001608e-01 5.063999999999998503e-01
5.570000000000001616e-01 5.074000000000007393e-01
5.580000000000001625e-01 5.126000000000004997e-01
5.590000000000001634e-01 5.183000000000014262e-01
5.600000000000001643e-01 5.240000000000000213e-01
5.610000000000001652e-01 5.232999999999992102e-01
5.620000000000001661e-01 5.196999999999994957e-01
5.630000000000001670e-01 5.153499999999993086e-01
5.640000000000001679e-01 5.062999999999973078e-01
5.650000000000001688e-01 4.917499999999971338e-01
5.660000000000001696e-01 4.723999999999948796e-01
5.670000000000001705e-01 4.494999999999963469e-01
5.680000000000001714e-01 4.278999999999974491e-01
5.690000000000001723e-01 4.179999999999983173e-01
5.700000000000001732e-01 4.016999999999971149e-01
5.710000000000001741e-01 3.889999999999971814e-01
5.720000000000001750e-01 3.715999999999967662e-01
5.730000000000001759e-01 3.540499999999956460e-01
5.740000000000001767e-01 3.282999999999952623e-01
5.750000000000001776e-01 3.098999999999973998e-01
5.760000000000001785e-01 3.016000000000016446e-01
5.770000000000001794e-01 3.097500000000010245e-01
5.780000000000001803e-01 3.162000000000040334e-01
5.790000000000001812e-01 3.422500000000054388e-01
5.800000000000001821e-01 3.755000000000093263e-01
5.810000000000001830e-01 4.159500000000059261e-01
5.820000000000001839e-01 4.459000000000058472e-01
5.830000000000001847e-01 4.699000000000034261e-01
5.840000000000001856e-01 4.866000000000033632e-01
5.850000000000001865e-01 4.991500000000017034e-01
5.860000000000001874e-01 5.063000000000000833e-01
5.870000000000001883e-01 5.063000000000000833e-01
5.880000000000001892e-01 5.038999999999990154e-01
5.890000000000001901e-01 4.971999999999975883e-01
5.900000000000001910e-01 4.727999999999927816e-01
5.910000000000001918e-01 4.429499999999956250e-01
5.920000000000001927e-01 4.171999999999938535e-01
5.930000000000001936e-01 3.889999999999951275e-01
5.940000000000001945e-01 3.606999999999927486e-01
5.950000000000001954e-01 3.325999999999975643e-01
5.960000000000001963e-01 3.137000000000000344e-01
5.970000000000001972e-01 3.216500000000006576e-01
5.980000000000001981e-01 3.227000000000022073e-01
5.990000000000001990e-01 3.327500000000017111e-01
6.000000000000001998e-01 3.484000000000043173e-01
6.010000000000002007e-01 3.641500000000024717e-01
6.020000000000002016e-01 3.883000000000058627e-01
6.030000000000002025e-01 4.106500000000021799e-01
6.040000000000002034e-01 4.180999999999990280e-01
6.050000000000002043e-01 4.065999999999965198e-01
6.060000000000002052e-01 3.840999999999915593e-01
6.070000000000002061e-01 3.465999999999945791e-01
6.080000000000002069e-01 3.104999999999914495e-01
6.090000000000002078e-01 2.853499999999990488e-01
6.100000000000002087e-01 2.803999999999963189e-01
6.110000000000002096e-01 2.569499999999949047e-01
6.120000000000002105e-01 2.214999999999924529e-01
6.130000000000002114e-01 1.867499999999912841e-01
6.140000000000002123e-01 1.580999999999962158e-01
6.150000000000002132e-01 1.455499999999991800e-01
6.160000000000002141e-01 1.410999999999986709e-01
6.170000000000002149e-01 1.351999999999974333e-01
6.180000000000002158e-01 1.199999999999974420e-01
6.190000000000002167e-01 1.127999999999994424e-01
6.200000000000002176e-01 1.130000000000010579e-01
6.210000000000002185e-01 1.182500000000008267e-01
6.220000000000002194e-01 1.250000000000033307e-01
6.230000000000002203e-01 1.409500000000041553e-01
6.240000000000002212e-01 1.664000000000082080e-01
6.250000000000002220e-01 2.009000000000072117e-01
6.260000000000002229e-01 2.408000000000081464e-01
6.270000000000002238e-01 2.753500000000079218e-01
6.280000000000002247e-01 3.156000000000086514e-01
6.290000000000002256e-01 3.471000000000051822e-01
6.300000000000002265e-01 3.758000000000051299e-01
6.310000000000002274e-01 3.943500000000021988e-01
6.320000000000002283e-01 4.044000000000012029e-01
6.330000000000002292e-01 4.088000000000002188e-01
6.340000000000002300e-01 4.055999999999996275e-01
6.350000000000002309e-01 4.012999999999981027e-01
6.360000000000002318e-01 3.915999999999972281e-01
6.370000000000002327e-01 3.789999999999974500e-01
6.380000000000002336e-01 3.703999999999952331e-01
6.390000000000002345e-01 3.514499999999968760e-01
6.400000000000002354e-01 3.409999999999968057e-01
6.410000000000002363e-01 3.203499999999924186e-01
6.420000000000002371e-01 3.038999999999967283e-01
6.430000000000002380e-01 3.002000000000025204e-01
6.440000000000002389e-01 3.086000000000019838e-01
6.450000000000002398e-01 3.131999999999998674e-01
6.460000000000002407e-01 3.097999999999997978e-01
6.470000000000002416e-01 3.120500000000007712e-01
6.480000000000002425e-01 3.007999999999945162e-01
6.490000000000002434e-01 2.816499999999982351e-01
6.500000000000002442e-01 2.741999999999969462e-01
6.510000000000002451e-01 2.668500000000003647e-01
6.520000000000002460e-01 2.693999999999990291e-01
6.530000000000002469e-01 2.601499999999953294e-01
6.540000000000002478e-01 2.422999999999953802e-01
6.550000000000002487e-01 2.259999999999973419e-01
6.560000000000002496e-01 2.123999999999979515e-01
6.570000000000002505e-01 2.079999999999983529e-01
6.580000000000002514e-01 1.996999999999984898e-01
6.590000000000002522e-01 1.932999999999970853e-01
6.600000000000002531e-01 1.884000000000005670e-01
6.610000000000002540e-01 1.867999999999979122e-01
6.620000000000002549e-01 1.757999999999972918e-01
6.630000000000002558e-01 1.667499999999990934e-01
6.640000000000002567e-01 1.654999999999985649e-01
6.650000000000002576e-01 1.601999999999980662e-01
6.660000000000002585e-01 1.482999999999985441e-01
6.670000000000002593e-01 1.458500000000003682e-01
6.680000000000002602e-01 1.474000000000019461e-01
6.690000000000002611e-01 1.534000000000018127e-01
6.700000000000002620e-01 1.644000000000034323e-01
6.710000000000002629e-01 1.793000000000041783e-01
6.720000000000002638e-01 1.999000000000055455e-01
6.730000000000002647e-01 2.254500000000064508e-01
6.740000000000002656e-01 2.495000000000027751e-01
6.750000000000002665e-01 2.728500000000107506e-01
6.760000000000002673e-01 3.040000000000037672e-01
6.770000000000002682e-01 3.240500000000050562e-01
6.780000000000002691e-01 3.299999999999981282e-01
6.790000000000002700e-01 3.093499999999892447e-01
6.800000000000002709e-01 2.628999999999926396e-01
6.810000000000002718e-01 2.408499999999975660e-01
6.820000000000002727e-01 2.139999999999922242e-01
6.830000000000002736e-01 1.959500000000018727e-01
6.840000000000002744e-01 2.012000000000042643e-01
6.850000000000002753e-01 2.138999999999990353e-01
6.860000000000002762e-01 2.215000000000022784e-01
6.870000000000002771e-01 2.274500000000038158e-01
6.880000000000002780e-01 2.435999999999977628e-01
6.890000000000002789e-01 2.433500000000054786e-01
6.900000000000002798e-01 2.665999999999964509e-01
6.910000000000002807e-01 2.595500000000005025e-01
6.920000000000002816e-01 2.645999999999989472e-01
6.930000000000002824e-01 2.589999999999973435e-01
6.940000000000002833e-01 2.440999999999941827e-01
6.950000000000002842e-01 2.247499999999919007e-01
6.960000000000002851e-01 1.908999999999889952e-01
6.970000000000002860e-01 1.604999999999947302e-01
6.980000000000002869e-01 1.539999999999949187e-01
6.990000000000002878e-01 1.350499999999930090e-01
7.000000000000002887e-01 1.140999999999983278e-01
7.010000000000002895e-01 1.075999999999970869e-01
7.020000000000002904e-01 9.799999999999817191e-02
7.030000000000002913e-01 9.975000000000229516e-02
7.040000000000002922e-01 1.008999999999981717e-01
7.050000000000002931e-01 1.057000000000058310e-01
7.060000000000002940e-01 1.209000000000004099e-01
7.070000000000002949e-01 1.246000000000026392e-01
7.080000000000002958e-01 1.350000000000042555e-01
7.090000000000002967e-01 1.450000000000012668e-01
7.100000000000002975e-01 1.511000000000055077e-01
7.110000000000002984e-01 1.660000000000022014e-01
7.120000000000002993e-01 1.652999999999975045e-01
7.130000000000003002e-01 1.653000000000026393e-01
7.140000000000003011e-01 1.669999999999946805e-01
7.150000000000003020e-01 1.468499999999925698e-01
7.160000000000003029e-01 1.140999999999895848e-01
7.170000000000003038e-01 8.794999999999410234e-02
7.180000000000003046e-01 7.429999999999750693e-02
7.190000000000003055e-01 6.929999999999875149e-02
7.200000000000003064e-01 6.359999999999942089e-02
7.210000000000003073e-01 6.264999999999951164e-02
7.220000000000003082e-01 6.029999999999983290e-02
7.230000000000003091e-01 5.914999999999937669e-02
7.240000000000003100e-01 5.739999999999875063e-02
7.250000000000003109e-01 5.109999999999777914e-02
7.260000000000003118e-01 4.690000000000041358e-02
7.270000000000003126e-01 4.579999999999902899e-02
7.280000000000003135e-01 4.730000000000133403e-02
7.290000000000003144e-01 5.030000000000069138e-02
7.300000000000003153e-01 5.220000000000083601e-02
7.310000000000003162e-01 5.570000000000110973e-02
7.320000000000003171e-01 5.810000000000024867e-02
7.330000000000003180e-01 5.945000000000104368e-02
7.340000000000003189e-01 6.370000000000125562e-02
7.350000000000003197e-01 6.745000000000034301e-02
7.360000000000003206e-01 7.320000000000116691e-02
7.370000000000003215e-01 7.610000000000283205e-02
7.380000000000003224e-01 8.640000000000416791e-02
7.390000000000003233e-01 1.010000000000054882e-01
7.400000000000003242e-01 1.200000000000059908e-01
7.410000000000003251e-01 1.449000000000106592e-01
7.420000000000003260e-01 1.679000000000083204e-01
7.430000000000003268e-01 1.886500000000064237e-01
7.440000000000003277e-01 2.131000000000035088e-01
7.450000000000003286e-01 2.195999999999998509e-01
7.460000000000003295e-01 2.212000000000018396e-01
7.470000000000003304e-01 2.171999999999983388e-01
7.480000000000003313e-01 2.204999999999982530e-01
7.490000000000003322e-01 2.244500000000007600e-01
7.500000000000003331e-01 2.130000000000042415e-01
7.510000000000003340e-01 2.286500000000025734e-01
7.520000000000003348e-01 2.241999999999924331e-01
7.530000000000003357e-01 2.290500000000109115e-01
7.540000000000003366e-01 2.372999999999942655e-01
7.550000000000003375e-01 2.232499999999980611e-01
7.560000000000003384e-01 2.137999999999947442e-01
7.570000000000003393e-01 1.979499999999955739e-01
7.580000000000003402e-01 1.838999999999962609e-01
7.590000000000003411e-01 1.709999999999956555e-01
7.600000000000003419e-01 1.530999999999960171e-01
7.610000000000003428e-01 1.397499999999965992e-01
7.620000000000003437e-01 1.244999999999955032e-01
7.630000000000003446e-01 1.179499999999980842e-01
7.640000000000003455e-01 1.101999999999971752e-01
7.650000000000003464e-01 1.063000000000003942e-01
7.660000000000003473e-01 1.099999999999979189e-01
7.670000000000003482e-01 1.012999999999984468e-01
7.680000000000003491e-01 1.107999999999996626e-01
7.690000000000003499e-01 1.066999999999986293e-01
7.700000000000003508e-01 1.081999999999985890e-01
7.710000000000003517e-01 1.023999999999988253e-01
7.720000000000003526e-01 1.009999999999959264e-01
7.730000000000003535e-01 8.549999999999416400e-02
7.740000000000003544e-01 8.280000000000149740e-02
7.750000000000003553e-01 8.344999999999797025e-02
7.760000000000003562e-01 7.769999999999900597e-02
7.770000000000003570e-01 7.479999999999806248e-02
7.780000000000003579e-01 6.959999999999849640e-02
7.790000000000003588e-01 6.639999999999902924e-02
7.800000000000003597e-01 6.079999999999758514e-02
7.810000000000003606e-01 5.384999999999854486e-02
7.820000000000003615e-01 5.210000000000000048e-02
7.830000000000003624e-01 5.184999999999932024e-02
7.840000000000003633e-01 5.020000000000166690e-02
7.850000000000003642e-01 5.520000000000116480e-02
7.860000000000003650e-01 5.460000000000025250e-02
7.870000000000003659e-01 5.555000000000048788e-02
7.880000000000003668e-01 5.670000000000050000e-02
7.890000000000003677e-01 5.795000000000029294e-02
7.900000000000003686e-01 5.799999999999917027e-02
7.910000000000003695e-01 5.499999999999902883e-02
7.920000000000003704e-01 5.169999999999875390e-02
7.930000000000003713e-01 4.859999999999922715e-02
7.940000000000003721e-01 4.719999999999850010e-02
7.950000000000003730e-01 4.424999999999990052e-02
7.960000000000003739e-01 4.540000000000041919e-02
7.970000000000003748e-01 4.519999999999961549e-02
7.980000000000003757e-01 4.570000000000049717e-02
7.990000000000003766e-01 4.720000000000038748e-02
8.000000000000003775e-01 4.909999999999958148e-02
8.010000000000003784e-01 4.945000000000067397e-02
8.020000000000003793e-01 4.920000000000108314e-02
8.030000000000003801e-01 5.170000000000038454e-02
8.040000000000003810e-01 5.140000000000008451e-02
8.050000000000003819e-01 5.360000000000097325e-02
8.060000000000003828e-01 5.540000000000116359e-02
8.070000000000003837e-01 5.895000000000126528e-02
8.080000000000003846e-01 5.980000000000083166e-02
8.090000000000003855e-01 5.979999999999844468e-02
8.100000000000003864e-01 6.240000000000016367e-02
8.110000000000003872e-01 6.325000000000126354e-02
8.120000000000003881e-01 7.020000000000166385e-02
8.130000000000003890e-01 7.410000000000116493e-02
8.140000000000003899e-01 8.050000000000089029e-02
8.150000000000003908e-01 8.195000000000204898e-02
8.160000000000003917e-01 9.070000000000488782e-02
8.170000000000003926e-01 1.002000000000023427e-01
8.180000000000003935e-01 1.103000000000069897e-01
8.190000000000003944e-01 1.236000000000035126e-01
8.200000000000003952e-01 1.328000000000032210e-01
8.210000000000003961e-01 1.394000000000032990e-01
8.220000000000003970e-01 1.462000000000018840e-01
8.230000000000003979e-01 1.507000000000017492e-01
8.240000000000003988e-01 1.439999999999974356e-01
8.250000000000003997e-01 1.376499999999973856e-01
8.260000000000004006e-01 1.337000000000015676e-01
8.270000000000004015e-01 1.374500000000004607e-01
8.280000000000004023e-01 1.495000000000073215e-01
8.290000000000004032e-01 1.656000000000067973e-01
8.300000000000004041e-01 1.854000000000064485e-01
8.310000000000004050e-01 1.967000000000025395e-01
8.320000000000004059e-01 1.916999999999902393e-01
8.330000000000004068e-01 1.622499999999857390e-01
8.340000000000004077e-01 1.225999999999839024e-01
8.350000000000004086e-01 8.629999999998833049e-02
8.360000000000004095e-01 6.449999999999600497e-02
8.370000000000004103e-01 5.594999999999757112e-02
8.380000000000004112e-01 4.889999999999522506e-02
8.390000000000004121e-01 4.365000000000106989e-02
8.400000000000004130e-01 4.549999999999877753e-02
8.410000000000004139e-01 4.174999999999815664e-02
8.420000000000004148e-01 4.150000000000377692e-02
8.430000000000004157e-01 4.935000000000048376e-02
8.440000000000004166e-01 4.599999999999999922e-02
8.450000000000004174e-01 5.050000000000368777e-02
8.460000000000004183e-01 5.860000000000077647e-02
8.470000000000004192e-01 5.839999999999961194e-02
8.480000000000004201e-01 5.920000000000044671e-02
8.490000000000004210e-01 6.425000000000243017e-02
8.500000000000004219e-01 6.279999999999810734e-02
8.510000000000004228e-01 5.869999999999747642e-02
8.520000000000004237e-01 5.559999999999688802e-02
8.530000000000004245e-01 4.949999999999728229e-02
8.540000000000004254e-01 4.379999999999977661e-02
8.550000000000004263e-01 4.229999999999922711e-02
8.560000000000004272e-01 3.979999999999878080e-02
8.570000000000004281e-01 3.714999999999873959e-02
8.580000000000004290e-01 3.419999999999933510e-02
8.590000000000004299e-01 3.319999999999961177e-02
8.600000000000004308e-01 3.209999999999921944e-02
8.610000000000004317e-01 3.069999999999941526e-02
8.620000000000004325e-01 2.849999999999944592e-02
8.630000000000004334e-01 2.784999999999988873e-02
8.640000000000004343e-01 2.690000000000011132e-02
8.650000000000004352e-01 2.679999999999977886e-02
8.660000000000004361e-01 2.750000000000077729e-02
8.670000000000004370e-01 2.850000000000000103e-02
8.680000000000004379e-01 3.040000000000066607e-02
8.690000000000004388e-01 3.230000000000111254e-02
8.700000000000004396e-01 3.400000000000055755e-02
8.710000000000004405e-01 3.535000000000078357e-02
8.720000000000004414e-01 3.700000000000022021e-02
8.730000000000004423e-01 3.770000000000088558e-02
8.740000000000004432e-01 3.769999999999955331e-02
8.750000000000004441e-01 3.830000000000044480e-02
8.760000000000004450e-01 3.759999999999977943e-02
8.770000000000004459e-01 3.699999999999955408e-02
8.780000000000004468e-01 3.549999999999977479e-02
8.790000000000004476e-01 3.439999999999911184e-02
8.800000000000004485e-01 3.149999999999777978e-02
8.810000000000004494e-01 2.789999999999889096e-02
8.820000000000004503e-01 2.239999999999811239e-02
8.830000000000004512e-01 1.839999999999800129e-02
8.840000000000004521e-01 1.540000000000033356e-02
8.850000000000004530e-01 1.700000000000066736e-02
8.860000000000004539e-01 1.759999999999877981e-02
8.870000000000004547e-01 1.409999999999933355e-02
8.880000000000004556e-01 1.660000000000099937e-02
8.890000000000004565e-01 1.784999999999937678e-02
8.900000000000004574e-01 1.769999999999944534e-02
8.910000000000004583e-01 1.745000000000062473e-02
8.920000000000004592e-01 1.880000000000000074e-02
8.930000000000004601e-01 1.879999999999975094e-02
8.940000000000004610e-01 1.750000000000044575e-02
8.950000000000004619e-01 1.835000000000012316e-02
8.960000000000004627e-01 1.710000000000055573e-02
8.970000000000004636e-01 1.880000000000074667e-02
8.980000000000004645e-01 1.899999999999955544e-02
8.990000000000004654e-01 1.885000000000137260e-02
