# Model: CoolTLusty
# Pc: 0.2, Pm: 0.8
# col 0 - wavelength (microns)
# col 1 - geometric albedo
4.000000000000000222e-01 5.211000000000000076e-01
4.010000000000000231e-01 5.210499999999996801e-01
4.020000000000000240e-01 5.096000000000000529e-01
4.030000000000000249e-01 5.142400000000006965e-01
4.040000000000000258e-01 5.255999999999999561e-01
4.050000000000000266e-01 5.313999999999998725e-01
4.060000000000000275e-01 5.188599999999999879e-01
4.070000000000000284e-01 5.241400000000004944e-01
4.080000000000000293e-01 5.342599999999996241e-01
4.090000000000000302e-01 5.306800000000000406e-01
4.100000000000000311e-01 5.457799999999995988e-01
4.110000000000000320e-01 5.375899999999999013e-01
4.120000000000000329e-01 5.329800000000001203e-01
4.130000000000000338e-01 5.367400000000002169e-01
4.140000000000000346e-01 5.406800000000003825e-01
4.150000000000000355e-01 5.445200000000001150e-01
4.160000000000000364e-01 5.362799999999997569e-01
4.170000000000000373e-01 5.416400000000003434e-01
4.180000000000000382e-01 5.473399999999998267e-01
4.190000000000000391e-01 5.387599999999992395e-01
4.200000000000000400e-01 5.359999999999998099e-01
4.210000000000000409e-01 5.359800000000005671e-01
4.220000000000000417e-01 5.461200000000013821e-01
4.230000000000000426e-01 5.552899999999995062e-01
4.240000000000000435e-01 5.499199999999998534e-01
4.250000000000000444e-01 5.525700000000004497e-01
4.260000000000000453e-01 5.515999999999994241e-01
4.270000000000000462e-01 5.585500000000011012e-01
4.280000000000000471e-01 5.552000000000001378e-01
4.290000000000000480e-01 5.582799999999998875e-01
4.300000000000000488e-01 5.715200000000009162e-01
4.310000000000000497e-01 5.769199999999983230e-01
4.320000000000000506e-01 5.522400000000003972e-01
4.330000000000000515e-01 5.506299999999991757e-01
4.340000000000000524e-01 5.542399999999995108e-01
4.350000000000000533e-01 5.473299999999998722e-01
4.360000000000000542e-01 5.392199999999991444e-01
4.370000000000000551e-01 5.315600000000002545e-01
4.380000000000000560e-01 5.458000000000012841e-01
4.390000000000000568e-01 5.530399999999988658e-01
4.400000000000000577e-01 5.214999999999971880e-01
4.410000000000000586e-01 4.877699999999996483e-01
4.420000000000000595e-01 5.013400000000016732e-01
4.430000000000000604e-01 5.338800000000019086e-01
4.440000000000000613e-01 5.462400000000002809e-01
4.450000000000000622e-01 5.521500000000002517e-01
4.460000000000000631e-01 5.594200000000000284e-01
4.470000000000000639e-01 5.532199999999996010e-01
4.480000000000000648e-01 5.531800000000001161e-01
4.490000000000000657e-01 5.534400000000002651e-01
4.500000000000000666e-01 5.515399999999999192e-01
4.510000000000000675e-01 5.494200000000001305e-01
4.520000000000000684e-01 5.511000000000001453e-01
4.530000000000000693e-01 5.522699999999998166e-01
4.540000000000000702e-01 5.459000000000000519e-01
4.550000000000000711e-01 5.462599999999997458e-01
4.560000000000000719e-01 5.419399999999997553e-01
4.570000000000000728e-01 5.382099999999996331e-01
4.580000000000000737e-01 5.348199999999991849e-01
4.590000000000000746e-01 5.175399999999987788e-01
4.600000000000000755e-01 5.119800000000016560e-01
4.610000000000000764e-01 5.375400000000015721e-01
4.620000000000000773e-01 5.517600000000002503e-01
4.630000000000000782e-01 5.548600000000001309e-01
4.640000000000000790e-01 5.568000000000001837e-01
4.650000000000000799e-01 5.565999999999995396e-01
4.660000000000000808e-01 5.500200000000003975e-01
4.670000000000000817e-01 5.565400000000000347e-01
4.680000000000000826e-01 5.576600000000004886e-01
4.690000000000000835e-01 5.609199999999997521e-01
4.700000000000000844e-01 5.601800000000003443e-01
4.710000000000000853e-01 5.615899999999999226e-01
4.720000000000000862e-01 5.579999999999999405e-01
4.730000000000000870e-01 5.600200000000005174e-01
4.740000000000000879e-01 5.598399999999988941e-01
4.750000000000000888e-01 5.516799999999997262e-01
4.760000000000000897e-01 5.514800000000000813e-01
4.770000000000000906e-01 5.493799999999993133e-01
4.780000000000000915e-01 5.380799999999992256e-01
4.790000000000000924e-01 5.294799999999988405e-01
4.800000000000000933e-01 5.147999999999988141e-01
4.810000000000000941e-01 5.010299999999981990e-01
4.820000000000000950e-01 4.879199999999994097e-01
4.830000000000000959e-01 4.818599999999987338e-01
4.840000000000000968e-01 4.616199999999933135e-01
4.850000000000000977e-01 4.054999999999971960e-01
4.860000000000000986e-01 4.101200000000055912e-01
4.870000000000000995e-01 4.629000000000060289e-01
4.880000000000001004e-01 5.153000000000051983e-01
4.890000000000001013e-01 5.530000000000021565e-01
4.900000000000001021e-01 5.596400000000002484e-01
4.910000000000001030e-01 5.619199999999999751e-01
4.920000000000001039e-01 5.673799999999995514e-01
4.930000000000001048e-01 5.609799999999995901e-01
4.940000000000001057e-01 5.585999999999990973e-01
4.950000000000001066e-01 5.555700000000008965e-01
4.960000000000001075e-01 5.622200000000001641e-01
4.970000000000001084e-01 5.625299999999998635e-01
4.980000000000001092e-01 5.640800000000002479e-01
4.990000000000001101e-01 5.592399999999989602e-01
5.000000000000001110e-01 5.556199999999995587e-01
5.010000000000001119e-01 5.518700000000003048e-01
5.020000000000001128e-01 5.484599999999987263e-01
5.030000000000001137e-01 5.374399999999990296e-01
5.040000000000001146e-01 5.318799999999987982e-01
5.050000000000001155e-01 5.210999999999988974e-01
5.060000000000001164e-01 5.085199999999989728e-01
5.070000000000001172e-01 4.964699999999981905e-01
5.080000000000001181e-01 4.820799999999979546e-01
5.090000000000001190e-01 4.631999999999983908e-01
5.100000000000001199e-01 4.577199999999996272e-01
5.110000000000001208e-01 4.672700000000027387e-01
5.120000000000001217e-01 4.985000000000040510e-01
5.130000000000001226e-01 5.316600000000027970e-01
5.140000000000001235e-01 5.538800000000012602e-01
5.150000000000001243e-01 5.608600000000004693e-01
5.160000000000001252e-01 5.593600000000006345e-01
5.170000000000001261e-01 5.659499999999998421e-01
5.180000000000001270e-01 5.509799999999999143e-01
5.190000000000001279e-01 5.403999999999961057e-01
5.200000000000001288e-01 5.234199999999993302e-01
5.210000000000001297e-01 5.168399999999986338e-01
5.220000000000001306e-01 5.102200000000002289e-01
5.230000000000001315e-01 5.145700000000008600e-01
5.240000000000001323e-01 5.171200000000011343e-01
5.250000000000001332e-01 5.294200000000020001e-01
5.260000000000001341e-01 5.392800000000015359e-01
5.270000000000001350e-01 5.490599999999998815e-01
5.280000000000001359e-01 5.442199999999995930e-01
5.290000000000001368e-01 5.383899999999985919e-01
5.300000000000001377e-01 5.353599999999991699e-01
5.310000000000001386e-01 5.236099999999975774e-01
5.320000000000001394e-01 5.080999999999982197e-01
5.330000000000001403e-01 4.898599999999963539e-01
5.340000000000001412e-01 4.759599999999984399e-01
5.350000000000001421e-01 4.561199999999961396e-01
5.360000000000001430e-01 4.302199999999962721e-01
5.370000000000001439e-01 4.017099999999959037e-01
5.380000000000001448e-01 3.749199999999981991e-01
5.390000000000001457e-01 3.612399999999976186e-01
5.400000000000001465e-01 3.398999999999974264e-01
5.410000000000001474e-01 3.159499999999957343e-01
5.420000000000001483e-01 2.926399999999984569e-01
5.430000000000001492e-01 2.847999999999995535e-01
5.440000000000001501e-01 2.940400000000031322e-01
5.450000000000001510e-01 3.317000000000080440e-01
5.460000000000001519e-01 3.880200000000069149e-01
5.470000000000001528e-01 4.482400000000095197e-01
5.480000000000001537e-01 5.018400000000038386e-01
5.490000000000001545e-01 5.276700000000027480e-01
5.500000000000001554e-01 5.376000000000004109e-01
5.510000000000001563e-01 5.402236363636367944e-01
5.520000000000001572e-01 5.383151515151505251e-01
5.530000000000001581e-01 5.312609090909080622e-01
5.540000000000001590e-01 5.209945454545443777e-01
5.550000000000001599e-01 5.119212121212110000e-01
5.560000000000001608e-01 5.076054545454545819e-01
5.570000000000001616e-01 5.090606060606066574e-01
5.580000000000001625e-01 5.134200000000003206e-01
5.590000000000001634e-01 5.178800000000011172e-01
5.600000000000001643e-01 5.224624242424242837e-01
5.610000000000001652e-01 5.220866666666660327e-01
5.620000000000001661e-01 5.194818181818179337e-01
5.630000000000001670e-01 5.166324242424237267e-01
5.640000000000001679e-01 5.100884848484831258e-01
5.650000000000001688e-01 5.002590909090889326e-01
5.660000000000001696e-01 4.866248484848448852e-01
5.670000000000001705e-01 4.709696969696944291e-01
5.680000000000001714e-01 4.557490909090889941e-01
5.690000000000001723e-01 4.490266666666655748e-01
5.700000000000001732e-01 4.389606060606042748e-01
5.710000000000001741e-01 4.313327272727253692e-01
5.720000000000001750e-01 4.203666666666643348e-01
5.730000000000001759e-01 4.088621212121182902e-01
5.740000000000001767e-01 3.927272727272694830e-01
5.750000000000001776e-01 3.815036363636346017e-01
5.760000000000001785e-01 3.774418181818193219e-01
5.770000000000001794e-01 3.844227272727279709e-01
5.780000000000001803e-01 3.901393939393967836e-01
5.790000000000001812e-01 4.087403030303065066e-01
5.800000000000001821e-01 4.313218181818239683e-01
5.810000000000001830e-01 4.572978787878824725e-01
5.820000000000001839e-01 4.769424242424278315e-01
5.830000000000001847e-01 4.917600000000019733e-01
5.840000000000001856e-01 5.021927272727291225e-01
5.850000000000001865e-01 5.094324242424252969e-01
5.860000000000001874e-01 5.139109090909090849e-01
5.870000000000001883e-01 5.137666666666664828e-01
5.880000000000001892e-01 5.109569696969692432e-01
5.890000000000001901e-01 5.067781818181806841e-01
5.900000000000001910e-01 4.944345454545415741e-01
5.910000000000001918e-01 4.778869696969669789e-01
5.920000000000001927e-01 4.636999999999967814e-01
5.930000000000001936e-01 4.495236363636337940e-01
5.940000000000001945e-01 4.348066666666622337e-01
5.950000000000001954e-01 4.198890909090899903e-01
5.960000000000001963e-01 4.116121212121212070e-01
5.970000000000001972e-01 4.171409090909093953e-01
5.980000000000001981e-01 4.190654545454559621e-01
5.990000000000001990e-01 4.257827272727281454e-01
6.000000000000001998e-01 4.353236363636389106e-01
6.010000000000002007e-01 4.450445454545466362e-01
6.020000000000002016e-01 4.570212121212147705e-01
6.030000000000002025e-01 4.675403030303039165e-01
6.040000000000002034e-01 4.721454545454544793e-01
6.050000000000002043e-01 4.685466666666648905e-01
6.060000000000002052e-01 4.572418181818141969e-01
6.070000000000002061e-01 4.410999999999976051e-01
6.080000000000002069e-01 4.257115151515110663e-01
6.090000000000002078e-01 4.153487878787874843e-01
6.100000000000002087e-01 4.140381818181798623e-01
6.110000000000002096e-01 4.037039393939370058e-01
6.120000000000002105e-01 3.874333333333290774e-01
6.130000000000002114e-01 3.683063636363582694e-01
6.140000000000002123e-01 3.492781818181787679e-01
6.150000000000002132e-01 3.405403030303019718e-01
6.160000000000002141e-01 3.348399999999988608e-01
6.170000000000002149e-01 3.297757575757545023e-01
6.180000000000002158e-01 3.114103030302997621e-01
6.190000000000002167e-01 3.047454545454540975e-01
6.200000000000002176e-01 3.080757575757593347e-01
6.210000000000002185e-01 3.190330303030317061e-01
6.220000000000002194e-01 3.321363636363677818e-01
6.230000000000002203e-01 3.502196969697005668e-01
6.240000000000002212e-01 3.723587878787923966e-01
6.250000000000002220e-01 3.940236363636401284e-01
6.260000000000002229e-01 4.153981818181859964e-01
6.270000000000002238e-01 4.328500000000029546e-01
6.280000000000002247e-01 4.469163636363674419e-01
6.290000000000002256e-01 4.622563636363656858e-01
6.300000000000002265e-01 4.737333333333358376e-01
6.310000000000002274e-01 4.827863636363642352e-01
6.320000000000002283e-01 4.855272727272735844e-01
6.330000000000002292e-01 4.882424242424240335e-01
6.340000000000002300e-01 4.872163636363634476e-01
6.350000000000002309e-01 4.864387878787872488e-01
6.360000000000002318e-01 4.838430303030296642e-01
6.370000000000002327e-01 4.808909090909082584e-01
6.380000000000002336e-01 4.792999999999985050e-01
6.390000000000002345e-01 4.740784848484831393e-01
6.400000000000002354e-01 4.711563636363631513e-01
6.410000000000002363e-01 4.665572727272701559e-01
6.420000000000002371e-01 4.597333333333316063e-01
6.430000000000002380e-01 4.531181818181797549e-01
6.440000000000002389e-01 4.432199999999980600e-01
6.450000000000002398e-01 4.397260606060623411e-01
6.460000000000002407e-01 4.538890909090925185e-01
6.470000000000002416e-01 4.486681818181748049e-01
6.480000000000002425e-01 4.428357575757599363e-01
6.490000000000002434e-01 4.481699999999998463e-01
6.500000000000002442e-01 4.520400000000005525e-01
6.510000000000002451e-01 4.532900000000000262e-01
6.520000000000002460e-01 4.571600000000005659e-01
6.530000000000002469e-01 4.587499999999993250e-01
6.540000000000002478e-01 4.555799999999989858e-01
6.550000000000002487e-01 4.529599999999998072e-01
6.560000000000002496e-01 4.478400000000015146e-01
6.570000000000002505e-01 4.512799999999994593e-01
6.580000000000002514e-01 4.482599999999998808e-01
6.590000000000002522e-01 4.465799999999985892e-01
6.600000000000002531e-01 4.464799999999998770e-01
6.610000000000002540e-01 4.457999999999996965e-01
6.620000000000002549e-01 4.421199999999985697e-01
6.630000000000002558e-01 4.380699999999995153e-01
6.640000000000002567e-01 4.378199999999992098e-01
6.650000000000002576e-01 4.365999999999996550e-01
6.660000000000002585e-01 4.306199999999990036e-01
6.670000000000002593e-01 4.294100000000006800e-01
6.680000000000002602e-01 4.316400000000008008e-01
6.690000000000002611e-01 4.338800000000008206e-01
6.700000000000002620e-01 4.394400000000019402e-01
6.710000000000002629e-01 4.467800000000008986e-01
6.720000000000002638e-01 4.533400000000018526e-01
6.730000000000002647e-01 4.630900000000025551e-01
6.740000000000002656e-01 4.689400000000008562e-01
6.750000000000002665e-01 4.763700000000037349e-01
6.760000000000002673e-01 4.858400000000003827e-01
6.770000000000002682e-01 4.885700000000012255e-01
6.780000000000002691e-01 4.915999999999996484e-01
6.790000000000002700e-01 4.853899999999959358e-01
6.800000000000002709e-01 4.730599999999987038e-01
6.810000000000002718e-01 4.691299999999990478e-01
6.820000000000002727e-01 4.579199999999970516e-01
6.830000000000002736e-01 4.523900000000018462e-01
6.840000000000002744e-01 4.558400000000011887e-01
6.850000000000002753e-01 4.582999999999992635e-01
6.860000000000002762e-01 4.626200000000000312e-01
6.870000000000002771e-01 4.591300000000032577e-01
6.880000000000002780e-01 4.687199999999964728e-01
6.890000000000002789e-01 4.668700000000019501e-01
6.900000000000002798e-01 4.726799999999974355e-01
6.910000000000002807e-01 4.675499999999993550e-01
6.920000000000002816e-01 4.686799999999977095e-01
6.930000000000002824e-01 4.621199999999982544e-01
6.940000000000002833e-01 4.575399999999993916e-01
6.950000000000002842e-01 4.540299999999973246e-01
6.960000000000002851e-01 4.424199999999960942e-01
6.970000000000002860e-01 4.323799999999984878e-01
6.980000000000002869e-01 4.292799999999964977e-01
6.990000000000002878e-01 4.164899999999956970e-01
7.000000000000002887e-01 4.032199999999977469e-01
7.010000000000002895e-01 3.965999999999969550e-01
7.020000000000002904e-01 3.875999999999983348e-01
7.030000000000002913e-01 3.921500000000027741e-01
7.040000000000002922e-01 3.921799999999964204e-01
7.050000000000002931e-01 3.924200000000045985e-01
7.060000000000002940e-01 4.056199999999998695e-01
7.070000000000002949e-01 4.060800000000012733e-01
7.080000000000002958e-01 4.143600000000030037e-01
7.090000000000002967e-01 4.205999999999999739e-01
7.100000000000002975e-01 4.206200000000027139e-01
7.110000000000002984e-01 4.302800000000022163e-01
7.120000000000002993e-01 4.307399999999987350e-01
7.130000000000003002e-01 4.294200000000016892e-01
7.140000000000003011e-01 4.333999999999980091e-01
7.150000000000003020e-01 4.226899999999953472e-01
7.160000000000003029e-01 3.999399999999906918e-01
7.170000000000003038e-01 3.732699999999912199e-01
7.180000000000003046e-01 3.475799999999913958e-01
7.190000000000003055e-01 3.272599999999931675e-01
7.200000000000003064e-01 2.974399999999939315e-01
7.210000000000003073e-01 2.858899999999973129e-01
7.220000000000003082e-01 2.752599999999986724e-01
7.230000000000003091e-01 2.612699999999912315e-01
7.240000000000003100e-01 2.333199999999922003e-01
7.250000000000003109e-01 2.001799999999889501e-01
7.260000000000003118e-01 1.828200000000037573e-01
7.270000000000003126e-01 1.743999999999914507e-01
7.280000000000003135e-01 1.769800000000132656e-01
7.290000000000003144e-01 2.063400000000024104e-01
7.300000000000003153e-01 2.156400000000085748e-01
7.310000000000003162e-01 2.454200000000097415e-01
7.320000000000003171e-01 2.698600000000026533e-01
7.330000000000003180e-01 2.797700000000047371e-01
7.340000000000003189e-01 3.047400000000079490e-01
7.350000000000003197e-01 3.278500000000042491e-01
7.360000000000003206e-01 3.510400000000049592e-01
7.370000000000003215e-01 3.609800000000048525e-01
7.380000000000003224e-01 3.774400000000052713e-01
7.390000000000003233e-01 3.942400000000054749e-01
7.400000000000003242e-01 4.085600000000036980e-01
7.410000000000003251e-01 4.209000000000056030e-01
7.420000000000003260e-01 4.303800000000032600e-01
7.430000000000003268e-01 4.385700000000029575e-01
7.440000000000003277e-01 4.477400000000009705e-01
7.450000000000003286e-01 4.493599999999993155e-01
7.460000000000003295e-01 4.491200000000020176e-01
7.470000000000003304e-01 4.495199999999989759e-01
7.480000000000003313e-01 4.492199999999987314e-01
7.490000000000003322e-01 4.483699999999997132e-01
7.500000000000003331e-01 4.461200000000005161e-01
7.510000000000003340e-01 4.484500000000007369e-01
7.520000000000003348e-01 4.466799999999980231e-01
7.530000000000003357e-01 4.453700000000017090e-01
7.540000000000003366e-01 4.452199999999968960e-01
7.550000000000003375e-01 4.396099999999993346e-01
7.560000000000003384e-01 4.365999999999975456e-01
7.570000000000003393e-01 4.279899999999967619e-01
7.580000000000003402e-01 4.196599999999978126e-01
7.590000000000003411e-01 4.158799999999968633e-01
7.600000000000003419e-01 3.998199999999965115e-01
7.610000000000003428e-01 3.877099999999961133e-01
7.620000000000003437e-01 3.815400000000024328e-01
7.630000000000003446e-01 3.838699999999995449e-01
7.640000000000003455e-01 3.855599999999987371e-01
7.650000000000003464e-01 3.818199999999983829e-01
7.660000000000003473e-01 3.859999999999990661e-01
7.670000000000003482e-01 3.800199999999976930e-01
7.680000000000003491e-01 3.864800000000003233e-01
7.690000000000003499e-01 3.853400000000013481e-01
7.700000000000003508e-01 3.899600000000003619e-01
7.710000000000003517e-01 3.884799999999985487e-01
7.720000000000003526e-01 3.844400000000001705e-01
7.730000000000003535e-01 3.783799999999955532e-01
7.740000000000003544e-01 3.772800000000025578e-01
7.750000000000003553e-01 3.784499999999982323e-01
7.760000000000003562e-01 3.707399999999981821e-01
7.770000000000003570e-01 3.685600000000001097e-01
7.780000000000003579e-01 3.633599999999970187e-01
7.790000000000003588e-01 3.513199999999949141e-01
7.800000000000003597e-01 3.364799999999937841e-01
7.810000000000003606e-01 3.190499999999973357e-01
7.820000000000003615e-01 3.155399999999971006e-01
7.830000000000003624e-01 3.012499999999920797e-01
7.840000000000003633e-01 2.792400000000027083e-01
7.850000000000003642e-01 2.906800000000006046e-01
7.860000000000003650e-01 2.758799999999959063e-01
7.870000000000003659e-01 2.739100000000060375e-01
7.880000000000003668e-01 2.832600000000003448e-01
7.890000000000003677e-01 2.827900000000006520e-01
7.900000000000003686e-01 2.875200000000019407e-01
7.910000000000003695e-01 2.816399999999932846e-01
7.920000000000003704e-01 2.690600000000024083e-01
7.930000000000003713e-01 2.770000000000045204e-01
7.940000000000003721e-01 2.868799999999965822e-01
7.950000000000003730e-01 2.815300000000000580e-01
7.960000000000003739e-01 2.830000000000021942e-01
7.970000000000003748e-01 2.814799999999965663e-01
7.980000000000003757e-01 2.834600000000012665e-01
7.990000000000003766e-01 2.876800000000019342e-01
8.000000000000003775e-01 2.998200000000008636e-01
8.010000000000003784e-01 3.102900000000058944e-01
8.020000000000003793e-01 3.085600000000051635e-01
8.030000000000003801e-01 3.213800000000031631e-01
8.040000000000003810e-01 3.274799999999999378e-01
8.050000000000003819e-01 3.334400000000024011e-01
8.060000000000003828e-01 3.394000000000034212e-01
8.070000000000003837e-01 3.501100000000039736e-01
8.080000000000003846e-01 3.541200000000012116e-01
8.090000000000003855e-01 3.526799999999962743e-01
8.100000000000003864e-01 3.552800000000009284e-01
8.110000000000003872e-01 3.574900000000014733e-01
8.120000000000003881e-01 3.640400000000011405e-01
8.130000000000003890e-01 3.660200000000007337e-01
8.140000000000003899e-01 3.718600000000018002e-01
8.150000000000003908e-01 3.714299999999995383e-01
8.160000000000003917e-01 3.758200000000054275e-01
8.170000000000003926e-01 3.840000000000047264e-01
8.180000000000003935e-01 3.898200000000008880e-01
8.190000000000003944e-01 3.937600000000007205e-01
8.200000000000003952e-01 4.001600000000030688e-01
8.210000000000003961e-01 4.056400000000013328e-01
8.220000000000003970e-01 4.073199999999996268e-01
8.230000000000003979e-01 4.073000000000029375e-01
8.240000000000003988e-01 4.093600000000019445e-01
8.250000000000003997e-01 4.091299999999988835e-01
8.260000000000004006e-01 4.059400000000018549e-01
8.270000000000004015e-01 4.096099999999989194e-01
8.280000000000004023e-01 4.130200000000029958e-01
8.290000000000004032e-01 4.164000000000009361e-01
8.300000000000004041e-01 4.204400000000034221e-01
8.310000000000004050e-01 4.266600000000008719e-01
8.320000000000004059e-01 4.235399999999969745e-01
8.330000000000004068e-01 4.133299999999951457e-01
8.340000000000004077e-01 3.995599999999935870e-01
8.350000000000004086e-01 3.808999999999912456e-01
8.360000000000004095e-01 3.592199999999913240e-01
8.370000000000004103e-01 3.435899999999951770e-01
8.380000000000004112e-01 3.294599999999857642e-01
8.390000000000004121e-01 3.134500000000061681e-01
8.400000000000004130e-01 3.311799999999954780e-01
8.410000000000004139e-01 3.083499999999851915e-01
8.420000000000004148e-01 2.966200000000219772e-01
8.430000000000004157e-01 3.433900000000050801e-01
8.440000000000004166e-01 3.313599999999941592e-01
8.450000000000004174e-01 3.373400000000101873e-01
8.460000000000004183e-01 3.558000000000021146e-01
8.470000000000004192e-01 3.579999999999996518e-01
8.480000000000004201e-01 3.579200000000024584e-01
8.490000000000004210e-01 3.664500000000040503e-01
8.500000000000004219e-01 3.650399999999932588e-01
8.510000000000004228e-01 3.557799999999961549e-01
8.520000000000004237e-01 3.458399999999929864e-01
8.530000000000004245e-01 3.310999999999923449e-01
8.540000000000004254e-01 3.137999999999949718e-01
8.550000000000004263e-01 2.959399999999993147e-01
8.560000000000004272e-01 2.834799999999855213e-01
8.570000000000004281e-01 2.527099999999868896e-01
8.580000000000004290e-01 2.259599999999947206e-01
8.590000000000004299e-01 2.159599999999941011e-01
8.600000000000004308e-01 1.932999999999823471e-01
8.610000000000004317e-01 1.614599999999917213e-01
8.620000000000004325e-01 1.398599999999974863e-01
8.630000000000004334e-01 1.445700000000032515e-01
8.640000000000004343e-01 1.393800000000063322e-01
8.650000000000004352e-01 1.479599999999991755e-01
8.660000000000004361e-01 1.619800000000045093e-01
8.670000000000004370e-01 1.644600000000059903e-01
8.680000000000004379e-01 1.928800000000104597e-01
8.690000000000004388e-01 2.124600000000071709e-01
8.700000000000004396e-01 2.208800000000013808e-01
8.710000000000004405e-01 2.319500000000103146e-01
8.720000000000004414e-01 2.555600000000052829e-01
8.730000000000004423e-01 2.668200000000069405e-01
8.740000000000004432e-01 2.696199999999961405e-01
8.750000000000004441e-01 2.678200000000017234e-01
8.760000000000004450e-01 2.648799999999968402e-01
8.770000000000004459e-01 2.568799999999953898e-01
8.780000000000004468e-01 2.407799999999949425e-01
8.790000000000004476e-01 2.167199999999785132e-01
8.800000000000004485e-01 1.464599999999710578e-01
8.810000000000004494e-01 9.841999999998087001e-02
8.820000000000004503e-01 4.743999999999073958e-02
8.830000000000004512e-01 3.283999999999560188e-02
8.840000000000004521e-01 3.108000000000788604e-02
8.850000000000004530e-01 5.060000000000546005e-02
8.860000000000004539e-01 4.791999999999158738e-02
8.870000000000004547e-01 2.337999999999063050e-02
8.880000000000004556e-01 2.396000000000597305e-02
8.890000000000004565e-01 3.581000000000187505e-02
8.900000000000004574e-01 3.953999999999766729e-02
8.910000000000004583e-01 3.652999999999993058e-02
8.920000000000004592e-01 4.168000000000026545e-02
8.930000000000004601e-01 4.104000000000015275e-02
8.940000000000004610e-01 3.374000000000088734e-02
8.950000000000004619e-01 3.655000000000062366e-02
8.960000000000004627e-01 3.566000000000686676e-02
8.970000000000004636e-01 5.608000000001114871e-02
8.980000000000004645e-01 6.315999999999867554e-02
8.990000000000004654e-01 5.985000000000087472e-02
