# Model: CoolTLusty
# Pc: 0.4, Pm: 0.6
# col 0 - wavelength (microns)
# col 1 - geometric albedo
4.000000000000000222e-01 4.772999999999999465e-01
4.010000000000000231e-01 4.772999999999997245e-01
4.020000000000000240e-01 4.687000000000000055e-01
4.030000000000000249e-01 4.730800000000006111e-01
4.040000000000000258e-01 4.821999999999999620e-01
4.050000000000000266e-01 4.870499999999998164e-01
4.060000000000000275e-01 4.779200000000000115e-01
4.070000000000000284e-01 4.824300000000003585e-01
4.080000000000000293e-01 4.904199999999996340e-01
4.090000000000000302e-01 4.877100000000000324e-01
4.100000000000000311e-01 5.001599999999996049e-01
4.110000000000000320e-01 4.937799999999999967e-01
4.120000000000000329e-01 4.910600000000000520e-01
4.130000000000000338e-01 4.944300000000002027e-01
4.140000000000000346e-01 4.978600000000004133e-01
4.150000000000000355e-01 5.014400000000001079e-01
4.160000000000000364e-01 4.949599999999998445e-01
4.170000000000000373e-01 4.999800000000002576e-01
4.180000000000000382e-01 5.046799999999997954e-01
4.190000000000000391e-01 4.986199999999993970e-01
4.200000000000000400e-01 4.971999999999997533e-01
4.210000000000000409e-01 4.969100000000004069e-01
4.220000000000000417e-01 5.053400000000011216e-01
4.230000000000000426e-01 5.128799999999994474e-01
4.240000000000000435e-01 5.086399999999997590e-01
4.250000000000000444e-01 5.113900000000003443e-01
4.260000000000000453e-01 5.109999999999995657e-01
4.270000000000000462e-01 5.172000000000008813e-01
4.280000000000000471e-01 5.145000000000001794e-01
4.290000000000000480e-01 5.173099999999999365e-01
4.300000000000000488e-01 5.288400000000006429e-01
4.310000000000000497e-01 5.326899999999985535e-01
4.320000000000000506e-01 5.134800000000004916e-01
4.330000000000000515e-01 5.121099999999992880e-01
4.340000000000000524e-01 5.157799999999994611e-01
4.350000000000000533e-01 5.106100000000000083e-01
4.360000000000000542e-01 5.047399999999993003e-01
4.370000000000000551e-01 4.993200000000002636e-01
4.380000000000000560e-01 5.110000000000011200e-01
4.390000000000000568e-01 5.166299999999991455e-01
4.400000000000000577e-01 4.930999999999979844e-01
4.410000000000000586e-01 4.675399999999997336e-01
4.420000000000000595e-01 4.778800000000013037e-01
4.430000000000000604e-01 5.034100000000014674e-01
4.440000000000000613e-01 5.123800000000002797e-01
4.450000000000000622e-01 5.175000000000001821e-01
4.460000000000000631e-01 5.235400000000000054e-01
4.470000000000000639e-01 5.189899999999996183e-01
4.480000000000000648e-01 5.195600000000000218e-01
4.490000000000000657e-01 5.198300000000002363e-01
4.500000000000000666e-01 5.185800000000000409e-01
4.510000000000000675e-01 5.173400000000001331e-01
4.520000000000000684e-01 5.190000000000001279e-01
4.530000000000000693e-01 5.207399999999997586e-01
4.540000000000000702e-01 5.156000000000000583e-01
4.550000000000000711e-01 5.165199999999997571e-01
4.560000000000000719e-01 5.133799999999997254e-01
4.570000000000000728e-01 5.107199999999997297e-01
4.580000000000000737e-01 5.088399999999994039e-01
4.590000000000000746e-01 4.959799999999991993e-01
4.600000000000000755e-01 4.921600000000012631e-01
4.610000000000000764e-01 5.114300000000011615e-01
4.620000000000000773e-01 5.225200000000002065e-01
4.630000000000000782e-01 5.251200000000001422e-01
4.640000000000000790e-01 5.272000000000001130e-01
4.650000000000000799e-01 5.273499999999995413e-01
4.660000000000000808e-01 5.223400000000004706e-01
4.670000000000000817e-01 5.279799999999998938e-01
4.680000000000000826e-01 5.288200000000002898e-01
4.690000000000000835e-01 5.315899999999997849e-01
4.700000000000000844e-01 5.312600000000002876e-01
4.710000000000000853e-01 5.326799999999999313e-01
4.720000000000000862e-01 5.298000000000000487e-01
4.730000000000000870e-01 5.319400000000003015e-01
4.740000000000000879e-01 5.321799999999990982e-01
4.750000000000000888e-01 5.257099999999998996e-01
4.760000000000000897e-01 5.260600000000000831e-01
4.770000000000000906e-01 5.248599999999994381e-01
4.780000000000000915e-01 5.165599999999995751e-01
4.790000000000000924e-01 5.105599999999991256e-01
4.800000000000000933e-01 4.996999999999990338e-01
4.810000000000000941e-01 4.895099999999986129e-01
4.820000000000000950e-01 4.796399999999996222e-01
4.830000000000000959e-01 4.751199999999990431e-01
4.840000000000000968e-01 4.597399999999948195e-01
4.850000000000000977e-01 4.168999999999979389e-01
4.860000000000000986e-01 4.211400000000042332e-01
4.870000000000000995e-01 4.620000000000047957e-01
4.880000000000001004e-01 5.019000000000040096e-01
4.890000000000001013e-01 5.310000000000016929e-01
4.900000000000001021e-01 5.358800000000001340e-01
4.910000000000001030e-01 5.378900000000000903e-01
4.920000000000001039e-01 5.431599999999994210e-01
4.930000000000001048e-01 5.379599999999997717e-01
4.940000000000001057e-01 5.362999999999992218e-01
4.950000000000001066e-01 5.340400000000007363e-01
4.960000000000001075e-01 5.396400000000001196e-01
4.970000000000001084e-01 5.399599999999997735e-01
4.980000000000001092e-01 5.415600000000001524e-01
4.990000000000001101e-01 5.377799999999992586e-01
5.000000000000001110e-01 5.353399999999995940e-01
5.010000000000001119e-01 5.327900000000002079e-01
5.020000000000001128e-01 5.305199999999989924e-01
5.030000000000001137e-01 5.221299999999992059e-01
5.040000000000001146e-01 5.182599999999991658e-01
5.050000000000001155e-01 5.103999999999991877e-01
5.060000000000001164e-01 5.009399999999992747e-01
5.070000000000001172e-01 4.919899999999986506e-01
5.080000000000001181e-01 4.815599999999984338e-01
5.090000000000001190e-01 4.673499999999988219e-01
5.100000000000001199e-01 4.637399999999996525e-01
5.110000000000001208e-01 4.709400000000019682e-01
5.120000000000001217e-01 4.948000000000031262e-01
5.130000000000001226e-01 5.200200000000021472e-01
5.140000000000001235e-01 5.373600000000009480e-01
5.150000000000001243e-01 5.427700000000003078e-01
5.160000000000001252e-01 5.415200000000005565e-01
5.170000000000001261e-01 5.480499999999998151e-01
5.180000000000001270e-01 5.364600000000001589e-01
5.190000000000001279e-01 5.282999999999971052e-01
5.200000000000001288e-01 5.151399999999995982e-01
5.210000000000001297e-01 5.107299999999987961e-01
5.220000000000001306e-01 5.055400000000001004e-01
5.230000000000001315e-01 5.092900000000004646e-01
5.240000000000001323e-01 5.108400000000008490e-01
5.250000000000001332e-01 5.204900000000016735e-01
5.260000000000001341e-01 5.281600000000012951e-01
5.270000000000001350e-01 5.366199999999999859e-01
5.280000000000001359e-01 5.326399999999996693e-01
5.290000000000001368e-01 5.278799999999990167e-01
5.300000000000001377e-01 5.259199999999992770e-01
5.310000000000001386e-01 5.169699999999981532e-01
5.320000000000001394e-01 5.053999999999987391e-01
5.330000000000001403e-01 4.923699999999971988e-01
5.340000000000001412e-01 4.817199999999988158e-01
5.350000000000001421e-01 4.669399999999970241e-01
5.360000000000001430e-01 4.469399999999971174e-01
5.370000000000001439e-01 4.257199999999971007e-01
5.380000000000001448e-01 4.051399999999986123e-01
5.390000000000001457e-01 3.944799999999981654e-01
5.400000000000001465e-01 3.775999999999979373e-01
5.410000000000001474e-01 3.583999999999964436e-01
5.420000000000001483e-01 3.391799999999988158e-01
5.430000000000001492e-01 3.333499999999997576e-01
5.440000000000001501e-01 3.411800000000025368e-01
5.450000000000001510e-01 3.716500000000063086e-01
5.460000000000001519e-01 4.158400000000053720e-01
5.470000000000001528e-01 4.621800000000073627e-01
5.480000000000001537e-01 5.034800000000029252e-01
5.490000000000001545e-01 5.224400000000017918e-01
5.500000000000001554e-01 5.282000000000002249e-01
5.510000000000001563e-01 5.306412121212128463e-01
5.520000000000001572e-01 5.300050505050495353e-01
5.530000000000001581e-01 5.240369696969693347e-01
5.540000000000001590e-01 5.174648484848477503e-01
5.550000000000001599e-01 5.111570707070699493e-01
5.560000000000001608e-01 5.085018181818182770e-01
5.570000000000001616e-01 5.102368686868692382e-01
5.580000000000001625e-01 5.139733333333336152e-01
5.590000000000001634e-01 5.176100000000010137e-01
5.600000000000001643e-01 5.215208080808082514e-01
5.610000000000001652e-01 5.213788888888883921e-01
5.620000000000001661e-01 5.193606060606057451e-01
5.630000000000001670e-01 5.173108080808076492e-01
5.640000000000001679e-01 5.119961616161603501e-01
5.650000000000001688e-01 5.043363636363620284e-01
5.660000000000001696e-01 4.931082828282800090e-01
5.670000000000001705e-01 4.802732323232302147e-01
5.680000000000001714e-01 4.672163636363619865e-01
5.690000000000001723e-01 4.611588888888880078e-01
5.700000000000001732e-01 4.527868686868672943e-01
5.710000000000001741e-01 4.462275757575742130e-01
5.720000000000001750e-01 4.366222222222201355e-01
5.730000000000001759e-01 4.261540404040379260e-01
5.740000000000001767e-01 4.119424242424215010e-01
5.750000000000001776e-01 4.016678787878772972e-01
5.760000000000001785e-01 3.975806060606071335e-01
5.770000000000001794e-01 4.030909090909097214e-01
5.780000000000001803e-01 4.075131313131338251e-01
5.790000000000001812e-01 4.233967676767706467e-01
5.800000000000001821e-01 4.428406060606110972e-01
5.810000000000001830e-01 4.652659595959628414e-01
5.820000000000001839e-01 4.825141414141446150e-01
5.830000000000001847e-01 4.954033333333350830e-01
5.840000000000001856e-01 5.045975757575774656e-01
5.850000000000001865e-01 5.108941414141423554e-01
5.860000000000001874e-01 5.149036363636363411e-01
5.870000000000001883e-01 5.146555555555554218e-01
5.880000000000001892e-01 5.117189898989895624e-01
5.890000000000001901e-01 5.077093939393929611e-01
5.900000000000001910e-01 4.963115151515115064e-01
5.910000000000001918e-01 4.805623232323206762e-01
5.920000000000001927e-01 4.667999999999969951e-01
5.930000000000001936e-01 4.529745454545430206e-01
5.940000000000001945e-01 4.383355555555512040e-01
5.950000000000001954e-01 4.232463636363626991e-01
5.960000000000001963e-01 4.145040404040404303e-01
5.970000000000001972e-01 4.191303030303033528e-01
5.980000000000001981e-01 4.202551515151529138e-01
5.990000000000001990e-01 4.261609090909099784e-01
6.000000000000001998e-01 4.349745454545480006e-01
6.010000000000002007e-01 4.440815151515163928e-01
6.020000000000002016e-01 4.556737373737400620e-01
6.030000000000002025e-01 4.659967676767685640e-01
6.040000000000002034e-01 4.702818181818181342e-01
6.050000000000002043e-01 4.659655555555536899e-01
6.060000000000002052e-01 4.536806060606018431e-01
6.070000000000002061e-01 4.358499999999974617e-01
6.080000000000002069e-01 4.185371717171673112e-01
6.090000000000002078e-01 4.063995959595955165e-01
6.100000000000002087e-01 4.039793939393918620e-01
6.110000000000002096e-01 3.917346464646438431e-01
6.120000000000002105e-01 3.728777777777732561e-01
6.130000000000002114e-01 3.512854545454487942e-01
6.140000000000002123e-01 3.302260606060574699e-01
6.150000000000002132e-01 3.199801010100999377e-01
6.160000000000002141e-01 3.133133333333321668e-01
6.170000000000002149e-01 3.070752525252495313e-01
6.180000000000002158e-01 2.880367676767645047e-01
6.190000000000002167e-01 2.802818181818176879e-01
6.200000000000002176e-01 2.821919191919208258e-01
6.210000000000002185e-01 2.913610101010113973e-01
6.220000000000002194e-01 3.025454545454585586e-01
6.230000000000002203e-01 3.192898989899026763e-01
6.240000000000002212e-01 3.409195959596009740e-01
6.250000000000002220e-01 3.636245454545498079e-01
6.260000000000002229e-01 3.870993939393987393e-01
6.270000000000002238e-01 4.066000000000037917e-01
6.280000000000002247e-01 4.244387878787925228e-01
6.290000000000002256e-01 4.420354545454571737e-01
6.300000000000002265e-01 4.561111111111140204e-01
6.310000000000002274e-01 4.664954545454554902e-01
6.320000000000002283e-01 4.702424242424251832e-01
6.330000000000002292e-01 4.729474747474745611e-01
6.340000000000002300e-01 4.711721212121210423e-01
6.350000000000002309e-01 4.693629292929284436e-01
6.360000000000002318e-01 4.649810101010090069e-01
6.370000000000002327e-01 4.596636363636351641e-01
6.380000000000002336e-01 4.561999999999978295e-01
6.390000000000002345e-01 4.476094949494929254e-01
6.400000000000002354e-01 4.425854545454534494e-01
6.410000000000002363e-01 4.339357575757538665e-01
6.420000000000002371e-01 4.244111111111090184e-01
6.430000000000002380e-01 4.179227272727262799e-01
6.440000000000002389e-01 4.117733333333322698e-01
6.450000000000002398e-01 4.097420202020214952e-01
6.460000000000002407e-01 4.192630303030314698e-01
6.470000000000002416e-01 4.153893939393887846e-01
6.480000000000002425e-01 4.077785858585862844e-01
6.490000000000002434e-01 4.065399999999994574e-01
6.500000000000002442e-01 4.075799999999996093e-01
6.510000000000002451e-01 4.066800000000000970e-01
6.520000000000002460e-01 4.102200000000001401e-01
6.530000000000002469e-01 4.090999999999982983e-01
6.540000000000002478e-01 4.022599999999981191e-01
6.550000000000002487e-01 3.962199999999991284e-01
6.560000000000002496e-01 3.889800000000006031e-01
6.570000000000002505e-01 3.904599999999991966e-01
6.580000000000002514e-01 3.861199999999995192e-01
6.590000000000002522e-01 3.832599999999981577e-01
6.600000000000002531e-01 3.819600000000000772e-01
6.610000000000002540e-01 3.810499999999992782e-01
6.620000000000002549e-01 3.755399999999982086e-01
6.630000000000002558e-01 3.702399999999994029e-01
6.640000000000002567e-01 3.697399999999990139e-01
6.650000000000002576e-01 3.674999999999992717e-01
6.660000000000002585e-01 3.600399999999988609e-01
6.670000000000002593e-01 3.585200000000006160e-01
6.680000000000002602e-01 3.605800000000010663e-01
6.690000000000002611e-01 3.637600000000010825e-01
6.700000000000002620e-01 3.706800000000022854e-01
6.710000000000002629e-01 3.799100000000016908e-01
6.720000000000002638e-01 3.899800000000027689e-01
6.730000000000002647e-01 4.036800000000034805e-01
6.740000000000002656e-01 4.140800000000013359e-01
6.750000000000002665e-01 4.254900000000054749e-01
6.760000000000002673e-01 4.403800000000012149e-01
6.770000000000002682e-01 4.474400000000021693e-01
6.780000000000002691e-01 4.511999999999992683e-01
6.790000000000002700e-01 4.413799999999942769e-01
6.800000000000002709e-01 4.205199999999971183e-01
6.810000000000002718e-01 4.120599999999987051e-01
6.820000000000002727e-01 3.969399999999958517e-01
6.830000000000002736e-01 3.882800000000018459e-01
6.840000000000002744e-01 3.921800000000019715e-01
6.850000000000002753e-01 3.971999999999992204e-01
6.860000000000002762e-01 4.023400000000005861e-01
6.870000000000002771e-01 4.012100000000033972e-01
6.880000000000002780e-01 4.124399999999968092e-01
6.890000000000002789e-01 4.109900000000027975e-01
6.900000000000002798e-01 4.211599999999971478e-01
6.910000000000002807e-01 4.155499999999996419e-01
6.920000000000002816e-01 4.176599999999980328e-01
6.930000000000002824e-01 4.113399999999980405e-01
6.940000000000002833e-01 4.041799999999980963e-01
6.950000000000002842e-01 3.967099999999959548e-01
6.960000000000002851e-01 3.795399999999943264e-01
6.970000000000002860e-01 3.644099999999975692e-01
6.980000000000002869e-01 3.604599999999960613e-01
6.990000000000002878e-01 3.461299999999950527e-01
7.000000000000002887e-01 3.309399999999979025e-01
7.010000000000002895e-01 3.243499999999969741e-01
7.020000000000002904e-01 3.151999999999983149e-01
7.030000000000002913e-01 3.190500000000026093e-01
7.040000000000002922e-01 3.193599999999968686e-01
7.050000000000002931e-01 3.207400000000048546e-01
7.060000000000002940e-01 3.344399999999999595e-01
7.070000000000002949e-01 3.357100000000016182e-01
7.080000000000002958e-01 3.445200000000033236e-01
7.090000000000002967e-01 3.517000000000002347e-01
7.100000000000002975e-01 3.532400000000034401e-01
7.110000000000002984e-01 3.642100000000021987e-01
7.120000000000002993e-01 3.643799999999984274e-01
7.130000000000003002e-01 3.633900000000019337e-01
7.140000000000003011e-01 3.667999999999971283e-01
7.150000000000003020e-01 3.537299999999946043e-01
7.160000000000003029e-01 3.284799999999904463e-01
7.170000000000003038e-01 3.019399999999919371e-01
7.180000000000003046e-01 2.792599999999929028e-01
7.190000000000003055e-01 2.627699999999945080e-01
7.200000000000003064e-01 2.389799999999952518e-01
7.210000000000003073e-01 2.300799999999978696e-01
7.220000000000003082e-01 2.215199999999989955e-01
7.230000000000003091e-01 2.107399999999932660e-01
7.240000000000003100e-01 1.893399999999938466e-01
7.250000000000003109e-01 1.629099999999911175e-01
7.260000000000003118e-01 1.488400000000029144e-01
7.270000000000003126e-01 1.422499999999933262e-01
7.280000000000003135e-01 1.445600000000102914e-01
7.290000000000003144e-01 1.673300000000019772e-01
7.300000000000003153e-01 1.747800000000066245e-01
7.310000000000003162e-01 1.979900000000075488e-01
7.320000000000003171e-01 2.169200000000020279e-01
7.330000000000003180e-01 2.246900000000037478e-01
7.340000000000003189e-01 2.444800000000062479e-01
7.350000000000003197e-01 2.627500000000032032e-01
7.360000000000003206e-01 2.815800000000039938e-01
7.370000000000003215e-01 2.897600000000043474e-01
7.380000000000003224e-01 3.046800000000049469e-01
7.390000000000003233e-01 3.209300000000054331e-01
7.400000000000003242e-01 3.364200000000042712e-01
7.410000000000003251e-01 3.519000000000068740e-01
7.420000000000003260e-01 3.647600000000044695e-01
7.430000000000003268e-01 3.760900000000038101e-01
7.440000000000003277e-01 3.890800000000015912e-01
7.450000000000003286e-01 3.919199999999993800e-01
7.460000000000003295e-01 3.921400000000019870e-01
7.470000000000003304e-01 3.914399999999988444e-01
7.480000000000003313e-01 3.920399999999986118e-01
7.490000000000003322e-01 3.923899999999999610e-01
7.500000000000003331e-01 3.878400000000014058e-01
7.510000000000003340e-01 3.935000000000011822e-01
7.520000000000003348e-01 3.910599999999966325e-01
7.530000000000003357e-01 3.912900000000039680e-01
7.540000000000003366e-01 3.932399999999962592e-01
7.550000000000003375e-01 3.855199999999990301e-01
7.560000000000003384e-01 3.808999999999967967e-01
7.570000000000003393e-01 3.704799999999964788e-01
7.580000000000003402e-01 3.607199999999974316e-01
7.590000000000003411e-01 3.546599999999965336e-01
7.600000000000003419e-01 3.381399999999963324e-01
7.610000000000003428e-01 3.257199999999962348e-01
7.620000000000003437e-01 3.172800000000006726e-01
7.630000000000003446e-01 3.173899999999991728e-01
7.640000000000003455e-01 3.167199999999983362e-01
7.650000000000003464e-01 3.129399999999988857e-01
7.660000000000003473e-01 3.169999999999987272e-01
7.670000000000003482e-01 3.103399999999978953e-01
7.680000000000003491e-01 3.175600000000001200e-01
7.690000000000003499e-01 3.156800000000006268e-01
7.700000000000003508e-01 3.195199999999998597e-01
7.710000000000003517e-01 3.169599999999985762e-01
7.720000000000003526e-01 3.135799999999991372e-01
7.730000000000003535e-01 3.051599999999952129e-01
7.740000000000003544e-01 3.036600000000022614e-01
7.750000000000003553e-01 3.046999999999981390e-01
7.760000000000003562e-01 2.974799999999984124e-01
7.770000000000003570e-01 2.951199999999996049e-01
7.780000000000003579e-01 2.899199999999973465e-01
7.790000000000003588e-01 2.800899999999959533e-01
7.800000000000003597e-01 2.675599999999946910e-01
7.810000000000003606e-01 2.527499999999975877e-01
7.820000000000003615e-01 2.496799999999977926e-01
7.830000000000003624e-01 2.388999999999938950e-01
7.840000000000003633e-01 2.219800000000024531e-01
7.850000000000003642e-01 2.318100000000007377e-01
7.860000000000003650e-01 2.205599999999970084e-01
7.870000000000003659e-01 2.193200000000046224e-01
7.880000000000003668e-01 2.266200000000003767e-01
7.890000000000003677e-01 2.265800000000005587e-01
7.900000000000003686e-01 2.301400000000012602e-01
7.910000000000003695e-01 2.249799999999946842e-01
7.920000000000003704e-01 2.147200000000015208e-01
7.930000000000003713e-01 2.199000000000032040e-01
7.940000000000003721e-01 2.269599999999970252e-01
7.950000000000003730e-01 2.222100000000000186e-01
7.960000000000003739e-01 2.236000000000017696e-01
7.970000000000003748e-01 2.224099999999973321e-01
7.980000000000003757e-01 2.240200000000010516e-01
7.990000000000003766e-01 2.275600000000015388e-01
8.000000000000003775e-01 2.371400000000005170e-01
8.010000000000003784e-01 2.450800000000045997e-01
8.020000000000003793e-01 2.437200000000041555e-01
8.030000000000003801e-01 2.539600000000024616e-01
8.040000000000003810e-01 2.584599999999999675e-01
8.050000000000003819e-01 2.634800000000020459e-01
8.060000000000003828e-01 2.684000000000028030e-01
8.070000000000003837e-01 2.773200000000032861e-01
8.080000000000003846e-01 2.805400000000011218e-01
8.090000000000003855e-01 2.794599999999968221e-01
8.100000000000003864e-01 2.820600000000007546e-01
8.110000000000003872e-01 2.839300000000013480e-01
8.120000000000003881e-01 2.905800000000012262e-01
8.130000000000003890e-01 2.930400000000007998e-01
8.140000000000003899e-01 2.990200000000015068e-01
8.150000000000003908e-01 2.990600000000001035e-01
8.160000000000003917e-01 3.045400000000053065e-01
8.170000000000003926e-01 3.130500000000041583e-01
8.180000000000003935e-01 3.199400000000023336e-01
8.190000000000003944e-01 3.262200000000013977e-01
8.200000000000003952e-01 3.333200000000030583e-01
8.210000000000003961e-01 3.390800000000017689e-01
8.220000000000003970e-01 3.420400000000001772e-01
8.230000000000003979e-01 3.431500000000026196e-01
8.240000000000003988e-01 3.430200000000007687e-01
8.250000000000003997e-01 3.412599999999984535e-01
8.260000000000004006e-01 3.378800000000017345e-01
8.270000000000004015e-01 3.415699999999993186e-01
8.280000000000004023e-01 3.471400000000040009e-01
8.290000000000004032e-01 3.537000000000024014e-01
8.300000000000004041e-01 3.616800000000042203e-01
8.310000000000004050e-01 3.691700000000012749e-01
8.320000000000004059e-01 3.655799999999952421e-01
8.330000000000004068e-01 3.505599999999927663e-01
8.340000000000004077e-01 3.303199999999911762e-01
8.350000000000004086e-01 3.072499999999904752e-01
8.360000000000004095e-01 2.855399999999924665e-01
8.370000000000004103e-01 2.716799999999957582e-01
8.380000000000004112e-01 2.593199999999881156e-01
8.390000000000004121e-01 2.460000000000048537e-01
8.400000000000004130e-01 2.597599999999962161e-01
8.410000000000004139e-01 2.416999999999883963e-01
8.420000000000004148e-01 2.328400000000174219e-01
8.430000000000004157e-01 2.698800000000038946e-01
8.440000000000004166e-01 2.600199999999955880e-01
8.450000000000004174e-01 2.656300000000085260e-01
8.460000000000004183e-01 2.815000000000017488e-01
8.470000000000004192e-01 2.830999999999995742e-01
8.480000000000004201e-01 2.832400000000019902e-01
8.490000000000004210e-01 2.909000000000036001e-01
8.500000000000004219e-01 2.894799999999944640e-01
8.510000000000004228e-01 2.815099999999964853e-01
8.520000000000004237e-01 2.732799999999939722e-01
8.530000000000004245e-01 2.606999999999935480e-01
8.540000000000004254e-01 2.462999999999961331e-01
8.550000000000004263e-01 2.325299999999992928e-01
8.560000000000004272e-01 2.225599999999888501e-01
8.570000000000004281e-01 1.988199999999898104e-01
8.580000000000004290e-01 1.780199999999958482e-01
8.590000000000004299e-01 1.702699999999954805e-01
8.600000000000004308e-01 1.529999999999865634e-01
8.610000000000004317e-01 1.287699999999936396e-01
8.620000000000004325e-01 1.120199999999979823e-01
8.630000000000004334e-01 1.153900000000024073e-01
8.640000000000004343e-01 1.112600000000047856e-01
8.650000000000004352e-01 1.176699999999993168e-01
8.660000000000004361e-01 1.283600000000035546e-01
8.670000000000004370e-01 1.304700000000044713e-01
8.680000000000004379e-01 1.522600000000080001e-01
8.690000000000004388e-01 1.674200000000056199e-01
8.700000000000004396e-01 1.741600000000011472e-01
8.710000000000004405e-01 1.828000000000079284e-01
8.720000000000004414e-01 2.009200000000040121e-01
8.730000000000004423e-01 2.095400000000053886e-01
8.740000000000004432e-01 2.116399999999969417e-01
8.750000000000004441e-01 2.104400000000013482e-01
8.760000000000004450e-01 2.080599999999975802e-01
8.770000000000004459e-01 2.019099999999964257e-01
8.780000000000004468e-01 1.894599999999961315e-01
8.790000000000004476e-01 1.711399999999836385e-01
8.800000000000004485e-01 1.177199999999777175e-01
8.810000000000004494e-01 8.078999999998537351e-02
8.820000000000004503e-01 4.117999999999258365e-02
8.830000000000004512e-01 2.922999999999619999e-02
8.840000000000004521e-01 2.716000000000599879e-02
8.850000000000004530e-01 4.220000000000426188e-02
8.860000000000004539e-01 4.033999999999338115e-02
8.870000000000004547e-01 2.105999999999280670e-02
8.880000000000004556e-01 2.212000000000472963e-02
8.890000000000004565e-01 3.132000000000124962e-02
8.900000000000004574e-01 3.407999999999811180e-02
8.910000000000004583e-01 3.176000000000010065e-02
8.920000000000004592e-01 3.596000000000020014e-02
8.930000000000004601e-01 3.548000000000005316e-02
8.940000000000004610e-01 2.968000000000077868e-02
8.950000000000004619e-01 3.200000000000050027e-02
8.960000000000004627e-01 3.102000000000528640e-02
8.970000000000004636e-01 4.676000000000853779e-02
8.980000000000004645e-01 5.211999999999888944e-02
8.990000000000004654e-01 4.960000000000099052e-02
