# Model: CoolTLusty
# Pc: 1.0, Pm: 0.4
# col 0 - wavelength (microns)
# col 1 - geometric albedo
4.000000000000000222e-01 3.458999999999999853e-01
4.010000000000000231e-01 3.460499999999998577e-01
4.020000000000000240e-01 3.459999999999999742e-01
4.030000000000000249e-01 3.496000000000002439e-01
4.040000000000000258e-01 3.519999999999999796e-01
4.050000000000000266e-01 3.539999999999998703e-01
4.060000000000000275e-01 3.551000000000000267e-01
4.070000000000000284e-01 3.573000000000001730e-01
4.080000000000000293e-01 3.588999999999998303e-01
4.090000000000000302e-01 3.588000000000000633e-01
4.100000000000000311e-01 3.632999999999997898e-01
4.110000000000000320e-01 3.623500000000002275e-01
4.120000000000000329e-01 3.653000000000000691e-01
4.130000000000000338e-01 3.675000000000000488e-01
4.140000000000000346e-01 3.694000000000004502e-01
4.150000000000000355e-01 3.722000000000001418e-01
4.160000000000000364e-01 3.710000000000001075e-01
4.170000000000000373e-01 3.750000000000000555e-01
4.180000000000000382e-01 3.767000000000002014e-01
4.190000000000000391e-01 3.781999999999999806e-01
4.200000000000000400e-01 3.807999999999997498e-01
4.210000000000000409e-01 3.797000000000002595e-01
4.220000000000000417e-01 3.830000000000005067e-01
4.230000000000000426e-01 3.856499999999994932e-01
4.240000000000000435e-01 3.847999999999999754e-01
4.250000000000000444e-01 3.878500000000001946e-01
4.260000000000000453e-01 3.891999999999998239e-01
4.270000000000000462e-01 3.931500000000004991e-01
4.280000000000000471e-01 3.924000000000003041e-01
4.290000000000000480e-01 3.944000000000000838e-01
4.300000000000000488e-01 4.008000000000000451e-01
4.310000000000000497e-01 3.999999999999993561e-01
4.320000000000000506e-01 3.972000000000004971e-01
4.330000000000000515e-01 3.965499999999998471e-01
4.340000000000000524e-01 4.003999999999994230e-01
4.350000000000000533e-01 4.004500000000004722e-01
4.360000000000000542e-01 4.013000000000000456e-01
4.370000000000000551e-01 4.026000000000001799e-01
4.380000000000000560e-01 4.066000000000006276e-01
4.390000000000000568e-01 4.074000000000000954e-01
4.400000000000000577e-01 4.079000000000000958e-01
4.410000000000000586e-01 4.068499999999999894e-01
4.420000000000000595e-01 4.075000000000003064e-01
4.430000000000000604e-01 4.120000000000002549e-01
4.440000000000000613e-01 4.108000000000003316e-01
4.450000000000000622e-01 4.135500000000001952e-01
4.460000000000000631e-01 4.159000000000001585e-01
4.470000000000000639e-01 4.162999999999999479e-01
4.480000000000000648e-01 4.187000000000000166e-01
4.490000000000000657e-01 4.190000000000002611e-01
4.500000000000000666e-01 4.197000000000000730e-01
4.510000000000000675e-01 4.211000000000001409e-01
4.520000000000000684e-01 4.227000000000002422e-01
4.530000000000000693e-01 4.261499999999998622e-01
4.540000000000000702e-01 4.247000000000002995e-01
4.550000000000000711e-01 4.273000000000000131e-01
4.560000000000000719e-01 4.277000000000000801e-01
4.570000000000000728e-01 4.282500000000000751e-01
4.580000000000000737e-01 4.309000000000000052e-01
4.590000000000000746e-01 4.313000000000002387e-01
4.600000000000000755e-01 4.327000000000000846e-01
4.610000000000000764e-01 4.330999999999999295e-01
4.620000000000000773e-01 4.348000000000000753e-01
4.630000000000000782e-01 4.359000000000001762e-01
4.640000000000000790e-01 4.384000000000000674e-01
4.650000000000000799e-01 4.395999999999997132e-01
4.660000000000000808e-01 4.393000000000003569e-01
4.670000000000000817e-01 4.422999999999996934e-01
4.680000000000000826e-01 4.423000000000001375e-01
4.690000000000000835e-01 4.435999999999999943e-01
4.700000000000000844e-01 4.445000000000003393e-01
4.710000000000000853e-01 4.459500000000000131e-01
4.720000000000000862e-01 4.452000000000003732e-01
4.730000000000000870e-01 4.477000000000000979e-01
4.740000000000000879e-01 4.491999999999997661e-01
4.750000000000000888e-01 4.478000000000000869e-01
4.760000000000000897e-01 4.498000000000003662e-01
4.770000000000000906e-01 4.512999999999999790e-01
4.780000000000000915e-01 4.520000000000003459e-01
4.790000000000000924e-01 4.537999999999999812e-01
4.800000000000000933e-01 4.543999999999999151e-01
4.810000000000000941e-01 4.549499999999999100e-01
4.820000000000000950e-01 4.548000000000002596e-01
4.830000000000000959e-01 4.548999999999999710e-01
4.840000000000000968e-01 4.540999999999996706e-01
4.850000000000000977e-01 4.511000000000001120e-01
4.860000000000000986e-01 4.542000000000003257e-01
4.870000000000000995e-01 4.593000000000010408e-01
4.880000000000001004e-01 4.617000000000004434e-01
4.890000000000001013e-01 4.650000000000002465e-01
4.900000000000001021e-01 4.646000000000001240e-01
4.910000000000001030e-01 4.658000000000004359e-01
4.920000000000001039e-01 4.704999999999993632e-01
4.930000000000001048e-01 4.689000000000002610e-01
4.940000000000001057e-01 4.693999999999996509e-01
4.950000000000001066e-01 4.694500000000002560e-01
4.960000000000001075e-01 4.718999999999998751e-01
4.970000000000001084e-01 4.722499999999998366e-01
4.980000000000001092e-01 4.740000000000001434e-01
4.990000000000001101e-01 4.734000000000002650e-01
5.000000000000001110e-01 4.744999999999999218e-01
5.010000000000001119e-01 4.755500000000001393e-01
5.020000000000001128e-01 4.767000000000000126e-01
5.030000000000001137e-01 4.761999999999998456e-01
5.040000000000001146e-01 4.774000000000002131e-01
5.050000000000001155e-01 4.783000000000002805e-01
5.060000000000001164e-01 4.781999999999999584e-01
5.070000000000001172e-01 4.785500000000000309e-01
5.080000000000001181e-01 4.799999999999999822e-01
5.090000000000001190e-01 4.798000000000001708e-01
5.100000000000001199e-01 4.817999999999997285e-01
5.110000000000001208e-01 4.819499999999998785e-01
5.120000000000001217e-01 4.837000000000003519e-01
5.130000000000001226e-01 4.851000000000000867e-01
5.140000000000001235e-01 4.878000000000001779e-01
5.150000000000001243e-01 4.884999999999999343e-01
5.160000000000001252e-01 4.880000000000005445e-01
5.170000000000001261e-01 4.943499999999999561e-01
5.180000000000001270e-01 4.929000000000009485e-01
5.190000000000001279e-01 4.919999999999999929e-01
5.200000000000001288e-01 4.903000000000006242e-01
5.210000000000001297e-01 4.923999999999993937e-01
5.220000000000001306e-01 4.914999999999999925e-01
5.230000000000001315e-01 4.934499999999993891e-01
5.240000000000001323e-01 4.920000000000002149e-01
5.250000000000001332e-01 4.937000000000003608e-01
5.260000000000001341e-01 4.948000000000007947e-01
5.270000000000001350e-01 4.993000000000004102e-01
5.280000000000001359e-01 4.979000000000000647e-01
5.290000000000001368e-01 4.963500000000000689e-01
5.300000000000001377e-01 4.975999999999999313e-01
5.310000000000001386e-01 4.970499999999997143e-01
5.320000000000001394e-01 4.973000000000004639e-01
5.330000000000001403e-01 4.998999999999997335e-01
5.340000000000001412e-01 4.990000000000000546e-01
5.350000000000001421e-01 4.994000000000000106e-01
5.360000000000001430e-01 4.970999999999998198e-01
5.370000000000001439e-01 4.977500000000006364e-01
5.380000000000001448e-01 4.957999999999997964e-01
5.390000000000001457e-01 4.941999999999998616e-01
5.400000000000001465e-01 4.906999999999994144e-01
5.410000000000001474e-01 4.857499999999986273e-01
5.420000000000001483e-01 4.787999999999998924e-01
5.430000000000001492e-01 4.790000000000004254e-01
5.440000000000001501e-01 4.826000000000008061e-01
5.450000000000001510e-01 4.915000000000011027e-01
5.460000000000001519e-01 4.993000000000008543e-01
5.470000000000001528e-01 5.040000000000008917e-01
5.480000000000001537e-01 5.084000000000001851e-01
5.490000000000001545e-01 5.067499999999991456e-01
5.500000000000001554e-01 4.999999999999995559e-01
5.510000000000001563e-01 5.016963636363650503e-01
5.520000000000001572e-01 5.047248484848472216e-01
5.530000000000001581e-01 5.018990909090922381e-01
5.540000000000001590e-01 5.065654545454547630e-01
5.550000000000001599e-01 5.087787878787880524e-01
5.560000000000001608e-01 5.113145454545457991e-01
5.570000000000001616e-01 5.139593939393941602e-01
5.580000000000001625e-01 5.157400000000000873e-01
5.590000000000001634e-01 5.167400000000004212e-01
5.600000000000001643e-01 5.184575757575760058e-01
5.610000000000001652e-01 5.190533333333331445e-01
5.620000000000001661e-01 5.189581818181818740e-01
5.630000000000001670e-01 5.195875757575757481e-01
5.640000000000001679e-01 5.184715151515155718e-01
5.650000000000001688e-01 5.183409090909087968e-01
5.660000000000001696e-01 5.156551515151511778e-01
5.670000000000001705e-01 5.130503030303025236e-01
5.680000000000001714e-01 5.081709090909083404e-01
5.690000000000001723e-01 5.051133333333333031e-01
5.700000000000001732e-01 5.036393939393940533e-01
5.710000000000001741e-01 5.018872727272724044e-01
5.720000000000001750e-01 4.983933333333323557e-01
5.730000000000001759e-01 4.930378787878779701e-01
5.740000000000001767e-01 4.876727272727263141e-01
5.750000000000001776e-01 4.827363636363630750e-01
5.760000000000001785e-01 4.802781818181823814e-01
5.770000000000001794e-01 4.814972727272729958e-01
5.780000000000001803e-01 4.822606060606073886e-01
5.790000000000001812e-01 4.880996969696980159e-01
5.800000000000001821e-01 4.951181818181835670e-01
5.810000000000001830e-01 5.025221212121224745e-01
5.820000000000001839e-01 5.094175757575769570e-01
5.830000000000001847e-01 5.136200000000005206e-01
5.840000000000001856e-01 5.170872727272732838e-01
5.850000000000001865e-01 5.188075757575761893e-01
5.860000000000001874e-01 5.205290909090909413e-01
5.870000000000001883e-01 5.199533333333330454e-01
5.880000000000001892e-01 5.165230303030303727e-01
5.890000000000001901e-01 5.139618181818181863e-01
5.900000000000001910e-01 5.098454545454529363e-01
5.910000000000001918e-01 5.014930303030287195e-01
5.920000000000001927e-01 4.934599999999986775e-01
5.930000000000001936e-01 4.861563636363624985e-01
5.940000000000001945e-01 4.771533333333304872e-01
5.950000000000001954e-01 4.668909090909089121e-01
5.960000000000001963e-01 4.611878787878787578e-01
5.970000000000001972e-01 4.624990909090910263e-01
5.980000000000001981e-01 4.618945454545465013e-01
5.990000000000001990e-01 4.643572727272732292e-01
6.000000000000001998e-01 4.688363636363654940e-01
6.010000000000002007e-01 4.739354545454553258e-01
6.020000000000002016e-01 4.796587878787894610e-01
6.030000000000002025e-01 4.847396969696974312e-01
6.040000000000002034e-01 4.870545454545456288e-01
6.050000000000002043e-01 4.840333333333319832e-01
6.060000000000002052e-01 4.736781818181788895e-01
6.070000000000002061e-01 4.599999999999982436e-01
6.080000000000002069e-01 4.459684848484815056e-01
6.090000000000002078e-01 4.351312121212117523e-01
6.100000000000002087e-01 4.312818181818164898e-01
6.110000000000002096e-01 4.193160606060584716e-01
6.120000000000002105e-01 4.014066666666626926e-01
6.130000000000002114e-01 3.796536363636311417e-01
6.140000000000002123e-01 3.571618181818151938e-01
6.150000000000002132e-01 3.445196969696958655e-01
6.160000000000002141e-01 3.348399999999988608e-01
6.170000000000002149e-01 3.258842424242394120e-01
6.180000000000002158e-01 3.038296969696937522e-01
6.190000000000002167e-01 2.934545454545449683e-01
6.200000000000002176e-01 2.929242424242440856e-01
6.210000000000002185e-01 2.997269696969710462e-01
6.220000000000002194e-01 3.084636363636404366e-01
6.230000000000002203e-01 3.225803030303066588e-01
6.240000000000002212e-01 3.415612121212171504e-01
6.250000000000002220e-01 3.618363636363679525e-01
6.260000000000002229e-01 3.833618181818230775e-01
6.270000000000002238e-01 4.013500000000039813e-01
6.280000000000002247e-01 4.185236363636412049e-01
6.290000000000002256e-01 4.355236363636392216e-01
6.300000000000002265e-01 4.494666666666697896e-01
6.310000000000002274e-01 4.595136363636373455e-01
6.320000000000002283e-01 4.629527272727281817e-01
6.330000000000002292e-01 4.649575757575756807e-01
6.340000000000002300e-01 4.621036363636361610e-01
6.350000000000002309e-01 4.590212121212110530e-01
6.360000000000002318e-01 4.528369696969683500e-01
6.370000000000002327e-01 4.452290909090894644e-01
6.380000000000002336e-01 4.396999999999973152e-01
6.390000000000002345e-01 4.278415151515129189e-01
6.400000000000002354e-01 4.203636363636348294e-01
6.410000000000002363e-01 4.076027272727226203e-01
6.420000000000002371e-01 3.949066666666642966e-01
6.430000000000002380e-01 3.875818181818180830e-01
6.440000000000002389e-01 3.838599999999997570e-01
6.450000000000002398e-01 3.823939393939402853e-01
6.460000000000002407e-01 3.868709090909098203e-01
6.470000000000002416e-01 3.835118181818149008e-01
6.480000000000002425e-01 3.734442424242409575e-01
6.490000000000002434e-01 3.649099999999990684e-01
6.500000000000002442e-01 3.631199999999987771e-01
6.510000000000002451e-01 3.600700000000002232e-01
6.520000000000002460e-01 3.632799999999998253e-01
6.530000000000002469e-01 3.594499999999973272e-01
6.540000000000002478e-01 3.489399999999971969e-01
6.550000000000002487e-01 3.394799999999985607e-01
6.560000000000002496e-01 3.301199999999997470e-01
6.570000000000002505e-01 3.296399999999989339e-01
6.580000000000002514e-01 3.239799999999991575e-01
6.590000000000002522e-01 3.199399999999978372e-01
6.600000000000002531e-01 3.174400000000002220e-01
6.610000000000002540e-01 3.162999999999988043e-01
6.620000000000002549e-01 3.089599999999979030e-01
6.630000000000002558e-01 3.024099999999992905e-01
6.640000000000002567e-01 3.016599999999989290e-01
6.650000000000002576e-01 2.983999999999988328e-01
6.660000000000002585e-01 2.894599999999987738e-01
6.670000000000002593e-01 2.876300000000004964e-01
6.680000000000002602e-01 2.895200000000013874e-01
6.690000000000002611e-01 2.936400000000012889e-01
6.700000000000002620e-01 3.019200000000026862e-01
6.710000000000002629e-01 3.130400000000025384e-01
6.720000000000002638e-01 3.266200000000036852e-01
6.730000000000002647e-01 3.442700000000045168e-01
6.740000000000002656e-01 3.592200000000018156e-01
6.750000000000002665e-01 3.746100000000072150e-01
6.760000000000002673e-01 3.949200000000020472e-01
6.770000000000002682e-01 4.063100000000031686e-01
6.780000000000002691e-01 4.107999999999988883e-01
6.790000000000002700e-01 3.973699999999925625e-01
6.800000000000002709e-01 3.679799999999956439e-01
6.810000000000002718e-01 3.549899999999983069e-01
6.820000000000002727e-01 3.359599999999945963e-01
6.830000000000002736e-01 3.241700000000018456e-01
6.840000000000002744e-01 3.285200000000026987e-01
6.850000000000002753e-01 3.360999999999991772e-01
6.860000000000002762e-01 3.420600000000011409e-01
6.870000000000002771e-01 3.432900000000035368e-01
6.880000000000002780e-01 3.561599999999971455e-01
6.890000000000002789e-01 3.551100000000037005e-01
6.900000000000002798e-01 3.696399999999969710e-01
6.910000000000002807e-01 3.635499999999999288e-01
6.920000000000002816e-01 3.666399999999983006e-01
6.930000000000002824e-01 3.605599999999977712e-01
6.940000000000002833e-01 3.508199999999968011e-01
6.950000000000002842e-01 3.393899999999946404e-01
6.960000000000002851e-01 3.166599999999925585e-01
6.970000000000002860e-01 2.964399999999965951e-01
6.980000000000002869e-01 2.916399999999956805e-01
6.990000000000002878e-01 2.757699999999943530e-01
7.000000000000002887e-01 2.586599999999980026e-01
7.010000000000002895e-01 2.520999999999969932e-01
7.020000000000002904e-01 2.427999999999982672e-01
7.030000000000002913e-01 2.459500000000025277e-01
7.040000000000002922e-01 2.465399999999972891e-01
7.050000000000002931e-01 2.490600000000052217e-01
7.060000000000002940e-01 2.632600000000001605e-01
7.070000000000002949e-01 2.653400000000019632e-01
7.080000000000002958e-01 2.746800000000036435e-01
7.090000000000002967e-01 2.828000000000006064e-01
7.100000000000002975e-01 2.858600000000041108e-01
7.110000000000002984e-01 2.981400000000021810e-01
7.120000000000002993e-01 2.980199999999981197e-01
7.130000000000003002e-01 2.973600000000021781e-01
7.140000000000003011e-01 3.001999999999963586e-01
7.150000000000003020e-01 2.847699999999939724e-01
7.160000000000003029e-01 2.570199999999901452e-01
7.170000000000003038e-01 2.306099999999926542e-01
7.180000000000003046e-01 2.109399999999944653e-01
7.190000000000003055e-01 1.982799999999959595e-01
7.200000000000003064e-01 1.805199999999966831e-01
7.210000000000003073e-01 1.742699999999984262e-01
7.220000000000003082e-01 1.677799999999992631e-01
7.230000000000003091e-01 1.602099999999953006e-01
7.240000000000003100e-01 1.453599999999954928e-01
7.250000000000003109e-01 1.256399999999933681e-01
7.260000000000003118e-01 1.148600000000020854e-01
7.270000000000003126e-01 1.100999999999952433e-01
7.280000000000003135e-01 1.121400000000072894e-01
7.290000000000003144e-01 1.283200000000015439e-01
7.300000000000003153e-01 1.339200000000047019e-01
7.310000000000003162e-01 1.505600000000054117e-01
7.320000000000003171e-01 1.639800000000014579e-01
7.330000000000003180e-01 1.696100000000028696e-01
7.340000000000003189e-01 1.842200000000046023e-01
7.350000000000003197e-01 1.976500000000022961e-01
7.360000000000003206e-01 2.121200000000030839e-01
7.370000000000003215e-01 2.185400000000038423e-01
7.380000000000003224e-01 2.319200000000047057e-01
7.390000000000003233e-01 2.476200000000054746e-01
7.400000000000003242e-01 2.642800000000048444e-01
7.410000000000003251e-01 2.829000000000081450e-01
7.420000000000003260e-01 2.991400000000057902e-01
7.430000000000003268e-01 3.136100000000047183e-01
7.440000000000003277e-01 3.304200000000022674e-01
7.450000000000003286e-01 3.344799999999995554e-01
7.460000000000003295e-01 3.351600000000019008e-01
7.470000000000003304e-01 3.333599999999986574e-01
7.480000000000003313e-01 3.348599999999984922e-01
7.490000000000003322e-01 3.364100000000002089e-01
7.500000000000003331e-01 3.295600000000024066e-01
7.510000000000003340e-01 3.385500000000016829e-01
7.520000000000003348e-01 3.354399999999951865e-01
7.530000000000003357e-01 3.372100000000063380e-01
7.540000000000003366e-01 3.412599999999955669e-01
7.550000000000003375e-01 3.314299999999986701e-01
7.560000000000003384e-01 3.251999999999961588e-01
7.570000000000003393e-01 3.129699999999961402e-01
7.580000000000003402e-01 3.017799999999970506e-01
7.590000000000003411e-01 2.934399999999962594e-01
7.600000000000003419e-01 2.764599999999962643e-01
7.610000000000003428e-01 2.637299999999963562e-01
7.620000000000003437e-01 2.530199999999989680e-01
7.630000000000003446e-01 2.509099999999988007e-01
7.640000000000003455e-01 2.478799999999979353e-01
7.650000000000003464e-01 2.440599999999993885e-01
7.660000000000003473e-01 2.479999999999984994e-01
7.670000000000003482e-01 2.406599999999980699e-01
7.680000000000003491e-01 2.486399999999999999e-01
7.690000000000003499e-01 2.460199999999999609e-01
7.700000000000003508e-01 2.490799999999994685e-01
7.710000000000003517e-01 2.454399999999986870e-01
7.720000000000003526e-01 2.427199999999980484e-01
7.730000000000003535e-01 2.319399999999948447e-01
7.740000000000003544e-01 2.300400000000020206e-01
7.750000000000003553e-01 2.309499999999981013e-01
7.760000000000003562e-01 2.242199999999986149e-01
7.770000000000003570e-01 2.216799999999991000e-01
7.780000000000003579e-01 2.164799999999977576e-01
7.790000000000003588e-01 2.088599999999969925e-01
7.800000000000003597e-01 1.986399999999956811e-01
7.810000000000003606e-01 1.864499999999979230e-01
7.820000000000003615e-01 1.838199999999985401e-01
7.830000000000003624e-01 1.765499999999956826e-01
7.840000000000003633e-01 1.647200000000021980e-01
7.850000000000003642e-01 1.729400000000008986e-01
7.860000000000003650e-01 1.652399999999980829e-01
7.870000000000003659e-01 1.647300000000032627e-01
7.880000000000003668e-01 1.699800000000004363e-01
7.890000000000003677e-01 1.703700000000004655e-01
7.900000000000003686e-01 1.727600000000005520e-01
7.910000000000003695e-01 1.683199999999961671e-01
7.920000000000003704e-01 1.603800000000005777e-01
7.930000000000003713e-01 1.628000000000018876e-01
7.940000000000003721e-01 1.670399999999975238e-01
7.950000000000003730e-01 1.628899999999999793e-01
7.960000000000003739e-01 1.642000000000012894e-01
7.970000000000003748e-01 1.633399999999980978e-01
7.980000000000003757e-01 1.645800000000008922e-01
7.990000000000003766e-01 1.674400000000011712e-01
8.000000000000003775e-01 1.744600000000001983e-01
8.010000000000003784e-01 1.798700000000033050e-01
8.020000000000003793e-01 1.788800000000031198e-01
8.030000000000003801e-01 1.865400000000017600e-01
8.040000000000003810e-01 1.894399999999999973e-01
8.050000000000003819e-01 1.935200000000016907e-01
8.060000000000003828e-01 1.974000000000022959e-01
8.070000000000003837e-01 2.045300000000026264e-01
8.080000000000003846e-01 2.069600000000010320e-01
8.090000000000003855e-01 2.062399999999973699e-01
8.100000000000003864e-01 2.088400000000005252e-01
8.110000000000003872e-01 2.103700000000013615e-01
8.120000000000003881e-01 2.171200000000013952e-01
8.130000000000003890e-01 2.200600000000009493e-01
8.140000000000003899e-01 2.261800000000013522e-01
8.150000000000003908e-01 2.266900000000007798e-01
8.160000000000003917e-01 2.332600000000051577e-01
8.170000000000003926e-01 2.421000000000035346e-01
8.180000000000003935e-01 2.500600000000039458e-01
8.190000000000003944e-01 2.586800000000021305e-01
8.200000000000003952e-01 2.664800000000031588e-01
8.210000000000003961e-01 2.725200000000023159e-01
8.220000000000003970e-01 2.767600000000007832e-01
8.230000000000003979e-01 2.790000000000023572e-01
8.240000000000003988e-01 2.766799999999997040e-01
8.250000000000003997e-01 2.733899999999981345e-01
8.260000000000004006e-01 2.698200000000017251e-01
8.270000000000004015e-01 2.735299999999997178e-01
8.280000000000004023e-01 2.812600000000051725e-01
8.290000000000004032e-01 2.910000000000038667e-01
8.300000000000004041e-01 3.029200000000049631e-01
8.310000000000004050e-01 3.116800000000017334e-01
8.320000000000004059e-01 3.076199999999936208e-01
8.330000000000004068e-01 2.877899999999904423e-01
8.340000000000004077e-01 2.610799999999887655e-01
8.350000000000004086e-01 2.335999999999897880e-01
8.360000000000004095e-01 2.118599999999936645e-01
8.370000000000004103e-01 1.997699999999963671e-01
8.380000000000004112e-01 1.891799999999904669e-01
8.390000000000004121e-01 1.785500000000035947e-01
8.400000000000004130e-01 1.883399999999971208e-01
8.410000000000004139e-01 1.750499999999916567e-01
8.420000000000004148e-01 1.690600000000128666e-01
8.430000000000004157e-01 1.963700000000027646e-01
8.440000000000004166e-01 1.886799999999970723e-01
8.450000000000004174e-01 1.939200000000069479e-01
8.460000000000004183e-01 2.072000000000014386e-01
8.470000000000004192e-01 2.081999999999996354e-01
8.480000000000004201e-01 2.085600000000014664e-01
8.490000000000004210e-01 2.153500000000032610e-01
8.500000000000004219e-01 2.139199999999956692e-01
8.510000000000004228e-01 2.072399999999968156e-01
8.520000000000004237e-01 2.007199999999949580e-01
8.530000000000004245e-01 1.902999999999948066e-01
8.540000000000004254e-01 1.787999999999973777e-01
8.550000000000004263e-01 1.691199999999992709e-01
8.560000000000004272e-01 1.616399999999921511e-01
8.570000000000004281e-01 1.449299999999928146e-01
8.580000000000004290e-01 1.300799999999970313e-01
8.590000000000004299e-01 1.245799999999968599e-01
8.600000000000004308e-01 1.126999999999907798e-01
8.610000000000004317e-01 9.607999999999557172e-02
8.620000000000004325e-01 8.417999999999846439e-02
8.630000000000004334e-01 8.621000000000157704e-02
8.640000000000004343e-01 8.314000000000322521e-02
8.650000000000004352e-01 8.737999999999948586e-02
8.660000000000004361e-01 9.474000000000265542e-02
8.670000000000004370e-01 9.648000000000299392e-02
8.680000000000004379e-01 1.116400000000055542e-01
8.690000000000004388e-01 1.223800000000041521e-01
8.700000000000004396e-01 1.274400000000009692e-01
8.710000000000004405e-01 1.336500000000055421e-01
8.720000000000004414e-01 1.462800000000027412e-01
8.730000000000004423e-01 1.522600000000039200e-01
8.740000000000004432e-01 1.536599999999978261e-01
8.750000000000004441e-01 1.530600000000010841e-01
8.760000000000004450e-01 1.512399999999982925e-01
8.770000000000004459e-01 1.469399999999974615e-01
8.780000000000004468e-01 1.381399999999973482e-01
8.790000000000004476e-01 1.255599999999888194e-01
8.800000000000004485e-01 8.897999999998441878e-02
8.810000000000004494e-01 6.315999999998987702e-02
8.820000000000004503e-01 3.491999999999442772e-02
8.830000000000004512e-01 2.561999999999680158e-02
8.840000000000004521e-01 2.324000000000411154e-02
8.850000000000004530e-01 3.380000000000306370e-02
8.860000000000004539e-01 3.275999999999518186e-02
8.870000000000004547e-01 1.873999999999498289e-02
8.880000000000004556e-01 2.028000000000348621e-02
8.890000000000004565e-01 2.683000000000062765e-02
8.900000000000004574e-01 2.861999999999855632e-02
8.910000000000004583e-01 2.699000000000027766e-02
8.920000000000004592e-01 3.024000000000013483e-02
8.930000000000004601e-01 2.991999999999995358e-02
8.940000000000004610e-01 2.562000000000067002e-02
8.950000000000004619e-01 2.745000000000036994e-02
8.960000000000004627e-01 2.638000000000371298e-02
8.970000000000004636e-01 3.744000000000594769e-02
8.980000000000004645e-01 4.107999999999911722e-02
8.990000000000004654e-01 3.935000000000112019e-02
