# Model: CoolTLusty
# Pc: 0.2, Pm: 0.2
# col 0 - wavelength (microns)
# col 1 - geometric albedo
4.000000000000000222e-01 5.211000000000000076e-01
4.010000000000000231e-01 5.210499999999996801e-01
4.020000000000000240e-01 5.096000000000000529e-01
4.030000000000000249e-01 5.142400000000006965e-01
4.040000000000000258e-01 5.255999999999999561e-01
4.050000000000000266e-01 5.313999999999998725e-01
4.060000000000000275e-01 5.188599999999999879e-01
4.070000000000000284e-01 5.241400000000004944e-01
4.080000000000000293e-01 5.342599999999996241e-01
4.090000000000000302e-01 5.306800000000000406e-01
4.100000000000000311e-01 5.457799999999995988e-01
4.110000000000000320e-01 5.375899999999999013e-01
4.120000000000000329e-01 5.329800000000001203e-01
4.130000000000000338e-01 5.367400000000002169e-01
4.140000000000000346e-01 5.406800000000003825e-01
4.150000000000000355e-01 5.445200000000001150e-01
4.160000000000000364e-01 5.362799999999997569e-01
4.170000000000000373e-01 5.416400000000003434e-01
4.180000000000000382e-01 5.473399999999998267e-01
4.190000000000000391e-01 5.387599999999992395e-01
4.200000000000000400e-01 5.359999999999998099e-01
4.210000000000000409e-01 5.359800000000005671e-01
4.220000000000000417e-01 5.461200000000013821e-01
4.230000000000000426e-01 5.552899999999995062e-01
4.240000000000000435e-01 5.499199999999998534e-01
4.250000000000000444e-01 5.525700000000004497e-01
4.260000000000000453e-01 5.515999999999994241e-01
4.270000000000000462e-01 5.585500000000011012e-01
4.280000000000000471e-01 5.552000000000001378e-01
4.290000000000000480e-01 5.582799999999998875e-01
4.300000000000000488e-01 5.715200000000009162e-01
4.310000000000000497e-01 5.769199999999983230e-01
4.320000000000000506e-01 5.522400000000003972e-01
4.330000000000000515e-01 5.506299999999991757e-01
4.340000000000000524e-01 5.542399999999995108e-01
4.350000000000000533e-01 5.473299999999998722e-01
4.360000000000000542e-01 5.392199999999991444e-01
4.370000000000000551e-01 5.315600000000002545e-01
4.380000000000000560e-01 5.458000000000012841e-01
4.390000000000000568e-01 5.530399999999988658e-01
4.400000000000000577e-01 5.214999999999971880e-01
4.410000000000000586e-01 4.877699999999996483e-01
4.420000000000000595e-01 5.013400000000016732e-01
4.430000000000000604e-01 5.338800000000019086e-01
4.440000000000000613e-01 5.462400000000002809e-01
4.450000000000000622e-01 5.521500000000002517e-01
4.460000000000000631e-01 5.594200000000000284e-01
4.470000000000000639e-01 5.532199999999996010e-01
4.480000000000000648e-01 5.531800000000001161e-01
4.490000000000000657e-01 5.534400000000002651e-01
4.500000000000000666e-01 5.515399999999999192e-01
4.510000000000000675e-01 5.494200000000001305e-01
4.520000000000000684e-01 5.511000000000001453e-01
4.530000000000000693e-01 5.522699999999998166e-01
4.540000000000000702e-01 5.459000000000000519e-01
4.550000000000000711e-01 5.462599999999997458e-01
4.560000000000000719e-01 5.419399999999997553e-01
4.570000000000000728e-01 5.382099999999996331e-01
4.580000000000000737e-01 5.348199999999991849e-01
4.590000000000000746e-01 5.175399999999987788e-01
4.600000000000000755e-01 5.119800000000016560e-01
4.610000000000000764e-01 5.375400000000015721e-01
4.620000000000000773e-01 5.517600000000002503e-01
4.630000000000000782e-01 5.548600000000001309e-01
4.640000000000000790e-01 5.568000000000001837e-01
4.650000000000000799e-01 5.565999999999995396e-01
4.660000000000000808e-01 5.500200000000003975e-01
4.670000000000000817e-01 5.565400000000000347e-01
4.680000000000000826e-01 5.576600000000004886e-01
4.690000000000000835e-01 5.609199999999997521e-01
4.700000000000000844e-01 5.601800000000003443e-01
4.710000000000000853e-01 5.615899999999999226e-01
4.720000000000000862e-01 5.579999999999999405e-01
4.730000000000000870e-01 5.600200000000005174e-01
4.740000000000000879e-01 5.598399999999988941e-01
4.750000000000000888e-01 5.516799999999997262e-01
4.760000000000000897e-01 5.514800000000000813e-01
4.770000000000000906e-01 5.493799999999993133e-01
4.780000000000000915e-01 5.380799999999992256e-01
4.790000000000000924e-01 5.294799999999988405e-01
4.800000000000000933e-01 5.147999999999988141e-01
4.810000000000000941e-01 5.010299999999981990e-01
4.820000000000000950e-01 4.879199999999994097e-01
4.830000000000000959e-01 4.818599999999987338e-01
4.840000000000000968e-01 4.616199999999933135e-01
4.850000000000000977e-01 4.054999999999971960e-01
4.860000000000000986e-01 4.101200000000055912e-01
4.870000000000000995e-01 4.629000000000060289e-01
4.880000000000001004e-01 5.153000000000051983e-01
4.890000000000001013e-01 5.530000000000021565e-01
4.900000000000001021e-01 5.596400000000002484e-01
4.910000000000001030e-01 5.619199999999999751e-01
4.920000000000001039e-01 5.673799999999995514e-01
4.930000000000001048e-01 5.609799999999995901e-01
4.940000000000001057e-01 5.585999999999990973e-01
4.950000000000001066e-01 5.555700000000008965e-01
4.960000000000001075e-01 5.622200000000001641e-01
4.970000000000001084e-01 5.625299999999998635e-01
4.980000000000001092e-01 5.640800000000002479e-01
4.990000000000001101e-01 5.592399999999989602e-01
5.000000000000001110e-01 5.556199999999995587e-01
5.010000000000001119e-01 5.518700000000003048e-01
5.020000000000001128e-01 5.484599999999987263e-01
5.030000000000001137e-01 5.374399999999990296e-01
5.040000000000001146e-01 5.318799999999987982e-01
5.050000000000001155e-01 5.210999999999988974e-01
5.060000000000001164e-01 5.085199999999989728e-01
5.070000000000001172e-01 4.964699999999981905e-01
5.080000000000001181e-01 4.820799999999979546e-01
5.090000000000001190e-01 4.631999999999983908e-01
5.100000000000001199e-01 4.577199999999996272e-01
5.110000000000001208e-01 4.672700000000027387e-01
5.120000000000001217e-01 4.985000000000040510e-01
5.130000000000001226e-01 5.316600000000027970e-01
5.140000000000001235e-01 5.538800000000012602e-01
5.150000000000001243e-01 5.608600000000004693e-01
5.160000000000001252e-01 5.593600000000006345e-01
5.170000000000001261e-01 5.659499999999998421e-01
5.180000000000001270e-01 5.509799999999999143e-01
5.190000000000001279e-01 5.403999999999961057e-01
5.200000000000001288e-01 5.234199999999993302e-01
5.210000000000001297e-01 5.168399999999986338e-01
5.220000000000001306e-01 5.102200000000002289e-01
5.230000000000001315e-01 5.145700000000008600e-01
5.240000000000001323e-01 5.171200000000011343e-01
5.250000000000001332e-01 5.294200000000020001e-01
5.260000000000001341e-01 5.392800000000015359e-01
5.270000000000001350e-01 5.490599999999998815e-01
5.280000000000001359e-01 5.442199999999995930e-01
5.290000000000001368e-01 5.383899999999985919e-01
5.300000000000001377e-01 5.353599999999991699e-01
5.310000000000001386e-01 5.236099999999975774e-01
5.320000000000001394e-01 5.080999999999982197e-01
5.330000000000001403e-01 4.898599999999963539e-01
5.340000000000001412e-01 4.759599999999984399e-01
5.350000000000001421e-01 4.561199999999961396e-01
5.360000000000001430e-01 4.302199999999962721e-01
5.370000000000001439e-01 4.017099999999959037e-01
5.380000000000001448e-01 3.749199999999981991e-01
5.390000000000001457e-01 3.612399999999976186e-01
5.400000000000001465e-01 3.398999999999974264e-01
5.410000000000001474e-01 3.159499999999957343e-01
5.420000000000001483e-01 2.926399999999984569e-01
5.430000000000001492e-01 2.847999999999995535e-01
5.440000000000001501e-01 2.940400000000031322e-01
5.450000000000001510e-01 3.317000000000080440e-01
5.460000000000001519e-01 3.880200000000069149e-01
5.470000000000001528e-01 4.482400000000095197e-01
5.480000000000001537e-01 5.018400000000038386e-01
5.490000000000001545e-01 5.276700000000027480e-01
5.500000000000001554e-01 5.376000000000004109e-01
5.510000000000001563e-01 5.405200000000004446e-01
5.520000000000001572e-01 5.388399999999990975e-01
5.530000000000001581e-01 5.319599999999991002e-01
5.540000000000001590e-01 5.214599999999988134e-01
5.550000000000001599e-01 5.120499999999988949e-01
5.560000000000001608e-01 5.074199999999999822e-01
5.570000000000001616e-01 5.087700000000006106e-01
5.580000000000001625e-01 5.132600000000004936e-01
5.590000000000001634e-01 5.179700000000012627e-01
5.600000000000001643e-01 5.228200000000000625e-01
5.610000000000001652e-01 5.223899999999993549e-01
5.620000000000001661e-01 5.195399999999996687e-01
5.630000000000001670e-01 5.162699999999994516e-01
5.640000000000001679e-01 5.089599999999979696e-01
5.650000000000001688e-01 4.975999999999977663e-01
5.660000000000001696e-01 4.819799999999959672e-01
5.670000000000001705e-01 4.636699999999970845e-01
5.680000000000001714e-01 4.459199999999978736e-01
5.690000000000001723e-01 4.376899999999987467e-01
5.700000000000001732e-01 4.248999999999978350e-01
5.710000000000001741e-01 4.148699999999977406e-01
5.720000000000001750e-01 4.008599999999973296e-01
5.730000000000001759e-01 3.863499999999965295e-01
5.740000000000001767e-01 3.655999999999961503e-01
5.750000000000001776e-01 3.506399999999978978e-01
5.760000000000001785e-01 3.440200000000014358e-01
5.770000000000001794e-01 3.508200000000008534e-01
5.780000000000001803e-01 3.562000000000034028e-01
5.790000000000001812e-01 3.776400000000044166e-01
5.800000000000001821e-01 4.047400000000075382e-01
5.810000000000001830e-01 4.372700000000048215e-01
5.820000000000001839e-01 4.616600000000047332e-01
5.830000000000001847e-01 4.808300000000027552e-01
5.840000000000001856e-01 4.942800000000027172e-01
5.850000000000001865e-01 5.041400000000013648e-01
5.860000000000001874e-01 5.099400000000000599e-01
5.870000000000001883e-01 5.098199999999999399e-01
5.880000000000001892e-01 5.071799999999992981e-01
5.890000000000001901e-01 5.015899999999982040e-01
5.900000000000001910e-01 4.825799999999942913e-01
5.910000000000001918e-01 4.585299999999963849e-01
5.920000000000001927e-01 4.376599999999951640e-01
5.930000000000001936e-01 4.152799999999962077e-01
5.940000000000001945e-01 3.924599999999939803e-01
5.950000000000001954e-01 3.695299999999981932e-01
5.960000000000001963e-01 3.546000000000000263e-01
5.970000000000001972e-01 3.610400000000005272e-01
5.980000000000001981e-01 3.619600000000018913e-01
5.990000000000001990e-01 3.701900000000014068e-01
6.000000000000001998e-01 3.829600000000036308e-01
6.010000000000002007e-01 3.959300000000020026e-01
6.020000000000002016e-01 4.149800000000046230e-01
6.030000000000002025e-01 4.324800000000016964e-01
6.040000000000002034e-01 4.385999999999993793e-01
6.050000000000002043e-01 4.298299999999971588e-01
6.060000000000002052e-01 4.112199999999932576e-01
6.070000000000002061e-01 3.812499999999957589e-01
6.080000000000002069e-01 3.522799999999930987e-01
6.090000000000002078e-01 3.319799999999992757e-01
6.100000000000002087e-01 3.278199999999969472e-01
6.110000000000002096e-01 3.084699999999958586e-01
6.120000000000002105e-01 2.791399999999936155e-01
6.130000000000002114e-01 2.491599999999924431e-01
6.140000000000002123e-01 2.231399999999965078e-01
6.150000000000002132e-01 2.112099999999990929e-01
6.160000000000002141e-01 2.056799999999987527e-01
6.170000000000002149e-01 1.994099999999972839e-01
6.180000000000002158e-01 1.825399999999972045e-01
6.190000000000002167e-01 1.748999999999994726e-01
6.200000000000002176e-01 1.755000000000012939e-01
6.210000000000002185e-01 1.819600000000010098e-01
6.220000000000002194e-01 1.901000000000035994e-01
6.230000000000002203e-01 2.061000000000039745e-01
6.240000000000002212e-01 2.299200000000070632e-01
6.250000000000002220e-01 2.599100000000061916e-01
6.260000000000002229e-01 2.936600000000069710e-01
6.270000000000002238e-01 3.226000000000064372e-01
6.280000000000002247e-01 3.546400000000072272e-01
6.290000000000002256e-01 3.810300000000042542e-01
6.300000000000002265e-01 4.044000000000043671e-01
6.310000000000002274e-01 4.199500000000017108e-01
6.320000000000002283e-01 4.276800000000011148e-01
6.330000000000002292e-01 4.314000000000001167e-01
6.340000000000002300e-01 4.286199999999997234e-01
6.350000000000002309e-01 4.251099999999984891e-01
6.360000000000002318e-01 4.171799999999978303e-01
6.370000000000002327e-01 4.070199999999979390e-01
6.380000000000002336e-01 4.000999999999961254e-01
6.390000000000002345e-01 3.846199999999972974e-01
6.400000000000002354e-01 3.759199999999975339e-01
6.410000000000002363e-01 3.592599999999937510e-01
6.420000000000002371e-01 3.450399999999971268e-01
6.430000000000002380e-01 3.402500000000013292e-01
6.440000000000002389e-01 3.435800000000009957e-01
6.450000000000002398e-01 3.458200000000003493e-01
6.460000000000002407e-01 3.466600000000002457e-01
6.470000000000002416e-01 3.467299999999988169e-01
6.480000000000002425e-01 3.365799999999965486e-01
6.490000000000002434e-01 3.232799999999986795e-01
6.500000000000002442e-01 3.186599999999978339e-01
6.510000000000002451e-01 3.134600000000002940e-01
6.520000000000002460e-01 3.163399999999993994e-01
6.530000000000002469e-01 3.097999999999963561e-01
6.540000000000002478e-01 2.956199999999963302e-01
6.550000000000002487e-01 2.827399999999979929e-01
6.560000000000002496e-01 2.712599999999988354e-01
6.570000000000002505e-01 2.688199999999986156e-01
6.580000000000002514e-01 2.618399999999988514e-01
6.590000000000002522e-01 2.566199999999974612e-01
6.600000000000002531e-01 2.529200000000004223e-01
6.610000000000002540e-01 2.515499999999983860e-01
6.620000000000002549e-01 2.423799999999976251e-01
6.630000000000002558e-01 2.345799999999991781e-01
6.640000000000002567e-01 2.335799999999987331e-01
6.650000000000002576e-01 2.292999999999984773e-01
6.660000000000002585e-01 2.188799999999986867e-01
6.670000000000002593e-01 2.167400000000004323e-01
6.680000000000002602e-01 2.184600000000016529e-01
6.690000000000002611e-01 2.235200000000015508e-01
6.700000000000002620e-01 2.331600000000030593e-01
6.710000000000002629e-01 2.461700000000033584e-01
6.720000000000002638e-01 2.632600000000046570e-01
6.730000000000002647e-01 2.848600000000054977e-01
6.740000000000002656e-01 3.043600000000022954e-01
6.750000000000002665e-01 3.237300000000090106e-01
6.760000000000002673e-01 3.494600000000029350e-01
6.770000000000002682e-01 3.651800000000041679e-01
6.780000000000002691e-01 3.703999999999985082e-01
6.790000000000002700e-01 3.533599999999909036e-01
6.800000000000002709e-01 3.154399999999941695e-01
6.810000000000002718e-01 2.979199999999979642e-01
6.820000000000002727e-01 2.749799999999934519e-01
6.830000000000002736e-01 2.600600000000019008e-01
6.840000000000002744e-01 2.648600000000035370e-01
6.850000000000002753e-01 2.749999999999991340e-01
6.860000000000002762e-01 2.817800000000016958e-01
6.870000000000002771e-01 2.853700000000036763e-01
6.880000000000002780e-01 2.998799999999974819e-01
6.890000000000002789e-01 2.992300000000046034e-01
6.900000000000002798e-01 3.181199999999967387e-01
6.910000000000002807e-01 3.115500000000002156e-01
6.920000000000002816e-01 3.156199999999986794e-01
6.930000000000002824e-01 3.097799999999976128e-01
6.940000000000002833e-01 2.974599999999955058e-01
6.950000000000002842e-01 2.820699999999932706e-01
6.960000000000002851e-01 2.537799999999907907e-01
6.970000000000002860e-01 2.284699999999956765e-01
6.980000000000002869e-01 2.228199999999952996e-01
6.990000000000002878e-01 2.054099999999937087e-01
7.000000000000002887e-01 1.863799999999981860e-01
7.010000000000002895e-01 1.798499999999970678e-01
7.020000000000002904e-01 1.703999999999982196e-01
7.030000000000002913e-01 1.728500000000024184e-01
7.040000000000002922e-01 1.737199999999977373e-01
7.050000000000002931e-01 1.773800000000055332e-01
7.060000000000002940e-01 1.920800000000002783e-01
7.070000000000002949e-01 1.949700000000023081e-01
7.080000000000002958e-01 2.048400000000039634e-01
7.090000000000002967e-01 2.139000000000009505e-01
7.100000000000002975e-01 2.184800000000048370e-01
7.110000000000002984e-01 2.320700000000022190e-01
7.120000000000002993e-01 2.316599999999978121e-01
7.130000000000003002e-01 2.313300000000023948e-01
7.140000000000003011e-01 2.335999999999955334e-01
7.150000000000003020e-01 2.158099999999932850e-01
7.160000000000003029e-01 1.855599999999898719e-01
7.170000000000003038e-01 1.592799999999933713e-01
7.180000000000003046e-01 1.426199999999959722e-01
7.190000000000003055e-01 1.337899999999973555e-01
7.200000000000003064e-01 1.220599999999980451e-01
7.210000000000003073e-01 1.184599999999989689e-01
7.220000000000003082e-01 1.140399999999995445e-01
7.230000000000003091e-01 1.096799999999973352e-01
7.240000000000003100e-01 1.013799999999971113e-01
7.250000000000003109e-01 8.836999999999556321e-02
7.260000000000003118e-01 8.088000000000125644e-02
7.270000000000003126e-01 7.794999999999713269e-02
7.280000000000003135e-01 7.972000000000431519e-02
7.290000000000003144e-01 8.931000000000112460e-02
7.300000000000003153e-01 9.306000000000277939e-02
7.310000000000003162e-01 1.031300000000032746e-01
7.320000000000003171e-01 1.110400000000008602e-01
7.330000000000003180e-01 1.145300000000019636e-01
7.340000000000003189e-01 1.239600000000029290e-01
7.350000000000003197e-01 1.325500000000013334e-01
7.360000000000003206e-01 1.426600000000021184e-01
7.370000000000003215e-01 1.473200000000033372e-01
7.380000000000003224e-01 1.591600000000044368e-01
7.390000000000003233e-01 1.743100000000054883e-01
7.400000000000003242e-01 1.921400000000054176e-01
7.410000000000003251e-01 2.139000000000094159e-01
7.420000000000003260e-01 2.335200000000070553e-01
7.430000000000003268e-01 2.511300000000055710e-01
7.440000000000003277e-01 2.717600000000028881e-01
7.450000000000003286e-01 2.770399999999997309e-01
7.460000000000003295e-01 2.781800000000018702e-01
7.470000000000003304e-01 2.752799999999985259e-01
7.480000000000003313e-01 2.776799999999983726e-01
7.490000000000003322e-01 2.804300000000005122e-01
7.500000000000003331e-01 2.712800000000032963e-01
7.510000000000003340e-01 2.836000000000021282e-01
7.520000000000003348e-01 2.798199999999938514e-01
7.530000000000003357e-01 2.831300000000085970e-01
7.540000000000003366e-01 2.892799999999949301e-01
7.550000000000003375e-01 2.773399999999983656e-01
7.560000000000003384e-01 2.694999999999954654e-01
7.570000000000003393e-01 2.554599999999959126e-01
7.580000000000003402e-01 2.428399999999966419e-01
7.590000000000003411e-01 2.322199999999959852e-01
7.600000000000003419e-01 2.147799999999961407e-01
7.610000000000003428e-01 2.017399999999964777e-01
7.620000000000003437e-01 1.887599999999972633e-01
7.630000000000003446e-01 1.844299999999984563e-01
7.640000000000003455e-01 1.790399999999975622e-01
7.650000000000003464e-01 1.751799999999998914e-01
7.660000000000003473e-01 1.789999999999982161e-01
7.670000000000003482e-01 1.709799999999982723e-01
7.680000000000003491e-01 1.797199999999998243e-01
7.690000000000003499e-01 1.763599999999992951e-01
7.700000000000003508e-01 1.786399999999990218e-01
7.710000000000003517e-01 1.739199999999987423e-01
7.720000000000003526e-01 1.718599999999970152e-01
7.730000000000003535e-01 1.587199999999945321e-01
7.740000000000003544e-01 1.564200000000017798e-01
7.750000000000003553e-01 1.571999999999980357e-01
7.760000000000003562e-01 1.509599999999988174e-01
7.770000000000003570e-01 1.482399999999985951e-01
7.780000000000003579e-01 1.430399999999981131e-01
7.790000000000003588e-01 1.376299999999980039e-01
7.800000000000003597e-01 1.297199999999966435e-01
7.810000000000003606e-01 1.201499999999982443e-01
7.820000000000003615e-01 1.179599999999992876e-01
7.830000000000003624e-01 1.141999999999975118e-01
7.840000000000003633e-01 1.074600000000019290e-01
7.850000000000003642e-01 1.140700000000010317e-01
7.860000000000003650e-01 1.099199999999991711e-01
7.870000000000003659e-01 1.101400000000018753e-01
7.880000000000003668e-01 1.133400000000004681e-01
7.890000000000003677e-01 1.141600000000003862e-01
7.900000000000003686e-01 1.153799999999998716e-01
7.910000000000003695e-01 1.116599999999975945e-01
7.920000000000003704e-01 1.060399999999996762e-01
7.930000000000003713e-01 1.057000000000005574e-01
7.940000000000003721e-01 1.071199999999980224e-01
7.950000000000003730e-01 1.035699999999999399e-01
7.960000000000003739e-01 1.048000000000008647e-01
7.970000000000003748e-01 1.042699999999988497e-01
7.980000000000003757e-01 1.051400000000006912e-01
7.990000000000003766e-01 1.073200000000007759e-01
8.000000000000003775e-01 1.117799999999999072e-01
8.010000000000003784e-01 1.146600000000019826e-01
8.020000000000003793e-01 1.140400000000020980e-01
8.030000000000003801e-01 1.191200000000010861e-01
8.040000000000003810e-01 1.204200000000000548e-01
8.050000000000003819e-01 1.235600000000013354e-01
8.060000000000003828e-01 1.264000000000017332e-01
8.070000000000003837e-01 1.317400000000019389e-01
8.080000000000003846e-01 1.333800000000009423e-01
8.090000000000003855e-01 1.330199999999979177e-01
8.100000000000003864e-01 1.356200000000003514e-01
8.110000000000003872e-01 1.368100000000013194e-01
8.120000000000003881e-01 1.436600000000015365e-01
8.130000000000003890e-01 1.470800000000010710e-01
8.140000000000003899e-01 1.533400000000011421e-01
8.150000000000003908e-01 1.543200000000014283e-01
8.160000000000003917e-01 1.619800000000050089e-01
8.170000000000003926e-01 1.711500000000029664e-01
8.180000000000003935e-01 1.801800000000054469e-01
8.190000000000003944e-01 1.911400000000028077e-01
8.200000000000003952e-01 1.996400000000032038e-01
8.210000000000003961e-01 2.059600000000028075e-01
8.220000000000003970e-01 2.114800000000013336e-01
8.230000000000003979e-01 2.148500000000020393e-01
8.240000000000003988e-01 2.103399999999985837e-01
8.250000000000003997e-01 2.055199999999977600e-01
8.260000000000004006e-01 2.017600000000016602e-01
8.270000000000004015e-01 2.054900000000000893e-01
8.280000000000004023e-01 2.153800000000062331e-01
8.290000000000004032e-01 2.283000000000053320e-01
8.300000000000004041e-01 2.441600000000057058e-01
8.310000000000004050e-01 2.541900000000021365e-01
8.320000000000004059e-01 2.496599999999919439e-01
8.330000000000004068e-01 2.250199999999880907e-01
8.340000000000004077e-01 1.918399999999863270e-01
8.350000000000004086e-01 1.599499999999890454e-01
8.360000000000004095e-01 1.381799999999948347e-01
8.370000000000004103e-01 1.278599999999969761e-01
8.380000000000004112e-01 1.190399999999928599e-01
8.390000000000004121e-01 1.111000000000023358e-01
8.400000000000004130e-01 1.169199999999979422e-01
8.410000000000004139e-01 1.083999999999949171e-01
8.420000000000004148e-01 1.052800000000083391e-01
8.430000000000004157e-01 1.228600000000016346e-01
8.440000000000004166e-01 1.173399999999985427e-01
8.450000000000004174e-01 1.222100000000053144e-01
8.460000000000004183e-01 1.329000000000011006e-01
8.470000000000004192e-01 1.332999999999996410e-01
8.480000000000004201e-01 1.338800000000009427e-01
8.490000000000004210e-01 1.398000000000028387e-01
8.500000000000004219e-01 1.383599999999969021e-01
8.510000000000004228e-01 1.329699999999971460e-01
8.520000000000004237e-01 1.281599999999959161e-01
8.530000000000004245e-01 1.198999999999960514e-01
8.540000000000004254e-01 1.112999999999985806e-01
8.550000000000004263e-01 1.057099999999992490e-01
8.560000000000004272e-01 1.007199999999954798e-01
8.570000000000004281e-01 9.103999999999577708e-02
8.580000000000004290e-01 8.213999999999818669e-02
8.590000000000004299e-01 7.888999999999823931e-02
8.600000000000004308e-01 7.239999999999499614e-02
8.610000000000004317e-01 6.338999999999750390e-02
8.620000000000004325e-01 5.633999999999895342e-02
8.630000000000004334e-01 5.703000000000073288e-02
8.640000000000004343e-01 5.502000000000166480e-02
8.650000000000004352e-01 5.708999999999962716e-02
8.660000000000004361e-01 6.112000000000171462e-02
8.670000000000004370e-01 6.249000000000149574e-02
8.680000000000004379e-01 7.102000000000310842e-02
8.690000000000004388e-01 7.734000000000262887e-02
8.700000000000004396e-01 8.072000000000076336e-02
8.710000000000004405e-01 8.450000000000316980e-02
8.720000000000004414e-01 9.164000000000148416e-02
8.730000000000004423e-01 9.498000000000240972e-02
8.740000000000004432e-01 9.567999999999869665e-02
8.750000000000004441e-01 9.568000000000076444e-02
8.760000000000004450e-01 9.441999999999904636e-02
8.770000000000004459e-01 9.196999999999851128e-02
8.780000000000004468e-01 8.681999999999856499e-02
8.790000000000004476e-01 7.997999999999395870e-02
8.800000000000004485e-01 6.023999999999109928e-02
8.810000000000004494e-01 4.552999999999438746e-02
8.820000000000004503e-01 2.865999999999626832e-02
8.830000000000004512e-01 2.200999999999739970e-02
8.840000000000004521e-01 1.932000000000222428e-02
8.850000000000004530e-01 2.540000000000186553e-02
8.860000000000004539e-01 2.517999999999698257e-02
8.870000000000004547e-01 1.641999999999715909e-02
8.880000000000004556e-01 1.844000000000224279e-02
8.890000000000004565e-01 2.234000000000000222e-02
8.900000000000004574e-01 2.315999999999900083e-02
8.910000000000004583e-01 2.222000000000045120e-02
8.920000000000004592e-01 2.452000000000006952e-02
8.930000000000004601e-01 2.435999999999985399e-02
8.940000000000004610e-01 2.156000000000055788e-02
8.950000000000004619e-01 2.290000000000024655e-02
8.960000000000004627e-01 2.174000000000213262e-02
8.970000000000004636e-01 2.812000000000334718e-02
8.980000000000004645e-01 3.003999999999933460e-02
8.990000000000004654e-01 2.910000000000124987e-02
