2.500000000000000000e-01 4.014000000000000077e-08
2.510000000000000009e-01 4.007000000000000080e-08
2.520000000000000018e-01 3.814000000000000271e-08
2.530000000000000027e-01 3.461999999999999501e-08
2.540000000000000036e-01 3.368000000000000115e-08
2.550000000000000044e-01 3.336000000000000226e-08
2.560000000000000053e-01 3.847999999999999781e-08
2.570000000000000062e-01 3.976999999999999812e-08
2.580000000000000071e-01 3.907999999999999657e-08
2.589999999999999525e-01 3.902999999999999943e-08
2.600000000000000089e-01 3.513999999999999570e-08
2.610000000000000098e-01 3.665999999999999872e-08
2.620000000000000107e-01 3.788999999999999716e-08
2.630000000000000115e-01 3.674000000000000341e-08
2.639999999999999569e-01 3.993000000000000087e-08
2.650000000000000133e-01 4.130000000000000586e-08
2.660000000000000142e-01 3.962999999999999819e-08
2.670000000000000151e-01 3.876999999999999578e-08
2.680000000000000160e-01 3.878000000000000050e-08
2.689999999999999614e-01 3.792999999999999620e-08
2.700000000000000178e-01 3.737999999999999458e-08
2.709999999999999631e-01 3.676999999999999772e-08
2.720000000000000195e-01 3.708000000000000513e-08
2.730000000000000204e-01 3.783000000000000192e-08
2.739999999999999658e-01 3.661999999999999969e-08
2.750000000000000222e-01 3.300000000000000433e-08
2.759999999999999676e-01 3.658000000000000065e-08
2.770000000000000240e-01 3.574999999999999918e-08
2.779999999999999694e-01 3.594000000000000286e-08
2.789999999999999702e-01 3.685999999999999390e-08
2.800000000000000266e-01 3.223999999999999620e-08
2.809999999999999720e-01 3.784000000000000002e-08
2.820000000000000284e-01 3.818999999999999985e-08
2.829999999999999738e-01 3.697000000000000613e-08
2.839999999999999747e-01 3.592999999999999814e-08
2.850000000000000311e-01 3.534000000000000411e-08
2.859999999999999765e-01 3.546000000000000121e-08
2.870000000000000329e-01 3.531000000000000318e-08
2.879999999999999782e-01 3.552000000000000307e-08
2.890000000000000346e-01 3.531000000000000318e-08
2.899999999999999800e-01 3.640999999999999979e-08
2.909999999999999809e-01 3.670000000000000437e-08
2.920000000000000373e-01 3.752999999999999923e-08
2.929999999999999827e-01 3.552000000000000307e-08
2.940000000000000391e-01 3.572999999999999635e-08
2.949999999999999845e-01 3.550999999999999835e-08
2.959999999999999853e-01 3.693999999999999858e-08
2.970000000000000417e-01 3.615000000000000276e-08
2.979999999999999871e-01 3.609999999999999900e-08
2.990000000000000435e-01 3.674999999999999490e-08
2.999999999999999889e-01 3.670000000000000437e-08
3.009999999999999898e-01 3.699000000000000234e-08
3.019999999999999907e-01 3.630999999999999890e-08
3.029999999999999916e-01 3.651000000000000069e-08
3.040000000000000480e-01 3.622000000000000272e-08
3.049999999999999933e-01 3.564999999999999828e-08
3.059999999999999942e-01 3.538000000000000314e-08
3.069999999999999951e-01 3.540999999999999746e-08
3.079999999999999960e-01 3.549000000000000214e-08
3.089999999999999969e-01 3.491999999999999770e-08
3.099999999999999978e-01 3.506999999999999573e-08
3.109999999999999987e-01 3.522999999999999849e-08
3.119999999999999996e-01 3.434000000000000177e-08
3.130000000000000004e-01 3.441000000000000174e-08
3.140000000000000013e-01 3.506999999999999573e-08
3.150000000000000022e-01 3.483000000000000153e-08
3.160000000000000031e-01 3.389000000000000105e-08
3.170000000000000040e-01 3.443999999999999605e-08
3.180000000000000049e-01 3.323000000000000043e-08
3.190000000000000058e-01 3.373999999999999640e-08
3.200000000000000067e-01 3.417000000000000091e-08
3.209999999999999520e-01 3.359000000000000498e-08
3.220000000000000084e-01 3.357000000000000215e-08
3.230000000000000093e-01 3.291999999999999964e-08
3.240000000000000102e-01 3.292999999999999775e-08
3.250000000000000111e-01 3.321000000000000423e-08
3.259999999999999565e-01 3.343000000000000222e-08
3.270000000000000129e-01 3.340000000000000129e-08
3.280000000000000138e-01 3.302000000000000054e-08
3.290000000000000147e-01 3.330999999999999850e-08
3.300000000000000155e-01 3.350000000000000219e-08
3.309999999999999609e-01 3.319999999999999950e-08
3.320000000000000173e-01 3.309000000000000050e-08
3.329999999999999627e-01 3.273000000000000257e-08
3.340000000000000191e-01 3.219999999999999717e-08
3.350000000000000200e-01 3.201999999999999820e-08
3.359999999999999654e-01 3.207000000000000196e-08
3.370000000000000218e-01 3.218000000000000096e-08
3.379999999999999671e-01 3.204999999999999913e-08
3.390000000000000235e-01 3.219000000000000568e-08
3.399999999999999689e-01 3.239999999999999896e-08
3.409999999999999698e-01 3.219999999999999717e-08
3.420000000000000262e-01 3.209999999999999627e-08
3.429999999999999716e-01 3.234000000000000371e-08
3.440000000000000280e-01 3.176999999999999927e-08
3.449999999999999734e-01 3.204000000000000103e-08
3.459999999999999742e-01 3.164000000000000406e-08
3.470000000000000306e-01 3.182999999999999452e-08
3.479999999999999760e-01 3.155000000000000127e-08
3.490000000000000324e-01 3.122000000000000427e-08
3.499999999999999778e-01 3.137000000000000231e-08
3.509999999999999787e-01 3.113000000000000148e-08
3.519999999999999796e-01 3.146000000000000510e-08
3.529999999999999805e-01 3.122000000000000427e-08
3.540000000000000369e-01 3.123000000000000238e-08
3.549999999999999822e-01 3.138000000000000041e-08
3.560000000000000386e-01 3.107999999999999773e-08
3.569999999999999840e-01 3.066999999999999604e-08
3.579999999999999849e-01 3.061000000000000080e-08
3.590000000000000413e-01 3.065999999999999793e-08
3.599999999999999867e-01 3.065999999999999793e-08
3.610000000000000431e-01 3.045000000000000466e-08
3.619999999999999885e-01 3.046000000000000276e-08
3.629999999999999893e-01 3.030999999999999811e-08
3.639999999999999902e-01 3.036000000000000187e-08
3.649999999999999911e-01 3.026000000000000097e-08
3.660000000000000475e-01 3.021000000000000383e-08
3.669999999999999929e-01 3.016000000000000008e-08
3.679999999999999938e-01 2.991999999999999925e-08
3.689999999999999947e-01 2.995999999999999828e-08
3.699999999999999956e-01 3.061000000000000080e-08
3.709999999999999964e-01 3.094999999999999590e-08
3.719999999999999973e-01 3.189000000000000299e-08
3.729999999999999982e-01 3.667000000000000344e-08
3.739999999999999991e-01 3.864999999999999867e-08
3.750000000000000000e-01 3.212000000000000571e-08
3.760000000000000009e-01 4.758999999999999799e-08
3.770000000000000018e-01 3.333000000000000133e-08
3.780000000000000027e-01 5.371000000000000250e-08
3.790000000000000036e-01 5.503000000000000374e-08
3.800000000000000044e-01 3.490000000000000149e-08
3.810000000000000053e-01 6.311000000000000065e-08
3.820000000000000062e-01 7.093999999999999863e-08
3.829999999999999516e-01 4.861000000000000316e-08
3.840000000000000080e-01 4.045999999999999966e-08
3.850000000000000089e-01 7.066999999999999688e-08
3.860000000000000098e-01 8.133000000000000101e-08
3.870000000000000107e-01 8.037999999999999581e-08
3.879999999999999560e-01 6.167999999999999380e-08
3.890000000000000124e-01 3.490000000000000149e-08
3.900000000000000133e-01 6.108999999999999977e-08
3.910000000000000142e-01 8.067000000000000701e-08
3.920000000000000151e-01 8.654000000000000597e-08
3.929999999999999605e-01 8.536000000000000467e-08
3.940000000000000169e-01 8.466999999999998989e-08
3.949999999999999623e-01 7.986999999999999985e-08
3.960000000000000187e-01 6.242999999999999721e-08
3.970000000000000195e-01 3.447999999999999508e-08
3.979999999999999649e-01 5.654000000000000204e-08
3.990000000000000213e-01 7.623000000000000166e-08
3.999999999999999667e-01 8.334999999999998866e-08
4.010000000000000231e-01 8.580999999999999877e-08
4.020000000000000240e-01 8.641000000000000415e-08
4.029999999999999694e-01 8.587000000000000064e-08
4.040000000000000258e-01 8.598999999999999112e-08
4.049999999999999711e-01 8.475000000000000119e-08
4.060000000000000275e-01 8.290999999999999266e-08
4.069999999999999729e-01 8.039000000000000715e-08
4.079999999999999738e-01 7.550999999999999257e-08
4.090000000000000302e-01 6.198000000000000310e-08
4.099999999999999756e-01 3.583000000000000386e-08
4.110000000000000320e-01 4.821999999999999768e-08
4.119999999999999774e-01 6.762000000000000596e-08
4.129999999999999782e-01 7.494000000000000798e-08
4.139999999999999791e-01 7.872999999999999096e-08
4.149999999999999800e-01 7.949000000000000571e-08
4.160000000000000364e-01 7.981999999999999609e-08
4.169999999999999818e-01 7.918999999999999641e-08
4.180000000000000382e-01 7.847000000000000055e-08
4.189999999999999836e-01 7.882000000000000037e-08
4.199999999999999845e-01 7.796000000000000458e-08
4.210000000000000409e-01 7.788000000000000651e-08
4.219999999999999862e-01 7.700000000000000128e-08
4.230000000000000426e-01 7.575999999999999812e-08
4.239999999999999880e-01 7.559000000000000387e-08
4.249999999999999889e-01 7.489000000000000422e-08
4.259999999999999898e-01 7.463999999999999868e-08
4.269999999999999907e-01 7.399000000000000278e-08
4.280000000000000471e-01 7.358000000000000110e-08
4.289999999999999925e-01 7.241999999999999600e-08
4.299999999999999933e-01 7.030999999999999895e-08
4.309999999999999942e-01 6.815999999999999624e-08
4.319999999999999951e-01 6.347999999999999668e-08
4.330000000000000515e-01 4.993000000000000439e-08
4.339999999999999969e-01 2.966999999999999701e-08
4.349999999999999978e-01 4.244000000000000151e-08
4.359999999999999987e-01 5.940000000000000250e-08
4.369999999999999996e-01 6.554000000000000322e-08
4.380000000000000004e-01 6.714000000000000431e-08
4.390000000000000013e-01 6.716000000000000052e-08
4.400000000000000022e-01 6.759999999999999652e-08
4.410000000000000031e-01 6.762000000000000596e-08
4.420000000000000040e-01 6.710999999999999676e-08
4.430000000000000049e-01 6.733999999999999287e-08
4.440000000000000058e-01 6.680000000000000259e-08
4.449999999999999512e-01 6.628000000000000852e-08
4.460000000000000075e-01 6.607999999999999349e-08
4.470000000000000084e-01 6.504000000000000536e-08
4.480000000000000093e-01 6.395000000000000023e-08
4.490000000000000102e-01 6.429000000000000195e-08
4.499999999999999556e-01 6.430000000000000005e-08
4.510000000000000120e-01 6.372000000000000413e-08
4.520000000000000129e-01 6.306999999999999500e-08
4.530000000000000138e-01 6.286999999999999321e-08
4.540000000000000147e-01 6.256999999999999714e-08
4.549999999999999600e-01 6.135000000000000342e-08
4.560000000000000164e-01 6.128000000000000345e-08
4.569999999999999618e-01 6.148000000000000524e-08
4.580000000000000182e-01 6.069999999999999429e-08
4.590000000000000191e-01 6.031000000000000205e-08
4.599999999999999645e-01 6.063000000000000756e-08
4.610000000000000209e-01 6.032999999999999825e-08
4.619999999999999662e-01 5.944999999999999964e-08
4.630000000000000226e-01 5.897000000000000461e-08
4.640000000000000235e-01 5.890999999999999613e-08
4.649999999999999689e-01 5.878000000000000092e-08
4.660000000000000253e-01 5.833000000000000020e-08
4.669999999999999707e-01 5.786999999999999476e-08
4.680000000000000271e-01 5.772000000000000334e-08
4.689999999999999725e-01 5.734000000000000258e-08
4.699999999999999734e-01 5.693999999999999900e-08
4.710000000000000298e-01 5.654000000000000204e-08
4.719999999999999751e-01 5.616000000000000128e-08
4.730000000000000315e-01 5.573999999999999487e-08
4.739999999999999769e-01 5.539000000000000167e-08
4.749999999999999778e-01 5.512999999999999801e-08
4.759999999999999787e-01 5.473000000000000105e-08
4.770000000000000351e-01 5.430999999999999464e-08
4.780000000000000360e-01 5.389000000000000147e-08
4.789999999999999813e-01 5.344999999999999885e-08
4.799999999999999822e-01 5.288000000000000103e-08
4.810000000000000386e-01 5.215999999999999855e-08
4.819999999999999840e-01 5.114000000000000000e-08
4.829999999999999849e-01 4.936999999999999805e-08
4.840000000000000413e-01 4.578000000000000362e-08
4.850000000000000422e-01 3.752999999999999923e-08
4.859999999999999876e-01 2.508000000000000025e-08
4.869999999999999329e-01 3.033000000000000094e-08
4.880000000000000449e-01 4.140000000000000014e-08
4.889999999999999902e-01 4.629999999999999769e-08
4.899999999999999911e-01 4.824000000000000051e-08
4.910000000000000475e-01 4.886000000000000209e-08
4.919999999999999929e-01 4.855000000000000130e-08
4.929999999999999938e-01 4.869999999999999933e-08
4.939999999999999392e-01 4.886999999999999357e-08
4.950000000000000511e-01 4.864000000000000409e-08
4.959999999999999964e-01 4.823000000000000240e-08
4.969999999999999418e-01 4.820000000000000147e-08
4.980000000000000537e-01 4.787000000000000447e-08
4.989999999999999991e-01 4.754999999999999896e-08
5.000000000000000000e-01 4.719000000000000103e-08
5.010000000000000009e-01 4.688000000000000024e-08
5.020000000000000018e-01 4.618999999999999869e-08
5.030000000000000027e-01 4.644000000000000424e-08
5.040000000000000036e-01 4.604999999999999876e-08
5.050000000000000044e-01 4.589000000000000262e-08
5.060000000000000053e-01 4.556000000000000563e-08
5.070000000000000062e-01 4.546999999999999622e-08
5.080000000000000071e-01 4.522000000000000390e-08
5.090000000000000080e-01 4.497999999999999646e-08
5.100000000000000089e-01 4.460999999999999381e-08
5.110000000000000098e-01 4.447000000000000050e-08
5.120000000000000107e-01 4.422000000000000157e-08
5.130000000000000115e-01 4.387999999999999985e-08
5.140000000000000124e-01 4.356999999999999906e-08
5.150000000000000133e-01 4.332000000000000013e-08
5.160000000000000142e-01 4.302999999999999554e-08
5.170000000000000151e-01 4.202000000000000172e-08
5.179999999999999050e-01 4.225000000000000444e-08
5.190000000000000169e-01 4.202999999999999982e-08
5.200000000000000178e-01 4.186999999999999707e-08
5.210000000000000187e-01 4.186999999999999707e-08
5.220000000000000195e-01 4.159999999999999531e-08
5.230000000000000204e-01 4.105999999999999842e-08
5.240000000000000213e-01 4.096000000000000414e-08
5.249999999999999112e-01 4.096000000000000414e-08
5.260000000000000231e-01 4.057999999999999677e-08
5.270000000000000240e-01 4.014999999999999887e-08
5.279999999999999138e-01 3.996000000000000180e-08
5.290000000000000258e-01 4.005999999999999608e-08
5.300000000000000266e-01 3.987999999999999712e-08
5.310000000000000275e-01 3.951999999999999919e-08
5.320000000000000284e-01 3.903999999999999753e-08
5.330000000000000293e-01 3.894000000000000326e-08
5.340000000000000302e-01 3.884000000000000236e-08
5.349999999999999201e-01 3.878999999999999860e-08
5.360000000000000320e-01 3.851000000000000536e-08
5.370000000000000329e-01 3.818999999999999985e-08
5.379999999999999227e-01 3.808999999999999895e-08
5.390000000000000346e-01 3.787999999999999906e-08
5.400000000000000355e-01 3.756999999999999827e-08
5.410000000000000364e-01 3.733999999999999555e-08
5.419999999999999263e-01 3.719999999999999562e-08
5.430000000000000382e-01 3.697999999999999762e-08
5.440000000000000391e-01 3.686999999999999862e-08
5.449999999999999289e-01 3.667000000000000344e-08
5.460000000000000409e-01 3.645000000000000544e-08
5.470000000000000417e-01 3.626999999999999986e-08
5.479999999999999316e-01 3.605999999999999997e-08
5.489999999999999325e-01 3.586999999999999628e-08
5.500000000000000444e-01 3.568999999999999732e-08
5.510000000000000453e-01 3.547999999999999742e-08
5.519999999999999352e-01 3.532999999999999939e-08
5.530000000000000471e-01 3.502999999999999670e-08
5.540000000000000480e-01 3.488999999999999677e-08
5.549999999999999378e-01 3.473999999999999873e-08
5.559999999999999387e-01 3.455999999999999977e-08
5.570000000000000506e-01 3.434999999999999987e-08
5.579999999999999405e-01 3.417000000000000091e-08
5.589999999999999414e-01 3.396999999999999912e-08
5.600000000000000533e-01 3.382999999999999919e-08
5.610000000000000542e-01 3.365000000000000022e-08
5.619999999999999440e-01 3.344999999999999843e-08
5.630000000000000560e-01 3.329000000000000229e-08
5.640000000000000568e-01 3.311999999999999482e-08
5.649999999999999467e-01 3.292999999999999775e-08
5.659999999999999476e-01 3.271999999999999785e-08
5.670000000000000595e-01 3.257999999999999792e-08
5.679999999999999494e-01 3.241999999999999517e-08
5.689999999999999503e-01 3.223999999999999620e-08
5.700000000000000622e-01 3.208000000000000006e-08
5.710000000000000631e-01 3.190999999999999920e-08
5.719999999999999529e-01 3.175000000000000306e-08
5.729999999999999538e-01 3.157999999999999559e-08
5.740000000000000657e-01 3.141999999999999945e-08
5.749999999999999556e-01 3.124000000000000048e-08
5.759999999999999565e-01 3.107999999999999773e-08
5.770000000000000684e-01 3.092000000000000159e-08
5.780000000000000693e-01 3.075000000000000073e-08
5.789999999999999591e-01 3.058999999999999797e-08
5.799999999999999600e-01 3.043000000000000183e-08
5.810000000000000719e-01 3.028000000000000380e-08
5.819999999999999618e-01 3.012000000000000104e-08
5.829999999999999627e-01 2.997000000000000301e-08
5.840000000000000746e-01 2.981000000000000025e-08
5.849999999999999645e-01 2.965999999999999891e-08
5.859999999999999654e-01 2.948999999999999805e-08
5.869999999999999662e-01 2.932999999999999860e-08
5.880000000000000782e-01 2.913999999999999822e-08
5.889999999999999680e-01 2.885000000000000026e-08
5.899999999999999689e-01 2.874000000000000126e-08
5.910000000000000808e-01 2.872999999999999984e-08
5.919999999999999707e-01 2.860000000000000133e-08
5.929999999999999716e-01 2.844999999999999998e-08
5.940000000000000835e-01 2.830999999999999674e-08
5.949999999999999734e-01 2.815000000000000061e-08
5.959999999999999742e-01 2.797999999999999974e-08
5.969999999999999751e-01 2.785999999999999933e-08
5.980000000000000870e-01 2.769999999999999988e-08
5.989999999999999769e-01 2.757000000000000137e-08
5.999999999999999778e-01 2.744999999999999765e-08
6.010000000000000897e-01 2.730000000000000292e-08
6.019999999999999796e-01 2.715999999999999968e-08
6.029999999999999805e-01 2.704000000000000258e-08
6.039999999999999813e-01 2.691000000000000075e-08
6.049999999999999822e-01 2.675999999999999941e-08
6.059999999999999831e-01 2.663000000000000089e-08
6.069999999999999840e-01 2.649999999999999907e-08
6.080000000000000959e-01 2.636000000000000244e-08
6.089999999999999858e-01 2.623000000000000062e-08
6.099999999999999867e-01 2.610000000000000210e-08
6.109999999999999876e-01 2.597000000000000028e-08
6.119999999999999885e-01 2.583999999999999845e-08
6.129999999999999893e-01 2.570000000000000183e-08
6.139999999999999902e-01 2.555999999999999859e-08
6.149999999999999911e-01 2.534000000000000059e-08
6.159999999999999920e-01 2.515000000000000021e-08
6.169999999999999929e-01 2.517000000000000304e-08
6.179999999999999938e-01 2.506999999999999883e-08
6.189999999999999947e-01 2.495999999999999983e-08
6.199999999999999956e-01 2.483999999999999942e-08
6.209999999999999964e-01 2.471999999999999901e-08
6.219999999999999973e-01 2.460000000000000190e-08
6.229999999999999982e-01 2.445000000000000056e-08
6.239999999999999991e-01 2.426999999999999829e-08
6.250000000000000000e-01 2.414000000000000308e-08
6.260000000000000009e-01 2.410000000000000074e-08
6.270000000000000018e-01 2.399999999999999984e-08
6.280000000000000027e-01 2.387999999999999943e-08
6.290000000000000036e-01 2.375999999999999901e-08
6.300000000000000044e-01 2.364000000000000191e-08
6.310000000000000053e-01 2.351000000000000008e-08
6.320000000000000062e-01 2.338999999999999967e-08
6.330000000000000071e-01 2.329000000000000209e-08
6.340000000000000080e-01 2.310999999999999981e-08
6.350000000000000089e-01 2.289999999999999992e-08
6.360000000000000098e-01 2.292999999999999754e-08
6.370000000000000107e-01 2.274000000000000047e-08
6.380000000000000115e-01 2.265999999999999909e-08
6.390000000000000124e-01 2.259999999999999723e-08
6.400000000000000133e-01 2.249999999999999964e-08
6.410000000000000142e-01 2.237000000000000113e-08
6.419999999999999041e-01 2.224999999999999740e-08
6.430000000000000160e-01 2.214999999999999982e-08
6.440000000000000169e-01 2.202999999999999941e-08
6.450000000000000178e-01 2.188000000000000137e-08
6.460000000000000187e-01 2.171999999999999861e-08
6.470000000000000195e-01 2.168000000000000289e-08
6.480000000000000204e-01 2.155000000000000106e-08
6.489999999999999103e-01 2.138999999999999831e-08
6.500000000000000222e-01 2.122000000000000075e-08
6.510000000000000231e-01 2.101999999999999896e-08
6.519999999999999130e-01 2.070999999999999817e-08
6.530000000000000249e-01 2.022999999999999983e-08
6.540000000000000258e-01 1.929000000000000266e-08
6.550000000000000266e-01 1.719999999999999851e-08
6.560000000000000275e-01 1.378999999999999974e-08
6.570000000000000284e-01 1.409000000000000077e-08
6.580000000000000293e-01 1.729000000000000130e-08
6.589999999999999192e-01 1.895000000000000094e-08
6.600000000000000311e-01 1.967000000000000011e-08
6.610000000000000320e-01 1.991999999999999904e-08
6.619999999999999218e-01 2.000999999999999852e-08
6.630000000000000338e-01 2.000999999999999852e-08
6.640000000000000346e-01 1.998000000000000090e-08
6.650000000000000355e-01 1.991000000000000094e-08
6.659999999999999254e-01 1.984000000000000097e-08
6.670000000000000373e-01 1.977000000000000101e-08
6.680000000000000382e-01 1.967999999999999821e-08
6.689999999999999281e-01 1.960999999999999825e-08
6.700000000000000400e-01 1.953000000000000018e-08
6.710000000000000409e-01 1.944999999999999880e-08
6.719999999999999307e-01 1.934999999999999791e-08
6.729999999999999316e-01 1.925999999999999842e-08
6.740000000000000435e-01 1.918999999999999846e-08
6.750000000000000444e-01 1.909999999999999898e-08
6.759999999999999343e-01 1.900999999999999949e-08
6.770000000000000462e-01 1.892999999999999812e-08
6.780000000000000471e-01 1.885000000000000005e-08
6.789999999999999369e-01 1.875999999999999726e-08
6.799999999999999378e-01 1.867999999999999919e-08
6.810000000000000497e-01 1.859999999999999781e-08
6.819999999999999396e-01 1.850999999999999833e-08
6.829999999999999405e-01 1.841999999999999884e-08
6.840000000000000524e-01 1.833999999999999747e-08
6.850000000000000533e-01 1.825999999999999940e-08
6.859999999999999432e-01 1.816999999999999991e-08
6.870000000000000551e-01 1.808999999999999854e-08
6.880000000000000560e-01 1.801000000000000047e-08
6.889999999999999458e-01 1.793000000000000240e-08
6.899999999999999467e-01 1.785000000000000102e-08
6.910000000000000586e-01 1.776999999999999964e-08
6.919999999999999485e-01 1.769000000000000157e-08
6.929999999999999494e-01 1.761000000000000019e-08
6.940000000000000613e-01 1.752999999999999881e-08
6.950000000000000622e-01 1.745000000000000075e-08
6.959999999999999520e-01 1.738000000000000078e-08
6.969999999999999529e-01 1.729999999999999940e-08
6.980000000000000648e-01 1.721999999999999802e-08
6.989999999999999547e-01 1.714999999999999806e-08
6.999999999999999556e-01 1.705999999999999858e-08
7.010000000000000675e-01 1.697999999999999720e-08
7.019999999999999574e-01 1.691000000000000054e-08
7.029999999999999583e-01 1.684000000000000058e-08
7.039999999999999591e-01 1.677000000000000061e-08
7.050000000000000711e-01 1.670000000000000065e-08
7.059999999999999609e-01 1.661999999999999927e-08
7.069999999999999618e-01 1.654999999999999930e-08
7.080000000000000737e-01 1.648000000000000265e-08
7.089999999999999636e-01 1.640999999999999937e-08
7.099999999999999645e-01 1.633000000000000130e-08
7.109999999999999654e-01 1.620999999999999758e-08
7.120000000000000773e-01 1.611999999999999810e-08
7.129999999999999671e-01 1.611000000000000000e-08
7.139999999999999680e-01 1.604000000000000003e-08
7.150000000000000799e-01 1.597000000000000007e-08
7.159999999999999698e-01 1.590000000000000010e-08
7.169999999999999707e-01 1.583000000000000014e-08
7.180000000000000826e-01 1.576999999999999828e-08
7.189999999999999725e-01 1.569000000000000021e-08
7.199999999999999734e-01 1.563000000000000165e-08
7.209999999999999742e-01 1.555999999999999838e-08
7.220000000000000862e-01 1.549000000000000172e-08
7.229999999999999760e-01 1.541999999999999845e-08
7.239999999999999769e-01 1.535999999999999990e-08
7.250000000000000888e-01 1.528999999999999993e-08
7.259999999999999787e-01 1.523000000000000138e-08
7.269999999999999796e-01 1.516000000000000142e-08
7.279999999999999805e-01 1.509999999999999955e-08
7.289999999999999813e-01 1.502999999999999959e-08
7.299999999999999822e-01 1.497000000000000104e-08
7.309999999999999831e-01 1.488999999999999966e-08
7.320000000000000950e-01 1.484000000000000087e-08
7.329999999999999849e-01 1.477999999999999901e-08
7.339999999999999858e-01 1.472000000000000045e-08
7.349999999999999867e-01 1.466000000000000025e-08
7.359999999999999876e-01 1.459000000000000028e-08
7.369999999999999885e-01 1.453000000000000008e-08
7.379999999999999893e-01 1.446999999999999987e-08
7.389999999999999902e-01 1.439999999999999990e-08
7.399999999999999911e-01 1.433999999999999970e-08
7.409999999999999920e-01 1.427999999999999949e-08
7.419999999999999929e-01 1.421000000000000118e-08
7.429999999999999938e-01 1.414999999999999932e-08
7.439999999999999947e-01 1.409000000000000077e-08
7.449999999999999956e-01 1.403000000000000056e-08
7.459999999999999964e-01 1.397000000000000036e-08
7.469999999999999973e-01 1.388999999999999898e-08
7.479999999999999982e-01 1.383000000000000043e-08
7.489999999999999991e-01 1.378999999999999974e-08
7.500000000000000000e-01 1.374000000000000094e-08
7.510000000000000009e-01 1.369000000000000049e-08
7.520000000000000018e-01 1.362000000000000053e-08
7.530000000000000027e-01 1.357999999999999984e-08
7.540000000000000036e-01 1.353000000000000105e-08
7.550000000000000044e-01 1.346999999999999919e-08
7.560000000000000053e-01 1.341000000000000063e-08
7.570000000000000062e-01 1.336000000000000019e-08
7.580000000000000071e-01 1.329999999999999998e-08
7.590000000000000080e-01 1.323999999999999977e-08
7.600000000000000089e-01 1.319000000000000098e-08
7.610000000000000098e-01 1.314000000000000053e-08
7.620000000000000107e-01 1.308000000000000033e-08
7.630000000000000115e-01 1.302999999999999988e-08
7.640000000000000124e-01 1.297000000000000133e-08
7.650000000000000133e-01 1.291999999999999922e-08
7.659999999999999032e-01 1.286000000000000067e-08
7.670000000000000151e-01 1.280000000000000047e-08
7.680000000000000160e-01 1.275999999999999978e-08
7.690000000000000169e-01 1.271000000000000098e-08
7.700000000000000178e-01 1.264999999999999912e-08
7.710000000000000187e-01 1.259000000000000057e-08
7.720000000000000195e-01 1.254000000000000012e-08
7.730000000000000204e-01 1.250000000000000109e-08
7.740000000000000213e-01 1.244999999999999899e-08
7.750000000000000222e-01 1.239000000000000043e-08
7.759999999999999121e-01 1.231999999999999882e-08
7.770000000000000240e-01 1.213000000000000009e-08
7.780000000000000249e-01 1.205000000000000037e-08
7.790000000000000258e-01 1.216000000000000102e-08
7.800000000000000266e-01 1.214999999999999961e-08
7.810000000000000275e-01 1.209999999999999916e-08
7.820000000000000284e-01 1.205000000000000037e-08
7.829999999999999183e-01 1.199999999999999992e-08
7.840000000000000302e-01 1.195000000000000113e-08
7.850000000000000311e-01 1.190000000000000068e-08
7.859999999999999210e-01 1.185000000000000023e-08
7.870000000000000329e-01 1.179000000000000002e-08
7.880000000000000338e-01 1.172000000000000006e-08
7.890000000000000346e-01 1.167999999999999937e-08
7.899999999999999245e-01 1.162000000000000082e-08
7.910000000000000364e-01 1.159999999999999965e-08
7.920000000000000373e-01 1.157000000000000037e-08
7.929999999999999272e-01 1.152999999999999968e-08
7.940000000000000391e-01 1.146999999999999948e-08
7.950000000000000400e-01 1.140999999999999927e-08
7.959999999999999298e-01 1.137999999999999999e-08
7.969999999999999307e-01 1.133999999999999930e-08
7.980000000000000426e-01 1.127000000000000099e-08
7.990000000000000435e-01 1.119999999999999937e-08
7.999999999999999334e-01 1.117000000000000010e-08
8.010000000000000453e-01 1.116000000000000034e-08
8.020000000000000462e-01 1.111999999999999965e-08
8.029999999999999361e-01 1.107999999999999896e-08
8.040000000000000480e-01 1.103000000000000017e-08
8.050000000000000488e-01 1.098999999999999948e-08
8.059999999999999387e-01 1.094000000000000069e-08
8.069999999999999396e-01 1.090999999999999976e-08
8.080000000000000515e-01 1.085999999999999931e-08
8.090000000000000524e-01 1.082000000000000027e-08
8.099999999999999423e-01 1.077999999999999958e-08
8.110000000000000542e-01 1.072999999999999914e-08
8.120000000000000551e-01 1.069000000000000010e-08
8.129999999999999449e-01 1.064999999999999941e-08
8.139999999999999458e-01 1.061000000000000038e-08
8.150000000000000577e-01 1.056999999999999969e-08
8.159999999999999476e-01 1.052999999999999900e-08
8.169999999999999485e-01 1.048000000000000021e-08
8.180000000000000604e-01 1.043999999999999952e-08
8.190000000000000613e-01 1.038000000000000096e-08
8.199999999999999512e-01 1.033000000000000052e-08
8.209999999999999520e-01 1.027999999999999842e-08
8.220000000000000639e-01 1.024000000000000103e-08
8.229999999999999538e-01 1.021000000000000010e-08
8.239999999999999547e-01 1.017999999999999917e-08
8.250000000000000666e-01 1.014000000000000014e-08
8.259999999999999565e-01 1.013000000000000038e-08
8.269999999999999574e-01 1.010999999999999921e-08
8.279999999999999583e-01 1.007000000000000017e-08
8.290000000000000702e-01 1.003000000000000114e-08
8.299999999999999600e-01 9.998999999999999075e-09
8.309999999999999609e-01 9.971000000000000413e-09
8.320000000000000728e-01 9.931999999999999203e-09
8.329999999999999627e-01 9.875999999999998569e-09
8.339999999999999636e-01 9.834000000000000576e-09
8.350000000000000755e-01 9.815000000000000538e-09
8.360000000000000764e-01 9.789000000000000834e-09
8.369999999999999662e-01 9.752000000000000238e-09
8.379999999999999671e-01 9.712999999999999029e-09
8.390000000000000790e-01 9.669000000000000422e-09
8.399999999999999689e-01 9.631999999999999826e-09
8.409999999999999698e-01 9.580999999999999898e-09
8.420000000000000817e-01 9.540999999999999209e-09
8.429999999999999716e-01 9.482999999999999616e-09
8.439999999999999725e-01 9.374000000000000096e-09
8.449999999999999734e-01 9.327999999999999221e-09
8.460000000000000853e-01 9.299999999999998904e-09
8.469999999999999751e-01 9.221999999999999794e-09
8.479999999999999760e-01 9.288999999999999666e-09
8.490000000000000879e-01 9.228999999999999460e-09
8.499999999999999778e-01 8.968999999999999117e-09
8.509999999999999787e-01 8.980999999999999489e-09
8.519999999999999796e-01 9.206999999999999329e-09
8.529999999999999805e-01 9.180000000000000146e-09
8.539999999999999813e-01 8.706999999999999815e-09
8.549999999999999822e-01 8.515000000000000478e-09
8.560000000000000941e-01 8.918000000000000844e-09
8.569999999999999840e-01 9.216999999999999087e-09
8.579999999999999849e-01 9.132000000000000312e-09
8.589999999999999858e-01 8.590000000000001149e-09
8.599999999999999867e-01 8.064999999999999757e-09
8.609999999999999876e-01 8.436999999999999713e-09
8.619999999999999885e-01 9.031999999999999416e-09
8.629999999999999893e-01 9.284000000000000614e-09
8.639999999999999902e-01 9.230000000000000593e-09
8.649999999999999911e-01 8.786000000000000059e-09
8.660000000000001030e-01 7.877999999999999472e-09
8.669999999999999929e-01 7.564000000000000763e-09
8.679999999999999938e-01 8.287000000000000024e-09
8.689999999999999947e-01 8.999000000000000047e-09
8.699999999999999956e-01 9.336000000000000021e-09
8.709999999999999964e-01 9.424000000000000544e-09
8.719999999999999973e-01 9.317999999999999462e-09
8.729999999999999982e-01 8.923999999999999375e-09
8.739999999999999991e-01 8.089000000000000501e-09
8.750000000000000000e-01 7.279999999999999676e-09
8.760000000000000009e-01 7.501000000000000464e-09
8.770000000000000018e-01 8.397000000000000678e-09
8.780000000000000027e-01 9.053999999999999547e-09
8.790000000000000036e-01 9.380999999999999762e-09
8.800000000000000044e-01 9.492999999999999375e-09
8.810000000000000053e-01 9.483999999999999096e-09
8.820000000000000062e-01 9.398999999999998666e-09
8.830000000000000071e-01 9.180000000000000146e-09
8.840000000000000080e-01 8.732000000000000038e-09
8.850000000000000089e-01 7.931000000000000013e-09
8.860000000000000098e-01 6.982999999999999564e-09
8.870000000000000107e-01 6.907999999999999720e-09
8.880000000000000115e-01 7.827000000000001199e-09
8.890000000000000124e-01 8.581999999999998695e-09
8.899999999999999023e-01 8.985999999999998541e-09
8.910000000000000142e-01 9.161999999999999588e-09
8.920000000000000151e-01 9.227000000000000500e-09
8.930000000000000160e-01 9.251000000000001245e-09
8.940000000000000169e-01 9.269000000000000149e-09
8.950000000000000178e-01 9.242000000000000966e-09
8.960000000000000187e-01 9.164000000000000201e-09
8.970000000000000195e-01 9.022000000000001312e-09
8.980000000000000204e-01 8.786999999999999538e-09
8.990000000000000213e-01 8.378000000000000640e-09
8.999999999999999112e-01 7.681999999999998908e-09
9.010000000000000231e-01 6.797999999999999893e-09
9.020000000000000240e-01 6.527999999999999791e-09
9.030000000000000249e-01 7.209000000000000231e-09
9.040000000000000258e-01 7.988000000000000126e-09
9.050000000000000266e-01 8.427999999999999434e-09
9.060000000000000275e-01 8.585999999999999922e-09
9.069999999999999174e-01 8.678999999999999498e-09
9.080000000000000293e-01 8.730999999999998905e-09
9.090000000000000302e-01 8.718999999999998532e-09
9.099999999999999201e-01 8.722999999999999759e-09
9.110000000000000320e-01 8.734000000000000652e-09
9.120000000000000329e-01 8.734000000000000652e-09
9.130000000000000338e-01 8.728000000000000466e-09
9.139999999999999236e-01 8.704999999999999201e-09
9.150000000000000355e-01 8.663000000000001207e-09
9.160000000000000364e-01 8.600999999999998733e-09
9.169999999999999263e-01 8.509999999999999771e-09
9.180000000000000382e-01 8.382999999999999693e-09
9.190000000000000391e-01 8.210000000000000393e-09
9.199999999999999289e-01 7.911999999999999975e-09
9.209999999999999298e-01 7.381999999999999530e-09
9.220000000000000417e-01 6.597000000000000277e-09
9.230000000000000426e-01 6.036999999999999729e-09
9.239999999999999325e-01 6.344999999999999906e-09
9.250000000000000444e-01 7.068999999999999474e-09
9.260000000000000453e-01 7.543000000000000112e-09
9.269999999999999352e-01 7.822999999999999972e-09
9.280000000000000471e-01 8.051000000000000426e-09
9.290000000000000480e-01 8.137000000000000335e-09
9.299999999999999378e-01 8.166000000000000132e-09
9.309999999999999387e-01 8.169999999999999704e-09
9.320000000000000506e-01 8.158999999999998812e-09
9.330000000000000515e-01 8.141999999999999388e-09
9.339999999999999414e-01 8.124999999999999963e-09
9.350000000000000533e-01 8.103000000000001487e-09
9.360000000000000542e-01 8.077999999999999609e-09
9.369999999999999440e-01 8.052999999999999385e-09
9.379999999999999449e-01 8.016000000000000443e-09
9.390000000000000568e-01 7.959999999999999809e-09
9.399999999999999467e-01 7.901000000000000737e-09
9.409999999999999476e-01 7.846999999999999062e-09
9.420000000000000595e-01 7.851999999999999769e-09
9.430000000000000604e-01 7.853000000000000902e-09
9.439999999999999503e-01 7.825000000000000586e-09
9.449999999999999512e-01 7.790000000000000603e-09
9.460000000000000631e-01 7.747999999999999301e-09
9.469999999999999529e-01 7.698000000000000507e-09
9.479999999999999538e-01 7.636999999999999167e-09
9.490000000000000657e-01 7.555999999999999964e-09
9.499999999999999556e-01 7.439000000000000471e-09
9.509999999999999565e-01 7.253999999999999972e-09
9.519999999999999574e-01 6.945999999999999795e-09
9.530000000000000693e-01 6.427999999999999723e-09
9.540000000000000702e-01 5.753000000000000296e-09
9.549999999999999600e-01 5.473999999999999915e-09
9.560000000000000719e-01 5.910999999999999957e-09
9.569999999999998508e-01 6.514999999999999939e-09
9.579999999999999627e-01 6.907999999999999720e-09
9.590000000000000746e-01 7.112000000000000256e-09
9.599999999999999645e-01 7.201000000000000259e-09
9.609999999999999654e-01 7.238000000000000028e-09
9.620000000000000773e-01 7.239999999999999814e-09
9.629999999999999671e-01 7.236000000000000241e-09
9.639999999999999680e-01 7.247000000000000307e-09
9.650000000000000799e-01 7.234999999999999935e-09
9.659999999999999698e-01 7.199999999999999952e-09
9.669999999999999707e-01 7.196000000000000380e-09
9.680000000000000826e-01 7.193999999999999766e-09
9.689999999999999725e-01 7.174999999999999728e-09
9.700000000000000844e-01 7.155000000000000211e-09
9.710000000000000853e-01 7.134999999999999866e-09
9.719999999999999751e-01 7.112000000000000256e-09
9.730000000000000870e-01 7.086000000000000553e-09
9.739999999999998659e-01 7.060000000000000022e-09
9.749999999999999778e-01 7.036999999999999584e-09
9.760000000000000897e-01 7.015000000000000281e-09
9.769999999999998685e-01 6.990999999999999536e-09
9.779999999999999805e-01 6.966000000000000140e-09
9.790000000000000924e-01 6.940999999999999916e-09
9.799999999999999822e-01 6.916999999999999999e-09
9.809999999999999831e-01 6.891000000000000295e-09
9.820000000000000950e-01 6.864000000000000285e-09
9.829999999999999849e-01 6.838000000000000582e-09
9.839999999999999858e-01 6.813999999999999838e-09
9.850000000000000977e-01 6.785000000000000041e-09
9.859999999999999876e-01 6.756000000000000245e-09
9.869999999999999885e-01 6.734999999999999593e-09
9.879999999999998783e-01 6.708000000000000410e-09
9.889999999999999902e-01 6.670999999999999814e-09
9.900000000000001021e-01 6.649000000000000511e-09
9.909999999999998810e-01 6.634000000000000045e-09
9.919999999999999929e-01 6.610000000000000128e-09
9.930000000000001048e-01 6.577999999999999412e-09
9.939999999999998836e-01 6.549000000000000442e-09
9.949999999999999956e-01 6.524000000000000219e-09
9.960000000000001075e-01 6.492999999999999809e-09
9.969999999999998863e-01 6.453999999999999426e-09
9.979999999999999982e-01 6.406000000000000419e-09
9.990000000000001101e-01 6.341000000000000334e-09
1.000000000000000000e+00 6.252999999999999810e-09
1.001000000000000112e+00 6.126000000000000559e-09
1.002000000000000002e+00 5.920000000000000236e-09
1.002999999999999892e+00 5.571999999999999370e-09
1.004000000000000004e+00 5.067999999999999456e-09
1.004999999999999893e+00 4.704999999999999779e-09
1.006000000000000005e+00 4.855999999999999775e-09
1.007000000000000117e+00 5.310999999999999548e-09
1.008000000000000007e+00 5.681000000000000545e-09
1.008999999999999897e+00 5.885999999999999733e-09
1.010000000000000009e+00 5.991999999999999988e-09
1.010999999999999899e+00 6.041999999999999608e-09
1.012000000000000011e+00 6.061000000000000473e-09
1.013000000000000123e+00 6.076999999999999591e-09
1.014000000000000012e+00 6.090999999999999749e-09
1.015000000000000124e+00 6.088999999999999963e-09
1.016000000000000014e+00 6.077999999999999898e-09
1.016999999999999904e+00 6.063999999999999739e-09
1.018000000000000016e+00 6.048000000000000622e-09
1.018999999999999906e+00 6.031999999999999850e-09
1.020000000000000018e+00 6.015000000000000425e-09
1.021000000000000130e+00 5.998000000000000174e-09
1.022000000000000020e+00 5.980000000000000443e-09
1.022999999999999909e+00 5.961000000000000405e-09
1.024000000000000021e+00 5.942000000000000367e-09
1.024999999999999911e+00 5.922000000000000023e-09
1.026000000000000023e+00 5.902999999999999985e-09
1.027000000000000135e+00 5.884999999999999427e-09
1.028000000000000025e+00 5.865000000000000736e-09
1.028999999999999915e+00 5.845000000000000392e-09
1.030000000000000027e+00 5.825999999999999527e-09
1.030999999999999917e+00 5.806999999999999489e-09
1.032000000000000028e+00 5.786000000000000492e-09
1.033000000000000140e+00 5.763000000000000055e-09
1.034000000000000030e+00 5.745000000000000324e-09
1.035000000000000142e+00 5.728999999999999552e-09
1.035999999999999810e+00 5.709000000000000034e-09
1.036999999999999922e+00 5.688000000000000210e-09
1.038000000000000034e+00 5.670999999999999959e-09
1.038999999999999924e+00 5.653000000000000228e-09
1.040000000000000036e+00 5.635000000000000497e-09
1.041000000000000147e+00 5.616000000000000459e-09
1.042000000000000037e+00 5.597999999999999901e-09
1.042999999999999927e+00 5.578999999999999863e-09
1.044000000000000039e+00 5.557999999999999212e-09
1.044999999999999929e+00 5.529000000000000242e-09
1.046000000000000041e+00 5.505000000000000325e-09
1.047000000000000153e+00 5.492000000000000474e-09
1.048000000000000043e+00 5.481999999999999888e-09
1.048999999999999932e+00 5.466000000000000770e-09
1.049999999999999822e+00 5.443999999999999812e-09
