2.500000000000000000e-01 2.096000000000000041e-08
2.510000000000000009e-01 2.021000000000000031e-08
2.520000000000000018e-01 1.947000000000000163e-08
2.530000000000000027e-01 1.773000000000000061e-08
2.540000000000000036e-01 1.600000000000000100e-08
2.550000000000000044e-01 1.761000000000000019e-08
2.560000000000000053e-01 1.923000000000000080e-08
2.570000000000000062e-01 2.057000000000000155e-08
2.580000000000000071e-01 2.191999999999999710e-08
2.589999999999999525e-01 2.151000000000000203e-08
2.600000000000000089e-01 2.111000000000000176e-08
2.610000000000000098e-01 2.085000000000000141e-08
2.620000000000000107e-01 2.059999999999999917e-08
2.630000000000000115e-01 2.292999999999999754e-08
2.639999999999999569e-01 2.526000000000000252e-08
2.650000000000000133e-01 2.515999999999999832e-08
2.660000000000000142e-01 2.505999999999999742e-08
2.670000000000000151e-01 2.464999999999999904e-08
2.680000000000000160e-01 2.425000000000000208e-08
2.689999999999999614e-01 2.401999999999999936e-08
2.700000000000000178e-01 2.380000000000000136e-08
2.709999999999999631e-01 2.398000000000000032e-08
2.720000000000000195e-01 2.415999999999999929e-08
2.730000000000000204e-01 2.285999999999999757e-08
2.739999999999999658e-01 2.155999999999999917e-08
2.750000000000000222e-01 2.168000000000000289e-08
2.759999999999999676e-01 2.179000000000000189e-08
2.770000000000000240e-01 2.129000000000000072e-08
2.779999999999999694e-01 2.078000000000000145e-08
2.789999999999999702e-01 2.026000000000000076e-08
2.800000000000000266e-01 1.973000000000000197e-08
2.809999999999999720e-01 2.155999999999999917e-08
2.820000000000000284e-01 2.338000000000000157e-08
2.829999999999999738e-01 2.421999999999999784e-08
2.839999999999999747e-01 2.505999999999999742e-08
2.850000000000000311e-01 2.434000000000000156e-08
2.859999999999999765e-01 2.361999999999999908e-08
2.870000000000000329e-01 2.389000000000000084e-08
2.879999999999999782e-01 2.415999999999999929e-08
2.890000000000000346e-01 2.471000000000000090e-08
2.899999999999999800e-01 2.526000000000000252e-08
2.909999999999999809e-01 2.603000000000000214e-08
2.920000000000000373e-01 2.679000000000000034e-08
2.929999999999999827e-01 2.632999999999999821e-08
2.940000000000000391e-01 2.586000000000000128e-08
2.949999999999999845e-01 2.612999999999999972e-08
2.959999999999999853e-01 2.640000000000000148e-08
2.970000000000000417e-01 2.647999999999999955e-08
2.979999999999999871e-01 2.654999999999999951e-08
2.990000000000000435e-01 2.709999999999999782e-08
2.999999999999999889e-01 2.766000000000000085e-08
3.009999999999999898e-01 2.790000000000000168e-08
3.019999999999999907e-01 2.813999999999999919e-08
3.029999999999999916e-01 2.807000000000000254e-08
3.040000000000000480e-01 2.801000000000000068e-08
3.049999999999999933e-01 2.790999999999999978e-08
3.059999999999999942e-01 2.779999999999999747e-08
3.069999999999999951e-01 2.827000000000000102e-08
3.079999999999999960e-01 2.872999999999999984e-08
3.089999999999999969e-01 2.845999999999999809e-08
3.099999999999999978e-01 2.818999999999999964e-08
3.109999999999999987e-01 2.825000000000000150e-08
3.119999999999999996e-01 2.832000000000000147e-08
3.130000000000000004e-01 2.858000000000000181e-08
3.140000000000000013e-01 2.885000000000000026e-08
3.150000000000000022e-01 2.891000000000000212e-08
3.160000000000000031e-01 2.897000000000000067e-08
3.170000000000000040e-01 2.902999999999999922e-08
3.180000000000000049e-01 2.909000000000000108e-08
3.190000000000000058e-01 2.909000000000000108e-08
3.200000000000000067e-01 2.909000000000000108e-08
3.209999999999999520e-01 2.878000000000000029e-08
3.220000000000000084e-01 2.845999999999999809e-08
3.230000000000000093e-01 2.829000000000000054e-08
3.240000000000000102e-01 2.810999999999999826e-08
3.250000000000000111e-01 2.920000000000000008e-08
3.259999999999999565e-01 3.030000000000000001e-08
3.270000000000000129e-01 3.106000000000000152e-08
3.280000000000000138e-01 2.701999999999999975e-08
3.290000000000000147e-01 3.023999999999999814e-08
3.300000000000000155e-01 3.169999999999999931e-08
3.309999999999999609e-01 3.022000000000000194e-08
3.320000000000000173e-01 2.968999999999999984e-08
3.329999999999999627e-01 2.939999999999999856e-08
3.340000000000000191e-01 3.022000000000000194e-08
3.350000000000000200e-01 2.898999999999999688e-08
3.359999999999999654e-01 2.944000000000000091e-08
3.370000000000000218e-01 2.888999999999999929e-08
3.379999999999999671e-01 2.812999999999999778e-08
3.390000000000000235e-01 2.910000000000000249e-08
3.399999999999999689e-01 2.934000000000000001e-08
3.409999999999999698e-01 3.037999999999999807e-08
3.420000000000000262e-01 3.034999999999999714e-08
3.429999999999999716e-01 2.935999999999999953e-08
3.440000000000000280e-01 2.782000000000000030e-08
3.449999999999999734e-01 2.926000000000000194e-08
3.459999999999999742e-01 2.906999999999999826e-08
3.470000000000000306e-01 2.913000000000000012e-08
3.479999999999999760e-01 2.836000000000000050e-08
3.490000000000000324e-01 2.834999999999999909e-08
3.499999999999999778e-01 2.810999999999999826e-08
3.509999999999999787e-01 2.766999999999999895e-08
3.519999999999999796e-01 2.755000000000000185e-08
3.529999999999999805e-01 2.748999999999999999e-08
3.540000000000000369e-01 2.747000000000000047e-08
3.549999999999999822e-01 2.862999999999999895e-08
3.560000000000000386e-01 2.797999999999999974e-08
3.569999999999999840e-01 2.687000000000000172e-08
3.579999999999999849e-01 2.698000000000000072e-08
3.590000000000000413e-01 2.659999999999999996e-08
3.599999999999999867e-01 2.612000000000000162e-08
3.610000000000000431e-01 2.595000000000000076e-08
3.619999999999999885e-01 2.645000000000000193e-08
3.629999999999999893e-01 2.696999999999999930e-08
3.639999999999999902e-01 2.675999999999999941e-08
3.649999999999999911e-01 2.747000000000000047e-08
3.660000000000000475e-01 2.787999999999999885e-08
3.669999999999999929e-01 2.706000000000000209e-08
3.679999999999999938e-01 2.700000000000000023e-08
3.689999999999999947e-01 2.632000000000000010e-08
3.699999999999999956e-01 2.701999999999999975e-08
3.709999999999999964e-01 2.761000000000000040e-08
3.719999999999999973e-01 2.981000000000000025e-08
3.729999999999999982e-01 3.068000000000000076e-08
3.739999999999999991e-01 3.057999999999999987e-08
3.750000000000000000e-01 3.326999999999999947e-08
3.760000000000000009e-01 3.361999999999999929e-08
3.770000000000000018e-01 3.615000000000000276e-08
3.780000000000000027e-01 4.191000000000000272e-08
3.790000000000000036e-01 4.075999999999999573e-08
3.800000000000000044e-01 3.902999999999999943e-08
3.810000000000000053e-01 4.791000000000000351e-08
3.820000000000000062e-01 4.997000000000000342e-08
3.829999999999999516e-01 3.871000000000000054e-08
3.840000000000000080e-01 3.951999999999999919e-08
3.850000000000000089e-01 5.215999999999999855e-08
3.860000000000000098e-01 6.093000000000000363e-08
3.870000000000000107e-01 5.794999999999999944e-08
3.879999999999999560e-01 4.409999999999999785e-08
3.890000000000000124e-01 3.811999999999999988e-08
3.900000000000000133e-01 4.925000000000000095e-08
3.910000000000000142e-01 5.948999999999999867e-08
3.920000000000000151e-01 5.878999999999999902e-08
3.929999999999999605e-01 5.367000000000000347e-08
3.940000000000000169e-01 5.541999999999999598e-08
3.949999999999999623e-01 5.735999999999999879e-08
3.960000000000000187e-01 4.401999999999999978e-08
3.970000000000000195e-01 3.672999999999999869e-08
3.979999999999999649e-01 4.942999999999999991e-08
3.990000000000000213e-01 6.142000000000000338e-08
3.999999999999999667e-01 7.015000000000000281e-08
4.010000000000000231e-01 7.149999999999999835e-08
4.020000000000000240e-01 7.262999999999999590e-08
4.029999999999999694e-01 7.402999999999999520e-08
4.040000000000000258e-01 7.487000000000000802e-08
4.049999999999999711e-01 7.423000000000001023e-08
4.060000000000000275e-01 7.287000000000000334e-08
4.069999999999999729e-01 6.657000000000000648e-08
4.079999999999999738e-01 5.879999999999999713e-08
4.090000000000000302e-01 4.761000000000000082e-08
4.099999999999999756e-01 4.028999999999999880e-08
4.110000000000000320e-01 4.868999999999999461e-08
4.119999999999999774e-01 6.073999999999999994e-08
4.129999999999999782e-01 6.786000000000000017e-08
4.139999999999999791e-01 7.136000000000001166e-08
4.149999999999999800e-01 7.037999999999999891e-08
4.160000000000000364e-01 7.117999999999999284e-08
4.169999999999999818e-01 6.965000000000000495e-08
4.180000000000000382e-01 6.843000000000001123e-08
4.189999999999999836e-01 7.065999999999999877e-08
4.199999999999999845e-01 7.237000000000000548e-08
4.210000000000000409e-01 7.055000000000000639e-08
4.219999999999999862e-01 7.015000000000000281e-08
4.230000000000000426e-01 6.915000000000000709e-08
4.239999999999999880e-01 6.688000000000000066e-08
4.249999999999999889e-01 6.687000000000000255e-08
4.259999999999999898e-01 6.722000000000000238e-08
4.269999999999999907e-01 6.779999999999999831e-08
4.280000000000000471e-01 6.485000000000000167e-08
4.289999999999999925e-01 6.259000000000000658e-08
4.299999999999999933e-01 5.829999999999999927e-08
4.309999999999999942e-01 5.173999999999999876e-08
4.319999999999999951e-01 4.828999999999999765e-08
4.330000000000000515e-01 3.917999999999999746e-08
4.339999999999999969e-01 3.581999999999999914e-08
4.349999999999999978e-01 4.335000000000000106e-08
4.359999999999999987e-01 5.269000000000000396e-08
4.369999999999999996e-01 5.808000000000000127e-08
4.380000000000000004e-01 5.970999999999999667e-08
4.390000000000000013e-01 5.874999999999999337e-08
4.400000000000000022e-01 5.636000000000000307e-08
4.410000000000000031e-01 5.861000000000000006e-08
4.420000000000000040e-01 5.863000000000000288e-08
4.430000000000000049e-01 6.019999999999999643e-08
4.440000000000000058e-01 5.877000000000000281e-08
4.449999999999999512e-01 5.829000000000000116e-08
4.460000000000000075e-01 5.916999999999999978e-08
4.470000000000000084e-01 5.770999999999999862e-08
4.480000000000000093e-01 5.859000000000000385e-08
4.490000000000000102e-01 5.849000000000000295e-08
4.499999999999999556e-01 5.979999999999999285e-08
4.510000000000000120e-01 6.060999999999999811e-08
4.520000000000000129e-01 5.959999999999999767e-08
4.530000000000000138e-01 5.927999999999999878e-08
4.540000000000000147e-01 5.938999999999999778e-08
4.549999999999999600e-01 5.806999999999999655e-08
4.560000000000000164e-01 5.819000000000000027e-08
4.569999999999999618e-01 5.892000000000000085e-08
4.580000000000000182e-01 5.805000000000000034e-08
4.590000000000000191e-01 5.976000000000000043e-08
4.599999999999999645e-01 5.982000000000000229e-08
4.610000000000000209e-01 6.042999999999999253e-08
4.619999999999999662e-01 5.863000000000000288e-08
4.630000000000000226e-01 5.756000000000000058e-08
4.640000000000000235e-01 5.847999999999999823e-08
4.649999999999999689e-01 5.686000000000000093e-08
4.660000000000000253e-01 5.687999999999999714e-08
4.669999999999999707e-01 5.627999999999999838e-08
4.680000000000000271e-01 5.673999999999999721e-08
4.689999999999999725e-01 5.595000000000000139e-08
4.699999999999999734e-01 5.560999999999999966e-08
4.710000000000000298e-01 5.508999999999999898e-08
4.719999999999999751e-01 5.331999999999999703e-08
4.730000000000000315e-01 5.467000000000000581e-08
4.739999999999999769e-01 5.419000000000000415e-08
4.749999999999999778e-01 5.507999999999999426e-08
4.759999999999999787e-01 5.383999999999999771e-08
4.770000000000000351e-01 5.312999999999999996e-08
4.780000000000000360e-01 5.452999999999999926e-08
4.789999999999999813e-01 5.292999999999999817e-08
4.799999999999999822e-01 5.256000000000000213e-08
4.810000000000000386e-01 5.120999999999999997e-08
4.819999999999999840e-01 4.868999999999999461e-08
4.829999999999999849e-01 4.736000000000000189e-08
4.840000000000000413e-01 4.286999999999999940e-08
4.850000000000000422e-01 3.427999999999999991e-08
4.859999999999999876e-01 2.979000000000000073e-08
4.869999999999999329e-01 3.469999999999999970e-08
4.880000000000000449e-01 4.098999999999999845e-08
4.889999999999999902e-01 4.513000000000000111e-08
4.899999999999999911e-01 4.660999999999999848e-08
4.910000000000000475e-01 4.755999999999999706e-08
4.919999999999999929e-01 4.718000000000000293e-08
4.929999999999999938e-01 4.780000000000000451e-08
4.939999999999999392e-01 4.886000000000000209e-08
4.950000000000000511e-01 4.782000000000000072e-08
4.959999999999999964e-01 4.931000000000000281e-08
4.969999999999999418e-01 4.733999999999999906e-08
4.980000000000000537e-01 4.635999999999999955e-08
4.989999999999999991e-01 4.687000000000000214e-08
5.000000000000000000e-01 4.726000000000000100e-08
5.010000000000000009e-01 4.576000000000000080e-08
5.020000000000000018e-01 4.610000000000000252e-08
5.030000000000000027e-01 4.523000000000000201e-08
5.040000000000000036e-01 4.440000000000000053e-08
5.050000000000000044e-01 4.522000000000000390e-08
5.060000000000000053e-01 4.528999999999999725e-08
5.070000000000000062e-01 4.516000000000000204e-08
5.080000000000000071e-01 4.464000000000000136e-08
5.090000000000000080e-01 4.399999999999999695e-08
5.100000000000000089e-01 4.420000000000000536e-08
5.110000000000000098e-01 4.314999999999999926e-08
5.120000000000000107e-01 4.373999999999999992e-08
5.130000000000000115e-01 4.251999999999999958e-08
5.140000000000000124e-01 4.261000000000000237e-08
5.150000000000000133e-01 4.335000000000000106e-08
5.160000000000000142e-01 4.227999999999999875e-08
5.170000000000000151e-01 4.161999999999999814e-08
5.179999999999999050e-01 4.182999999999999803e-08
5.190000000000000169e-01 4.082000000000000421e-08
5.200000000000000178e-01 3.998000000000000463e-08
5.210000000000000187e-01 4.111000000000000217e-08
5.220000000000000195e-01 4.050999999999999680e-08
5.230000000000000204e-01 4.050999999999999680e-08
5.240000000000000213e-01 4.056000000000000056e-08
5.249999999999999112e-01 4.108000000000000124e-08
5.260000000000000231e-01 4.012999999999999605e-08
5.270000000000000240e-01 3.899999999999999850e-08
5.279999999999999138e-01 3.979000000000000094e-08
5.290000000000000258e-01 3.987000000000000563e-08
5.300000000000000266e-01 3.976000000000000001e-08
5.310000000000000275e-01 3.944999999999999922e-08
5.320000000000000284e-01 3.906999999999999846e-08
5.330000000000000293e-01 3.865999999999999678e-08
5.340000000000000302e-01 3.928000000000000498e-08
5.349999999999999201e-01 3.829999999999999885e-08
5.360000000000000320e-01 3.715000000000000510e-08
5.370000000000000329e-01 3.715000000000000510e-08
5.379999999999999227e-01 3.699000000000000234e-08
5.390000000000000346e-01 3.756000000000000016e-08
5.400000000000000355e-01 3.679999999999999865e-08
5.410000000000000364e-01 3.678000000000000244e-08
5.419999999999999263e-01 3.710999999999999944e-08
5.430000000000000382e-01 3.647000000000000165e-08
5.440000000000000391e-01 3.703999999999999948e-08
5.449999999999999289e-01 3.641999999999999790e-08
5.460000000000000409e-01 3.658999999999999876e-08
5.470000000000000417e-01 3.641999999999999790e-08
5.479999999999999316e-01 3.689999999999999955e-08
5.489999999999999325e-01 3.713000000000000227e-08
5.500000000000000444e-01 3.692000000000000237e-08
5.510000000000000453e-01 3.613999999999999804e-08
5.519999999999999352e-01 3.487999999999999867e-08
5.530000000000000471e-01 3.612999999999999993e-08
5.540000000000000480e-01 3.613999999999999804e-08
5.549999999999999378e-01 3.644000000000000072e-08
5.559999999999999387e-01 3.605999999999999997e-08
5.570000000000000506e-01 3.624999999999999704e-08
5.579999999999999405e-01 3.583999999999999535e-08
5.589999999999999414e-01 3.484999999999999773e-08
5.600000000000000533e-01 3.554999999999999739e-08
5.610000000000000542e-01 3.479000000000000249e-08
5.619999999999999440e-01 3.450999999999999601e-08
5.630000000000000560e-01 3.458000000000000260e-08
5.640000000000000568e-01 3.425999999999999708e-08
5.649999999999999467e-01 3.425999999999999708e-08
5.659999999999999476e-01 3.396999999999999912e-08
5.670000000000000595e-01 3.352999999999999650e-08
5.679999999999999494e-01 3.345999999999999654e-08
5.689999999999999503e-01 3.305000000000000147e-08
5.700000000000000622e-01 3.366000000000000495e-08
5.710000000000000631e-01 3.307999999999999578e-08
5.719999999999999529e-01 3.316000000000000047e-08
5.729999999999999538e-01 3.295000000000000057e-08
5.740000000000000657e-01 3.232999999999999899e-08
5.749999999999999556e-01 3.264999999999999789e-08
5.759999999999999565e-01 3.296000000000000530e-08
5.770000000000000684e-01 3.250999999999999796e-08
5.780000000000000693e-01 3.204999999999999913e-08
5.789999999999999591e-01 3.215999999999999813e-08
5.799999999999999600e-01 3.228000000000000185e-08
5.810000000000000719e-01 3.223000000000000471e-08
5.819999999999999618e-01 3.216999999999999624e-08
5.829999999999999627e-01 3.212000000000000571e-08
5.840000000000000746e-01 3.205999999999999724e-08
5.849999999999999645e-01 3.152000000000000034e-08
5.859999999999999654e-01 3.096999999999999873e-08
5.869999999999999662e-01 3.085999999999999973e-08
5.880000000000000782e-01 3.074000000000000262e-08
5.889999999999999680e-01 3.022000000000000194e-08
5.899999999999999689e-01 2.970999999999999935e-08
5.910000000000000808e-01 2.961999999999999987e-08
5.919999999999999707e-01 2.952000000000000229e-08
5.929999999999999716e-01 2.968999999999999984e-08
5.940000000000000835e-01 2.986000000000000401e-08
5.949999999999999734e-01 2.994000000000000208e-08
5.959999999999999742e-01 3.000999999999999542e-08
5.969999999999999751e-01 2.988000000000000021e-08
5.980000000000000870e-01 2.974000000000000028e-08
5.989999999999999769e-01 2.928000000000000146e-08
5.999999999999999778e-01 2.880999999999999791e-08
6.010000000000000897e-01 2.902000000000000112e-08
6.019999999999999796e-01 2.921999999999999960e-08
6.029999999999999805e-01 2.913999999999999822e-08
6.039999999999999813e-01 2.904999999999999874e-08
6.049999999999999822e-01 2.908000000000000298e-08
6.059999999999999831e-01 2.910000000000000249e-08
6.069999999999999840e-01 2.904999999999999874e-08
6.080000000000000959e-01 2.900000000000000160e-08
6.089999999999999858e-01 2.849000000000000233e-08
6.099999999999999867e-01 2.797999999999999974e-08
6.109999999999999876e-01 2.816000000000000202e-08
6.119999999999999885e-01 2.834000000000000098e-08
6.129999999999999893e-01 2.761999999999999851e-08
6.139999999999999902e-01 2.689999999999999934e-08
6.149999999999999911e-01 2.689000000000000123e-08
6.159999999999999920e-01 2.687999999999999982e-08
6.169999999999999929e-01 2.680999999999999986e-08
6.179999999999999938e-01 2.673999999999999989e-08
6.189999999999999947e-01 2.680999999999999986e-08
6.199999999999999956e-01 2.687000000000000172e-08
6.209999999999999964e-01 2.673999999999999989e-08
6.219999999999999973e-01 2.659999999999999996e-08
6.229999999999999982e-01 2.619000000000000158e-08
6.239999999999999991e-01 2.577999999999999990e-08
6.250000000000000000e-01 2.544000000000000149e-08
6.260000000000000009e-01 2.509999999999999976e-08
6.270000000000000018e-01 2.485999999999999894e-08
6.280000000000000027e-01 2.461000000000000001e-08
6.290000000000000036e-01 2.480999999999999849e-08
6.300000000000000044e-01 2.501000000000000028e-08
6.310000000000000053e-01 2.509999999999999976e-08
6.320000000000000062e-01 2.518999999999999925e-08
6.330000000000000071e-01 2.502999999999999980e-08
6.340000000000000080e-01 2.485999999999999894e-08
6.350000000000000089e-01 2.467000000000000187e-08
6.360000000000000098e-01 2.447999999999999818e-08
6.370000000000000107e-01 2.441999999999999963e-08
6.380000000000000115e-01 2.434999999999999967e-08
6.390000000000000124e-01 2.445999999999999867e-08
6.400000000000000133e-01 2.458000000000000239e-08
6.410000000000000142e-01 2.441999999999999963e-08
6.419999999999999041e-01 2.426000000000000018e-08
6.430000000000000160e-01 2.430999999999999732e-08
6.440000000000000169e-01 2.436999999999999918e-08
6.450000000000000178e-01 2.384999999999999850e-08
6.460000000000000187e-01 2.333000000000000112e-08
6.470000000000000195e-01 2.352999999999999960e-08
6.480000000000000204e-01 2.373999999999999950e-08
6.489999999999999103e-01 2.351000000000000008e-08
6.500000000000000222e-01 2.326999999999999926e-08
6.510000000000000231e-01 2.258000000000000102e-08
6.519999999999999130e-01 2.188999999999999948e-08
6.530000000000000249e-01 2.077000000000000003e-08
6.540000000000000258e-01 1.966000000000000201e-08
6.550000000000000266e-01 1.951000000000000066e-08
6.560000000000000275e-01 1.936999999999999742e-08
6.570000000000000284e-01 2.055999999999999683e-08
6.580000000000000293e-01 2.174999999999999955e-08
6.589999999999999192e-01 2.236000000000000302e-08
6.600000000000000311e-01 2.296999999999999988e-08
6.610000000000000320e-01 2.285999999999999757e-08
6.619999999999999218e-01 2.274999999999999857e-08
6.630000000000000338e-01 2.261000000000000195e-08
6.640000000000000346e-01 2.248000000000000013e-08
6.650000000000000355e-01 2.254000000000000199e-08
6.659999999999999254e-01 2.261000000000000195e-08
6.670000000000000373e-01 2.291000000000000133e-08
6.680000000000000382e-01 2.321000000000000071e-08
6.689999999999999281e-01 2.298999999999999940e-08
6.700000000000000400e-01 2.275999999999999999e-08
6.710000000000000409e-01 2.258000000000000102e-08
6.719999999999999307e-01 2.239999999999999875e-08
6.729999999999999316e-01 2.232999999999999878e-08
6.740000000000000435e-01 2.227000000000000023e-08
6.750000000000000444e-01 2.234000000000000020e-08
6.759999999999999343e-01 2.241999999999999827e-08
6.770000000000000462e-01 2.249999999999999964e-08
6.780000000000000471e-01 2.258000000000000102e-08
6.789999999999999369e-01 2.241000000000000016e-08
6.799999999999999378e-01 2.223000000000000120e-08
6.810000000000000497e-01 2.199000000000000037e-08
6.819999999999999396e-01 2.173999999999999813e-08
6.829999999999999405e-01 2.202000000000000130e-08
6.840000000000000524e-01 2.228999999999999975e-08
6.850000000000000533e-01 2.155999999999999917e-08
6.859999999999999432e-01 2.083000000000000189e-08
6.870000000000000551e-01 2.068000000000000055e-08
6.880000000000000560e-01 2.054000000000000062e-08
6.889999999999999458e-01 2.099000000000000134e-08
6.899999999999999467e-01 2.143000000000000065e-08
6.910000000000000586e-01 2.151000000000000203e-08
6.919999999999999485e-01 2.157999999999999868e-08
6.929999999999999494e-01 2.125000000000000169e-08
6.940000000000000613e-01 2.092000000000000138e-08
6.950000000000000622e-01 2.068999999999999866e-08
6.959999999999999520e-01 2.044999999999999783e-08
6.969999999999999529e-01 2.019000000000000080e-08
6.980000000000000648e-01 1.993000000000000045e-08
6.989999999999999547e-01 1.963000000000000108e-08
6.999999999999999556e-01 1.933999999999999980e-08
7.010000000000000675e-01 1.946000000000000022e-08
7.019999999999999574e-01 1.956999999999999922e-08
7.029999999999999583e-01 1.953999999999999828e-08
7.039999999999999591e-01 1.951000000000000066e-08
7.050000000000000711e-01 1.944999999999999880e-08
7.059999999999999609e-01 1.939000000000000025e-08
7.069999999999999618e-01 1.921000000000000129e-08
7.080000000000000737e-01 1.901999999999999760e-08
7.089999999999999636e-01 1.905000000000000184e-08
7.099999999999999645e-01 1.907999999999999946e-08
7.109999999999999654e-01 1.905000000000000184e-08
7.120000000000000773e-01 1.900999999999999949e-08
7.129999999999999671e-01 1.895000000000000094e-08
7.139999999999999680e-01 1.888999999999999908e-08
7.150000000000000799e-01 1.885000000000000005e-08
7.159999999999999698e-01 1.879999999999999960e-08
7.169999999999999707e-01 1.850999999999999833e-08
7.180000000000000826e-01 1.822000000000000036e-08
7.189999999999999725e-01 1.836000000000000029e-08
7.199999999999999734e-01 1.850000000000000022e-08
7.209999999999999742e-01 1.827000000000000081e-08
7.220000000000000862e-01 1.804000000000000140e-08
7.229999999999999760e-01 1.789000000000000005e-08
7.239999999999999769e-01 1.773999999999999871e-08
7.250000000000000888e-01 1.780000000000000057e-08
7.259999999999999787e-01 1.786000000000000243e-08
7.269999999999999796e-01 1.789999999999999816e-08
7.279999999999999805e-01 1.795000000000000191e-08
7.289999999999999813e-01 1.791999999999999768e-08
7.299999999999999822e-01 1.789999999999999816e-08
7.309999999999999831e-01 1.787999999999999864e-08
7.320000000000000950e-01 1.785000000000000102e-08
7.329999999999999849e-01 1.745999999999999885e-08
7.339999999999999858e-01 1.706999999999999999e-08
7.349999999999999867e-01 1.703999999999999906e-08
7.359999999999999876e-01 1.701000000000000144e-08
7.369999999999999885e-01 1.688999999999999772e-08
7.379999999999999893e-01 1.677000000000000061e-08
7.389999999999999902e-01 1.688999999999999772e-08
7.399999999999999911e-01 1.700000000000000002e-08
7.409999999999999920e-01 1.705999999999999858e-08
7.419999999999999929e-01 1.712999999999999854e-08
7.429999999999999938e-01 1.691000000000000054e-08
7.439999999999999947e-01 1.668999999999999923e-08
7.449999999999999956e-01 1.674000000000000299e-08
7.459999999999999964e-01 1.679999999999999823e-08
7.469999999999999973e-01 1.680999999999999965e-08
7.479999999999999982e-01 1.680999999999999965e-08
7.489999999999999991e-01 1.662999999999999737e-08
7.500000000000000000e-01 1.644000000000000030e-08
7.510000000000000009e-01 1.659999999999999975e-08
7.520000000000000018e-01 1.675000000000000109e-08
7.530000000000000027e-01 1.679999999999999823e-08
7.540000000000000036e-01 1.685000000000000199e-08
7.550000000000000044e-01 1.700000000000000002e-08
7.560000000000000053e-01 1.716000000000000278e-08
7.570000000000000062e-01 1.597000000000000007e-08
7.580000000000000071e-01 1.478999999999999876e-08
7.590000000000000080e-01 1.379999999999999949e-08
7.600000000000000089e-01 1.281999999999999998e-08
7.610000000000000098e-01 1.446999999999999987e-08
7.620000000000000107e-01 1.611999999999999810e-08
7.630000000000000115e-01 1.597000000000000007e-08
7.640000000000000124e-01 1.583000000000000014e-08
7.650000000000000133e-01 1.563000000000000165e-08
7.659999999999999032e-01 1.541999999999999845e-08
7.670000000000000151e-01 1.488000000000000156e-08
7.680000000000000160e-01 1.433999999999999970e-08
7.690000000000000169e-01 1.432999999999999994e-08
7.700000000000000178e-01 1.431000000000000042e-08
7.710000000000000187e-01 1.435999999999999922e-08
7.720000000000000195e-01 1.439999999999999990e-08
7.730000000000000204e-01 1.453000000000000008e-08
7.740000000000000213e-01 1.465000000000000049e-08
7.750000000000000222e-01 1.467000000000000001e-08
7.759999999999999121e-01 1.469999999999999928e-08
7.770000000000000240e-01 1.459000000000000028e-08
7.780000000000000249e-01 1.448999999999999939e-08
7.790000000000000258e-01 1.442000000000000108e-08
7.800000000000000266e-01 1.434999999999999946e-08
7.810000000000000275e-01 1.440999999999999966e-08
7.820000000000000284e-01 1.447999999999999963e-08
7.829999999999999183e-01 1.439000000000000015e-08
7.840000000000000302e-01 1.429000000000000090e-08
7.850000000000000311e-01 1.431000000000000042e-08
7.859999999999999210e-01 1.432999999999999994e-08
7.870000000000000329e-01 1.420000000000000142e-08
7.880000000000000338e-01 1.405999999999999984e-08
7.890000000000000346e-01 1.396000000000000060e-08
7.899999999999999245e-01 1.386000000000000136e-08
7.910000000000000364e-01 1.384999999999999994e-08
7.920000000000000373e-01 1.383000000000000043e-08
7.929999999999999272e-01 1.365000000000000146e-08
7.940000000000000391e-01 1.346999999999999919e-08
7.950000000000000400e-01 1.365000000000000146e-08
7.959999999999999298e-01 1.382000000000000067e-08
7.969999999999999307e-01 1.376000000000000046e-08
7.980000000000000426e-01 1.370000000000000025e-08
7.990000000000000435e-01 1.376000000000000046e-08
7.999999999999999334e-01 1.382000000000000067e-08
8.010000000000000453e-01 1.366999999999999932e-08
8.020000000000000462e-01 1.352000000000000129e-08
8.029999999999999361e-01 1.346999999999999919e-08
8.040000000000000480e-01 1.342999999999999850e-08
8.050000000000000488e-01 1.337999999999999970e-08
8.059999999999999387e-01 1.332999999999999926e-08
8.069999999999999396e-01 1.316000000000000005e-08
8.080000000000000515e-01 1.298999999999999919e-08
8.090000000000000524e-01 1.286999999999999878e-08
8.099999999999999423e-01 1.275999999999999978e-08
8.110000000000000542e-01 1.281999999999999998e-08
8.120000000000000551e-01 1.288999999999999995e-08
8.129999999999999449e-01 1.307000000000000057e-08
8.139999999999999458e-01 1.324999999999999953e-08
8.150000000000000577e-01 1.295999999999999991e-08
8.159999999999999476e-01 1.268000000000000005e-08
8.169999999999999485e-01 1.252000000000000061e-08
8.180000000000000604e-01 1.237000000000000092e-08
8.190000000000000613e-01 1.252999999999999871e-08
8.199999999999999512e-01 1.268000000000000005e-08
8.209999999999999520e-01 1.248999999999999968e-08
8.220000000000000639e-01 1.230000000000000095e-08
8.229999999999999538e-01 1.269999999999999957e-08
8.239999999999999547e-01 1.309999999999999984e-08
8.250000000000000666e-01 1.286000000000000067e-08
8.259999999999999565e-01 1.263000000000000126e-08
8.269999999999999574e-01 1.246000000000000040e-08
8.279999999999999583e-01 1.230000000000000095e-08
8.290000000000000702e-01 1.196999999999999899e-08
8.299999999999999600e-01 1.163999999999999868e-08
8.309999999999999609e-01 1.218000000000000054e-08
8.320000000000000728e-01 1.271000000000000098e-08
8.329999999999999627e-01 1.233000000000000023e-08
8.339999999999999636e-01 1.195000000000000113e-08
8.350000000000000755e-01 1.209999999999999916e-08
8.360000000000000764e-01 1.223999999999999909e-08
8.369999999999999662e-01 1.192000000000000020e-08
8.379999999999999671e-01 1.161000000000000106e-08
8.390000000000000790e-01 1.199999999999999992e-08
8.399999999999999689e-01 1.240000000000000019e-08
8.409999999999999698e-01 1.188999999999999927e-08
8.420000000000000817e-01 1.137000000000000023e-08
8.429999999999999716e-01 1.150000000000000041e-08
8.439999999999999725e-01 1.163999999999999868e-08
8.449999999999999734e-01 1.128000000000000075e-08
8.460000000000000853e-01 1.090999999999999976e-08
8.469999999999999751e-01 1.128000000000000075e-08
8.479999999999999760e-01 1.163999999999999868e-08
8.490000000000000879e-01 1.167999999999999937e-08
8.499999999999999778e-01 1.171000000000000030e-08
8.509999999999999787e-01 1.158000000000000013e-08
8.519999999999999796e-01 1.144999999999999996e-08
8.529999999999999805e-01 1.140999999999999927e-08
8.539999999999999813e-01 1.137000000000000023e-08
8.549999999999999822e-01 1.145999999999999972e-08
8.560000000000000941e-01 1.154999999999999920e-08
8.569999999999999840e-01 1.171000000000000030e-08
8.579999999999999849e-01 1.186999999999999975e-08
8.589999999999999858e-01 1.185000000000000023e-08
8.599999999999999867e-01 1.183000000000000071e-08
8.609999999999999876e-01 1.192000000000000020e-08
8.619999999999999885e-01 1.200999999999999968e-08
8.629999999999999893e-01 1.199000000000000016e-08
8.639999999999999902e-01 1.196000000000000089e-08
8.649999999999999911e-01 1.110999999999999989e-08
8.660000000000001030e-01 1.025000000000000079e-08
8.669999999999999929e-01 1.101000000000000065e-08
8.679999999999999938e-01 1.176999999999999885e-08
8.689999999999999947e-01 1.174999999999999934e-08
8.699999999999999956e-01 1.173000000000000147e-08
8.709999999999999964e-01 1.140000000000000116e-08
8.719999999999999973e-01 1.106000000000000110e-08
8.729999999999999982e-01 1.107999999999999896e-08
8.739999999999999991e-01 1.110000000000000013e-08
8.750000000000000000e-01 1.105000000000000134e-08
8.760000000000000009e-01 1.101000000000000065e-08
8.770000000000000018e-01 1.139000000000000141e-08
8.780000000000000027e-01 1.175999999999999909e-08
8.790000000000000036e-01 1.133999999999999930e-08
8.800000000000000044e-01 1.090999999999999976e-08
8.810000000000000053e-01 1.106000000000000110e-08
8.820000000000000062e-01 1.120999999999999913e-08
8.830000000000000071e-01 1.060000000000000062e-08
8.840000000000000080e-01 1.000000000000000021e-08
8.850000000000000089e-01 1.005000000000000066e-08
8.860000000000000098e-01 1.009999999999999945e-08
8.870000000000000107e-01 1.034000000000000028e-08
8.880000000000000115e-01 1.058000000000000110e-08
8.890000000000000124e-01 1.072999999999999914e-08
8.899999999999999023e-01 1.086999999999999907e-08
8.910000000000000142e-01 1.096999999999999996e-08
8.920000000000000151e-01 1.106000000000000110e-08
8.930000000000000160e-01 1.131000000000000003e-08
8.940000000000000169e-01 1.156000000000000061e-08
8.950000000000000178e-01 1.118000000000000151e-08
8.960000000000000187e-01 1.078999999999999934e-08
8.970000000000000195e-01 1.046000000000000069e-08
8.980000000000000204e-01 1.012000000000000062e-08
8.990000000000000213e-01 9.609000000000000215e-09
8.999999999999999112e-01 9.100000000000000422e-09
9.010000000000000231e-01 9.265000000000000576e-09
9.020000000000000240e-01 9.429999999999999076e-09
9.030000000000000249e-01 1.004000000000000090e-08
9.040000000000000258e-01 1.064999999999999941e-08
9.050000000000000266e-01 1.039000000000000072e-08
9.060000000000000275e-01 1.014000000000000014e-08
9.069999999999999174e-01 1.035000000000000003e-08
9.080000000000000293e-01 1.055999999999999993e-08
9.090000000000000302e-01 1.064999999999999941e-08
9.099999999999999201e-01 1.073999999999999889e-08
9.110000000000000320e-01 1.059000000000000086e-08
9.120000000000000329e-01 1.043999999999999952e-08
9.130000000000000338e-01 1.042000000000000000e-08
9.139999999999999236e-01 1.039000000000000072e-08
9.150000000000000355e-01 1.016000000000000131e-08
9.160000000000000364e-01 9.931000000000001378e-09
9.169999999999999263e-01 9.835999999999999535e-09
9.180000000000000382e-01 9.740999999999999346e-09
9.190000000000000391e-01 9.495999999999999468e-09
9.199999999999999289e-01 9.251999999999999070e-09
9.209999999999999298e-01 8.948000000000000120e-09
9.220000000000000417e-01 8.644000000000001170e-09
9.230000000000000426e-01 8.760000000000000355e-09
9.239999999999999325e-01 8.875999999999999541e-09
9.250000000000000444e-01 9.214999999999998474e-09
9.260000000000000453e-01 9.554000000000000715e-09
9.269999999999999352e-01 1.001999999999999973e-08
9.280000000000000471e-01 1.048000000000000021e-08
9.290000000000000480e-01 1.046000000000000069e-08
9.299999999999999378e-01 1.044999999999999928e-08
9.309999999999999387e-01 9.943000000000000096e-09
9.320000000000000506e-01 9.434000000000000303e-09
9.330000000000000515e-01 9.671000000000001035e-09
9.339999999999999414e-01 9.906999999999998979e-09
9.350000000000000533e-01 9.868999999999998904e-09
9.360000000000000542e-01 9.831999999999999962e-09
9.369999999999999440e-01 9.879999999999999796e-09
9.379999999999999449e-01 9.927999999999999631e-09
9.390000000000000568e-01 9.853000000000000613e-09
9.399999999999999467e-01 9.777999999999999942e-09
9.409999999999999476e-01 9.039000000000000736e-09
9.420000000000000595e-01 8.299999999999999876e-09
9.430000000000000604e-01 8.623000000000000518e-09
9.439999999999999503e-01 8.947000000000000640e-09
9.449999999999999512e-01 9.150000000000000870e-09
9.460000000000000631e-01 9.352999999999999445e-09
9.469999999999999529e-01 9.312000000000000931e-09
9.479999999999999538e-01 9.270999999999999108e-09
9.490000000000000657e-01 8.604000000000000480e-09
9.499999999999999556e-01 7.937000000000000199e-09
9.509999999999999565e-01 7.762999999999999766e-09
9.519999999999999574e-01 7.590000000000000467e-09
9.530000000000000693e-01 7.577000000000000615e-09
9.540000000000000702e-01 7.564000000000000763e-09
9.549999999999999600e-01 7.978999999999999847e-09
9.560000000000000719e-01 8.394000000000000585e-09
9.569999999999998508e-01 8.627999999999999570e-09
9.579999999999999627e-01 8.862999999999999689e-09
9.590000000000000746e-01 8.779000000000000393e-09
9.599999999999999645e-01 8.696000000000000576e-09
9.609999999999999654e-01 8.589000000000000015e-09
9.620000000000000773e-01 8.482999999999998934e-09
9.629999999999999671e-01 8.430000000000000047e-09
9.639999999999999680e-01 8.378000000000000640e-09
9.650000000000000799e-01 8.716000000000000094e-09
9.659999999999999698e-01 9.055000000000000681e-09
9.669999999999999707e-01 9.206999999999999329e-09
9.680000000000000826e-01 9.358999999999999631e-09
9.689999999999999725e-01 9.030000000000000457e-09
9.700000000000000844e-01 8.700000000000000149e-09
9.710000000000000853e-01 8.665999999999999646e-09
9.719999999999999751e-01 8.630999999999999663e-09
9.730000000000000870e-01 8.800000000000001044e-09
9.739999999999998659e-01 8.967999999999999637e-09
9.749999999999999778e-01 8.760999999999999835e-09
9.760000000000000897e-01 8.554000000000000033e-09
9.769999999999998685e-01 8.557000000000000126e-09
9.779999999999999805e-01 8.560999999999999698e-09
9.790000000000000924e-01 8.482999999999998934e-09
9.799999999999999822e-01 8.404999999999999823e-09
9.809999999999999831e-01 8.593999999999999067e-09
9.820000000000000950e-01 8.782999999999999966e-09
9.829999999999999849e-01 8.633000000000000277e-09
9.839999999999999858e-01 8.484000000000000068e-09
9.850000000000000977e-01 8.489999999999998599e-09
9.859999999999999876e-01 8.496999999999999919e-09
9.869999999999999885e-01 8.295000000000000824e-09
9.879999999999998783e-01 8.094000000000001208e-09
9.889999999999999902e-01 8.045000000000000239e-09
9.900000000000001021e-01 7.997000000000000405e-09
9.909999999999998810e-01 8.252000000000000042e-09
9.919999999999999929e-01 8.507999999999999158e-09
9.930000000000001048e-01 8.347000000000000231e-09
9.939999999999998836e-01 8.186000000000001304e-09
9.949999999999999956e-01 7.976999999999999234e-09
9.960000000000001075e-01 7.768000000000000472e-09
9.969999999999998863e-01 7.937000000000000199e-09
9.979999999999999982e-01 8.105999999999999925e-09
9.990000000000001101e-01 8.156000000000000373e-09
1.000000000000000000e+00 8.205999999999999167e-09
1.001000000000000112e+00 7.506999999999998995e-09
1.002000000000000002e+00 6.808999999999999958e-09
1.002999999999999892e+00 6.929000000000000371e-09
1.004000000000000004e+00 7.049999999999999436e-09
1.004999999999999893e+00 7.220999999999999776e-09
1.006000000000000005e+00 7.392000000000000116e-09
1.007000000000000117e+00 7.728999999999999263e-09
1.008000000000000007e+00 8.066000000000000891e-09
1.008999999999999897e+00 7.931999999999999492e-09
1.010000000000000009e+00 7.797999999999999748e-09
1.010999999999999899e+00 7.813000000000000213e-09
1.012000000000000011e+00 7.828000000000000679e-09
1.013000000000000123e+00 7.690999999999999187e-09
1.014000000000000012e+00 7.553999999999999350e-09
1.015000000000000124e+00 7.786000000000001030e-09
1.016000000000000014e+00 8.018000000000001056e-09
1.016999999999999904e+00 7.749999999999999914e-09
1.018000000000000016e+00 7.482000000000000426e-09
1.018999999999999906e+00 7.726000000000000824e-09
1.020000000000000018e+00 7.969999999999999568e-09
1.021000000000000130e+00 7.593000000000000560e-09
1.022000000000000020e+00 7.215999999999999897e-09
1.022999999999999909e+00 7.270000000000000744e-09
1.024000000000000021e+00 7.322999999999999631e-09
1.024999999999999911e+00 7.106999999999999549e-09
1.026000000000000023e+00 6.891000000000000295e-09
1.027000000000000135e+00 7.128000000000000201e-09
1.028000000000000025e+00 7.365000000000000106e-09
1.028999999999999915e+00 7.348999999999999334e-09
1.030000000000000027e+00 7.331999999999999910e-09
1.030999999999999917e+00 7.177000000000000342e-09
1.032000000000000028e+00 7.021000000000000467e-09
1.033000000000000140e+00 7.169999999999999849e-09
1.034000000000000030e+00 7.320000000000000365e-09
1.035000000000000142e+00 7.311999999999999565e-09
1.035999999999999810e+00 7.303999999999999593e-09
1.036999999999999922e+00 7.307999999999999993e-09
1.038000000000000034e+00 7.311999999999999565e-09
1.038999999999999924e+00 7.279999999999999676e-09
1.040000000000000036e+00 7.247999999999999786e-09
1.041000000000000147e+00 6.983999999999999871e-09
1.042000000000000037e+00 6.719999999999999955e-09
1.042999999999999927e+00 6.789999999999999920e-09
1.044000000000000039e+00 6.858999999999999579e-09
1.044999999999999929e+00 6.888000000000000202e-09
1.046000000000000041e+00 6.916999999999999999e-09
1.047000000000000153e+00 6.904999999999999627e-09
1.048000000000000043e+00 6.893000000000000082e-09
1.048999999999999932e+00 6.958999999999999647e-09
1.049999999999999822e+00 7.026000000000000346e-09
