2.500000000000000000e-01 5.433999999999999226e-09
2.510000000000000009e-01 4.910999999999999275e-09
2.520000000000000018e-01 4.388999999999999630e-09
2.530000000000000027e-01 3.996000000000000677e-09
2.540000000000000036e-01 3.603999999999999962e-09
2.550000000000000044e-01 4.571999999999999515e-09
2.560000000000000053e-01 5.538000000000000522e-09
2.570000000000000062e-01 6.558999999999999374e-09
2.580000000000000071e-01 7.580000000000000708e-09
2.589999999999999525e-01 7.303999999999999593e-09
2.600000000000000089e-01 7.028000000000000132e-09
2.610000000000000098e-01 6.492999999999999809e-09
2.620000000000000107e-01 5.957000000000000005e-09
2.630000000000000115e-01 7.799000000000000882e-09
2.639999999999999569e-01 9.641999999999999584e-09
2.650000000000000133e-01 1.187999999999999951e-08
2.660000000000000142e-01 1.410999999999999863e-08
2.670000000000000151e-01 1.342999999999999850e-08
2.680000000000000160e-01 1.275999999999999978e-08
2.689999999999999614e-01 1.282999999999999974e-08
2.700000000000000178e-01 1.290999999999999947e-08
2.709999999999999631e-01 1.265999999999999888e-08
2.720000000000000195e-01 1.241999999999999971e-08
2.730000000000000204e-01 1.098999999999999948e-08
2.739999999999999658e-01 9.567000000000000567e-09
2.750000000000000222e-01 9.317999999999999462e-09
2.759999999999999676e-01 9.069999999999999492e-09
2.770000000000000240e-01 1.001999999999999973e-08
2.779999999999999694e-01 1.097999999999999972e-08
2.789999999999999702e-01 7.435999999999999551e-09
2.800000000000000266e-01 3.895000000000000302e-09
2.809999999999999720e-01 7.277999999999999890e-09
2.820000000000000284e-01 1.065999999999999917e-08
2.829999999999999738e-01 1.208999999999999940e-08
2.839999999999999747e-01 1.350999999999999988e-08
2.850000000000000311e-01 1.302000000000000012e-08
2.859999999999999765e-01 1.252000000000000061e-08
2.870000000000000329e-01 1.316000000000000005e-08
2.879999999999999782e-01 1.379999999999999949e-08
2.890000000000000346e-01 1.587999999999999727e-08
2.899999999999999800e-01 1.795000000000000191e-08
2.909999999999999809e-01 1.790999999999999957e-08
2.920000000000000373e-01 1.787999999999999864e-08
2.929999999999999827e-01 1.780999999999999868e-08
2.940000000000000391e-01 1.774999999999999681e-08
2.949999999999999845e-01 1.747999999999999837e-08
2.959999999999999853e-01 1.721999999999999802e-08
2.970000000000000417e-01 1.740000000000000030e-08
2.979999999999999871e-01 1.759000000000000068e-08
2.990000000000000435e-01 1.782000000000000009e-08
2.999999999999999889e-01 1.806000000000000091e-08
3.009999999999999898e-01 1.815999999999999850e-08
3.019999999999999907e-01 1.827000000000000081e-08
3.029999999999999916e-01 1.905000000000000184e-08
3.040000000000000480e-01 1.984000000000000097e-08
3.049999999999999933e-01 1.973000000000000197e-08
3.059999999999999942e-01 1.963000000000000108e-08
3.069999999999999951e-01 1.975000000000000149e-08
3.079999999999999960e-01 1.986000000000000049e-08
3.089999999999999969e-01 1.994999999999999997e-08
3.099999999999999978e-01 2.004999999999999756e-08
3.109999999999999987e-01 2.037999999999999787e-08
3.119999999999999996e-01 2.071999999999999959e-08
3.130000000000000004e-01 2.078999999999999955e-08
3.140000000000000013e-01 2.085999999999999952e-08
3.150000000000000022e-01 2.104999999999999989e-08
3.160000000000000031e-01 2.125000000000000169e-08
3.170000000000000040e-01 2.089999999999999855e-08
3.180000000000000049e-01 2.054000000000000062e-08
3.190000000000000058e-01 2.131000000000000024e-08
3.200000000000000067e-01 2.207999999999999985e-08
3.209999999999999520e-01 2.199000000000000037e-08
3.220000000000000084e-01 2.190000000000000089e-08
3.230000000000000093e-01 2.208999999999999796e-08
3.240000000000000102e-01 2.227000000000000023e-08
3.250000000000000111e-01 2.404999999999999698e-08
3.259999999999999565e-01 2.583000000000000035e-08
3.270000000000000129e-01 2.348000000000000246e-08
3.280000000000000138e-01 2.491000000000000270e-08
3.290000000000000147e-01 2.616999999999999876e-08
3.300000000000000155e-01 2.546000000000000100e-08
3.309999999999999609e-01 2.522999999999999828e-08
3.320000000000000173e-01 2.513000000000000069e-08
3.329999999999999627e-01 2.472999999999999711e-08
3.340000000000000191e-01 2.476999999999999946e-08
3.350000000000000200e-01 2.398000000000000032e-08
3.359999999999999654e-01 2.342000000000000060e-08
3.370000000000000218e-01 2.375999999999999901e-08
3.379999999999999671e-01 2.485999999999999894e-08
3.390000000000000235e-01 2.566999999999999759e-08
3.399999999999999689e-01 2.528000000000000204e-08
3.409999999999999698e-01 2.522999999999999828e-08
3.420000000000000262e-01 2.506999999999999883e-08
3.429999999999999716e-01 2.406999999999999981e-08
3.440000000000000280e-01 2.441000000000000153e-08
3.449999999999999734e-01 2.539999999999999914e-08
3.459999999999999742e-01 2.535000000000000200e-08
3.470000000000000306e-01 2.494999999999999842e-08
3.479999999999999760e-01 2.497999999999999935e-08
3.490000000000000324e-01 2.569000000000000042e-08
3.499999999999999778e-01 2.627000000000000296e-08
3.509999999999999787e-01 2.598999999999999979e-08
3.519999999999999796e-01 2.638000000000000196e-08
3.529999999999999805e-01 2.792999999999999930e-08
3.540000000000000369e-01 2.867000000000000129e-08
3.549999999999999822e-01 2.711999999999999734e-08
3.560000000000000386e-01 2.485000000000000083e-08
3.569999999999999840e-01 2.401000000000000125e-08
3.579999999999999849e-01 2.495999999999999983e-08
3.590000000000000413e-01 2.651999999999999858e-08
3.599999999999999867e-01 2.610000000000000210e-08
3.610000000000000431e-01 2.544000000000000149e-08
3.619999999999999885e-01 2.632000000000000010e-08
3.629999999999999893e-01 2.671000000000000227e-08
3.639999999999999902e-01 2.726999999999999868e-08
3.649999999999999911e-01 2.889999999999999740e-08
3.660000000000000475e-01 2.930999999999999908e-08
3.669999999999999929e-01 2.862999999999999895e-08
3.679999999999999938e-01 2.869999999999999891e-08
3.689999999999999947e-01 2.902999999999999922e-08
3.699999999999999956e-01 2.796999999999999833e-08
3.709999999999999964e-01 2.704000000000000258e-08
3.719999999999999973e-01 2.634999999999999772e-08
3.729999999999999982e-01 2.523999999999999969e-08
3.739999999999999991e-01 2.569000000000000042e-08
3.750000000000000000e-01 2.766000000000000085e-08
3.760000000000000009e-01 2.972000000000000077e-08
3.770000000000000018e-01 3.149999999999999752e-08
3.780000000000000027e-01 3.077999999999999504e-08
3.790000000000000036e-01 3.012000000000000104e-08
3.800000000000000044e-01 3.126000000000000331e-08
3.810000000000000053e-01 2.819999999999999774e-08
3.820000000000000062e-01 2.382000000000000088e-08
3.829999999999999516e-01 2.511999999999999928e-08
3.840000000000000080e-01 2.944999999999999901e-08
3.850000000000000089e-01 3.171000000000000403e-08
3.860000000000000098e-01 3.137000000000000231e-08
3.870000000000000107e-01 2.965999999999999891e-08
3.879999999999999560e-01 2.857000000000000040e-08
3.890000000000000124e-01 3.101999999999999586e-08
3.900000000000000133e-01 3.309999999999999861e-08
3.910000000000000142e-01 2.968999999999999984e-08
3.920000000000000151e-01 2.406000000000000170e-08
3.929999999999999605e-01 2.568000000000000231e-08
3.940000000000000169e-01 3.103999999999999869e-08
3.949999999999999623e-01 2.922999999999999770e-08
3.960000000000000187e-01 2.595999999999999886e-08
3.970000000000000195e-01 3.253000000000000078e-08
3.979999999999999649e-01 3.898999999999999378e-08
3.990000000000000213e-01 4.005000000000000459e-08
3.999999999999999667e-01 4.111999999999999366e-08
4.010000000000000231e-01 4.177000000000000279e-08
4.020000000000000240e-01 4.152999999999999535e-08
4.029999999999999694e-01 4.132000000000000207e-08
4.040000000000000258e-01 4.091000000000000038e-08
4.049999999999999711e-01 4.136999999999999921e-08
4.060000000000000275e-01 4.250000000000000337e-08
4.069999999999999729e-01 4.395999999999999792e-08
4.079999999999999738e-01 4.272000000000000137e-08
4.090000000000000302e-01 3.979000000000000094e-08
4.099999999999999756e-01 4.071000000000000521e-08
4.110000000000000320e-01 4.222000000000000351e-08
4.119999999999999774e-01 4.207999999999999696e-08
4.129999999999999782e-01 4.268000000000000234e-08
4.139999999999999791e-01 4.324999999999999354e-08
4.149999999999999800e-01 4.315999999999999737e-08
4.160000000000000364e-01 4.233000000000000251e-08
4.169999999999999818e-01 4.175999999999999807e-08
4.180000000000000382e-01 4.178000000000000089e-08
4.189999999999999836e-01 4.181000000000000182e-08
4.199999999999999845e-01 4.222000000000000351e-08
4.210000000000000409e-01 4.195000000000000175e-08
4.219999999999999862e-01 4.115999999999999931e-08
4.230000000000000426e-01 4.105000000000000031e-08
4.239999999999999880e-01 4.091000000000000038e-08
4.249999999999999889e-01 4.039999999999999780e-08
4.259999999999999898e-01 3.994999999999999708e-08
4.269999999999999907e-01 3.946999999999999543e-08
4.280000000000000471e-01 3.717999999999999941e-08
4.289999999999999925e-01 3.340999999999999940e-08
4.299999999999999933e-01 3.481999999999999680e-08
4.309999999999999942e-01 3.948999999999999826e-08
4.319999999999999951e-01 3.958999999999999915e-08
4.330000000000000515e-01 3.688000000000000334e-08
4.339999999999999969e-01 3.822999999999999888e-08
4.349999999999999978e-01 4.098999999999999845e-08
4.359999999999999987e-01 4.049999999999999870e-08
4.369999999999999996e-01 3.941000000000000019e-08
4.380000000000000004e-01 3.914999999999999653e-08
4.390000000000000013e-01 3.968000000000000194e-08
4.400000000000000022e-01 4.112999999999999838e-08
4.410000000000000031e-01 4.211000000000000451e-08
4.420000000000000040e-01 4.207000000000000548e-08
4.430000000000000049e-01 4.229000000000000348e-08
4.440000000000000058e-01 4.200999999999999700e-08
4.449999999999999512e-01 4.178000000000000089e-08
4.460000000000000075e-01 4.273999999999999758e-08
4.470000000000000084e-01 4.311000000000000023e-08
4.480000000000000093e-01 4.340999999999999630e-08
4.490000000000000102e-01 4.442999999999999484e-08
4.499999999999999556e-01 4.476999999999999657e-08
4.510000000000000120e-01 4.320000000000000302e-08
4.520000000000000129e-01 4.189999999999999800e-08
4.530000000000000138e-01 4.225000000000000444e-08
4.540000000000000147e-01 4.276000000000000040e-08
4.549999999999999600e-01 4.376000000000000274e-08
4.560000000000000164e-01 4.413000000000000539e-08
4.569999999999999618e-01 4.329999999999999730e-08
4.580000000000000182e-01 4.307999999999999930e-08
4.590000000000000191e-01 4.339999999999999819e-08
4.599999999999999645e-01 4.377000000000000085e-08
4.610000000000000209e-01 4.391999999999999888e-08
4.619999999999999662e-01 4.394999999999999981e-08
4.630000000000000226e-01 4.356000000000000095e-08
4.640000000000000235e-01 4.332000000000000013e-08
4.649999999999999689e-01 4.314999999999999926e-08
4.660000000000000253e-01 4.263999999999999668e-08
4.669999999999999707e-01 4.299999999999999461e-08
4.680000000000000271e-01 4.314999999999999926e-08
4.689999999999999725e-01 4.261000000000000237e-08
4.699999999999999734e-01 4.279000000000000134e-08
4.710000000000000298e-01 4.369000000000000278e-08
4.719999999999999751e-01 4.383999999999999419e-08
4.730000000000000315e-01 4.370000000000000088e-08
4.739999999999999769e-01 4.365000000000000374e-08
4.749999999999999778e-01 4.354000000000000474e-08
4.759999999999999787e-01 4.374999999999999802e-08
4.770000000000000351e-01 4.395999999999999792e-08
4.780000000000000360e-01 4.404000000000000260e-08
4.789999999999999813e-01 4.413999999999999688e-08
4.799999999999999822e-01 4.454000000000000046e-08
4.810000000000000386e-01 4.472999999999999753e-08
4.819999999999999840e-01 4.440999999999999864e-08
4.829999999999999849e-01 4.417999999999999591e-08
4.840000000000000413e-01 4.134999999999999638e-08
4.850000000000000422e-01 3.749000000000000020e-08
4.859999999999999876e-01 3.819999999999999795e-08
4.869999999999999329e-01 4.034999999999999404e-08
4.880000000000000449e-01 4.105000000000000031e-08
4.889999999999999902e-01 4.168000000000000000e-08
4.899999999999999911e-01 4.119000000000000024e-08
4.910000000000000475e-01 4.038999999999999970e-08
4.919999999999999929e-01 4.073999999999999952e-08
4.929999999999999938e-01 4.136000000000000110e-08
4.939999999999999392e-01 4.141999999999999635e-08
4.950000000000000511e-01 4.112999999999999838e-08
4.959999999999999964e-01 4.077000000000000045e-08
4.969999999999999418e-01 4.049999999999999870e-08
4.980000000000000537e-01 4.034999999999999404e-08
4.989999999999999991e-01 4.023000000000000356e-08
5.000000000000000000e-01 3.961000000000000198e-08
5.010000000000000009e-01 3.989000000000000184e-08
5.020000000000000018e-01 4.032999999999999784e-08
5.030000000000000027e-01 4.001999999999999705e-08
5.040000000000000036e-01 3.990999999999999805e-08
5.050000000000000044e-01 3.951999999999999919e-08
5.060000000000000053e-01 3.862000000000000436e-08
5.070000000000000062e-01 3.869000000000000433e-08
5.080000000000000071e-01 3.941000000000000019e-08
5.090000000000000080e-01 3.876000000000000429e-08
5.100000000000000089e-01 3.843000000000000068e-08
5.110000000000000098e-01 3.832999999999999978e-08
5.120000000000000107e-01 3.759999999999999920e-08
5.130000000000000115e-01 3.724999999999999937e-08
5.140000000000000124e-01 3.762000000000000202e-08
5.150000000000000133e-01 3.675999999999999962e-08
5.160000000000000142e-01 3.502000000000000521e-08
5.170000000000000151e-01 3.531000000000000318e-08
5.179999999999999050e-01 3.647000000000000165e-08
5.190000000000000169e-01 3.715999999999999658e-08
5.200000000000000178e-01 3.767999999999999727e-08
5.210000000000000187e-01 3.760999999999999730e-08
5.220000000000000195e-01 3.722999999999999655e-08
5.230000000000000204e-01 3.770999999999999820e-08
5.240000000000000213e-01 3.792000000000000471e-08
5.249999999999999112e-01 3.672000000000000058e-08
5.260000000000000231e-01 3.608000000000000279e-08
5.270000000000000240e-01 3.708000000000000513e-08
5.279999999999999138e-01 3.817000000000000364e-08
5.290000000000000258e-01 3.824000000000000361e-08
5.300000000000000266e-01 3.794000000000000092e-08
5.310000000000000275e-01 3.737000000000000309e-08
5.320000000000000284e-01 3.685999999999999390e-08
5.330000000000000293e-01 3.721000000000000034e-08
5.340000000000000302e-01 3.771999999999999630e-08
5.349999999999999201e-01 3.762000000000000202e-08
5.360000000000000320e-01 3.730000000000000313e-08
5.370000000000000329e-01 3.740999999999999551e-08
5.379999999999999227e-01 3.745999999999999927e-08
5.390000000000000346e-01 3.703999999999999948e-08
5.400000000000000355e-01 3.672999999999999869e-08
5.410000000000000364e-01 3.722000000000000506e-08
5.419999999999999263e-01 3.777000000000000006e-08
5.430000000000000382e-01 3.799999999999999616e-08
5.440000000000000391e-01 3.796999999999999523e-08
5.449999999999999289e-01 3.787000000000000095e-08
5.460000000000000409e-01 3.762000000000000202e-08
5.470000000000000417e-01 3.730000000000000313e-08
5.479999999999999316e-01 3.738999999999999930e-08
5.489999999999999325e-01 3.728000000000000030e-08
5.500000000000000444e-01 3.719000000000000413e-08
5.510000000000000453e-01 3.731000000000000123e-08
5.519999999999999352e-01 3.713000000000000227e-08
5.530000000000000471e-01 3.700000000000000044e-08
5.540000000000000480e-01 3.711999999999999755e-08
5.549999999999999378e-01 3.701999999999999665e-08
5.559999999999999387e-01 3.674000000000000341e-08
5.570000000000000506e-01 3.658000000000000065e-08
5.579999999999999405e-01 3.645000000000000544e-08
5.589999999999999414e-01 3.649000000000000448e-08
5.600000000000000533e-01 3.689000000000000144e-08
5.610000000000000542e-01 3.595000000000000097e-08
5.619999999999999440e-01 3.676999999999999772e-08
5.630000000000000560e-01 3.556000000000000211e-08
5.640000000000000568e-01 3.674999999999999490e-08
5.649999999999999467e-01 3.488999999999999677e-08
5.659999999999999476e-01 3.638999999999999697e-08
5.670000000000000595e-01 3.502000000000000521e-08
5.679999999999999494e-01 3.651000000000000069e-08
5.689999999999999503e-01 3.491999999999999770e-08
5.700000000000000622e-01 3.588000000000000100e-08
5.710000000000000631e-01 3.545000000000000311e-08
5.719999999999999529e-01 3.663000000000000441e-08
5.729999999999999538e-01 3.513000000000000421e-08
5.740000000000000657e-01 3.504000000000000142e-08
5.749999999999999556e-01 3.506999999999999573e-08
5.759999999999999565e-01 3.509999999999999666e-08
5.770000000000000684e-01 3.513000000000000421e-08
5.780000000000000693e-01 3.515999999999999853e-08
5.789999999999999591e-01 3.506999999999999573e-08
5.799999999999999600e-01 3.497999999999999956e-08
5.810000000000000719e-01 3.497000000000000146e-08
5.819999999999999618e-01 3.497000000000000146e-08
5.829999999999999627e-01 3.483000000000000153e-08
5.840000000000000746e-01 3.469000000000000160e-08
5.849999999999999645e-01 3.424000000000000088e-08
5.859999999999999654e-01 3.379000000000000015e-08
5.869999999999999662e-01 3.354000000000000122e-08
5.880000000000000782e-01 3.330000000000000040e-08
5.889999999999999680e-01 3.350000000000000219e-08
5.899999999999999689e-01 3.370999999999999547e-08
5.910000000000000808e-01 3.382000000000000108e-08
5.919999999999999707e-01 3.392000000000000198e-08
5.929999999999999716e-01 3.379000000000000015e-08
5.940000000000000835e-01 3.366000000000000495e-08
5.949999999999999734e-01 3.361000000000000119e-08
5.959999999999999742e-01 3.355999999999999743e-08
5.969999999999999751e-01 3.348999999999999747e-08
5.980000000000000870e-01 3.343000000000000222e-08
5.989999999999999769e-01 3.333000000000000133e-08
5.999999999999999778e-01 3.323999999999999854e-08
6.010000000000000897e-01 3.325999999999999475e-08
6.019999999999999796e-01 3.329000000000000229e-08
6.029999999999999805e-01 3.332000000000000323e-08
6.039999999999999813e-01 3.333999999999999943e-08
6.049999999999999822e-01 3.336999999999999375e-08
6.059999999999999831e-01 3.339000000000000319e-08
6.069999999999999840e-01 3.351999999999999840e-08
6.080000000000000959e-01 3.365000000000000022e-08
6.089999999999999858e-01 3.355000000000000595e-08
6.099999999999999867e-01 3.345999999999999654e-08
6.109999999999999876e-01 3.302999999999999864e-08
6.119999999999999885e-01 3.259000000000000264e-08
6.129999999999999893e-01 3.230999999999999617e-08
6.139999999999999902e-01 3.203000000000000292e-08
6.149999999999999911e-01 3.197000000000000106e-08
6.159999999999999920e-01 3.190999999999999920e-08
6.169999999999999929e-01 3.197000000000000106e-08
6.179999999999999938e-01 3.201999999999999820e-08
6.189999999999999947e-01 3.209999999999999627e-08
6.199999999999999956e-01 3.219000000000000568e-08
6.209999999999999964e-01 3.204000000000000103e-08
6.219999999999999973e-01 3.190000000000000110e-08
6.229999999999999982e-01 3.169000000000000120e-08
6.239999999999999991e-01 3.148999999999999941e-08
6.250000000000000000e-01 3.146000000000000510e-08
6.260000000000000009e-01 3.142999999999999755e-08
6.270000000000000018e-01 3.149999999999999752e-08
6.280000000000000027e-01 3.157000000000000410e-08
6.290000000000000036e-01 3.153999999999999655e-08
6.300000000000000044e-01 3.151000000000000224e-08
6.310000000000000053e-01 3.153000000000000506e-08
6.320000000000000062e-01 3.155000000000000127e-08
6.330000000000000071e-01 3.168000000000000310e-08
6.340000000000000080e-01 3.180000000000000020e-08
6.350000000000000089e-01 3.171999999999999552e-08
6.360000000000000098e-01 3.164999999999999555e-08
6.370000000000000107e-01 3.157999999999999559e-08
6.380000000000000115e-01 3.151000000000000224e-08
6.390000000000000124e-01 3.145000000000000038e-08
6.400000000000000133e-01 3.138999999999999852e-08
6.410000000000000142e-01 3.132999999999999666e-08
6.419999999999999041e-01 3.127000000000000141e-08
6.430000000000000160e-01 3.117999999999999862e-08
6.440000000000000169e-01 3.107999999999999773e-08
6.450000000000000178e-01 3.092000000000000159e-08
6.460000000000000187e-01 3.075999999999999883e-08
6.470000000000000195e-01 3.071000000000000169e-08
6.480000000000000204e-01 3.066999999999999604e-08
6.489999999999999103e-01 3.068000000000000076e-08
6.500000000000000222e-01 3.068999999999999887e-08
6.510000000000000231e-01 3.009000000000000011e-08
6.519999999999999130e-01 2.948999999999999805e-08
6.530000000000000249e-01 2.862999999999999895e-08
6.540000000000000258e-01 2.776999999999999985e-08
6.550000000000000266e-01 2.781000000000000219e-08
6.560000000000000275e-01 2.785000000000000123e-08
6.570000000000000284e-01 2.829999999999999864e-08
6.580000000000000293e-01 2.875000000000000267e-08
6.589999999999999192e-01 2.900000000000000160e-08
6.600000000000000311e-01 2.923999999999999912e-08
6.610000000000000320e-01 2.932999999999999860e-08
6.619999999999999218e-01 2.940999999999999998e-08
6.630000000000000338e-01 2.940999999999999998e-08
6.640000000000000346e-01 2.940999999999999998e-08
6.650000000000000355e-01 2.935999999999999953e-08
6.659999999999999254e-01 2.930999999999999908e-08
6.670000000000000373e-01 2.935000000000000142e-08
6.680000000000000382e-01 2.937999999999999905e-08
6.689999999999999281e-01 2.939999999999999856e-08
6.700000000000000400e-01 2.943000000000000280e-08
6.710000000000000409e-01 2.935999999999999953e-08
6.719999999999999307e-01 2.930000000000000098e-08
6.729999999999999316e-01 2.925000000000000053e-08
6.740000000000000435e-01 2.920000000000000008e-08
6.750000000000000444e-01 2.914999999999999963e-08
6.759999999999999343e-01 2.910000000000000249e-08
6.770000000000000462e-01 2.921999999999999960e-08
6.780000000000000471e-01 2.934000000000000001e-08
6.789999999999999369e-01 2.943000000000000280e-08
6.799999999999999378e-01 2.952000000000000229e-08
6.810000000000000497e-01 2.965000000000000080e-08
6.819999999999999396e-01 2.977999999999999932e-08
6.829999999999999405e-01 2.968999999999999984e-08
6.840000000000000524e-01 2.960000000000000035e-08
6.850000000000000533e-01 2.911999999999999870e-08
6.859999999999999432e-01 2.862999999999999895e-08
6.870000000000000551e-01 2.869000000000000081e-08
6.880000000000000560e-01 2.875000000000000267e-08
6.889999999999999458e-01 2.895999999999999926e-08
6.899999999999999467e-01 2.918000000000000056e-08
6.910000000000000586e-01 2.881999999999999933e-08
6.919999999999999485e-01 2.845999999999999809e-08
6.929999999999999494e-01 2.829000000000000054e-08
6.940000000000000613e-01 2.810999999999999826e-08
6.950000000000000622e-01 2.808000000000000064e-08
6.959999999999999520e-01 2.803999999999999830e-08
6.969999999999999529e-01 2.783000000000000171e-08
6.980000000000000648e-01 2.761000000000000040e-08
6.989999999999999547e-01 2.750999999999999951e-08
6.999999999999999556e-01 2.741000000000000192e-08
7.010000000000000675e-01 2.740000000000000051e-08
7.019999999999999574e-01 2.739000000000000240e-08
7.029999999999999583e-01 2.733000000000000054e-08
7.039999999999999591e-01 2.728000000000000009e-08
7.050000000000000711e-01 2.722999999999999965e-08
7.059999999999999609e-01 2.718999999999999730e-08
7.069999999999999618e-01 2.706000000000000209e-08
7.080000000000000737e-01 2.691999999999999886e-08
7.089999999999999636e-01 2.684000000000000079e-08
7.099999999999999645e-01 2.674999999999999800e-08
7.109999999999999654e-01 2.663999999999999900e-08
7.120000000000000773e-01 2.654000000000000141e-08
7.129999999999999671e-01 2.595000000000000076e-08
7.139999999999999680e-01 2.537000000000000152e-08
7.150000000000000799e-01 2.461000000000000001e-08
7.159999999999999698e-01 2.385999999999999991e-08
7.169999999999999707e-01 2.406000000000000170e-08
7.180000000000000826e-01 2.426000000000000018e-08
7.189999999999999725e-01 2.489999999999999797e-08
7.199999999999999734e-01 2.555000000000000048e-08
7.209999999999999742e-01 2.537999999999999962e-08
7.220000000000000862e-01 2.520999999999999876e-08
7.229999999999999760e-01 2.487999999999999846e-08
7.239999999999999769e-01 2.454999999999999815e-08
7.250000000000000888e-01 2.467999999999999997e-08
7.259999999999999787e-01 2.480999999999999849e-08
7.269999999999999796e-01 2.493000000000000221e-08
7.279999999999999805e-01 2.504999999999999932e-08
7.289999999999999813e-01 2.526000000000000252e-08
7.299999999999999822e-01 2.546999999999999911e-08
7.309999999999999831e-01 2.560000000000000093e-08
7.320000000000000950e-01 2.572000000000000135e-08
7.329999999999999849e-01 2.553999999999999907e-08
7.339999999999999858e-01 2.536000000000000011e-08
7.349999999999999867e-01 2.513000000000000069e-08
7.359999999999999876e-01 2.488999999999999987e-08
7.369999999999999885e-01 2.474999999999999994e-08
7.379999999999999893e-01 2.460000000000000190e-08
7.389999999999999902e-01 2.449000000000000290e-08
7.399999999999999911e-01 2.437999999999999729e-08
7.409999999999999920e-01 2.441999999999999963e-08
7.419999999999999929e-01 2.445000000000000056e-08
7.429999999999999938e-01 2.445000000000000056e-08
7.439999999999999947e-01 2.443999999999999915e-08
7.449999999999999956e-01 2.421999999999999784e-08
7.459999999999999964e-01 2.399000000000000174e-08
7.469999999999999973e-01 2.382999999999999898e-08
7.479999999999999982e-01 2.366999999999999953e-08
7.489999999999999991e-01 2.375999999999999901e-08
7.500000000000000000e-01 2.385999999999999991e-08
7.510000000000000009e-01 2.403000000000000077e-08
7.520000000000000018e-01 2.419999999999999832e-08
7.530000000000000027e-01 2.423000000000000256e-08
7.540000000000000036e-01 2.426000000000000018e-08
7.550000000000000044e-01 2.275999999999999999e-08
7.560000000000000053e-01 2.125999999999999979e-08
7.570000000000000062e-01 1.888999999999999908e-08
7.580000000000000071e-01 1.651999999999999837e-08
7.590000000000000080e-01 1.670999999999999875e-08
7.600000000000000089e-01 1.689999999999999913e-08
7.610000000000000098e-01 1.921999999999999939e-08
7.620000000000000107e-01 2.153999999999999965e-08
7.630000000000000115e-01 2.274999999999999857e-08
7.640000000000000124e-01 2.394999999999999939e-08
7.650000000000000133e-01 2.401999999999999936e-08
7.659999999999999032e-01 2.408999999999999932e-08
7.670000000000000151e-01 2.370999999999999857e-08
7.680000000000000160e-01 2.333000000000000112e-08
7.690000000000000169e-01 2.307000000000000078e-08
7.700000000000000178e-01 2.280000000000000233e-08
7.710000000000000187e-01 2.278000000000000281e-08
7.720000000000000195e-01 2.275999999999999999e-08
7.730000000000000204e-01 2.246000000000000061e-08
7.740000000000000213e-01 2.215999999999999792e-08
7.750000000000000222e-01 2.195999999999999944e-08
7.759999999999999121e-01 2.174999999999999955e-08
7.770000000000000240e-01 2.179000000000000189e-08
7.780000000000000249e-01 2.181999999999999951e-08
7.790000000000000258e-01 2.183999999999999903e-08
7.800000000000000266e-01 2.186000000000000185e-08
7.810000000000000275e-01 2.173999999999999813e-08
7.820000000000000284e-01 2.162999999999999913e-08
7.829999999999999183e-01 2.162000000000000103e-08
7.840000000000000302e-01 2.160999999999999962e-08
7.850000000000000311e-01 2.162999999999999913e-08
7.859999999999999210e-01 2.164000000000000055e-08
7.870000000000000329e-01 2.147999999999999779e-08
7.880000000000000338e-01 2.131999999999999834e-08
7.890000000000000346e-01 2.131999999999999834e-08
7.899999999999999245e-01 2.131999999999999834e-08
7.910000000000000364e-01 2.117000000000000031e-08
7.920000000000000373e-01 2.103000000000000038e-08
7.929999999999999272e-01 2.106999999999999941e-08
7.940000000000000391e-01 2.110000000000000034e-08
7.950000000000000400e-01 2.111999999999999986e-08
7.959999999999999298e-01 2.113999999999999938e-08
7.969999999999999307e-01 2.125000000000000169e-08
7.980000000000000426e-01 2.136000000000000069e-08
7.990000000000000435e-01 2.125999999999999979e-08
7.999999999999999334e-01 2.114999999999999748e-08
8.010000000000000453e-01 2.106999999999999941e-08
8.020000000000000462e-01 2.099000000000000134e-08
8.029999999999999361e-01 2.108000000000000082e-08
8.040000000000000480e-01 2.117000000000000031e-08
8.050000000000000488e-01 2.114999999999999748e-08
8.059999999999999387e-01 2.112999999999999796e-08
8.069999999999999396e-01 2.111000000000000176e-08
8.080000000000000515e-01 2.109000000000000224e-08
8.090000000000000524e-01 2.100000000000000276e-08
8.099999999999999423e-01 2.089999999999999855e-08
8.110000000000000542e-01 2.104999999999999989e-08
8.120000000000000551e-01 2.118999999999999982e-08
8.129999999999999449e-01 2.112999999999999796e-08
8.139999999999999458e-01 2.106999999999999941e-08
8.150000000000000577e-01 2.090999999999999996e-08
8.159999999999999476e-01 2.075000000000000052e-08
8.169999999999999485e-01 2.084000000000000000e-08
8.180000000000000604e-01 2.092999999999999948e-08
8.190000000000000613e-01 2.076000000000000193e-08
8.199999999999999512e-01 2.059999999999999917e-08
8.209999999999999520e-01 2.067000000000000245e-08
8.220000000000000639e-01 2.074000000000000241e-08
8.229999999999999538e-01 2.089999999999999855e-08
8.239999999999999547e-01 2.105999999999999800e-08
8.250000000000000666e-01 2.082000000000000048e-08
8.259999999999999565e-01 2.057000000000000155e-08
8.269999999999999574e-01 2.046999999999999735e-08
8.279999999999999583e-01 2.035999999999999835e-08
8.290000000000000702e-01 2.029999999999999980e-08
8.299999999999999600e-01 2.022999999999999983e-08
8.309999999999999609e-01 1.993000000000000045e-08
8.320000000000000728e-01 1.961999999999999966e-08
8.329999999999999627e-01 1.949999999999999925e-08
8.339999999999999636e-01 1.936999999999999742e-08
8.350000000000000755e-01 1.940000000000000166e-08
8.360000000000000764e-01 1.942000000000000118e-08
8.369999999999999662e-01 1.940999999999999977e-08
8.379999999999999671e-01 1.940999999999999977e-08
8.390000000000000790e-01 1.921000000000000129e-08
8.399999999999999689e-01 1.901999999999999760e-08
8.409999999999999698e-01 1.900999999999999949e-08
8.420000000000000817e-01 1.900999999999999949e-08
8.429999999999999716e-01 1.914000000000000132e-08
8.439999999999999725e-01 1.926999999999999984e-08
8.449999999999999734e-01 1.923000000000000080e-08
8.460000000000000853e-01 1.918000000000000035e-08
8.469999999999999751e-01 1.898000000000000187e-08
8.479999999999999760e-01 1.878000000000000008e-08
8.490000000000000879e-01 1.863000000000000205e-08
8.499999999999999778e-01 1.848000000000000070e-08
8.509999999999999787e-01 1.832999999999999936e-08
8.519999999999999796e-01 1.818000000000000133e-08
8.529999999999999805e-01 1.815999999999999850e-08
8.539999999999999813e-01 1.813000000000000088e-08
8.549999999999999822e-01 1.818000000000000133e-08
8.560000000000000941e-01 1.822000000000000036e-08
8.569999999999999840e-01 1.811000000000000136e-08
8.579999999999999849e-01 1.799999999999999905e-08
8.589999999999999858e-01 1.796000000000000002e-08
8.599999999999999867e-01 1.791999999999999768e-08
8.609999999999999876e-01 1.787000000000000054e-08
8.619999999999999885e-01 1.782000000000000009e-08
8.629999999999999893e-01 1.767000000000000205e-08
8.639999999999999902e-01 1.752000000000000071e-08
8.649999999999999911e-01 1.757999999999999926e-08
8.660000000000001030e-01 1.763999999999999781e-08
8.669999999999999929e-01 1.776999999999999964e-08
8.679999999999999938e-01 1.789999999999999816e-08
8.689999999999999947e-01 1.780000000000000057e-08
8.699999999999999956e-01 1.769999999999999968e-08
8.709999999999999964e-01 1.757999999999999926e-08
8.719999999999999973e-01 1.745999999999999885e-08
8.729999999999999982e-01 1.748999999999999978e-08
8.739999999999999991e-01 1.751000000000000261e-08
8.750000000000000000e-01 1.745999999999999885e-08
8.760000000000000009e-01 1.740000000000000030e-08
8.770000000000000018e-01 1.736999999999999937e-08
8.780000000000000027e-01 1.734000000000000175e-08
8.790000000000000036e-01 1.740000000000000030e-08
8.800000000000000044e-01 1.745999999999999885e-08
8.810000000000000053e-01 1.731999999999999892e-08
8.820000000000000062e-01 1.718000000000000230e-08
8.830000000000000071e-01 1.705999999999999858e-08
8.840000000000000080e-01 1.693000000000000006e-08
8.850000000000000089e-01 1.708000000000000140e-08
8.860000000000000098e-01 1.723999999999999754e-08
8.870000000000000107e-01 1.727000000000000178e-08
8.880000000000000115e-01 1.729999999999999940e-08
8.890000000000000124e-01 1.727999999999999989e-08
8.899999999999999023e-01 1.726000000000000037e-08
8.910000000000000142e-01 1.721999999999999802e-08
8.920000000000000151e-01 1.718000000000000230e-08
8.930000000000000160e-01 1.674000000000000299e-08
8.940000000000000169e-01 1.628999999999999896e-08
8.950000000000000178e-01 1.584000000000000155e-08
8.960000000000000187e-01 1.537999999999999942e-08
8.970000000000000195e-01 1.521999999999999997e-08
8.980000000000000204e-01 1.506000000000000052e-08
8.990000000000000213e-01 1.541999999999999845e-08
8.999999999999999112e-01 1.577999999999999969e-08
9.010000000000000231e-01 1.650000000000000217e-08
9.020000000000000240e-01 1.722999999999999944e-08
9.030000000000000249e-01 1.712999999999999854e-08
9.040000000000000258e-01 1.703000000000000096e-08
9.050000000000000266e-01 1.640999999999999937e-08
9.060000000000000275e-01 1.580000000000000251e-08
9.069999999999999174e-01 1.602000000000000051e-08
9.080000000000000293e-01 1.624999999999999993e-08
9.090000000000000302e-01 1.652999999999999979e-08
9.099999999999999201e-01 1.679999999999999823e-08
9.110000000000000320e-01 1.654999999999999930e-08
9.120000000000000329e-01 1.628999999999999896e-08
9.130000000000000338e-01 1.604999999999999814e-08
9.139999999999999236e-01 1.580000000000000251e-08
9.150000000000000355e-01 1.598000000000000148e-08
9.160000000000000364e-01 1.615000000000000234e-08
9.169999999999999263e-01 1.644999999999999841e-08
9.180000000000000382e-01 1.675000000000000109e-08
9.190000000000000391e-01 1.679000000000000013e-08
9.199999999999999289e-01 1.683000000000000247e-08
9.209999999999999298e-01 1.700000000000000002e-08
9.220000000000000417e-01 1.716000000000000278e-08
9.230000000000000426e-01 1.716000000000000278e-08
9.239999999999999325e-01 1.716000000000000278e-08
9.250000000000000444e-01 1.701000000000000144e-08
9.260000000000000453e-01 1.686000000000000009e-08
9.269999999999999352e-01 1.654999999999999930e-08
9.280000000000000471e-01 1.624999999999999993e-08
9.290000000000000480e-01 1.497999999999999914e-08
9.299999999999999378e-01 1.371999999999999977e-08
9.309999999999999387e-01 1.276999999999999954e-08
9.320000000000000506e-01 1.183000000000000071e-08
9.330000000000000515e-01 1.239000000000000043e-08
9.339999999999999414e-01 1.295000000000000016e-08
9.350000000000000533e-01 1.421000000000000118e-08
9.360000000000000542e-01 1.548000000000000031e-08
9.369999999999999440e-01 1.620999999999999758e-08
9.379999999999999449e-01 1.694000000000000147e-08
9.390000000000000568e-01 1.645999999999999982e-08
9.399999999999999467e-01 1.598999999999999958e-08
9.409999999999999476e-01 1.535999999999999990e-08
9.420000000000000595e-01 1.472000000000000045e-08
9.430000000000000604e-01 1.501000000000000007e-08
9.439999999999999503e-01 1.528999999999999993e-08
9.449999999999999512e-01 1.555999999999999838e-08
9.460000000000000631e-01 1.583000000000000014e-08
9.469999999999999529e-01 1.548000000000000031e-08
9.479999999999999538e-01 1.513000000000000049e-08
9.490000000000000657e-01 1.488000000000000156e-08
9.499999999999999556e-01 1.464000000000000073e-08
9.509999999999999565e-01 1.456999999999999911e-08
9.519999999999999574e-01 1.450000000000000080e-08
9.530000000000000693e-01 1.460999999999999980e-08
9.540000000000000702e-01 1.472000000000000045e-08
9.549999999999999600e-01 1.488000000000000156e-08
9.560000000000000719e-01 1.502999999999999959e-08
9.569999999999998508e-01 1.492000000000000059e-08
9.579999999999999627e-01 1.480000000000000018e-08
9.590000000000000746e-01 1.463000000000000097e-08
9.599999999999999645e-01 1.446999999999999987e-08
9.609999999999999654e-01 1.422999999999999904e-08
9.620000000000000773e-01 1.398999999999999987e-08
9.629999999999999671e-01 1.400999999999999939e-08
9.639999999999999680e-01 1.403000000000000056e-08
9.650000000000000799e-01 1.463000000000000097e-08
9.659999999999999698e-01 1.523999999999999949e-08
9.669999999999999707e-01 1.550999999999999793e-08
9.680000000000000826e-01 1.576999999999999828e-08
9.689999999999999725e-01 1.544000000000000128e-08
9.700000000000000844e-01 1.511000000000000097e-08
9.710000000000000853e-01 1.480000000000000018e-08
9.719999999999999751e-01 1.450000000000000080e-08
9.730000000000000870e-01 1.439999999999999990e-08
9.739999999999998659e-01 1.431000000000000042e-08
9.749999999999999778e-01 1.429000000000000090e-08
9.760000000000000897e-01 1.426999999999999973e-08
9.769999999999998685e-01 1.422999999999999904e-08
9.779999999999999805e-01 1.419000000000000001e-08
9.790000000000000924e-01 1.404000000000000032e-08
9.799999999999999822e-01 1.387999999999999922e-08
9.809999999999999831e-01 1.383000000000000043e-08
9.820000000000000950e-01 1.377999999999999998e-08
9.829999999999999849e-01 1.376000000000000046e-08
9.839999999999999858e-01 1.372999999999999953e-08
9.850000000000000977e-01 1.365000000000000146e-08
9.859999999999999876e-01 1.357000000000000008e-08
9.869999999999999885e-01 1.358999999999999960e-08
9.879999999999998783e-01 1.361000000000000077e-08
9.889999999999999902e-01 1.359999999999999936e-08
9.900000000000001021e-01 1.357999999999999984e-08
9.909999999999998810e-01 1.350000000000000012e-08
9.919999999999999929e-01 1.342000000000000039e-08
9.930000000000001048e-01 1.350000000000000012e-08
9.939999999999998836e-01 1.357999999999999984e-08
9.949999999999999956e-01 1.367999999999999908e-08
9.960000000000001075e-01 1.376999999999999856e-08
9.969999999999998863e-01 1.371999999999999977e-08
9.979999999999999982e-01 1.366999999999999932e-08
9.990000000000001101e-01 1.363000000000000029e-08
1.000000000000000000e+00 1.357999999999999984e-08
1.001000000000000112e+00 1.353999999999999915e-08
1.002000000000000002e+00 1.350000000000000012e-08
1.002999999999999892e+00 1.341000000000000063e-08
1.004000000000000004e+00 1.331999999999999950e-08
1.004999999999999893e+00 1.331999999999999950e-08
1.006000000000000005e+00 1.331999999999999950e-08
1.007000000000000117e+00 1.335000000000000043e-08
1.008000000000000007e+00 1.337999999999999970e-08
1.008999999999999897e+00 1.328000000000000046e-08
1.010000000000000009e+00 1.319000000000000098e-08
1.010999999999999899e+00 1.303999999999999964e-08
1.012000000000000011e+00 1.289999999999999971e-08
1.013000000000000123e+00 1.290999999999999947e-08
1.014000000000000012e+00 1.290999999999999947e-08
1.015000000000000124e+00 1.286999999999999878e-08
1.016000000000000014e+00 1.282999999999999974e-08
1.016999999999999904e+00 1.271000000000000098e-08
1.018000000000000016e+00 1.260000000000000033e-08
1.018999999999999906e+00 1.259000000000000057e-08
1.020000000000000018e+00 1.259000000000000057e-08
1.021000000000000130e+00 1.259000000000000057e-08
1.022000000000000020e+00 1.257999999999999916e-08
1.022999999999999909e+00 1.252000000000000061e-08
1.024000000000000021e+00 1.246000000000000040e-08
1.024999999999999911e+00 1.250000000000000109e-08
1.026000000000000023e+00 1.254999999999999988e-08
1.027000000000000135e+00 1.250000000000000109e-08
1.028000000000000025e+00 1.246000000000000040e-08
1.028999999999999915e+00 1.233000000000000023e-08
1.030000000000000027e+00 1.218999999999999864e-08
1.030999999999999917e+00 1.218999999999999864e-08
1.032000000000000028e+00 1.220000000000000006e-08
1.033000000000000140e+00 1.209999999999999916e-08
1.034000000000000030e+00 1.199999999999999992e-08
1.035000000000000142e+00 1.185000000000000023e-08
1.035999999999999810e+00 1.171000000000000030e-08
1.036999999999999922e+00 1.174000000000000123e-08
1.038000000000000034e+00 1.175999999999999909e-08
1.038999999999999924e+00 1.176999999999999885e-08
1.040000000000000036e+00 1.179000000000000002e-08
1.041000000000000147e+00 1.175999999999999909e-08
1.042000000000000037e+00 1.174000000000000123e-08
1.042999999999999927e+00 1.174999999999999934e-08
1.044000000000000039e+00 1.176999999999999885e-08
1.044999999999999929e+00 1.183000000000000071e-08
1.046000000000000041e+00 1.188999999999999927e-08
1.047000000000000153e+00 1.195000000000000113e-08
1.048000000000000043e+00 1.201999999999999944e-08
1.048999999999999932e+00 1.206000000000000013e-08
1.049999999999999822e+00 1.209999999999999916e-08
