2.500000000000000000e-01 1.861999999999999981e-09
2.510000000000000009e-01 1.694999999999999834e-09
2.520000000000000018e-01 1.329999999999999957e-09
2.530000000000000027e-01 1.373000000000000118e-09
2.540000000000000036e-01 1.685999999999999968e-09
2.550000000000000044e-01 1.900999999999999949e-09
2.560000000000000053e-01 2.668999999999999779e-09
2.570000000000000062e-01 3.808999999999999565e-09
2.580000000000000071e-01 4.369999999999999592e-09
2.589999999999999525e-01 4.175000000000000162e-09
2.600000000000000089e-01 2.207999999999999820e-09
2.610000000000000098e-01 2.514000000000000211e-09
2.620000000000000107e-01 3.266999999999999989e-09
2.630000000000000115e-01 2.519999999999999983e-09
2.639999999999999569e-01 7.125000000000000108e-09
2.650000000000000133e-01 5.763000000000000055e-09
2.660000000000000142e-01 7.206000000000000138e-09
2.670000000000000151e-01 6.756999999999999724e-09
2.680000000000000160e-01 6.668000000000000548e-09
2.689999999999999614e-01 6.262000000000000089e-09
2.700000000000000178e-01 7.498000000000000371e-09
2.709999999999999631e-01 6.990999999999999536e-09
2.720000000000000195e-01 4.277000000000000016e-09
2.730000000000000204e-01 7.109000000000000163e-09
2.739999999999999658e-01 3.771999999999999796e-09
2.750000000000000222e-01 3.963000000000000480e-09
2.759999999999999676e-01 6.684999999999999973e-09
2.770000000000000240e-01 6.604999999999999422e-09
2.779999999999999694e-01 4.682999999999999648e-09
2.789999999999999702e-01 3.141000000000000217e-09
2.800000000000000266e-01 2.122999999999999803e-09
2.809999999999999720e-01 4.407999999999999667e-09
2.820000000000000284e-01 7.300000000000000020e-09
2.829999999999999738e-01 8.717000000000001228e-09
2.839999999999999747e-01 8.560000000000000219e-09
2.850000000000000311e-01 2.937000000000000094e-09
2.859999999999999765e-01 8.021999999999998975e-09
2.870000000000000329e-01 9.327999999999999221e-09
2.879999999999999782e-01 5.943999999999999326e-09
2.890000000000000346e-01 1.051999999999999924e-08
2.899999999999999800e-01 1.538999999999999752e-08
2.909999999999999809e-01 1.508000000000000004e-08
2.920000000000000373e-01 1.443999999999999894e-08
2.929999999999999827e-01 1.472000000000000045e-08
2.940000000000000391e-01 1.275999999999999978e-08
2.949999999999999845e-01 1.289999999999999971e-08
2.959999999999999853e-01 1.553999999999999886e-08
2.970000000000000417e-01 1.076999999999999982e-08
2.979999999999999871e-01 1.398999999999999987e-08
2.990000000000000435e-01 1.472000000000000045e-08
2.999999999999999889e-01 9.025999999999999230e-09
3.009999999999999898e-01 1.199000000000000016e-08
3.019999999999999907e-01 7.891000000000000978e-09
3.029999999999999916e-01 1.583000000000000014e-08
3.040000000000000480e-01 1.357999999999999984e-08
3.049999999999999933e-01 1.631999999999999989e-08
3.059999999999999942e-01 1.271000000000000098e-08
3.069999999999999951e-01 1.563000000000000165e-08
3.079999999999999960e-01 1.447999999999999963e-08
3.089999999999999969e-01 1.230999999999999906e-08
3.099999999999999978e-01 1.097999999999999972e-08
3.109999999999999987e-01 1.550999999999999793e-08
3.119999999999999996e-01 1.544999999999999938e-08
3.130000000000000004e-01 1.567000000000000069e-08
3.140000000000000013e-01 1.600000000000000100e-08
3.150000000000000022e-01 1.617999999999999996e-08
3.160000000000000031e-01 1.435999999999999922e-08
3.170000000000000040e-01 1.670000000000000065e-08
3.180000000000000049e-01 1.677000000000000061e-08
3.190000000000000058e-01 1.644999999999999841e-08
3.200000000000000067e-01 1.696000000000000099e-08
3.209999999999999520e-01 1.644000000000000030e-08
3.220000000000000084e-01 1.593000000000000103e-08
3.230000000000000093e-01 1.768000000000000016e-08
3.240000000000000102e-01 1.942999999999999928e-08
3.250000000000000111e-01 1.974000000000000008e-08
3.259999999999999565e-01 2.003999999999999945e-08
3.270000000000000129e-01 2.174999999999999955e-08
3.280000000000000138e-01 1.935999999999999932e-08
3.290000000000000147e-01 2.050000000000000159e-08
3.300000000000000155e-01 2.177000000000000237e-08
3.309999999999999609e-01 2.096000000000000041e-08
3.320000000000000173e-01 2.084000000000000000e-08
3.329999999999999627e-01 2.002999999999999804e-08
3.340000000000000191e-01 1.973000000000000197e-08
3.350000000000000200e-01 2.078999999999999955e-08
3.359999999999999654e-01 1.961999999999999966e-08
3.370000000000000218e-01 1.883000000000000053e-08
3.379999999999999671e-01 1.773000000000000061e-08
3.390000000000000235e-01 1.970999999999999915e-08
3.399999999999999689e-01 2.113999999999999938e-08
3.409999999999999698e-01 2.125000000000000169e-08
3.420000000000000262e-01 2.042000000000000021e-08
3.429999999999999716e-01 2.143000000000000065e-08
3.440000000000000280e-01 1.946000000000000022e-08
3.449999999999999734e-01 1.895000000000000094e-08
3.459999999999999742e-01 2.026000000000000076e-08
3.470000000000000306e-01 1.942999999999999928e-08
3.479999999999999760e-01 1.909000000000000087e-08
3.490000000000000324e-01 1.912000000000000180e-08
3.499999999999999778e-01 2.061000000000000059e-08
3.509999999999999787e-01 2.211000000000000078e-08
3.519999999999999796e-01 2.166999999999999817e-08
3.529999999999999805e-01 2.174999999999999955e-08
3.540000000000000369e-01 2.327999999999999736e-08
3.549999999999999822e-01 2.392000000000000177e-08
3.560000000000000386e-01 2.344999999999999822e-08
3.569999999999999840e-01 2.035000000000000024e-08
3.579999999999999849e-01 1.846999999999999929e-08
3.590000000000000413e-01 1.904000000000000042e-08
3.599999999999999867e-01 2.270999999999999954e-08
3.610000000000000431e-01 2.089000000000000045e-08
3.619999999999999885e-01 2.089000000000000045e-08
3.629999999999999893e-01 2.120999999999999934e-08
3.639999999999999902e-01 2.160999999999999962e-08
3.649999999999999911e-01 2.305000000000000126e-08
3.660000000000000475e-01 2.483999999999999942e-08
3.669999999999999929e-01 2.542000000000000197e-08
3.679999999999999938e-01 2.359999999999999957e-08
3.689999999999999947e-01 2.408000000000000122e-08
3.699999999999999956e-01 2.438999999999999870e-08
3.709999999999999964e-01 2.493000000000000221e-08
3.719999999999999973e-01 2.324000000000000164e-08
3.729999999999999982e-01 2.011999999999999752e-08
3.739999999999999991e-01 2.052000000000000110e-08
3.750000000000000000e-01 2.166000000000000006e-08
3.760000000000000009e-01 2.284999999999999947e-08
3.770000000000000018e-01 2.443999999999999915e-08
3.780000000000000027e-01 2.813999999999999919e-08
3.790000000000000036e-01 2.619000000000000158e-08
3.800000000000000044e-01 2.437999999999999729e-08
3.810000000000000053e-01 2.625999999999999824e-08
3.820000000000000062e-01 2.242999999999999968e-08
3.829999999999999516e-01 1.767000000000000205e-08
3.840000000000000080e-01 1.806000000000000091e-08
3.850000000000000089e-01 2.267000000000000050e-08
3.860000000000000098e-01 2.401000000000000125e-08
3.870000000000000107e-01 2.373999999999999950e-08
3.879999999999999560e-01 2.348000000000000246e-08
3.890000000000000124e-01 2.281000000000000043e-08
3.900000000000000133e-01 2.492000000000000080e-08
3.910000000000000142e-01 2.741000000000000192e-08
3.920000000000000151e-01 2.675999999999999941e-08
3.929999999999999605e-01 1.658000000000000023e-08
3.940000000000000169e-01 1.635000000000000082e-08
3.949999999999999623e-01 2.543000000000000007e-08
3.960000000000000187e-01 2.384000000000000039e-08
3.970000000000000195e-01 1.794000000000000050e-08
3.979999999999999649e-01 2.557000000000000000e-08
3.990000000000000213e-01 3.347000000000000126e-08
3.999999999999999667e-01 3.571000000000000014e-08
4.010000000000000231e-01 3.612000000000000183e-08
4.020000000000000240e-01 3.685000000000000241e-08
4.029999999999999694e-01 3.660999999999999497e-08
4.040000000000000258e-01 3.483000000000000153e-08
4.049999999999999711e-01 3.623000000000000083e-08
4.060000000000000275e-01 3.495999999999999673e-08
4.069999999999999729e-01 3.577000000000000200e-08
4.079999999999999738e-01 3.744999999999999455e-08
4.090000000000000302e-01 3.839000000000000164e-08
4.099999999999999756e-01 3.529999999999999846e-08
4.110000000000000320e-01 3.665000000000000062e-08
4.119999999999999774e-01 3.921999999999999650e-08
4.129999999999999782e-01 3.808000000000000085e-08
4.139999999999999791e-01 3.794999999999999902e-08
4.149999999999999800e-01 3.830999999999999695e-08
4.160000000000000364e-01 3.887999999999999478e-08
4.169999999999999818e-01 3.781999999999999720e-08
4.180000000000000382e-01 3.627999999999999797e-08
4.189999999999999836e-01 3.752999999999999923e-08
4.199999999999999845e-01 3.774000000000000575e-08
4.210000000000000409e-01 3.801000000000000088e-08
4.219999999999999862e-01 3.652999999999999690e-08
4.230000000000000426e-01 3.520999999999999566e-08
4.239999999999999880e-01 3.740000000000000403e-08
4.249999999999999889e-01 3.706000000000000230e-08
4.259999999999999898e-01 3.706000000000000230e-08
4.269999999999999907e-01 3.588000000000000100e-08
4.280000000000000471e-01 3.465000000000000256e-08
4.289999999999999925e-01 3.355999999999999743e-08
4.299999999999999933e-01 2.892000000000000022e-08
4.309999999999999942e-01 2.988999999999999832e-08
4.319999999999999951e-01 3.597999999999999528e-08
4.330000000000000515e-01 3.747000000000000399e-08
4.339999999999999969e-01 3.590000000000000383e-08
4.349999999999999978e-01 3.697999999999999762e-08
4.359999999999999987e-01 4.108999999999999935e-08
4.369999999999999996e-01 4.038000000000000159e-08
4.380000000000000004e-01 3.751999999999999451e-08
4.390000000000000013e-01 3.640999999999999979e-08
4.400000000000000022e-01 3.742000000000000023e-08
4.410000000000000031e-01 3.855999999999999588e-08
4.420000000000000040e-01 4.045999999999999966e-08
4.430000000000000049e-01 4.012999999999999605e-08
4.440000000000000058e-01 4.057999999999999677e-08
4.449999999999999512e-01 3.955000000000000012e-08
4.460000000000000075e-01 3.829000000000000074e-08
4.470000000000000084e-01 4.045999999999999966e-08
4.480000000000000093e-01 4.134000000000000489e-08
4.490000000000000102e-01 4.086999999999999473e-08
4.499999999999999556e-01 4.261000000000000237e-08
4.510000000000000120e-01 4.340999999999999630e-08
4.520000000000000129e-01 4.225000000000000444e-08
4.530000000000000138e-01 3.958999999999999915e-08
4.540000000000000147e-01 4.078999999999999666e-08
4.549999999999999600e-01 4.062000000000000242e-08
4.560000000000000164e-01 4.136000000000000110e-08
4.569999999999999618e-01 4.171999999999999903e-08
4.580000000000000182e-01 4.126000000000000021e-08
4.590000000000000191e-01 4.056000000000000056e-08
4.599999999999999645e-01 4.066999999999999956e-08
4.610000000000000209e-01 4.159999999999999531e-08
4.619999999999999662e-01 4.196999999999999796e-08
4.630000000000000226e-01 4.168000000000000000e-08
4.640000000000000235e-01 4.056999999999999866e-08
4.649999999999999689e-01 3.994999999999999708e-08
4.660000000000000253e-01 4.012000000000000456e-08
4.669999999999999707e-01 4.010999999999999984e-08
4.680000000000000271e-01 4.028000000000000070e-08
4.689999999999999725e-01 4.077999999999999856e-08
4.699999999999999734e-01 3.960000000000000387e-08
4.710000000000000298e-01 4.012000000000000456e-08
4.719999999999999751e-01 4.134999999999999638e-08
4.730000000000000315e-01 4.202999999999999982e-08
4.739999999999999769e-01 4.202000000000000172e-08
4.749999999999999778e-01 4.269000000000000044e-08
4.759999999999999787e-01 4.109999999999999745e-08
4.770000000000000351e-01 4.222999999999999500e-08
4.780000000000000360e-01 4.306000000000000309e-08
4.789999999999999813e-01 4.339000000000000009e-08
4.799999999999999822e-01 4.336999999999999726e-08
4.810000000000000386e-01 4.328000000000000109e-08
4.819999999999999840e-01 4.366999999999999995e-08
4.829999999999999849e-01 4.358999999999999526e-08
4.840000000000000413e-01 4.241000000000000058e-08
4.850000000000000422e-01 4.070000000000000049e-08
4.859999999999999876e-01 3.658999999999999876e-08
4.869999999999999329e-01 3.714000000000000037e-08
4.880000000000000449e-01 3.962999999999999819e-08
4.889999999999999902e-01 4.045000000000000156e-08
4.899999999999999911e-01 4.143999999999999917e-08
4.910000000000000475e-01 4.059000000000000149e-08
4.919999999999999929e-01 3.912000000000000222e-08
4.929999999999999938e-01 3.939999999999999546e-08
4.939999999999999392e-01 3.991999999999999615e-08
4.950000000000000511e-01 4.020000000000000263e-08
4.959999999999999964e-01 4.032999999999999784e-08
4.969999999999999418e-01 4.005999999999999608e-08
4.980000000000000537e-01 3.920000000000000029e-08
4.989999999999999991e-01 3.895000000000000136e-08
5.000000000000000000e-01 3.860999999999999964e-08
5.010000000000000009e-01 3.796000000000000375e-08
5.020000000000000018e-01 3.762000000000000202e-08
5.030000000000000027e-01 3.857000000000000061e-08
5.040000000000000036e-01 3.839000000000000164e-08
5.050000000000000044e-01 3.839000000000000164e-08
5.060000000000000053e-01 3.864000000000000057e-08
5.070000000000000062e-01 3.829000000000000074e-08
5.080000000000000071e-01 3.785999999999999623e-08
5.090000000000000080e-01 3.790000000000000188e-08
5.100000000000000089e-01 3.808999999999999895e-08
5.110000000000000098e-01 3.840999999999999785e-08
5.120000000000000107e-01 3.815999999999999892e-08
5.130000000000000115e-01 3.752999999999999923e-08
5.140000000000000124e-01 3.799000000000000468e-08
5.150000000000000133e-01 3.756000000000000016e-08
5.160000000000000142e-01 3.668999999999999965e-08
5.170000000000000151e-01 3.411999999999999715e-08
5.179999999999999050e-01 3.381000000000000298e-08
5.190000000000000169e-01 3.532999999999999939e-08
5.200000000000000178e-01 3.663000000000000441e-08
5.210000000000000187e-01 3.693000000000000048e-08
5.220000000000000195e-01 3.679999999999999865e-08
5.230000000000000204e-01 3.660999999999999497e-08
5.240000000000000213e-01 3.733999999999999555e-08
5.249999999999999112e-01 3.780000000000000099e-08
5.260000000000000231e-01 3.606999999999999807e-08
5.270000000000000240e-01 3.501000000000000049e-08
5.279999999999999138e-01 3.599999999999999811e-08
5.290000000000000258e-01 3.808000000000000085e-08
5.300000000000000266e-01 3.755000000000000206e-08
5.310000000000000275e-01 3.843000000000000068e-08
5.320000000000000284e-01 3.767999999999999727e-08
5.330000000000000293e-01 3.619000000000000179e-08
5.340000000000000302e-01 3.676999999999999772e-08
5.349999999999999201e-01 3.759000000000000109e-08
5.360000000000000320e-01 3.756999999999999827e-08
5.370000000000000329e-01 3.735999999999999837e-08
5.379999999999999227e-01 3.737999999999999458e-08
5.390000000000000346e-01 3.724000000000000127e-08
5.400000000000000355e-01 3.633000000000000172e-08
5.410000000000000364e-01 3.604000000000000376e-08
5.419999999999999263e-01 3.819999999999999795e-08
5.430000000000000382e-01 3.812999999999999799e-08
5.440000000000000391e-01 3.843999999999999878e-08
5.449999999999999289e-01 3.858999999999999681e-08
5.460000000000000409e-01 3.785999999999999623e-08
5.470000000000000417e-01 3.843000000000000068e-08
5.479999999999999316e-01 3.777000000000000006e-08
5.489999999999999325e-01 3.781000000000000571e-08
5.500000000000000444e-01 3.767999999999999727e-08
5.510000000000000453e-01 3.778999999999999627e-08
5.519999999999999352e-01 3.812999999999999799e-08
5.530000000000000471e-01 3.715999999999999658e-08
5.540000000000000480e-01 3.699000000000000234e-08
5.549999999999999378e-01 3.760999999999999730e-08
5.559999999999999387e-01 3.722000000000000506e-08
5.570000000000000506e-01 3.722999999999999655e-08
5.579999999999999405e-01 3.742000000000000023e-08
5.589999999999999414e-01 3.626000000000000176e-08
5.600000000000000533e-01 3.525999999999999942e-08
5.610000000000000542e-01 3.638999999999999697e-08
5.619999999999999440e-01 3.633000000000000172e-08
5.630000000000000560e-01 3.647999999999999976e-08
5.640000000000000568e-01 3.627999999999999797e-08
5.649999999999999467e-01 3.640000000000000169e-08
5.659999999999999476e-01 3.581999999999999914e-08
5.670000000000000595e-01 3.565999999999999639e-08
5.679999999999999494e-01 3.564000000000000018e-08
5.689999999999999503e-01 3.592000000000000004e-08
5.700000000000000622e-01 3.545000000000000311e-08
5.710000000000000631e-01 3.546000000000000121e-08
5.719999999999999529e-01 3.531000000000000318e-08
5.729999999999999538e-01 3.665999999999999872e-08
5.740000000000000657e-01 3.563000000000000207e-08
5.749999999999999556e-01 3.561999999999999735e-08
5.759999999999999565e-01 3.561000000000000586e-08
5.770000000000000684e-01 3.540999999999999746e-08
5.780000000000000693e-01 3.520000000000000418e-08
5.789999999999999591e-01 3.515999999999999853e-08
5.799999999999999600e-01 3.511999999999999949e-08
5.810000000000000719e-01 3.522999999999999849e-08
5.819999999999999618e-01 3.534000000000000411e-08
5.829999999999999627e-01 3.549000000000000214e-08
5.840000000000000746e-01 3.564999999999999828e-08
5.849999999999999645e-01 3.515999999999999853e-08
5.859999999999999654e-01 3.466999999999999877e-08
5.869999999999999662e-01 3.425000000000000560e-08
5.880000000000000782e-01 3.382000000000000108e-08
5.889999999999999680e-01 3.336000000000000226e-08
5.899999999999999689e-01 3.289999999999999682e-08
5.910000000000000808e-01 3.319999999999999950e-08
5.919999999999999707e-01 3.350000000000000219e-08
5.929999999999999716e-01 3.384000000000000391e-08
5.940000000000000835e-01 3.417999999999999901e-08
5.949999999999999734e-01 3.416000000000000281e-08
5.959999999999999742e-01 3.413000000000000188e-08
5.969999999999999751e-01 3.413000000000000188e-08
5.980000000000000870e-01 3.411999999999999715e-08
5.989999999999999769e-01 3.395000000000000291e-08
5.999999999999999778e-01 3.377000000000000395e-08
6.010000000000000897e-01 3.382999999999999919e-08
6.019999999999999796e-01 3.388000000000000295e-08
6.029999999999999805e-01 3.382000000000000108e-08
6.039999999999999813e-01 3.375000000000000112e-08
6.049999999999999822e-01 3.407000000000000001e-08
6.059999999999999831e-01 3.439999999999999701e-08
6.069999999999999840e-01 3.404999999999999719e-08
6.080000000000000959e-01 3.368999999999999926e-08
6.089999999999999858e-01 3.393999999999999819e-08
6.099999999999999867e-01 3.418999999999999712e-08
6.109999999999999876e-01 3.407000000000000001e-08
6.119999999999999885e-01 3.395999999999999440e-08
6.129999999999999893e-01 3.343000000000000222e-08
6.139999999999999902e-01 3.289000000000000533e-08
6.149999999999999911e-01 3.237000000000000464e-08
6.159999999999999920e-01 3.183999999999999924e-08
6.169999999999999929e-01 3.204000000000000103e-08
6.179999999999999938e-01 3.223999999999999620e-08
6.189999999999999947e-01 3.242999999999999989e-08
6.199999999999999956e-01 3.263000000000000168e-08
6.209999999999999964e-01 3.275999999999999689e-08
6.219999999999999973e-01 3.288000000000000061e-08
6.229999999999999982e-01 3.256000000000000171e-08
6.239999999999999991e-01 3.223999999999999620e-08
6.250000000000000000e-01 3.209999999999999627e-08
6.260000000000000009e-01 3.194999999999999824e-08
6.270000000000000018e-01 3.194999999999999824e-08
6.280000000000000027e-01 3.194000000000000013e-08
6.290000000000000036e-01 3.197000000000000106e-08
6.300000000000000044e-01 3.198999999999999727e-08
6.310000000000000053e-01 3.183999999999999924e-08
6.320000000000000062e-01 3.168000000000000310e-08
6.330000000000000071e-01 3.169999999999999931e-08
6.340000000000000080e-01 3.173000000000000024e-08
6.350000000000000089e-01 3.169999999999999931e-08
6.360000000000000098e-01 3.166000000000000027e-08
6.370000000000000107e-01 3.182000000000000303e-08
6.380000000000000115e-01 3.197999999999999917e-08
6.390000000000000124e-01 3.189000000000000299e-08
6.400000000000000133e-01 3.180999999999999831e-08
6.410000000000000142e-01 3.155999999999999938e-08
6.419999999999999041e-01 3.131999999999999855e-08
6.430000000000000160e-01 3.151000000000000224e-08
6.440000000000000169e-01 3.171000000000000403e-08
6.450000000000000178e-01 3.141999999999999945e-08
6.460000000000000187e-01 3.113999999999999959e-08
6.470000000000000195e-01 3.094999999999999590e-08
6.480000000000000204e-01 3.075999999999999883e-08
6.489999999999999103e-01 3.088000000000000255e-08
6.500000000000000222e-01 3.099000000000000155e-08
6.510000000000000231e-01 3.113000000000000148e-08
6.519999999999999130e-01 3.127000000000000141e-08
6.530000000000000249e-01 3.123000000000000238e-08
6.540000000000000258e-01 3.117999999999999862e-08
6.550000000000000266e-01 3.023999999999999814e-08
6.560000000000000275e-01 2.930000000000000098e-08
6.570000000000000284e-01 2.928999999999999956e-08
6.580000000000000293e-01 2.928000000000000146e-08
6.589999999999999192e-01 3.011000000000000294e-08
6.600000000000000311e-01 3.094999999999999590e-08
6.610000000000000320e-01 3.103000000000000059e-08
6.619999999999999218e-01 3.110999999999999866e-08
6.630000000000000338e-01 3.106999999999999962e-08
6.640000000000000346e-01 3.103000000000000059e-08
6.650000000000000355e-01 3.081000000000000259e-08
6.659999999999999254e-01 3.058999999999999797e-08
6.670000000000000373e-01 3.066999999999999604e-08
6.680000000000000382e-01 3.075000000000000073e-08
6.689999999999999281e-01 3.063000000000000362e-08
6.700000000000000400e-01 3.050000000000000180e-08
6.710000000000000409e-01 3.030999999999999811e-08
6.719999999999999307e-01 3.012000000000000104e-08
6.729999999999999316e-01 3.023999999999999814e-08
6.740000000000000435e-01 3.034999999999999714e-08
6.750000000000000444e-01 3.030000000000000001e-08
6.759999999999999343e-01 3.024999999999999625e-08
6.770000000000000462e-01 3.046000000000000276e-08
6.780000000000000471e-01 3.066999999999999604e-08
6.789999999999999369e-01 3.036000000000000187e-08
6.799999999999999378e-01 3.005999999999999918e-08
6.810000000000000497e-01 3.011000000000000294e-08
6.819999999999999396e-01 3.016999999999999818e-08
6.829999999999999405e-01 3.061999999999999890e-08
6.840000000000000524e-01 3.107999999999999773e-08
6.850000000000000533e-01 3.016000000000000008e-08
6.859999999999999432e-01 2.925000000000000053e-08
6.870000000000000551e-01 2.888999999999999929e-08
6.880000000000000560e-01 2.853000000000000136e-08
6.889999999999999458e-01 2.880999999999999791e-08
6.899999999999999467e-01 2.910000000000000249e-08
6.910000000000000586e-01 2.939999999999999856e-08
6.919999999999999485e-01 2.968999999999999984e-08
6.929999999999999494e-01 2.921999999999999960e-08
6.940000000000000613e-01 2.875000000000000267e-08
6.950000000000000622e-01 2.895000000000000115e-08
6.959999999999999520e-01 2.914999999999999963e-08
6.969999999999999529e-01 2.900999999999999970e-08
6.980000000000000648e-01 2.886999999999999977e-08
6.989999999999999547e-01 2.869000000000000081e-08
6.999999999999999556e-01 2.850000000000000043e-08
7.010000000000000675e-01 2.838999999999999812e-08
7.019999999999999574e-01 2.827000000000000102e-08
7.029999999999999583e-01 2.824000000000000009e-08
7.039999999999999591e-01 2.819999999999999774e-08
7.050000000000000711e-01 2.807000000000000254e-08
7.059999999999999609e-01 2.792999999999999930e-08
7.069999999999999618e-01 2.782000000000000030e-08
7.080000000000000737e-01 2.770999999999999799e-08
7.089999999999999636e-01 2.776999999999999985e-08
7.099999999999999645e-01 2.783000000000000171e-08
7.109999999999999654e-01 2.775999999999999844e-08
7.120000000000000773e-01 2.768000000000000037e-08
7.129999999999999671e-01 2.748000000000000189e-08
7.139999999999999680e-01 2.728999999999999820e-08
7.150000000000000799e-01 2.735000000000000006e-08
7.159999999999999698e-01 2.741000000000000192e-08
7.169999999999999707e-01 2.672000000000000037e-08
7.180000000000000826e-01 2.602000000000000072e-08
7.189999999999999725e-01 2.529999999999999825e-08
7.199999999999999734e-01 2.458000000000000239e-08
7.209999999999999742e-01 2.553000000000000097e-08
7.220000000000000862e-01 2.647000000000000144e-08
7.229999999999999760e-01 2.641999999999999769e-08
7.239999999999999769e-01 2.637000000000000055e-08
7.250000000000000888e-01 2.603000000000000214e-08
7.259999999999999787e-01 2.568000000000000231e-08
7.269999999999999796e-01 2.579999999999999941e-08
7.279999999999999805e-01 2.590999999999999841e-08
7.289999999999999813e-01 2.590999999999999841e-08
7.299999999999999822e-01 2.590000000000000031e-08
7.309999999999999831e-01 2.588999999999999890e-08
7.320000000000000950e-01 2.588000000000000079e-08
7.329999999999999849e-01 2.602000000000000072e-08
7.339999999999999858e-01 2.616999999999999876e-08
7.349999999999999867e-01 2.614999999999999924e-08
7.359999999999999876e-01 2.612999999999999972e-08
7.369999999999999885e-01 2.586999999999999938e-08
7.379999999999999893e-01 2.562000000000000045e-08
7.389999999999999902e-01 2.557000000000000000e-08
7.399999999999999911e-01 2.551999999999999955e-08
7.409999999999999920e-01 2.548000000000000052e-08
7.419999999999999929e-01 2.544999999999999959e-08
7.429999999999999938e-01 2.553000000000000097e-08
7.439999999999999947e-01 2.561000000000000235e-08
7.449999999999999956e-01 2.572000000000000135e-08
7.459999999999999964e-01 2.583000000000000035e-08
7.469999999999999973e-01 2.557000000000000000e-08
7.479999999999999982e-01 2.531999999999999776e-08
7.489999999999999991e-01 2.517000000000000304e-08
7.500000000000000000e-01 2.502000000000000169e-08
7.510000000000000009e-01 2.483000000000000132e-08
7.520000000000000018e-01 2.463999999999999763e-08
7.530000000000000027e-01 2.476999999999999946e-08
7.540000000000000036e-01 2.488999999999999987e-08
7.550000000000000044e-01 2.471999999999999901e-08
7.560000000000000053e-01 2.454999999999999815e-08
7.570000000000000062e-01 2.555000000000000048e-08
7.580000000000000071e-01 2.654999999999999951e-08
7.590000000000000080e-01 2.449000000000000290e-08
7.600000000000000089e-01 2.241999999999999827e-08
7.610000000000000098e-01 2.166000000000000006e-08
7.620000000000000107e-01 2.089999999999999855e-08
7.630000000000000115e-01 2.212000000000000220e-08
7.640000000000000124e-01 2.333999999999999922e-08
7.650000000000000133e-01 2.319999999999999929e-08
7.659999999999999032e-01 2.305000000000000126e-08
7.670000000000000151e-01 2.274999999999999857e-08
7.680000000000000160e-01 2.244000000000000109e-08
7.690000000000000169e-01 2.302999999999999843e-08
7.700000000000000178e-01 2.360999999999999767e-08
7.710000000000000187e-01 2.386999999999999801e-08
7.720000000000000195e-01 2.414000000000000308e-08
7.730000000000000204e-01 2.377000000000000043e-08
7.740000000000000213e-01 2.340000000000000109e-08
7.750000000000000222e-01 2.335000000000000064e-08
7.759999999999999121e-01 2.330000000000000019e-08
7.770000000000000240e-01 2.330000000000000019e-08
7.780000000000000249e-01 2.329000000000000209e-08
7.790000000000000258e-01 2.349000000000000057e-08
7.800000000000000266e-01 2.368000000000000095e-08
7.810000000000000275e-01 2.360999999999999767e-08
7.820000000000000284e-01 2.353999999999999771e-08
7.829999999999999183e-01 2.365000000000000002e-08
7.840000000000000302e-01 2.375000000000000091e-08
7.850000000000000311e-01 2.360999999999999767e-08
7.859999999999999210e-01 2.346000000000000295e-08
7.870000000000000329e-01 2.333000000000000112e-08
7.880000000000000338e-01 2.319999999999999929e-08
7.890000000000000346e-01 2.298999999999999940e-08
7.899999999999999245e-01 2.276999999999999809e-08
7.910000000000000364e-01 2.263999999999999957e-08
7.920000000000000373e-01 2.250999999999999775e-08
7.929999999999999272e-01 2.239000000000000064e-08
7.940000000000000391e-01 2.227000000000000023e-08
7.950000000000000400e-01 2.211000000000000078e-08
7.959999999999999298e-01 2.193999999999999992e-08
7.969999999999999307e-01 2.213999999999999841e-08
7.980000000000000426e-01 2.234000000000000020e-08
7.990000000000000435e-01 2.245000000000000250e-08
7.999999999999999334e-01 2.256000000000000150e-08
8.010000000000000453e-01 2.224999999999999740e-08
8.020000000000000462e-01 2.193000000000000182e-08
8.029999999999999361e-01 2.202999999999999941e-08
8.040000000000000480e-01 2.212000000000000220e-08
8.050000000000000488e-01 2.230000000000000116e-08
8.059999999999999387e-01 2.247000000000000202e-08
8.069999999999999396e-01 2.244000000000000109e-08
8.080000000000000515e-01 2.241000000000000016e-08
8.090000000000000524e-01 2.208999999999999796e-08
8.099999999999999423e-01 2.176000000000000096e-08
8.110000000000000542e-01 2.220000000000000027e-08
8.120000000000000551e-01 2.263000000000000147e-08
8.129999999999999449e-01 2.178000000000000048e-08
8.139999999999999458e-01 2.092999999999999948e-08
8.150000000000000577e-01 2.026999999999999887e-08
8.159999999999999476e-01 1.961999999999999966e-08
8.169999999999999485e-01 1.947999999999999973e-08
8.180000000000000604e-01 1.933999999999999980e-08
8.190000000000000613e-01 2.050999999999999969e-08
8.199999999999999512e-01 2.166999999999999817e-08
8.209999999999999520e-01 2.183999999999999903e-08
8.220000000000000639e-01 2.200999999999999989e-08
8.229999999999999538e-01 2.134000000000000117e-08
8.239999999999999547e-01 2.068000000000000055e-08
8.250000000000000666e-01 2.132999999999999975e-08
8.259999999999999565e-01 2.197000000000000085e-08
8.269999999999999574e-01 2.140999999999999782e-08
8.279999999999999583e-01 2.085000000000000141e-08
8.290000000000000702e-01 2.059000000000000107e-08
8.299999999999999600e-01 2.033999999999999883e-08
8.309999999999999609e-01 2.035000000000000024e-08
8.320000000000000728e-01 2.036999999999999976e-08
8.329999999999999627e-01 2.050999999999999969e-08
8.339999999999999636e-01 2.065000000000000293e-08
8.350000000000000755e-01 2.075000000000000052e-08
8.360000000000000764e-01 2.085000000000000141e-08
8.369999999999999662e-01 2.100000000000000276e-08
8.379999999999999671e-01 2.113999999999999938e-08
8.390000000000000790e-01 2.122000000000000075e-08
8.399999999999999689e-01 2.129000000000000072e-08
8.409999999999999698e-01 2.104999999999999989e-08
8.420000000000000817e-01 2.082000000000000048e-08
8.429999999999999716e-01 2.050999999999999969e-08
8.439999999999999725e-01 2.021000000000000031e-08
8.449999999999999734e-01 2.067000000000000245e-08
8.460000000000000853e-01 2.112999999999999796e-08
8.469999999999999751e-01 2.057999999999999966e-08
8.479999999999999760e-01 2.002999999999999804e-08
8.490000000000000879e-01 1.999000000000000231e-08
8.499999999999999778e-01 1.993999999999999856e-08
8.509999999999999787e-01 2.019999999999999890e-08
8.519999999999999796e-01 2.044999999999999783e-08
8.529999999999999805e-01 1.969999999999999773e-08
8.539999999999999813e-01 1.893999999999999953e-08
8.549999999999999822e-01 1.890999999999999860e-08
8.560000000000000941e-01 1.888000000000000098e-08
8.569999999999999840e-01 1.934999999999999791e-08
8.579999999999999849e-01 1.982000000000000145e-08
8.589999999999999858e-01 2.002999999999999804e-08
8.599999999999999867e-01 2.024000000000000124e-08
8.609999999999999876e-01 2.070000000000000007e-08
8.619999999999999885e-01 2.117000000000000031e-08
8.629999999999999893e-01 2.125000000000000169e-08
8.639999999999999902e-01 2.131999999999999834e-08
8.649999999999999911e-01 2.033999999999999883e-08
8.660000000000001030e-01 1.935999999999999932e-08
8.669999999999999929e-01 1.901999999999999760e-08
8.679999999999999938e-01 1.867999999999999919e-08
8.689999999999999947e-01 1.898999999999999998e-08
8.699999999999999956e-01 1.930000000000000077e-08
8.709999999999999964e-01 1.942000000000000118e-08
8.719999999999999973e-01 1.953999999999999828e-08
8.729999999999999982e-01 1.940000000000000166e-08
8.739999999999999991e-01 1.925999999999999842e-08
8.750000000000000000e-01 1.935999999999999932e-08
8.760000000000000009e-01 1.944999999999999880e-08
8.770000000000000018e-01 1.939000000000000025e-08
8.780000000000000027e-01 1.932999999999999839e-08
8.790000000000000036e-01 1.916999999999999894e-08
8.800000000000000044e-01 1.901999999999999760e-08
8.810000000000000053e-01 1.868999999999999729e-08
8.820000000000000062e-01 1.836000000000000029e-08
8.830000000000000071e-01 1.885000000000000005e-08
8.840000000000000080e-01 1.933999999999999980e-08
8.850000000000000089e-01 1.904000000000000042e-08
8.860000000000000098e-01 1.874999999999999915e-08
8.870000000000000107e-01 1.865000000000000156e-08
8.880000000000000115e-01 1.855999999999999877e-08
8.890000000000000124e-01 1.876999999999999867e-08
8.899999999999999023e-01 1.897000000000000046e-08
8.910000000000000142e-01 1.878000000000000008e-08
8.920000000000000151e-01 1.858999999999999970e-08
8.930000000000000160e-01 1.874999999999999915e-08
8.940000000000000169e-01 1.890999999999999860e-08
8.950000000000000178e-01 1.846999999999999929e-08
8.960000000000000187e-01 1.802999999999999998e-08
8.970000000000000195e-01 1.759000000000000068e-08
8.980000000000000204e-01 1.714999999999999806e-08
8.990000000000000213e-01 1.712000000000000044e-08
8.999999999999999112e-01 1.708000000000000140e-08
9.010000000000000231e-01 1.774999999999999681e-08
9.020000000000000240e-01 1.841000000000000074e-08
9.030000000000000249e-01 1.926999999999999984e-08
9.040000000000000258e-01 2.011999999999999752e-08
9.050000000000000266e-01 1.975999999999999959e-08
9.060000000000000275e-01 1.940000000000000166e-08
9.069999999999999174e-01 1.844999999999999977e-08
9.080000000000000293e-01 1.750000000000000119e-08
9.090000000000000302e-01 1.738000000000000078e-08
9.099999999999999201e-01 1.726000000000000037e-08
9.110000000000000320e-01 1.712999999999999854e-08
9.120000000000000329e-01 1.699000000000000192e-08
9.130000000000000338e-01 1.628999999999999896e-08
9.139999999999999236e-01 1.558000000000000121e-08
9.150000000000000355e-01 1.585999999999999776e-08
9.160000000000000364e-01 1.614000000000000093e-08
9.169999999999999263e-01 1.657000000000000213e-08
9.180000000000000382e-01 1.699000000000000192e-08
9.190000000000000391e-01 1.717000000000000089e-08
9.199999999999999289e-01 1.736000000000000126e-08
9.209999999999999298e-01 1.738999999999999888e-08
9.220000000000000417e-01 1.743000000000000123e-08
9.230000000000000426e-01 1.697999999999999720e-08
9.239999999999999325e-01 1.653999999999999789e-08
9.250000000000000444e-01 1.679999999999999823e-08
9.260000000000000453e-01 1.706999999999999999e-08
9.269999999999999352e-01 1.819000000000000274e-08
9.280000000000000471e-01 1.931000000000000218e-08
9.290000000000000480e-01 1.797000000000000143e-08
9.299999999999999378e-01 1.662999999999999737e-08
9.309999999999999387e-01 1.537999999999999942e-08
9.320000000000000506e-01 1.413999999999999956e-08
9.330000000000000515e-01 1.352000000000000129e-08
9.339999999999999414e-01 1.290999999999999947e-08
9.350000000000000533e-01 1.291999999999999922e-08
9.360000000000000542e-01 1.293000000000000064e-08
9.369999999999999440e-01 1.514000000000000190e-08
9.379999999999999449e-01 1.734999999999999985e-08
9.390000000000000568e-01 1.872999999999999963e-08
9.399999999999999467e-01 2.010999999999999942e-08
9.409999999999999476e-01 1.876999999999999867e-08
9.420000000000000595e-01 1.743999999999999933e-08
9.430000000000000604e-01 1.693000000000000006e-08
9.439999999999999503e-01 1.642999999999999889e-08
9.449999999999999512e-01 1.633999999999999941e-08
9.460000000000000631e-01 1.626000000000000134e-08
9.469999999999999529e-01 1.694000000000000147e-08
9.479999999999999538e-01 1.761000000000000019e-08
9.490000000000000657e-01 1.747999999999999837e-08
9.499999999999999556e-01 1.734000000000000175e-08
9.509999999999999565e-01 1.736000000000000126e-08
9.519999999999999574e-01 1.736999999999999937e-08
9.530000000000000693e-01 1.712999999999999854e-08
9.540000000000000702e-01 1.687999999999999961e-08
9.549999999999999600e-01 1.713999999999999995e-08
9.560000000000000719e-01 1.740000000000000030e-08
9.569999999999998508e-01 1.683000000000000247e-08
9.579999999999999627e-01 1.624999999999999993e-08
9.590000000000000746e-01 1.577999999999999969e-08
9.599999999999999645e-01 1.530999999999999945e-08
9.609999999999999654e-01 1.515000000000000000e-08
9.620000000000000773e-01 1.499999999999999866e-08
9.629999999999999671e-01 1.516000000000000142e-08
9.639999999999999680e-01 1.532000000000000086e-08
9.650000000000000799e-01 1.555999999999999838e-08
9.659999999999999698e-01 1.580000000000000251e-08
9.669999999999999707e-01 1.602000000000000051e-08
9.680000000000000826e-01 1.624999999999999993e-08
9.689999999999999725e-01 1.615000000000000234e-08
9.700000000000000844e-01 1.606000000000000286e-08
9.710000000000000853e-01 1.606000000000000286e-08
9.719999999999999751e-01 1.604999999999999814e-08
9.730000000000000870e-01 1.546999999999999890e-08
9.739999999999998659e-01 1.488999999999999966e-08
9.749999999999999778e-01 1.452000000000000032e-08
9.760000000000000897e-01 1.414999999999999932e-08
9.769999999999998685e-01 1.412999999999999980e-08
9.779999999999999805e-01 1.410999999999999863e-08
9.790000000000000924e-01 1.455999999999999935e-08
9.799999999999999822e-01 1.502000000000000149e-08
9.809999999999999831e-01 1.469999999999999928e-08
9.820000000000000950e-01 1.437000000000000063e-08
9.829999999999999849e-01 1.466000000000000025e-08
9.839999999999999858e-01 1.495999999999999962e-08
9.850000000000000977e-01 1.468999999999999952e-08
9.859999999999999876e-01 1.442000000000000108e-08
9.869999999999999885e-01 1.473999999999999997e-08
9.879999999999998783e-01 1.504999999999999911e-08
9.889999999999999902e-01 1.493000000000000200e-08
9.900000000000001021e-01 1.480999999999999994e-08
9.909999999999998810e-01 1.474999999999999973e-08
9.919999999999999929e-01 1.469999999999999928e-08
9.930000000000001048e-01 1.455000000000000125e-08
9.939999999999998836e-01 1.439999999999999990e-08
9.949999999999999956e-01 1.446999999999999987e-08
9.960000000000001075e-01 1.453000000000000008e-08
9.969999999999998863e-01 1.444999999999999870e-08
9.979999999999999982e-01 1.438000000000000039e-08
9.990000000000001101e-01 1.427999999999999949e-08
1.000000000000000000e+00 1.418000000000000025e-08
1.001000000000000112e+00 1.440999999999999966e-08
1.002000000000000002e+00 1.465000000000000049e-08
1.002999999999999892e+00 1.419000000000000001e-08
1.004000000000000004e+00 1.372999999999999953e-08
1.004999999999999893e+00 1.350999999999999988e-08
1.006000000000000005e+00 1.328000000000000046e-08
1.007000000000000117e+00 1.339000000000000112e-08
1.008000000000000007e+00 1.350000000000000012e-08
1.008999999999999897e+00 1.362000000000000053e-08
1.010000000000000009e+00 1.374000000000000094e-08
1.010999999999999899e+00 1.367999999999999908e-08
1.012000000000000011e+00 1.362000000000000053e-08
1.013000000000000123e+00 1.341000000000000063e-08
1.014000000000000012e+00 1.320000000000000074e-08
1.015000000000000124e+00 1.328000000000000046e-08
1.016000000000000014e+00 1.336999999999999995e-08
1.016999999999999904e+00 1.328000000000000046e-08
1.018000000000000016e+00 1.319000000000000098e-08
1.018999999999999906e+00 1.314000000000000053e-08
1.020000000000000018e+00 1.309999999999999984e-08
1.021000000000000130e+00 1.329999999999999998e-08
1.022000000000000020e+00 1.350000000000000012e-08
1.022999999999999909e+00 1.316000000000000005e-08
1.024000000000000021e+00 1.281000000000000023e-08
1.024999999999999911e+00 1.295000000000000016e-08
1.026000000000000023e+00 1.308000000000000033e-08
1.027000000000000135e+00 1.343999999999999991e-08
1.028000000000000025e+00 1.379999999999999949e-08
1.028999999999999915e+00 1.365999999999999956e-08
1.030000000000000027e+00 1.353000000000000105e-08
1.030999999999999917e+00 1.316999999999999981e-08
1.032000000000000028e+00 1.280000000000000047e-08
1.033000000000000140e+00 1.302000000000000012e-08
1.034000000000000030e+00 1.323999999999999977e-08
1.035000000000000142e+00 1.339000000000000112e-08
1.035999999999999810e+00 1.354999999999999891e-08
1.036999999999999922e+00 1.354999999999999891e-08
1.038000000000000034e+00 1.355999999999999867e-08
1.038999999999999924e+00 1.342999999999999850e-08
1.040000000000000036e+00 1.331000000000000139e-08
1.041000000000000147e+00 1.342999999999999850e-08
1.042000000000000037e+00 1.353999999999999915e-08
1.042999999999999927e+00 1.353999999999999915e-08
1.044000000000000039e+00 1.353000000000000105e-08
1.044999999999999929e+00 1.323000000000000002e-08
1.046000000000000041e+00 1.291999999999999922e-08
1.047000000000000153e+00 1.284000000000000116e-08
1.048000000000000043e+00 1.275999999999999978e-08
1.048999999999999932e+00 1.336000000000000019e-08
1.049999999999999822e+00 1.396000000000000060e-08
