3.004000000000000004e-01 2.888999999999999901e-01
3.008000000000000118e-01 2.932000000000000162e-01
3.011999999999999678e-01 2.931000000000000272e-01
3.016000000000000347e-01 2.927000000000000157e-01
3.019999999999999907e-01 2.978999999999999981e-01
3.024000000000000021e-01 2.968999999999999972e-01
3.028000000000000136e-01 2.919999999999999818e-01
3.031999999999999695e-01 2.883000000000000007e-01
3.036000000000000365e-01 2.851000000000000201e-01
3.039999999999999925e-01 2.848999999999999866e-01
3.044000000000000039e-01 2.872000000000000108e-01
3.048000000000000154e-01 2.856000000000000205e-01
3.051999999999999713e-01 2.856000000000000205e-01
3.056000000000000383e-01 2.857000000000000095e-01
3.059999999999999942e-01 2.839999999999999747e-01
3.064000000000000057e-01 2.808999999999999830e-01
3.068000000000000171e-01 2.797000000000000042e-01
3.071999999999999731e-01 2.802000000000000046e-01
3.076000000000000401e-01 2.803999999999999826e-01
3.079999999999999960e-01 2.811000000000000165e-01
3.084000000000000075e-01 2.797999999999999932e-01
3.088000000000000189e-01 2.785000000000000253e-01
3.091999999999999749e-01 2.786000000000000143e-01
3.096000000000000418e-01 2.795000000000000262e-01
3.099999999999999978e-01 2.803999999999999826e-01
3.104000000000000092e-01 2.752999999999999892e-01
3.108000000000000207e-01 2.703999999999999737e-01
3.111999999999999766e-01 2.703999999999999737e-01
3.116000000000000436e-01 2.722999999999999865e-01
3.119999999999999996e-01 2.736000000000000099e-01
3.124000000000000110e-01 2.730000000000000204e-01
3.128000000000000225e-01 2.727999999999999869e-01
3.131999999999999784e-01 2.726000000000000090e-01
3.136000000000000454e-01 2.716000000000000081e-01
3.140000000000000013e-01 2.712999999999999856e-01
3.143999999999999573e-01 2.740000000000000213e-01
3.148000000000000242e-01 2.706000000000000072e-01
3.151999999999999802e-01 2.691999999999999948e-01
3.156000000000000472e-01 2.736000000000000099e-01
3.160000000000000031e-01 2.750000000000000222e-01
3.163999999999999591e-01 2.701000000000000068e-01
3.168000000000000260e-01 2.687999999999999834e-01
3.171999999999999820e-01 2.681999999999999940e-01
3.176000000000000489e-01 2.706999999999999962e-01
3.180000000000000049e-01 2.750000000000000222e-01
3.183999999999999608e-01 2.731000000000000094e-01
3.188000000000000278e-01 2.706999999999999962e-01
3.191999999999999837e-01 2.735000000000000209e-01
3.196000000000000507e-01 2.725000000000000200e-01
3.200000000000000067e-01 2.695000000000000173e-01
3.203999999999999626e-01 2.692999999999999838e-01
3.208000000000000296e-01 2.721000000000000085e-01
3.211999999999999855e-01 2.761000000000000121e-01
3.216000000000000525e-01 2.727999999999999869e-01
3.220000000000000084e-01 2.711000000000000076e-01
3.223999999999999644e-01 2.741999999999999993e-01
3.228000000000000314e-01 2.762999999999999901e-01
3.231999999999999873e-01 2.738999999999999768e-01
3.236000000000000543e-01 2.736999999999999988e-01
3.240000000000000102e-01 2.712999999999999856e-01
3.243999999999999662e-01 2.715000000000000191e-01
3.248000000000000331e-01 2.741000000000000103e-01
3.251999999999999891e-01 2.723999999999999755e-01
3.256000000000000560e-01 2.696999999999999953e-01
3.260000000000000120e-01 2.706000000000000072e-01
3.263999999999999679e-01 2.725000000000000200e-01
3.268000000000000349e-01 2.716000000000000081e-01
3.271999999999999909e-01 2.720000000000000195e-01
3.276000000000000023e-01 2.717999999999999861e-01
3.280000000000000138e-01 2.733999999999999764e-01
3.283999999999999697e-01 2.736000000000000099e-01
3.288000000000000367e-01 2.742999999999999883e-01
3.291999999999999926e-01 2.715000000000000191e-01
3.296000000000000041e-01 2.717999999999999861e-01
3.300000000000000155e-01 2.725000000000000200e-01
3.303999999999999715e-01 2.762000000000000011e-01
3.308000000000000385e-01 2.767999999999999905e-01
3.311999999999999944e-01 2.753999999999999782e-01
3.316000000000000059e-01 2.760000000000000231e-01
3.320000000000000173e-01 2.760000000000000231e-01
3.323999999999999733e-01 2.776000000000000134e-01
3.328000000000000402e-01 2.772000000000000020e-01
3.331999999999999962e-01 2.783999999999999808e-01
3.336000000000000076e-01 2.805000000000000271e-01
3.340000000000000191e-01 2.787000000000000033e-01
3.343999999999999750e-01 2.767999999999999905e-01
3.348000000000000420e-01 2.773999999999999799e-01
3.351999999999999980e-01 2.770000000000000240e-01
3.356000000000000094e-01 2.776000000000000134e-01
3.360000000000000209e-01 2.856000000000000205e-01
3.363999999999999768e-01 2.816000000000000170e-01
3.368000000000000438e-01 2.833999999999999853e-01
3.371999999999999997e-01 2.844999999999999751e-01
3.376000000000000112e-01 2.796000000000000152e-01
3.380000000000000226e-01 2.826000000000000179e-01
3.383999999999999786e-01 2.797999999999999932e-01
3.388000000000000456e-01 2.798999999999999821e-01
3.392000000000000015e-01 2.827000000000000068e-01
3.396000000000000130e-01 2.812000000000000055e-01
3.400000000000000244e-01 2.787000000000000033e-01
3.403999999999999804e-01 2.808999999999999830e-01
3.407999999999999918e-01 2.822000000000000064e-01
3.412000000000000033e-01 2.827999999999999958e-01
3.416000000000000147e-01 2.842999999999999972e-01
3.420000000000000262e-01 2.813999999999999835e-01
3.423999999999999821e-01 2.839999999999999747e-01
3.427999999999999936e-01 2.818999999999999839e-01
3.432000000000000051e-01 2.812999999999999945e-01
3.436000000000000165e-01 2.836000000000000187e-01
3.440000000000000280e-01 2.896000000000000241e-01
3.443999999999999839e-01 2.908999999999999919e-01
3.447999999999999954e-01 2.857000000000000095e-01
3.452000000000000068e-01 2.857999999999999985e-01
3.456000000000000183e-01 2.873999999999999888e-01
3.460000000000000298e-01 2.896000000000000241e-01
3.463999999999999857e-01 2.867999999999999994e-01
3.467999999999999972e-01 2.871000000000000218e-01
3.472000000000000086e-01 2.884999999999999787e-01
3.476000000000000201e-01 2.913000000000000034e-01
3.480000000000000315e-01 2.863999999999999879e-01
3.483999999999999875e-01 2.882000000000000117e-01
3.487999999999999989e-01 2.892000000000000126e-01
3.492000000000000104e-01 2.928000000000000047e-01
3.496000000000000218e-01 2.903999999999999915e-01
3.500000000000000333e-01 2.878999999999999893e-01
3.503999999999999893e-01 2.879999999999999782e-01
3.508000000000000007e-01 2.903000000000000025e-01
3.512000000000000122e-01 2.913000000000000034e-01
3.516000000000000236e-01 2.901000000000000245e-01
3.519999999999999796e-01 2.913000000000000034e-01
3.523999999999999910e-01 2.973000000000000087e-01
3.528000000000000025e-01 2.937000000000000166e-01
3.532000000000000139e-01 2.916000000000000258e-01
3.536000000000000254e-01 2.918999999999999928e-01
3.539999999999999813e-01 2.918000000000000038e-01
3.543999999999999928e-01 2.921000000000000263e-01
3.548000000000000043e-01 2.923000000000000043e-01
3.552000000000000157e-01 2.940999999999999726e-01
3.556000000000000272e-01 2.948999999999999955e-01
3.559999999999999831e-01 2.938999999999999946e-01
3.563999999999999946e-01 2.964999999999999858e-01
3.568000000000000060e-01 3.019999999999999907e-01
3.572000000000000175e-01 3.000999999999999779e-01
3.576000000000000290e-01 2.989999999999999880e-01
3.579999999999999849e-01 3.057000000000000273e-01
3.583999999999999964e-01 3.063000000000000167e-01
3.588000000000000078e-01 3.018000000000000127e-01
3.592000000000000193e-01 2.965999999999999748e-01
3.596000000000000307e-01 2.968000000000000083e-01
3.599999999999999867e-01 2.974999999999999867e-01
3.603999999999999981e-01 3.025999999999999801e-01
3.608000000000000096e-01 3.044999999999999929e-01
3.612000000000000210e-01 3.034999999999999920e-01
3.616000000000000325e-01 3.025999999999999801e-01
3.619999999999999885e-01 3.044000000000000039e-01
3.623999999999999999e-01 2.993999999999999995e-01
3.628000000000000114e-01 3.004999999999999893e-01
3.632000000000000228e-01 3.057000000000000273e-01
3.636000000000000343e-01 3.015999999999999792e-01
3.639999999999999902e-01 3.010999999999999788e-01
3.644000000000000017e-01 3.053000000000000158e-01
3.648000000000000131e-01 3.064999999999999947e-01
3.651999999999999691e-01 3.023000000000000131e-01
3.656000000000000361e-01 3.010999999999999788e-01
3.659999999999999920e-01 3.012000000000000233e-01
3.664000000000000035e-01 3.024999999999999911e-01
3.668000000000000149e-01 3.033000000000000140e-01
3.671999999999999709e-01 3.044000000000000039e-01
3.676000000000000378e-01 3.055999999999999828e-01
3.679999999999999938e-01 3.075999999999999845e-01
3.684000000000000052e-01 3.062000000000000277e-01
3.688000000000000167e-01 3.073000000000000176e-01
3.691999999999999726e-01 3.045999999999999819e-01
3.696000000000000396e-01 3.065999999999999837e-01
3.699999999999999956e-01 3.070999999999999841e-01
3.704000000000000070e-01 3.125000000000000000e-01
3.708000000000000185e-01 3.130000000000000004e-01
3.711999999999999744e-01 3.079000000000000070e-01
3.716000000000000414e-01 3.105999999999999872e-01
3.719999999999999973e-01 3.171999999999999820e-01
3.724000000000000088e-01 3.125000000000000000e-01
3.728000000000000203e-01 3.125000000000000000e-01
3.731999999999999762e-01 3.176999999999999824e-01
3.736000000000000432e-01 3.216999999999999860e-01
3.739999999999999991e-01 3.158000000000000251e-01
3.744000000000000106e-01 3.219000000000000195e-01
3.748000000000000220e-01 3.229000000000000203e-01
3.751999999999999780e-01 3.148000000000000242e-01
3.756000000000000449e-01 3.144000000000000128e-01
3.760000000000000009e-01 3.205000000000000071e-01
3.764000000000000123e-01 3.186999999999999833e-01
3.768000000000000238e-01 3.185000000000000053e-01
3.771999999999999797e-01 3.160000000000000031e-01
3.776000000000000467e-01 3.158000000000000251e-01
3.780000000000000027e-01 3.166999999999999815e-01
3.783999999999999586e-01 3.178000000000000269e-01
3.788000000000000256e-01 3.210000000000000075e-01
3.791999999999999815e-01 3.206999999999999851e-01
3.796000000000000485e-01 3.222999999999999754e-01
3.800000000000000044e-01 3.204000000000000181e-01
3.803999999999999604e-01 3.180000000000000049e-01
3.808000000000000274e-01 3.215999999999999970e-01
3.811999999999999833e-01 3.227999999999999758e-01
3.816000000000000503e-01 3.280000000000000138e-01
3.820000000000000062e-01 3.275000000000000133e-01
3.823999999999999622e-01 3.305000000000000160e-01
3.828000000000000291e-01 3.343999999999999750e-01
3.831999999999999851e-01 3.331999999999999962e-01
3.836000000000000520e-01 3.338999999999999746e-01
3.840000000000000080e-01 3.305000000000000160e-01
3.843999999999999639e-01 3.242999999999999772e-01
3.848000000000000309e-01 3.252999999999999781e-01
3.851999999999999869e-01 3.274000000000000243e-01
3.856000000000000538e-01 3.297999999999999821e-01
3.860000000000000098e-01 3.320000000000000173e-01
3.863999999999999657e-01 3.287999999999999812e-01
3.868000000000000327e-01 3.313999999999999724e-01
3.871999999999999886e-01 3.316999999999999948e-01
3.876000000000000556e-01 3.286000000000000032e-01
3.880000000000000115e-01 3.326000000000000068e-01
3.883999999999999675e-01 3.326000000000000068e-01
3.888000000000000345e-01 3.341999999999999971e-01
3.891999999999999904e-01 3.317999999999999838e-01
3.896000000000000574e-01 3.342999999999999861e-01
3.900000000000000133e-01 3.366999999999999993e-01
3.903999999999999693e-01 3.366999999999999993e-01
3.908000000000000362e-01 3.336999999999999966e-01
3.911999999999999922e-01 3.326999999999999957e-01
3.916000000000000036e-01 3.351999999999999980e-01
3.920000000000000151e-01 3.371999999999999997e-01
3.923999999999999710e-01 3.397999999999999909e-01
3.928000000000000380e-01 3.481000000000000205e-01
3.931999999999999940e-01 3.568000000000000060e-01
3.936000000000000054e-01 3.497999999999999998e-01
3.940000000000000169e-01 3.428999999999999826e-01
3.943999999999999728e-01 3.438999999999999835e-01
3.948000000000000398e-01 3.417999999999999927e-01
3.951999999999999957e-01 3.413999999999999813e-01
3.956000000000000072e-01 3.428999999999999826e-01
3.960000000000000187e-01 3.462000000000000077e-01
3.963999999999999746e-01 3.558000000000000052e-01
3.968000000000000416e-01 3.603999999999999981e-01
3.971999999999999975e-01 3.493999999999999884e-01
3.976000000000000090e-01 3.433999999999999830e-01
3.980000000000000204e-01 3.432999999999999940e-01
3.983999999999999764e-01 3.442999999999999949e-01
3.988000000000000433e-01 3.435000000000000275e-01
3.991999999999999993e-01 3.435000000000000275e-01
3.996000000000000107e-01 3.447000000000000064e-01
4.000000000000000222e-01 3.458999999999999853e-01
4.003999999999999782e-01 3.467999999999999972e-01
4.008000000000000451e-01 3.468999999999999861e-01
4.012000000000000011e-01 3.452000000000000068e-01
4.016000000000000125e-01 3.462999999999999967e-01
4.020000000000000240e-01 3.459999999999999742e-01
4.023999999999999799e-01 3.462000000000000077e-01
4.028000000000000469e-01 3.477999999999999980e-01
4.032000000000000028e-01 3.513999999999999901e-01
4.036000000000000143e-01 3.503999999999999893e-01
4.040000000000000258e-01 3.519999999999999796e-01
4.043999999999999817e-01 3.554999999999999827e-01
4.047999999999999932e-01 3.548000000000000043e-01
4.052000000000000046e-01 3.532000000000000139e-01
4.056000000000000161e-01 3.553999999999999937e-01
4.060000000000000275e-01 3.551000000000000267e-01
4.063999999999999835e-01 3.567000000000000171e-01
4.067999999999999949e-01 3.558999999999999941e-01
4.072000000000000064e-01 3.587000000000000188e-01
4.076000000000000179e-01 3.594999999999999862e-01
4.080000000000000293e-01 3.588999999999999968e-01
4.083999999999999853e-01 3.575999999999999734e-01
4.087999999999999967e-01 3.583000000000000074e-01
4.092000000000000082e-01 3.593000000000000083e-01
4.096000000000000196e-01 3.622000000000000219e-01
4.100000000000000311e-01 3.633000000000000118e-01
4.103999999999999870e-01 3.615999999999999770e-01
4.107999999999999985e-01 3.608999999999999986e-01
4.112000000000000099e-01 3.638000000000000123e-01
4.116000000000000214e-01 3.639000000000000012e-01
4.120000000000000329e-01 3.653000000000000136e-01
4.123999999999999888e-01 3.657000000000000250e-01
4.128000000000000003e-01 3.672000000000000264e-01
4.132000000000000117e-01 3.678000000000000158e-01
4.136000000000000232e-01 3.679000000000000048e-01
4.140000000000000346e-01 3.694000000000000061e-01
4.143999999999999906e-01 3.726999999999999758e-01
4.148000000000000020e-01 3.713000000000000189e-01
4.152000000000000135e-01 3.730999999999999872e-01
4.156000000000000250e-01 3.724000000000000088e-01
4.160000000000000364e-01 3.709999999999999964e-01
4.163999999999999924e-01 3.719999999999999973e-01
4.168000000000000038e-01 3.745999999999999885e-01
4.172000000000000153e-01 3.754000000000000115e-01
4.176000000000000267e-01 3.756999999999999784e-01
4.179999999999999827e-01 3.766999999999999793e-01
4.183999999999999941e-01 3.783000000000000251e-01
4.188000000000000056e-01 3.783000000000000251e-01
4.192000000000000171e-01 3.780999999999999917e-01
4.196000000000000285e-01 3.800000000000000044e-01
4.199999999999999845e-01 3.808000000000000274e-01
4.203999999999999959e-01 3.785999999999999921e-01
4.208000000000000074e-01 3.789000000000000146e-01
4.212000000000000188e-01 3.805000000000000049e-01
4.216000000000000303e-01 3.810999999999999943e-01
4.219999999999999862e-01 3.830000000000000071e-01
4.223999999999999977e-01 3.865000000000000102e-01
4.228000000000000091e-01 3.875000000000000111e-01
4.232000000000000206e-01 3.837999999999999745e-01
4.236000000000000321e-01 3.870999999999999996e-01
4.239999999999999880e-01 3.847999999999999754e-01
4.243999999999999995e-01 3.849000000000000199e-01
4.248000000000000109e-01 3.870999999999999996e-01
4.252000000000000224e-01 3.886000000000000010e-01
4.256000000000000338e-01 3.892999999999999794e-01
4.259999999999999898e-01 3.891999999999999904e-01
4.264000000000000012e-01 3.881000000000000005e-01
4.268000000000000127e-01 3.914000000000000257e-01
4.272000000000000242e-01 3.948999999999999733e-01
4.276000000000000356e-01 3.917999999999999816e-01
4.279999999999999916e-01 3.924000000000000266e-01
4.284000000000000030e-01 3.946000000000000063e-01
4.288000000000000145e-01 3.941999999999999948e-01
4.291999999999999704e-01 3.946000000000000063e-01
4.296000000000000374e-01 3.961999999999999966e-01
4.299999999999999933e-01 4.007999999999999896e-01
4.304000000000000048e-01 4.013999999999999790e-01
4.308000000000000163e-01 4.022000000000000020e-01
4.311999999999999722e-01 3.977999999999999869e-01
4.316000000000000392e-01 3.935000000000000164e-01
4.319999999999999951e-01 3.971999999999999975e-01
4.324000000000000066e-01 4.007999999999999896e-01
4.328000000000000180e-01 3.971000000000000085e-01
4.331999999999999740e-01 3.960000000000000187e-01
4.336000000000000409e-01 3.986000000000000099e-01
4.339999999999999969e-01 4.003999999999999782e-01
4.344000000000000083e-01 3.962999999999999856e-01
4.348000000000000198e-01 3.986999999999999988e-01
4.351999999999999758e-01 4.022000000000000020e-01
4.356000000000000427e-01 4.007000000000000006e-01
4.359999999999999987e-01 4.012999999999999901e-01
4.364000000000000101e-01 4.016000000000000125e-01
4.368000000000000216e-01 4.020000000000000240e-01
4.371999999999999775e-01 4.032000000000000028e-01
4.376000000000000445e-01 4.051000000000000156e-01
4.380000000000000004e-01 4.066000000000000170e-01
4.384000000000000119e-01 4.111000000000000210e-01
4.388000000000000234e-01 4.069999999999999729e-01
4.391999999999999793e-01 4.077999999999999958e-01
4.396000000000000463e-01 4.072000000000000064e-01
4.400000000000000022e-01 4.078999999999999848e-01
4.404000000000000137e-01 4.086000000000000187e-01
4.408000000000000251e-01 4.068999999999999839e-01
4.411999999999999811e-01 4.067999999999999949e-01
4.416000000000000481e-01 4.088999999999999857e-01
4.420000000000000040e-01 4.074999999999999734e-01
4.423999999999999599e-01 4.098999999999999866e-01
4.428000000000000269e-01 4.112000000000000099e-01
4.431999999999999829e-01 4.128000000000000003e-01
4.436000000000000498e-01 4.129999999999999782e-01
4.440000000000000058e-01 4.107999999999999985e-01
4.443999999999999617e-01 4.129999999999999782e-01
4.448000000000000287e-01 4.128000000000000003e-01
4.451999999999999846e-01 4.143000000000000016e-01
4.456000000000000516e-01 4.162000000000000144e-01
4.460000000000000075e-01 4.158999999999999919e-01
4.463999999999999635e-01 4.169999999999999818e-01
4.468000000000000305e-01 4.164999999999999813e-01
4.471999999999999864e-01 4.161000000000000254e-01
4.476000000000000534e-01 4.173000000000000043e-01
4.480000000000000093e-01 4.187000000000000166e-01
4.483999999999999653e-01 4.187000000000000166e-01
4.488000000000000322e-01 4.181000000000000272e-01
4.491999999999999882e-01 4.198999999999999955e-01
4.496000000000000552e-01 4.200999999999999734e-01
4.500000000000000111e-01 4.197000000000000175e-01
4.503999999999999670e-01 4.200999999999999734e-01
4.508000000000000340e-01 4.205999999999999739e-01
4.511999999999999900e-01 4.215999999999999748e-01
4.516000000000000569e-01 4.224999999999999867e-01
4.520000000000000129e-01 4.227000000000000202e-01
4.523999999999999688e-01 4.243999999999999995e-01
4.528000000000000358e-01 4.267000000000000237e-01
4.531999999999999917e-01 4.255999999999999783e-01
4.536000000000000587e-01 4.249999999999999889e-01
4.540000000000000147e-01 4.247000000000000219e-01
4.543999999999999706e-01 4.265999999999999792e-01
4.548000000000000376e-01 4.273000000000000131e-01
4.551999999999999935e-01 4.273000000000000131e-01
4.556000000000000050e-01 4.277000000000000246e-01
4.560000000000000164e-01 4.277000000000000246e-01
4.563999999999999724e-01 4.279000000000000026e-01
4.568000000000000393e-01 4.279999999999999916e-01
4.571999999999999953e-01 4.284999999999999920e-01
4.576000000000000068e-01 4.292000000000000259e-01
4.580000000000000182e-01 4.309000000000000052e-01
4.583999999999999742e-01 4.309000000000000052e-01
4.588000000000000411e-01 4.307000000000000273e-01
4.591999999999999971e-01 4.319000000000000061e-01
4.596000000000000085e-01 4.324999999999999956e-01
4.600000000000000200e-01 4.326999999999999735e-01
4.603999999999999759e-01 4.334000000000000075e-01
4.608000000000000429e-01 4.331999999999999740e-01
4.611999999999999988e-01 4.329999999999999960e-01
4.616000000000000103e-01 4.339000000000000079e-01
4.620000000000000218e-01 4.348000000000000198e-01
4.623999999999999777e-01 4.350999999999999868e-01
4.628000000000000447e-01 4.354999999999999982e-01
4.632000000000000006e-01 4.363000000000000211e-01
4.636000000000000121e-01 4.375999999999999890e-01
4.640000000000000235e-01 4.384000000000000119e-01
4.643999999999999795e-01 4.389000000000000123e-01
4.648000000000000465e-01 4.403000000000000247e-01
4.652000000000000024e-01 4.389000000000000123e-01
4.656000000000000139e-01 4.391999999999999793e-01
4.660000000000000253e-01 4.393000000000000238e-01
4.663999999999999813e-01 4.416999999999999815e-01
4.668000000000000482e-01 4.430999999999999939e-01
4.672000000000000042e-01 4.415000000000000036e-01
4.676000000000000156e-01 4.420999999999999930e-01
4.680000000000000271e-01 4.423000000000000265e-01
4.683999999999999830e-01 4.429000000000000159e-01
4.687999999999999945e-01 4.435999999999999943e-01
4.692000000000000060e-01 4.435999999999999943e-01
4.696000000000000174e-01 4.431999999999999829e-01
4.700000000000000289e-01 4.445000000000000062e-01
4.703999999999999848e-01 4.456999999999999851e-01
4.707999999999999963e-01 4.459000000000000186e-01
4.712000000000000077e-01 4.460000000000000075e-01
4.716000000000000192e-01 4.459000000000000186e-01
4.720000000000000306e-01 4.451999999999999846e-01
4.723999999999999866e-01 4.465999999999999970e-01
4.727999999999999980e-01 4.475000000000000089e-01
4.732000000000000095e-01 4.479000000000000203e-01
4.736000000000000210e-01 4.482999999999999763e-01
4.740000000000000324e-01 4.491999999999999882e-01
4.743999999999999884e-01 4.482999999999999763e-01
4.747999999999999998e-01 4.475999999999999979e-01
4.752000000000000113e-01 4.480000000000000093e-01
4.756000000000000227e-01 4.490999999999999992e-01
4.760000000000000342e-01 4.497999999999999776e-01
4.763999999999999901e-01 4.512999999999999790e-01
4.768000000000000016e-01 4.514000000000000234e-01
4.772000000000000131e-01 4.511999999999999900e-01
4.776000000000000245e-01 4.512999999999999790e-01
4.780000000000000360e-01 4.520000000000000129e-01
4.783999999999999919e-01 4.532999999999999807e-01
4.788000000000000034e-01 4.539000000000000257e-01
4.792000000000000148e-01 4.536999999999999922e-01
4.796000000000000263e-01 4.534000000000000252e-01
4.799999999999999822e-01 4.544000000000000261e-01
4.803999999999999937e-01 4.541000000000000036e-01
4.808000000000000052e-01 4.551000000000000045e-01
4.812000000000000166e-01 4.547999999999999821e-01
4.816000000000000281e-01 4.546000000000000041e-01
4.819999999999999840e-01 4.547999999999999821e-01
4.823999999999999955e-01 4.557999999999999829e-01
4.828000000000000069e-01 4.550000000000000155e-01
4.832000000000000184e-01 4.547999999999999821e-01
4.836000000000000298e-01 4.539000000000000257e-01
4.839999999999999858e-01 4.541000000000000036e-01
4.843999999999999972e-01 4.527999999999999803e-01
4.848000000000000087e-01 4.509000000000000230e-01
4.852000000000000202e-01 4.512999999999999790e-01
4.856000000000000316e-01 4.540000000000000147e-01
4.859999999999999876e-01 4.541999999999999926e-01
4.863999999999999990e-01 4.555000000000000160e-01
4.868000000000000105e-01 4.573999999999999733e-01
4.872000000000000219e-01 4.611999999999999988e-01
4.876000000000000334e-01 4.601999999999999980e-01
4.879999999999999893e-01 4.616999999999999993e-01
4.884000000000000008e-01 4.633999999999999786e-01
4.888000000000000123e-01 4.646000000000000130e-01
4.892000000000000237e-01 4.653999999999999804e-01
4.896000000000000352e-01 4.640000000000000235e-01
4.899999999999999911e-01 4.646000000000000130e-01
4.904000000000000026e-01 4.650000000000000244e-01
4.908000000000000140e-01 4.651000000000000134e-01
4.912000000000000255e-01 4.665000000000000258e-01
4.916000000000000369e-01 4.670000000000000262e-01
4.919999999999999929e-01 4.704999999999999738e-01
4.924000000000000044e-01 4.682000000000000051e-01
4.928000000000000158e-01 4.683999999999999830e-01
4.931999999999999718e-01 4.693999999999999839e-01
4.936000000000000387e-01 4.696000000000000174e-01
4.939999999999999947e-01 4.693999999999999839e-01
4.944000000000000061e-01 4.682999999999999940e-01
4.948000000000000176e-01 4.689999999999999725e-01
4.951999999999999735e-01 4.698999999999999844e-01
4.956000000000000405e-01 4.709999999999999742e-01
4.959999999999999964e-01 4.718999999999999861e-01
4.964000000000000079e-01 4.714999999999999747e-01
4.968000000000000194e-01 4.726000000000000201e-01
4.971999999999999753e-01 4.718999999999999861e-01
4.976000000000000423e-01 4.727000000000000091e-01
4.979999999999999982e-01 4.739999999999999769e-01
4.984000000000000097e-01 4.744999999999999774e-01
4.988000000000000211e-01 4.728999999999999870e-01
4.991999999999999771e-01 4.738999999999999879e-01
4.996000000000000441e-01 4.738999999999999879e-01
5.000000000000000000e-01 4.744999999999999774e-01
5.003999999999999559e-01 4.742999999999999994e-01
5.008000000000000229e-01 4.753000000000000003e-01
5.011999999999999789e-01 4.758000000000000007e-01
5.016000000000000458e-01 4.773000000000000020e-01
5.020000000000000018e-01 4.767000000000000126e-01
5.023999999999999577e-01 4.766000000000000236e-01
5.028000000000000247e-01 4.763999999999999901e-01
5.031999999999999806e-01 4.759999999999999787e-01
5.036000000000000476e-01 4.769999999999999796e-01
5.040000000000000036e-01 4.773999999999999910e-01
5.043999999999999595e-01 4.781000000000000250e-01
5.048000000000000265e-01 4.778000000000000025e-01
5.051999999999999824e-01 4.788000000000000034e-01
5.056000000000000494e-01 4.773000000000000020e-01
5.060000000000000053e-01 4.782000000000000139e-01
5.063999999999999613e-01 4.781000000000000250e-01
5.068000000000000282e-01 4.784999999999999809e-01
5.071999999999999842e-01 4.786000000000000254e-01
5.076000000000000512e-01 4.793999999999999928e-01
5.080000000000000071e-01 4.799999999999999822e-01
5.083999999999999631e-01 4.798999999999999932e-01
5.088000000000000300e-01 4.794999999999999818e-01
5.091999999999999860e-01 4.801000000000000267e-01
5.096000000000000529e-01 4.802000000000000157e-01
5.100000000000000089e-01 4.818000000000000060e-01
5.103999999999999648e-01 4.808000000000000052e-01
5.108000000000000318e-01 4.822000000000000175e-01
5.111999999999999877e-01 4.817000000000000171e-01
5.116000000000000547e-01 4.823000000000000065e-01
5.120000000000000107e-01 4.837000000000000188e-01
5.123999999999999666e-01 4.848000000000000087e-01
5.127999999999999226e-01 4.849999999999999867e-01
5.132000000000001005e-01 4.852000000000000202e-01
5.136000000000000565e-01 4.858999999999999986e-01
5.140000000000000124e-01 4.878000000000000114e-01
5.143999999999999684e-01 4.883000000000000118e-01
5.147999999999999243e-01 4.885999999999999788e-01
5.152000000000001023e-01 4.884000000000000008e-01
5.156000000000000583e-01 4.880999999999999783e-01
5.160000000000000142e-01 4.879999999999999893e-01
5.163999999999999702e-01 4.899000000000000021e-01
5.167999999999999261e-01 4.944000000000000061e-01
5.172000000000001041e-01 4.943000000000000171e-01
5.176000000000000600e-01 4.940999999999999837e-01
5.180000000000000160e-01 4.929000000000000048e-01
5.183999999999999719e-01 4.963000000000000189e-01
5.187999999999999279e-01 4.919999999999999929e-01
5.192000000000001059e-01 4.919999999999999929e-01
5.196000000000000618e-01 4.903000000000000136e-01
5.200000000000000178e-01 4.903000000000000136e-01
5.203999999999999737e-01 4.924000000000000044e-01
5.207999999999999297e-01 4.930999999999999828e-01
5.212000000000001076e-01 4.917000000000000259e-01
5.216000000000000636e-01 4.919000000000000039e-01
5.220000000000000195e-01 4.914999999999999925e-01
5.223999999999999755e-01 4.914999999999999925e-01
5.227999999999999314e-01 4.941999999999999726e-01
5.232000000000001094e-01 4.927000000000000268e-01
5.236000000000000654e-01 4.934999999999999942e-01
5.240000000000000213e-01 4.919999999999999929e-01
5.243999999999999773e-01 4.927000000000000268e-01
5.247999999999999332e-01 4.933000000000000163e-01
5.252000000000001112e-01 4.940999999999999837e-01
5.256000000000000671e-01 4.944999999999999951e-01
5.260000000000000231e-01 4.948000000000000176e-01
5.263999999999999790e-01 4.975999999999999868e-01
5.267999999999999350e-01 4.988000000000000211e-01
5.272000000000000020e-01 4.998000000000000220e-01
5.276000000000000689e-01 4.989000000000000101e-01
5.280000000000000249e-01 4.979000000000000092e-01
5.283999999999999808e-01 4.980999999999999872e-01
5.287999999999999368e-01 4.963000000000000189e-01
5.292000000000000037e-01 4.964000000000000079e-01
5.296000000000000707e-01 4.964000000000000079e-01
5.300000000000000266e-01 4.975999999999999868e-01
5.303999999999999826e-01 4.973000000000000198e-01
5.307999999999999385e-01 4.974000000000000088e-01
5.312000000000000055e-01 4.966999999999999749e-01
5.316000000000000725e-01 4.966999999999999749e-01
5.320000000000000284e-01 4.973000000000000198e-01
5.323999999999999844e-01 4.989000000000000101e-01
5.327999999999999403e-01 5.001999999999999780e-01
5.332000000000000073e-01 4.995999999999999885e-01
5.336000000000000743e-01 4.989999999999999991e-01
5.340000000000000302e-01 4.989999999999999991e-01
5.343999999999999861e-01 4.991999999999999771e-01
5.347999999999999421e-01 4.994000000000000106e-01
5.352000000000000091e-01 4.994000000000000106e-01
5.356000000000000760e-01 4.986999999999999766e-01
5.360000000000000320e-01 4.970999999999999863e-01
5.363999999999999879e-01 4.965999999999999859e-01
5.367999999999999439e-01 4.969999999999999973e-01
5.372000000000000108e-01 4.984999999999999987e-01
5.376000000000000778e-01 4.969000000000000083e-01
5.380000000000000338e-01 4.958000000000000185e-01
5.383999999999999897e-01 4.949999999999999956e-01
5.387999999999999456e-01 4.944000000000000061e-01
5.392000000000000126e-01 4.939999999999999947e-01
5.396000000000000796e-01 4.919999999999999929e-01
5.400000000000000355e-01 4.907000000000000250e-01
5.403999999999999915e-01 4.885999999999999788e-01
5.407999999999999474e-01 4.873999999999999999e-01
5.412000000000000144e-01 4.840999999999999748e-01
5.416000000000000814e-01 4.811000000000000276e-01
5.420000000000000373e-01 4.788000000000000034e-01
5.423999999999999932e-01 4.784999999999999809e-01
5.427999999999999492e-01 4.784999999999999809e-01
5.432000000000000162e-01 4.794999999999999818e-01
5.436000000000000831e-01 4.802000000000000157e-01
5.440000000000000391e-01 4.825999999999999734e-01
5.443999999999999950e-01 4.855999999999999761e-01
5.447999999999999510e-01 4.902000000000000246e-01
5.452000000000000179e-01 4.928000000000000158e-01
5.456000000000000849e-01 4.976999999999999758e-01
5.460000000000000409e-01 4.993000000000000216e-01
5.463999999999999968e-01 5.022999999999999687e-01
5.467999999999999527e-01 5.030000000000000027e-01
5.472000000000000197e-01 5.050000000000000044e-01
5.476000000000000867e-01 5.070000000000000062e-01
5.480000000000000426e-01 5.083999999999999631e-01
5.483999999999999986e-01 5.090999999999999970e-01
5.487999999999999545e-01 5.078000000000000291e-01
5.492000000000000215e-01 5.057000000000000384e-01
5.496000000000000885e-01 5.030000000000000027e-01
5.500000000000000444e-01 5.000000000000000000e-01
5.504000000000000004e-01 4.984999999999999987e-01
5.507999999999999563e-01 4.998000000000000220e-01
5.512000000000000233e-01 5.030000000000000027e-01
5.515999999999999792e-01 5.060000000000000053e-01
5.520000000000000462e-01 5.041999999999999815e-01
5.524000000000000021e-01 4.998000000000000220e-01
5.527999999999999581e-01 4.995999999999999885e-01
5.532000000000000250e-01 5.028000000000000247e-01
5.535999999999999810e-01 5.051999999999999824e-01
5.540000000000000480e-01 5.060999999999999943e-01
5.544000000000000039e-01 5.070999999999999952e-01
5.547999999999999599e-01 5.082999999999999741e-01
5.552000000000000268e-01 5.090000000000000080e-01
5.555999999999999828e-01 5.104999999999999538e-01
5.560000000000000497e-01 5.114999999999999547e-01
5.564000000000000057e-01 5.131000000000000005e-01
5.567999999999999616e-01 5.140000000000000124e-01
5.572000000000000286e-01 5.144999999999999574e-01
5.575999999999999845e-01 5.152999999999999803e-01
5.580000000000000515e-01 5.159000000000000252e-01
5.584000000000000075e-01 5.158000000000000362e-01
5.587999999999999634e-01 5.162999999999999812e-01
5.592000000000000304e-01 5.170000000000000151e-01
5.595999999999999863e-01 5.185999999999999499e-01
5.600000000000000533e-01 5.181000000000000050e-01
5.604000000000000092e-01 5.189000000000000279e-01
5.607999999999999652e-01 5.190000000000000169e-01
5.612000000000000322e-01 5.184999999999999609e-01
5.615999999999999881e-01 5.181000000000000050e-01
5.620000000000000551e-01 5.189000000000000279e-01
5.624000000000000110e-01 5.192999999999999838e-01
5.627999999999999670e-01 5.199000000000000288e-01
5.632000000000000339e-01 5.200000000000000178e-01
5.635999999999999899e-01 5.194999999999999618e-01
5.640000000000000568e-01 5.195999999999999508e-01
5.644000000000000128e-01 5.211000000000000076e-01
5.647999999999999687e-01 5.210000000000000187e-01
5.652000000000000357e-01 5.210000000000000187e-01
5.655999999999999917e-01 5.201999999999999957e-01
5.660000000000000586e-01 5.202999999999999847e-01
5.664000000000000146e-01 5.205999999999999517e-01
5.667999999999999705e-01 5.204999999999999627e-01
5.672000000000000375e-01 5.201999999999999957e-01
5.675999999999999934e-01 5.194999999999999618e-01
5.680000000000000604e-01 5.180000000000000160e-01
5.684000000000000163e-01 5.169000000000000261e-01
5.687999999999999723e-01 5.161999999999999922e-01
5.692000000000000393e-01 5.167000000000000481e-01
5.695999999999999952e-01 5.173999999999999710e-01
5.700000000000000622e-01 5.177000000000000490e-01
5.704000000000000181e-01 5.185999999999999499e-01
5.707999999999999741e-01 5.182999999999999829e-01
5.712000000000000410e-01 5.183999999999999719e-01
5.715999999999999970e-01 5.183999999999999719e-01
5.720000000000000639e-01 5.179000000000000270e-01
5.724000000000000199e-01 5.165999999999999481e-01
5.727999999999999758e-01 5.159000000000000252e-01
5.732000000000000428e-01 5.151999999999999913e-01
5.735999999999999988e-01 5.151000000000000023e-01
5.740000000000000657e-01 5.148000000000000353e-01
5.744000000000000217e-01 5.141999999999999904e-01
5.747999999999999776e-01 5.138000000000000345e-01
5.752000000000000446e-01 5.133999999999999675e-01
5.756000000000000005e-01 5.141999999999999904e-01
5.760000000000000675e-01 5.137000000000000455e-01
5.764000000000000234e-01 5.143999999999999684e-01
5.767999999999999794e-01 5.150000000000000133e-01
5.772000000000000464e-01 5.151999999999999913e-01
5.776000000000000023e-01 5.153999999999999693e-01
5.779999999999999583e-01 5.161999999999999922e-01
5.784000000000000252e-01 5.175999999999999490e-01
5.787999999999999812e-01 5.190000000000000169e-01
5.792000000000000481e-01 5.193999999999999728e-01
5.796000000000000041e-01 5.197000000000000508e-01
5.799999999999999600e-01 5.217000000000000526e-01
5.804000000000000270e-01 5.218000000000000416e-01
5.807999999999999829e-01 5.222999999999999865e-01
5.812000000000000499e-01 5.228000000000000425e-01
5.816000000000000059e-01 5.237000000000000544e-01
5.819999999999999618e-01 5.247000000000000552e-01
5.824000000000000288e-01 5.249000000000000332e-01
5.827999999999999847e-01 5.247000000000000552e-01
5.832000000000000517e-01 5.243999999999999773e-01
5.836000000000000076e-01 5.243999999999999773e-01
5.839999999999999636e-01 5.250000000000000222e-01
5.844000000000000306e-01 5.244999999999999662e-01
5.847999999999999865e-01 5.240000000000000213e-01
5.852000000000000535e-01 5.241999999999999993e-01
5.856000000000000094e-01 5.242999999999999883e-01
5.859999999999999654e-01 5.244999999999999662e-01
5.864000000000000323e-01 5.243999999999999773e-01
5.867999999999999883e-01 5.242999999999999883e-01
5.872000000000000552e-01 5.234999999999999654e-01
5.876000000000000112e-01 5.220000000000000195e-01
5.879999999999999671e-01 5.202999999999999847e-01
5.884000000000000341e-01 5.208000000000000407e-01
5.887999999999999901e-01 5.183999999999999719e-01
5.892000000000000570e-01 5.199000000000000288e-01
5.896000000000000130e-01 5.195999999999999508e-01
5.899999999999999689e-01 5.217000000000000526e-01
5.904000000000000359e-01 5.220000000000000195e-01
5.907999999999999918e-01 5.215999999999999526e-01
5.912000000000000588e-01 5.201000000000000068e-01
5.916000000000000147e-01 5.195999999999999508e-01
5.919999999999999707e-01 5.194999999999999618e-01
5.924000000000000377e-01 5.200000000000000178e-01
5.927999999999999936e-01 5.201999999999999957e-01
5.932000000000000606e-01 5.205999999999999517e-01
5.936000000000000165e-01 5.208000000000000407e-01
5.939999999999999725e-01 5.194999999999999618e-01
5.944000000000000394e-01 5.172999999999999821e-01
5.947999999999999954e-01 5.163999999999999702e-01
5.952000000000000624e-01 5.181000000000000050e-01
5.956000000000000183e-01 5.184999999999999609e-01
5.959999999999999742e-01 5.181999999999999940e-01
5.964000000000000412e-01 5.181999999999999940e-01
5.967999999999999972e-01 5.185999999999999499e-01
5.972000000000000641e-01 5.185999999999999499e-01
5.976000000000000201e-01 5.181000000000000050e-01
5.979999999999999760e-01 5.190000000000000169e-01
5.984000000000000430e-01 5.200000000000000178e-01
5.987999999999999989e-01 5.200000000000000178e-01
5.992000000000000659e-01 5.199000000000000288e-01
5.996000000000000218e-01 5.201000000000000068e-01
5.999999999999999778e-01 5.211999999999999966e-01
6.004000000000000448e-01 5.224999999999999645e-01
6.008000000000000007e-01 5.231000000000000094e-01
6.012000000000000677e-01 5.230000000000000204e-01
6.016000000000000236e-01 5.228000000000000425e-01
6.019999999999999796e-01 5.217000000000000526e-01
6.023999999999999355e-01 5.210000000000000187e-01
6.028000000000000025e-01 5.201000000000000068e-01
6.032000000000000695e-01 5.194999999999999618e-01
6.036000000000000254e-01 5.195999999999999508e-01
6.039999999999999813e-01 5.205999999999999517e-01
6.043999999999999373e-01 5.220000000000000195e-01
6.048000000000000043e-01 5.231000000000000094e-01
6.052000000000000712e-01 5.223999999999999755e-01
6.056000000000000272e-01 5.203999999999999737e-01
6.059999999999999831e-01 5.197000000000000508e-01
6.063999999999999391e-01 5.193999999999999728e-01
6.068000000000000060e-01 5.195999999999999508e-01
6.072000000000000730e-01 5.201000000000000068e-01
6.076000000000000290e-01 5.199000000000000288e-01
6.079999999999999849e-01 5.193999999999999728e-01
6.083999999999999408e-01 5.185999999999999499e-01
6.088000000000000078e-01 5.184999999999999609e-01
6.092000000000000748e-01 5.184999999999999609e-01
6.096000000000000307e-01 5.187000000000000499e-01
6.099999999999999867e-01 5.174999999999999600e-01
6.103999999999999426e-01 5.165999999999999481e-01
6.108000000000000096e-01 5.150000000000000133e-01
6.112000000000000766e-01 5.141000000000000014e-01
6.116000000000000325e-01 5.123999999999999666e-01
6.119999999999999885e-01 5.097000000000000419e-01
6.123999999999999444e-01 5.062999999999999723e-01
6.128000000000000114e-01 5.014999999999999458e-01
6.132000000000000783e-01 4.960999999999999854e-01
6.136000000000000343e-01 4.880999999999999783e-01
6.139999999999999902e-01 4.833000000000000074e-01
6.143999999999999462e-01 4.788000000000000034e-01
6.148000000000000131e-01 4.749999999999999778e-01
6.152000000000000801e-01 4.727000000000000091e-01
6.156000000000000361e-01 4.696000000000000174e-01
6.159999999999999920e-01 4.640000000000000235e-01
6.163999999999999480e-01 4.621000000000000107e-01
6.168000000000000149e-01 4.592999999999999861e-01
6.172000000000000819e-01 4.531999999999999917e-01
6.176000000000000378e-01 4.423000000000000265e-01
6.179999999999999938e-01 4.326999999999999735e-01
6.183999999999999497e-01 4.259999999999999898e-01
6.188000000000000167e-01 4.237000000000000210e-01
6.192000000000000837e-01 4.228999999999999981e-01
6.196000000000000396e-01 4.235999999999999766e-01
6.199999999999999956e-01 4.254999999999999893e-01
6.203999999999999515e-01 4.294000000000000039e-01
6.208000000000000185e-01 4.351999999999999758e-01
6.212000000000000854e-01 4.384000000000000119e-01
6.216000000000000414e-01 4.428000000000000269e-01
6.219999999999999973e-01 4.505000000000000115e-01
6.223999999999999533e-01 4.586999999999999966e-01
6.228000000000000203e-01 4.637999999999999901e-01
6.232000000000000872e-01 4.696000000000000174e-01
6.236000000000000432e-01 4.767000000000000126e-01
6.239999999999999991e-01 4.839999999999999858e-01
6.243999999999999551e-01 4.884000000000000008e-01
6.248000000000000220e-01 4.941999999999999726e-01
6.252000000000000890e-01 4.976999999999999758e-01
6.256000000000000449e-01 5.011999999999999789e-01
6.260000000000000009e-01 5.050999999999999934e-01
6.263999999999999568e-01 5.089000000000000190e-01
6.267999999999999128e-01 5.110999999999999988e-01
6.272000000000000908e-01 5.120999999999999996e-01
6.276000000000000467e-01 5.110000000000000098e-01
6.280000000000000027e-01 5.108000000000000318e-01
6.283999999999999586e-01 5.133999999999999675e-01
6.287999999999999146e-01 5.161999999999999922e-01
6.292000000000000925e-01 5.172999999999999821e-01
6.296000000000000485e-01 5.184999999999999609e-01
6.300000000000000044e-01 5.188000000000000389e-01
6.303999999999999604e-01 5.209000000000000297e-01
6.307999999999999163e-01 5.223999999999999755e-01
6.312000000000000943e-01 5.222999999999999865e-01
6.316000000000000503e-01 5.204999999999999627e-01
6.320000000000000062e-01 5.208000000000000407e-01
6.323999999999999622e-01 5.220000000000000195e-01
6.327999999999999181e-01 5.221000000000000085e-01
6.332000000000000961e-01 5.214999999999999636e-01
6.336000000000000520e-01 5.203999999999999737e-01
6.340000000000000080e-01 5.207000000000000517e-01
6.343999999999999639e-01 5.205999999999999517e-01
6.347999999999999199e-01 5.204999999999999627e-01
6.352000000000000979e-01 5.201999999999999957e-01
6.356000000000000538e-01 5.202999999999999847e-01
6.360000000000000098e-01 5.194999999999999618e-01
6.363999999999999657e-01 5.198000000000000398e-01
6.367999999999999217e-01 5.192999999999999838e-01
6.372000000000000997e-01 5.189000000000000279e-01
6.376000000000000556e-01 5.189000000000000279e-01
6.380000000000000115e-01 5.189000000000000279e-01
6.383999999999999675e-01 5.182999999999999829e-01
6.387999999999999234e-01 5.181999999999999940e-01
6.392000000000001014e-01 5.163999999999999702e-01
6.396000000000000574e-01 5.161999999999999922e-01
6.400000000000000133e-01 5.155999999999999472e-01
6.403999999999999693e-01 5.162999999999999812e-01
6.407999999999999252e-01 5.155999999999999472e-01
6.412000000000001032e-01 5.141999999999999904e-01
6.416000000000000592e-01 5.125999999999999446e-01
6.420000000000000151e-01 5.096000000000000529e-01
6.423999999999999710e-01 5.072999999999999732e-01
6.427999999999999270e-01 5.030000000000000027e-01
6.432000000000001050e-01 4.979000000000000092e-01
6.436000000000000609e-01 4.903000000000000136e-01
6.440000000000000169e-01 4.834999999999999853e-01
6.443999999999999728e-01 4.778999999999999915e-01
6.447999999999999288e-01 4.747000000000000108e-01
6.452000000000001068e-01 4.778999999999999915e-01
6.456000000000000627e-01 4.855999999999999761e-01
6.460000000000000187e-01 4.940999999999999837e-01
6.463999999999999746e-01 4.978000000000000203e-01
6.467999999999999305e-01 4.919999999999999929e-01
6.472000000000001085e-01 4.788999999999999924e-01
6.476000000000000645e-01 4.727999999999999980e-01
6.480000000000000204e-01 4.797000000000000153e-01
6.483999999999999764e-01 4.875999999999999779e-01
6.487999999999999323e-01 4.895999999999999797e-01
6.492000000000001103e-01 4.899999999999999911e-01
6.496000000000000663e-01 4.932000000000000273e-01
6.500000000000000222e-01 4.964999999999999969e-01
6.503999999999999782e-01 4.990999999999999881e-01
6.507999999999999341e-01 5.000000000000000000e-01
6.512000000000001121e-01 4.998000000000000220e-01
6.516000000000000680e-01 5.012999999999999678e-01
6.520000000000000240e-01 5.040999999999999925e-01
6.523999999999999799e-01 5.057000000000000384e-01
6.527999999999999359e-01 5.081999999999999851e-01
6.532000000000001139e-01 5.086000000000000520e-01
6.536000000000000698e-01 5.088000000000000300e-01
6.540000000000000258e-01 5.089000000000000190e-01
6.543999999999999817e-01 5.086000000000000520e-01
6.547999999999999376e-01 5.093999999999999639e-01
6.552000000000000046e-01 5.100000000000000089e-01
6.556000000000000716e-01 5.100000000000000089e-01
6.560000000000000275e-01 5.067000000000000393e-01
6.563999999999999835e-01 5.109000000000000208e-01
6.567999999999999394e-01 5.122999999999999776e-01
6.572000000000000064e-01 5.119000000000000217e-01
6.576000000000000734e-01 5.110000000000000098e-01
6.580000000000000293e-01 5.103999999999999648e-01
6.583999999999999853e-01 5.107000000000000428e-01
6.587999999999999412e-01 5.107000000000000428e-01
6.592000000000000082e-01 5.090999999999999970e-01
6.596000000000000751e-01 5.104999999999999538e-01
6.600000000000000311e-01 5.110000000000000098e-01
6.603999999999999870e-01 5.104999999999999538e-01
6.607999999999999430e-01 5.103999999999999648e-01
6.612000000000000099e-01 5.107000000000000428e-01
6.616000000000000769e-01 5.097000000000000419e-01
6.620000000000000329e-01 5.087000000000000410e-01
6.623999999999999888e-01 5.066000000000000503e-01
6.627999999999999448e-01 5.061999999999999833e-01
6.632000000000000117e-01 5.056000000000000494e-01
6.636000000000000787e-01 5.072999999999999732e-01
6.640000000000000346e-01 5.059000000000000163e-01
6.643999999999999906e-01 5.047000000000000375e-01
6.647999999999999465e-01 5.057000000000000384e-01
6.652000000000000135e-01 5.057000000000000384e-01
6.656000000000000805e-01 5.042999999999999705e-01
6.660000000000000364e-01 5.011999999999999789e-01
6.663999999999999924e-01 4.996999999999999775e-01
6.667999999999999483e-01 4.998000000000000220e-01
6.672000000000000153e-01 5.008000000000000229e-01
6.676000000000000822e-01 5.010999999999999899e-01
6.680000000000000382e-01 5.027000000000000357e-01
6.683999999999999941e-01 5.034999999999999476e-01
6.687999999999999501e-01 5.036000000000000476e-01
6.692000000000000171e-01 5.043999999999999595e-01
6.696000000000000840e-01 5.057000000000000384e-01
6.700000000000000400e-01 5.081999999999999851e-01
6.703999999999999959e-01 5.109000000000000208e-01
6.707999999999999519e-01 5.135999999999999455e-01
6.712000000000000188e-01 5.137000000000000455e-01
6.716000000000000858e-01 5.141000000000000014e-01
6.720000000000000417e-01 5.167000000000000481e-01
6.723999999999999977e-01 5.182999999999999829e-01
6.727999999999999536e-01 5.213999999999999746e-01
6.732000000000000206e-01 5.235999999999999543e-01
6.736000000000000876e-01 5.240000000000000213e-01
6.740000000000000435e-01 5.238000000000000433e-01
6.743999999999999995e-01 5.243999999999999773e-01
6.747999999999999554e-01 5.258000000000000451e-01
6.752000000000000224e-01 5.286999999999999478e-01
6.756000000000000894e-01 5.303999999999999826e-01
6.760000000000000453e-01 5.312999999999999945e-01
6.764000000000000012e-01 5.304999999999999716e-01
6.767999999999999572e-01 5.294999999999999707e-01
6.772000000000000242e-01 5.299000000000000377e-01
6.776000000000000911e-01 5.312000000000000055e-01
6.780000000000000471e-01 5.320000000000000284e-01
6.784000000000000030e-01 5.321000000000000174e-01
6.787999999999999590e-01 5.311000000000000165e-01
6.792000000000000259e-01 5.276999999999999469e-01
6.795999999999999819e-01 5.258000000000000451e-01
6.800000000000000488e-01 5.255999999999999561e-01
6.804000000000000048e-01 5.260000000000000231e-01
6.807999999999999607e-01 5.265999999999999570e-01
6.812000000000000277e-01 5.258000000000000451e-01
6.815999999999999837e-01 5.231999999999999984e-01
6.820000000000000506e-01 5.189000000000000279e-01
6.824000000000000066e-01 5.157000000000000473e-01
6.827999999999999625e-01 5.151999999999999913e-01
6.832000000000000295e-01 5.178000000000000380e-01
6.835999999999999854e-01 5.197000000000000508e-01
6.840000000000000524e-01 5.194999999999999618e-01
6.844000000000000083e-01 5.202999999999999847e-01
6.847999999999999643e-01 5.199000000000000288e-01
6.852000000000000313e-01 5.189000000000000279e-01
6.855999999999999872e-01 5.201999999999999957e-01
6.860000000000000542e-01 5.229000000000000314e-01
6.864000000000000101e-01 5.219000000000000306e-01
6.867999999999999661e-01 5.148000000000000353e-01
6.872000000000000330e-01 5.192999999999999838e-01
6.875999999999999890e-01 5.239000000000000323e-01
6.880000000000000560e-01 5.250000000000000222e-01
6.884000000000000119e-01 5.202999999999999847e-01
6.887999999999999678e-01 5.220000000000000195e-01
6.892000000000000348e-01 5.234999999999999654e-01
6.895999999999999908e-01 5.245999999999999552e-01
6.900000000000000577e-01 5.241999999999999993e-01
6.904000000000000137e-01 5.213999999999999746e-01
6.907999999999999696e-01 5.201999999999999957e-01
6.912000000000000366e-01 5.189000000000000279e-01
6.915999999999999925e-01 5.194999999999999618e-01
6.920000000000000595e-01 5.197000000000000508e-01
6.924000000000000155e-01 5.164999999999999591e-01
6.927999999999999714e-01 5.140000000000000124e-01
6.932000000000000384e-01 5.118000000000000327e-01
6.935999999999999943e-01 5.110999999999999988e-01
6.940000000000000613e-01 5.109000000000000208e-01
6.944000000000000172e-01 5.117000000000000437e-01
6.947999999999999732e-01 5.122999999999999776e-01
6.952000000000000401e-01 5.103999999999999648e-01
6.955999999999999961e-01 5.079000000000000181e-01
6.960000000000000631e-01 5.052999999999999714e-01
6.964000000000000190e-01 5.028000000000000247e-01
6.967999999999999750e-01 5.008000000000000229e-01
6.972000000000000419e-01 4.999000000000000110e-01
6.975999999999999979e-01 4.984999999999999987e-01
6.980000000000000648e-01 4.980999999999999872e-01
6.984000000000000208e-01 4.943000000000000171e-01
6.987999999999999767e-01 4.894999999999999907e-01
6.992000000000000437e-01 4.842000000000000193e-01
6.995999999999999996e-01 4.789999999999999813e-01
7.000000000000000666e-01 4.754999999999999782e-01
7.004000000000000226e-01 4.726000000000000201e-01
7.007999999999999785e-01 4.711000000000000187e-01
7.012000000000000455e-01 4.666000000000000147e-01
7.016000000000000014e-01 4.625000000000000222e-01
7.020000000000000684e-01 4.600000000000000200e-01
7.024000000000000243e-01 4.580000000000000182e-01
7.027999999999999803e-01 4.632000000000000006e-01
7.032000000000000473e-01 4.672999999999999932e-01
7.036000000000000032e-01 4.677999999999999936e-01
7.039999999999999591e-01 4.650000000000000244e-01
7.044000000000000261e-01 4.601000000000000090e-01
7.047999999999999821e-01 4.610000000000000209e-01
7.052000000000000490e-01 4.672000000000000042e-01
7.056000000000000050e-01 4.743999999999999884e-01
7.059999999999999609e-01 4.768000000000000016e-01
7.064000000000000279e-01 4.763999999999999901e-01
7.067999999999999838e-01 4.758000000000000007e-01
7.072000000000000508e-01 4.771000000000000241e-01
7.076000000000000068e-01 4.797000000000000153e-01
7.079999999999999627e-01 4.842000000000000193e-01
7.084000000000000297e-01 4.873999999999999999e-01
7.087999999999999856e-01 4.898000000000000131e-01
7.092000000000000526e-01 4.892000000000000237e-01
7.096000000000000085e-01 4.880999999999999783e-01
7.099999999999999645e-01 4.879999999999999893e-01
7.104000000000000314e-01 4.904999999999999916e-01
7.107999999999999874e-01 4.948000000000000176e-01
7.112000000000000544e-01 4.979000000000000092e-01
7.116000000000000103e-01 4.988000000000000211e-01
7.119999999999999662e-01 4.970999999999999863e-01
7.124000000000000332e-01 4.959999999999999964e-01
7.127999999999999892e-01 4.944000000000000061e-01
7.132000000000000561e-01 4.964999999999999969e-01
7.136000000000000121e-01 4.993000000000000216e-01
7.139999999999999680e-01 5.000000000000000000e-01
7.144000000000000350e-01 4.985999999999999877e-01
7.147999999999999909e-01 4.944999999999999951e-01
7.152000000000000579e-01 4.888000000000000123e-01
7.156000000000000139e-01 4.802000000000000157e-01
7.159999999999999698e-01 4.713999999999999857e-01
7.164000000000000368e-01 4.606000000000000094e-01
7.167999999999999927e-01 4.515000000000000124e-01
7.172000000000000597e-01 4.376999999999999780e-01
7.176000000000000156e-01 4.264999999999999902e-01
7.179999999999999716e-01 4.158999999999999919e-01
7.184000000000000385e-01 4.037000000000000033e-01
7.187999999999999945e-01 3.976999999999999980e-01
7.192000000000000615e-01 3.857999999999999763e-01
7.196000000000000174e-01 3.719000000000000083e-01
7.199999999999999734e-01 3.558999999999999941e-01
7.204000000000000403e-01 3.468999999999999861e-01
7.207999999999999963e-01 3.439999999999999725e-01
7.212000000000000632e-01 3.393999999999999795e-01
7.216000000000000192e-01 3.325000000000000178e-01
7.219999999999999751e-01 3.290000000000000147e-01
7.224000000000000421e-01 3.271000000000000019e-01
7.227999999999999980e-01 3.195999999999999952e-01
7.232000000000000650e-01 3.039999999999999925e-01
7.236000000000000210e-01 2.907000000000000139e-01
7.239999999999999769e-01 2.772999999999999909e-01
7.244000000000000439e-01 2.660000000000000142e-01
7.247999999999999998e-01 2.469999999999999973e-01
7.252000000000000668e-01 2.278999999999999915e-01
7.256000000000000227e-01 2.169000000000000095e-01
7.259999999999999787e-01 2.167999999999999927e-01
7.264000000000000457e-01 2.222999999999999976e-01
7.268000000000000016e-01 2.141000000000000125e-01
7.272000000000000686e-01 1.990000000000000102e-01
7.276000000000000245e-01 1.978000000000000036e-01
7.279999999999999805e-01 2.094000000000000028e-01
7.284000000000000474e-01 2.288999999999999924e-01
7.288000000000000034e-01 2.432999999999999885e-01
7.292000000000000703e-01 2.474000000000000088e-01
7.296000000000000263e-01 2.505000000000000004e-01
7.299999999999999822e-01 2.565000000000000058e-01
7.303999999999999382e-01 2.691000000000000059e-01
7.308000000000000052e-01 2.842999999999999972e-01
7.312000000000000721e-01 3.014000000000000012e-01
7.316000000000000281e-01 3.135999999999999899e-01
7.319999999999999840e-01 3.227999999999999758e-01
7.323999999999999400e-01 3.266999999999999904e-01
7.328000000000000069e-01 3.307999999999999829e-01
7.332000000000000739e-01 3.388999999999999790e-01
7.336000000000000298e-01 3.537000000000000144e-01
7.339999999999999858e-01 3.649999999999999911e-01
7.343999999999999417e-01 3.765000000000000013e-01
7.348000000000000087e-01 3.891999999999999904e-01
7.352000000000000757e-01 3.966999999999999971e-01
7.356000000000000316e-01 4.060000000000000275e-01
7.359999999999999876e-01 4.204999999999999849e-01
7.363999999999999435e-01 4.275999999999999801e-01
7.368000000000000105e-01 4.289999999999999925e-01
7.372000000000000774e-01 4.354000000000000092e-01
7.376000000000000334e-01 4.437999999999999723e-01
7.379999999999999893e-01 4.501999999999999891e-01
7.383999999999999453e-01 4.567999999999999838e-01
7.388000000000000123e-01 4.642999999999999905e-01
7.392000000000000792e-01 4.707999999999999963e-01
7.396000000000000352e-01 4.763000000000000012e-01
7.399999999999999911e-01 4.807000000000000162e-01
7.403999999999999471e-01 4.843999999999999972e-01
7.408000000000000140e-01 4.873000000000000109e-01
7.412000000000000810e-01 4.924999999999999933e-01
7.416000000000000369e-01 4.949000000000000066e-01
7.419999999999999929e-01 4.959999999999999964e-01
7.423999999999999488e-01 4.983000000000000207e-01
7.428000000000000158e-01 4.998000000000000220e-01
7.432000000000000828e-01 5.022999999999999687e-01
7.436000000000000387e-01 5.050000000000000044e-01
7.439999999999999947e-01 5.063999999999999613e-01
7.443999999999999506e-01 5.068000000000000282e-01
7.448000000000000176e-01 5.072999999999999732e-01
7.452000000000000846e-01 5.062999999999999723e-01
7.456000000000000405e-01 5.061999999999999833e-01
7.459999999999999964e-01 5.060999999999999943e-01
7.463999999999999524e-01 5.086000000000000520e-01
7.468000000000000194e-01 5.080999999999999961e-01
7.472000000000000863e-01 5.070999999999999952e-01
7.476000000000000423e-01 5.072999999999999732e-01
7.479999999999999982e-01 5.063999999999999613e-01
7.483999999999999542e-01 5.050999999999999934e-01
7.488000000000000211e-01 5.047000000000000375e-01
7.492000000000000881e-01 5.040000000000000036e-01
7.496000000000000441e-01 5.049000000000000155e-01
7.500000000000000000e-01 5.043999999999999595e-01
7.503999999999999559e-01 5.038000000000000256e-01
7.508000000000000229e-01 5.031999999999999806e-01
7.512000000000000899e-01 5.036000000000000476e-01
7.516000000000000458e-01 5.037000000000000366e-01
7.520000000000000018e-01 5.022999999999999687e-01
7.523999999999999577e-01 5.016000000000000458e-01
7.528000000000000247e-01 4.998000000000000220e-01
7.532000000000000917e-01 4.990999999999999881e-01
7.536000000000000476e-01 4.994999999999999996e-01
7.540000000000000036e-01 4.971999999999999753e-01
7.543999999999999595e-01 4.943000000000000171e-01
7.547999999999999154e-01 4.939000000000000057e-01
7.552000000000000934e-01 4.934999999999999942e-01
7.556000000000000494e-01 4.937000000000000277e-01
7.560000000000000053e-01 4.923000000000000154e-01
7.563999999999999613e-01 4.900999999999999801e-01
7.567999999999999172e-01 4.873000000000000109e-01
7.572000000000000952e-01 4.837000000000000188e-01
7.576000000000000512e-01 4.803999999999999937e-01
7.580000000000000071e-01 4.786000000000000254e-01
7.583999999999999631e-01 4.763999999999999901e-01
7.587999999999999190e-01 4.788000000000000034e-01
7.592000000000000970e-01 4.753999999999999893e-01
7.596000000000000529e-01 4.704999999999999738e-01
7.600000000000000089e-01 4.615000000000000213e-01
7.603999999999999648e-01 4.573999999999999733e-01
7.607999999999999208e-01 4.521000000000000019e-01
7.612000000000000988e-01 4.472999999999999754e-01
7.616000000000000547e-01 4.539000000000000257e-01
7.620000000000000107e-01 4.457999999999999741e-01
7.623999999999999666e-01 4.507999999999999785e-01
7.627999999999999226e-01 4.504000000000000226e-01
7.632000000000001005e-01 4.502999999999999781e-01
7.636000000000000565e-01 4.526999999999999913e-01
7.640000000000000124e-01 4.544000000000000261e-01
7.643999999999999684e-01 4.532999999999999807e-01
7.647999999999999243e-01 4.517999999999999794e-01
7.652000000000001023e-01 4.495999999999999996e-01
7.656000000000000583e-01 4.504000000000000226e-01
7.660000000000000142e-01 4.550000000000000155e-01
7.663999999999999702e-01 4.541999999999999926e-01
7.667999999999999261e-01 4.510000000000000120e-01
7.672000000000001041e-01 4.484000000000000208e-01
7.676000000000000600e-01 4.514000000000000234e-01
7.680000000000000160e-01 4.554000000000000270e-01
7.683999999999999719e-01 4.559000000000000274e-01
7.687999999999999279e-01 4.540000000000000147e-01
7.692000000000001059e-01 4.560000000000000164e-01
7.696000000000000618e-01 4.571999999999999953e-01
7.700000000000000178e-01 4.603999999999999759e-01
7.703999999999999737e-01 4.612999999999999878e-01
7.707999999999999297e-01 4.607999999999999874e-01
7.712000000000001076e-01 4.591999999999999971e-01
7.716000000000000636e-01 4.559000000000000274e-01
7.720000000000000195e-01 4.552999999999999825e-01
7.723999999999999755e-01 4.567999999999999838e-01
7.727999999999999314e-01 4.536999999999999922e-01
7.732000000000001094e-01 4.495000000000000107e-01
7.736000000000000654e-01 4.485999999999999988e-01
7.740000000000000213e-01 4.509000000000000230e-01
7.743999999999999773e-01 4.541999999999999926e-01
7.747999999999999332e-01 4.531000000000000028e-01
7.752000000000001112e-01 4.512999999999999790e-01
7.756000000000000671e-01 4.472999999999999754e-01
7.760000000000000231e-01 4.440000000000000058e-01
7.763999999999999790e-01 4.415999999999999925e-01
7.767999999999999350e-01 4.416999999999999815e-01
7.772000000000001130e-01 4.423000000000000265e-01
7.776000000000000689e-01 4.410999999999999921e-01
7.780000000000000249e-01 4.368000000000000216e-01
7.783999999999999808e-01 4.326999999999999735e-01
7.787999999999999368e-01 4.257000000000000228e-01
7.792000000000001148e-01 4.193999999999999950e-01
7.796000000000000707e-01 4.107000000000000095e-01
7.800000000000000266e-01 4.053999999999999826e-01
7.803999999999999826e-01 3.967999999999999861e-01
7.807999999999999385e-01 3.869000000000000217e-01
7.812000000000001165e-01 3.837999999999999745e-01
7.816000000000000725e-01 3.831999999999999851e-01
7.820000000000000284e-01 3.814000000000000168e-01
7.823999999999999844e-01 3.770000000000000018e-01
7.827999999999999403e-01 3.685999999999999832e-01
7.832000000000000073e-01 3.585999999999999743e-01
7.836000000000000743e-01 3.467000000000000082e-01
7.840000000000000302e-01 3.365000000000000213e-01
7.843999999999999861e-01 3.400000000000000244e-01
7.847999999999999421e-01 3.492999999999999994e-01
7.852000000000000091e-01 3.497999999999999998e-01
7.856000000000000760e-01 3.407999999999999918e-01
7.860000000000000320e-01 3.311999999999999944e-01
7.863999999999999879e-01 3.250000000000000111e-01
7.867999999999999439e-01 3.246999999999999886e-01
7.872000000000000108e-01 3.322999999999999843e-01
7.876000000000000778e-01 3.370000000000000218e-01
7.880000000000000338e-01 3.398999999999999799e-01
7.883999999999999897e-01 3.402999999999999914e-01
7.887999999999999456e-01 3.386000000000000121e-01
7.892000000000000126e-01 3.393999999999999795e-01
7.896000000000000796e-01 3.406000000000000139e-01
7.900000000000000355e-01 3.448999999999999844e-01
7.903999999999999915e-01 3.481000000000000205e-01
7.907999999999999474e-01 3.425000000000000266e-01
7.912000000000000144e-01 3.341000000000000081e-01
7.916000000000000814e-01 3.259000000000000230e-01
7.920000000000000373e-01 3.234000000000000208e-01
7.923999999999999932e-01 3.274000000000000243e-01
7.927999999999999492e-01 3.311000000000000054e-01
7.932000000000000162e-01 3.371000000000000107e-01
7.936000000000000831e-01 3.448999999999999844e-01
7.940000000000000391e-01 3.467999999999999972e-01
7.943999999999999950e-01 3.421000000000000152e-01
7.947999999999999510e-01 3.407999999999999918e-01
7.952000000000000179e-01 3.408999999999999808e-01
7.956000000000000849e-01 3.413999999999999813e-01
7.960000000000000409e-01 3.423999999999999821e-01
7.963999999999999968e-01 3.456000000000000183e-01
7.967999999999999527e-01 3.427000000000000046e-01
7.972000000000000197e-01 3.383999999999999786e-01
7.976000000000000867e-01 3.401000000000000134e-01
7.980000000000000426e-01 3.428999999999999826e-01
7.983999999999999986e-01 3.446000000000000174e-01
7.987999999999999545e-01 3.466000000000000192e-01
7.992000000000000215e-01 3.489999999999999769e-01
7.996000000000000885e-01 3.563000000000000056e-01
8.000000000000000444e-01 3.624999999999999889e-01
8.004000000000000004e-01 3.639000000000000012e-01
8.007999999999999563e-01 3.718000000000000194e-01
8.012000000000000233e-01 3.791999999999999815e-01
8.016000000000000902e-01 3.745999999999999885e-01
8.020000000000000462e-01 3.734000000000000097e-01
8.024000000000000021e-01 3.808000000000000274e-01
8.027999999999999581e-01 3.867999999999999772e-01
8.032000000000000250e-01 3.907999999999999807e-01
8.036000000000000920e-01 3.952999999999999847e-01
8.040000000000000480e-01 3.965000000000000191e-01
8.044000000000000039e-01 3.963999999999999746e-01
8.047999999999999599e-01 4.020000000000000240e-01
8.052000000000000268e-01 4.047999999999999932e-01
8.056000000000000938e-01 4.067999999999999949e-01
8.060000000000000497e-01 4.103999999999999870e-01
8.064000000000000057e-01 4.151000000000000245e-01
8.067999999999999616e-01 4.204999999999999849e-01
8.072000000000000286e-01 4.253000000000000114e-01
8.075999999999999845e-01 4.269000000000000017e-01
8.080000000000000515e-01 4.277000000000000246e-01
8.084000000000000075e-01 4.292000000000000259e-01
8.087999999999999634e-01 4.280999999999999805e-01
8.092000000000000304e-01 4.237000000000000210e-01
8.095999999999999863e-01 4.254000000000000004e-01
8.100000000000000533e-01 4.284999999999999920e-01
8.104000000000000092e-01 4.298000000000000154e-01
8.107999999999999652e-01 4.303000000000000158e-01
8.112000000000000322e-01 4.318000000000000171e-01
8.115999999999999881e-01 4.354999999999999982e-01
8.120000000000000551e-01 4.375000000000000000e-01
8.124000000000000110e-01 4.386999999999999789e-01
8.127999999999999670e-01 4.386999999999999789e-01
8.132000000000000339e-01 4.393000000000000238e-01
8.135999999999999899e-01 4.434000000000000163e-01
8.140000000000000568e-01 4.446999999999999842e-01
8.144000000000000128e-01 4.465000000000000080e-01
8.147999999999999687e-01 4.444000000000000172e-01
8.152000000000000357e-01 4.431999999999999829e-01
8.155999999999999917e-01 4.469000000000000195e-01
8.160000000000000586e-01 4.470999999999999974e-01
8.164000000000000146e-01 4.521000000000000019e-01
8.167999999999999705e-01 4.521999999999999909e-01
8.172000000000000375e-01 4.576999999999999957e-01
8.175999999999999934e-01 4.556000000000000050e-01
8.180000000000000604e-01 4.596999999999999975e-01
8.184000000000000163e-01 4.591000000000000081e-01
8.187999999999999723e-01 4.612999999999999878e-01
8.192000000000000393e-01 4.612999999999999878e-01
8.195999999999999952e-01 4.625000000000000222e-01
8.200000000000000622e-01 4.670000000000000262e-01
8.204000000000000181e-01 4.697000000000000064e-01
8.207999999999999741e-01 4.717999999999999972e-01
8.212000000000000410e-01 4.726000000000000201e-01
8.215999999999999970e-01 4.724999999999999756e-01
8.220000000000000639e-01 4.726000000000000201e-01
8.224000000000000199e-01 4.717000000000000082e-01
8.227999999999999758e-01 4.697999999999999954e-01
8.232000000000000428e-01 4.731000000000000205e-01
8.235999999999999988e-01 4.744999999999999774e-01
8.240000000000000657e-01 4.757000000000000117e-01
8.244000000000000217e-01 4.783999999999999919e-01
8.247999999999999776e-01 4.773999999999999910e-01
8.252000000000000446e-01 4.766000000000000236e-01
8.256000000000000005e-01 4.739999999999999769e-01
8.260000000000000675e-01 4.739999999999999769e-01
8.264000000000000234e-01 4.757000000000000117e-01
8.267999999999999794e-01 4.783999999999999919e-01
8.272000000000000464e-01 4.768999999999999906e-01
8.276000000000000023e-01 4.781000000000000250e-01
8.280000000000000693e-01 4.788999999999999924e-01
8.284000000000000252e-01 4.806000000000000272e-01
8.287999999999999812e-01 4.793999999999999928e-01
8.292000000000000481e-01 4.788000000000000034e-01
8.296000000000000041e-01 4.791000000000000258e-01
8.300000000000000711e-01 4.792000000000000148e-01
8.304000000000000270e-01 4.815999999999999726e-01
8.307999999999999829e-01 4.838999999999999968e-01
8.312000000000000499e-01 4.843999999999999972e-01
8.316000000000000059e-01 4.830999999999999739e-01
8.320000000000000728e-01 4.814999999999999836e-01
8.324000000000000288e-01 4.803000000000000047e-01
8.327999999999999847e-01 4.773999999999999910e-01
8.332000000000000517e-01 4.747999999999999998e-01
8.336000000000000076e-01 4.711000000000000187e-01
8.339999999999999636e-01 4.687999999999999945e-01
8.344000000000000306e-01 4.652000000000000024e-01
8.347999999999999865e-01 4.586999999999999966e-01
8.352000000000000535e-01 4.504000000000000226e-01
8.356000000000000094e-01 4.410999999999999921e-01
8.359999999999999654e-01 4.329000000000000070e-01
8.364000000000000323e-01 4.239999999999999880e-01
8.367999999999999883e-01 4.183000000000000052e-01
8.372000000000000552e-01 4.127000000000000113e-01
8.376000000000000112e-01 4.093999999999999861e-01
8.379999999999999671e-01 3.996000000000000107e-01
8.384000000000000341e-01 3.845999999999999974e-01
8.387999999999999901e-01 3.770999999999999908e-01
8.392000000000000570e-01 3.846999999999999864e-01
8.396000000000000130e-01 3.960000000000000187e-01
8.399999999999999689e-01 4.026000000000000134e-01
8.404000000000000359e-01 3.976999999999999980e-01
8.407999999999999918e-01 3.842999999999999750e-01
8.412000000000000588e-01 3.657000000000000250e-01
8.416000000000000147e-01 3.549999999999999822e-01
8.419999999999999707e-01 3.603999999999999981e-01
8.424000000000000377e-01 3.842999999999999750e-01
8.427999999999999936e-01 4.137000000000000122e-01
8.432000000000000606e-01 4.200999999999999734e-01
8.436000000000000165e-01 4.138999999999999901e-01
8.439999999999999725e-01 4.027000000000000024e-01
8.444000000000000394e-01 3.961000000000000076e-01
8.447999999999999954e-01 4.030000000000000249e-01
8.452000000000000624e-01 4.151000000000000245e-01
8.456000000000000183e-01 4.243000000000000105e-01
8.459999999999999742e-01 4.300999999999999823e-01
8.464000000000000412e-01 4.323000000000000176e-01
8.467999999999999972e-01 4.330999999999999850e-01
8.472000000000000641e-01 4.326999999999999735e-01
8.476000000000000201e-01 4.309999999999999942e-01
8.479999999999999760e-01 4.325999999999999845e-01
8.484000000000000430e-01 4.353000000000000203e-01
8.487999999999999989e-01 4.396999999999999797e-01
8.492000000000000659e-01 4.442999999999999727e-01
8.496000000000000218e-01 4.411999999999999811e-01
8.499999999999999778e-01 4.405999999999999917e-01
8.504000000000000448e-01 4.334000000000000075e-01
8.508000000000000007e-01 4.321999999999999731e-01
8.512000000000000677e-01 4.279000000000000026e-01
8.516000000000000236e-01 4.238000000000000100e-01
8.519999999999999796e-01 4.183999999999999941e-01
8.524000000000000465e-01 4.112000000000000099e-01
8.528000000000000025e-01 4.061000000000000165e-01
8.532000000000000695e-01 3.968999999999999750e-01
8.536000000000000254e-01 3.882999999999999785e-01
8.539999999999999813e-01 3.812999999999999723e-01
8.544000000000000483e-01 3.756999999999999784e-01
8.548000000000000043e-01 3.597000000000000197e-01
8.552000000000000712e-01 3.589999999999999858e-01
8.556000000000000272e-01 3.568999999999999950e-01
8.559999999999999831e-01 3.443999999999999839e-01
8.564000000000000501e-01 3.284000000000000252e-01
8.568000000000000060e-01 3.149000000000000132e-01
8.572000000000000730e-01 2.983000000000000096e-01
8.576000000000000290e-01 2.832000000000000073e-01
8.579999999999999849e-01 2.738999999999999768e-01
8.583999999999999408e-01 2.681000000000000050e-01
8.588000000000000078e-01 2.654000000000000248e-01
8.592000000000000748e-01 2.579000000000000181e-01
8.596000000000000307e-01 2.469999999999999973e-01
8.599999999999999867e-01 2.336000000000000021e-01
8.603999999999999426e-01 2.139000000000000068e-01
8.608000000000000096e-01 1.993999999999999939e-01
8.612000000000000766e-01 1.889000000000000123e-01
8.616000000000000325e-01 1.782999999999999863e-01
8.619999999999999885e-01 1.676999999999999880e-01
8.623999999999999444e-01 1.650000000000000078e-01
8.628000000000000114e-01 1.718999999999999972e-01
8.632000000000000783e-01 1.756000000000000061e-01
8.636000000000000343e-01 1.695000000000000118e-01
8.639999999999999902e-01 1.675000000000000100e-01
8.643999999999999462e-01 1.746000000000000052e-01
8.648000000000000131e-01 1.786999999999999977e-01
8.652000000000000801e-01 1.778000000000000136e-01
8.656000000000000361e-01 1.842000000000000026e-01
8.659999999999999920e-01 1.955999999999999961e-01
8.663999999999999480e-01 2.005000000000000115e-01
8.668000000000000149e-01 1.950999999999999956e-01
8.672000000000000819e-01 2.018000000000000071e-01
8.676000000000000378e-01 2.154999999999999971e-01
8.679999999999999938e-01 2.335000000000000131e-01
8.683999999999999497e-01 2.451000000000000123e-01
8.688000000000000167e-01 2.535999999999999921e-01
8.692000000000000837e-01 2.614000000000000212e-01
8.696000000000000396e-01 2.641999999999999904e-01
8.699999999999999956e-01 2.676000000000000045e-01
8.703999999999999515e-01 2.690000000000000169e-01
8.708000000000000185e-01 2.753999999999999782e-01
8.712000000000000854e-01 2.867999999999999994e-01
8.716000000000000414e-01 2.993000000000000105e-01
8.719999999999999973e-01 3.101999999999999758e-01
8.723999999999999533e-01 3.160999999999999921e-01
8.728000000000000203e-01 3.202999999999999736e-01
8.732000000000000872e-01 3.279000000000000248e-01
8.736000000000000432e-01 3.313999999999999724e-01
8.739999999999999991e-01 3.276000000000000023e-01
8.743999999999999551e-01 3.232999999999999763e-01
8.748000000000000220e-01 3.242999999999999772e-01
8.752000000000000890e-01 3.261000000000000010e-01
8.756000000000000449e-01 3.249000000000000221e-01
8.760000000000000009e-01 3.216999999999999860e-01
8.763999999999999568e-01 3.181999999999999829e-01
8.768000000000000238e-01 3.144000000000000128e-01
8.772000000000000908e-01 3.093000000000000194e-01
8.776000000000000467e-01 3.023000000000000131e-01
8.780000000000000027e-01 2.921000000000000263e-01
8.783999999999999586e-01 2.863999999999999879e-01
8.788000000000000256e-01 2.742999999999999883e-01
8.792000000000000925e-01 2.503000000000000225e-01
8.796000000000000485e-01 2.159999999999999976e-01
8.800000000000000044e-01 1.751999999999999946e-01
8.803999999999999604e-01 1.431000000000000050e-01
8.808000000000000274e-01 1.267000000000000071e-01
8.812000000000000943e-01 1.053999999999999937e-01
8.816000000000000503e-01 7.580000000000000626e-02
8.820000000000000062e-01 5.369999999999999774e-02
8.823999999999999622e-01 4.370000000000000273e-02
8.827999999999999181e-01 3.869999999999999829e-02
8.832000000000000961e-01 3.420000000000000123e-02
8.836000000000000520e-01 3.189999999999999780e-02
8.840000000000000080e-01 3.500000000000000333e-02
8.843999999999999639e-01 4.379999999999999866e-02
8.847999999999999199e-01 5.600000000000000117e-02
8.852000000000000979e-01 6.199999999999999956e-02
8.856000000000000538e-01 5.970000000000000306e-02
8.860000000000000098e-01 5.550000000000000072e-02
8.863999999999999657e-01 4.630000000000000088e-02
8.867999999999999217e-01 3.090000000000000038e-02
8.872000000000000997e-01 2.050000000000000086e-02
8.876000000000000556e-01 2.079999999999999905e-02
8.880000000000000115e-01 2.580000000000000002e-02
8.883999999999999675e-01 3.230000000000000232e-02
8.887999999999999234e-01 3.930000000000000160e-02
8.892000000000001014e-01 4.130000000000000338e-02
8.896000000000000574e-01 4.270000000000000184e-02
8.900000000000000133e-01 4.499999999999999833e-02
8.903999999999999693e-01 4.250000000000000305e-02
8.907999999999999252e-01 4.139999999999999930e-02
8.912000000000001032e-01 4.120000000000000051e-02
8.916000000000000592e-01 4.270000000000000184e-02
8.920000000000000151e-01 4.739999999999999769e-02
8.923999999999999710e-01 4.769999999999999934e-02
8.927999999999999270e-01 4.649999999999999967e-02
8.932000000000001050e-01 4.669999999999999846e-02
8.936000000000000609e-01 4.220000000000000140e-02
8.940000000000000169e-01 3.780000000000000027e-02
8.943999999999999728e-01 3.869999999999999829e-02
8.947999999999999288e-01 4.080000000000000293e-02
8.952000000000001068e-01 4.139999999999999930e-02
8.956000000000000627e-01 3.989999999999999797e-02
8.960000000000000187e-01 4.030000000000000249e-02
8.963999999999999746e-01 4.789999999999999813e-02
8.967999999999999305e-01 5.990000000000000185e-02
8.972000000000001085e-01 7.090000000000000469e-02
8.976000000000000645e-01 7.570000000000000340e-02
8.980000000000000204e-01 7.420000000000000207e-02
8.983999999999999764e-01 7.280000000000000360e-02
8.987999999999999323e-01 6.980000000000000093e-02
8.992000000000001103e-01 7.040000000000000424e-02
8.996000000000000663e-01 7.299999999999999545e-02
9.000000000000000222e-01 7.929999999999999549e-02
9.003999999999999782e-01 8.790000000000000591e-02
9.007999999999999341e-01 9.579999999999999627e-02
9.012000000000001121e-01 1.039999999999999952e-01
9.016000000000000680e-01 1.126999999999999946e-01
9.020000000000000240e-01 1.237999999999999934e-01
9.023999999999999799e-01 1.325999999999999956e-01
9.027999999999999359e-01 1.418999999999999984e-01
9.032000000000001139e-01 1.550999999999999879e-01
9.036000000000000698e-01 1.726999999999999924e-01
9.040000000000000258e-01 1.884000000000000119e-01
9.043999999999999817e-01 1.957000000000000128e-01
9.047999999999999376e-01 2.006000000000000005e-01
9.052000000000001156e-01 2.169000000000000095e-01
9.056000000000000716e-01 2.351999999999999924e-01
9.060000000000000275e-01 2.456000000000000127e-01
9.063999999999999835e-01 2.566999999999999837e-01
9.067999999999999394e-01 2.691000000000000059e-01
9.072000000000001174e-01 2.852000000000000091e-01
9.076000000000000734e-01 2.978999999999999981e-01
9.080000000000000293e-01 3.074999999999999956e-01
9.083999999999999853e-01 3.150000000000000022e-01
9.087999999999999412e-01 3.245000000000000107e-01
9.092000000000001192e-01 3.377999999999999892e-01
9.096000000000000751e-01 3.462000000000000077e-01
9.100000000000000311e-01 3.487000000000000099e-01
9.103999999999999870e-01 3.467999999999999972e-01
9.107999999999999430e-01 3.436000000000000165e-01
9.112000000000000099e-01 3.377999999999999892e-01
9.116000000000000769e-01 3.362999999999999878e-01
9.120000000000000329e-01 3.417000000000000037e-01
9.123999999999999888e-01 3.416000000000000147e-01
9.127999999999999448e-01 3.380000000000000226e-01
9.132000000000000117e-01 3.377000000000000002e-01
9.136000000000000787e-01 3.448999999999999844e-01
9.140000000000000346e-01 3.551000000000000267e-01
9.143999999999999906e-01 3.598000000000000087e-01
9.147999999999999465e-01 3.624999999999999889e-01
9.152000000000000135e-01 3.634000000000000008e-01
9.156000000000000805e-01 3.652000000000000246e-01
9.160000000000000364e-01 3.607000000000000206e-01
9.163999999999999924e-01 3.587000000000000188e-01
9.167999999999999483e-01 3.645999999999999797e-01
9.172000000000000153e-01 3.734000000000000097e-01
9.176000000000000822e-01 3.832999999999999741e-01
9.180000000000000382e-01 3.907999999999999807e-01
9.183999999999999941e-01 3.947999999999999843e-01
9.187999999999999501e-01 3.956000000000000072e-01
9.192000000000000171e-01 3.951000000000000068e-01
9.196000000000000840e-01 3.952999999999999847e-01
9.200000000000000400e-01 3.952999999999999847e-01
9.203999999999999959e-01 3.976000000000000090e-01
9.207999999999999519e-01 4.000000000000000222e-01
9.212000000000000188e-01 4.001000000000000112e-01
9.216000000000000858e-01 3.996000000000000107e-01
9.220000000000000417e-01 3.985000000000000209e-01
9.223999999999999977e-01 3.967999999999999861e-01
9.227999999999999536e-01 3.956000000000000072e-01
9.232000000000000206e-01 3.951000000000000068e-01
9.236000000000000876e-01 3.946999999999999953e-01
9.240000000000000435e-01 3.938999999999999724e-01
9.243999999999999995e-01 3.922999999999999821e-01
9.247999999999999554e-01 3.911000000000000032e-01
9.252000000000000224e-01 3.895000000000000129e-01
9.256000000000000894e-01 3.870999999999999996e-01
9.260000000000000453e-01 3.855999999999999983e-01
9.264000000000000012e-01 3.872999999999999776e-01
9.267999999999999572e-01 3.921000000000000041e-01
9.272000000000000242e-01 3.975000000000000200e-01
9.276000000000000911e-01 3.996000000000000107e-01
9.280000000000000471e-01 3.986000000000000099e-01
9.284000000000000030e-01 3.956999999999999962e-01
9.287999999999999590e-01 3.934000000000000274e-01
9.292000000000000259e-01 3.927999999999999825e-01
9.296000000000000929e-01 3.946000000000000063e-01
9.300000000000000488e-01 3.972999999999999865e-01
9.304000000000000048e-01 4.000000000000000222e-01
9.307999999999999607e-01 4.017000000000000015e-01
9.312000000000000277e-01 4.022000000000000020e-01
9.316000000000000947e-01 3.998999999999999777e-01
9.320000000000000506e-01 3.966999999999999971e-01
9.324000000000000066e-01 3.942999999999999838e-01
9.327999999999999625e-01 3.965000000000000191e-01
9.332000000000000295e-01 4.012999999999999901e-01
9.336000000000000965e-01 4.069999999999999729e-01
9.340000000000000524e-01 4.119999999999999774e-01
9.344000000000000083e-01 4.151000000000000245e-01
9.347999999999999643e-01 4.164999999999999813e-01
9.352000000000000313e-01 4.182000000000000162e-01
9.355999999999999872e-01 4.182000000000000162e-01
9.360000000000000542e-01 4.176000000000000267e-01
9.364000000000000101e-01 4.173999999999999932e-01
9.367999999999999661e-01 4.174999999999999822e-01
9.372000000000000330e-01 4.193000000000000060e-01
9.375999999999999890e-01 4.215999999999999748e-01
9.380000000000000560e-01 4.235999999999999766e-01
9.384000000000000119e-01 4.274999999999999911e-01
9.387999999999999678e-01 4.319999999999999951e-01
9.392000000000000348e-01 4.354000000000000092e-01
9.395999999999999908e-01 4.388000000000000234e-01
9.400000000000000577e-01 4.415999999999999925e-01
9.404000000000000137e-01 4.436999999999999833e-01
9.407999999999999696e-01 4.451999999999999846e-01
9.412000000000000366e-01 4.459000000000000186e-01
9.415999999999999925e-01 4.460000000000000075e-01
9.420000000000000595e-01 4.457999999999999741e-01
9.424000000000000155e-01 4.460999999999999965e-01
9.427999999999999714e-01 4.455999999999999961e-01
9.432000000000000384e-01 4.446999999999999842e-01
9.435999999999999943e-01 4.451999999999999846e-01
9.440000000000000613e-01 4.460000000000000075e-01
9.444000000000000172e-01 4.470000000000000084e-01
9.447999999999999732e-01 4.477999999999999758e-01
9.452000000000000401e-01 4.484000000000000208e-01
9.455999999999999961e-01 4.501000000000000001e-01
9.460000000000000631e-01 4.495999999999999996e-01
9.464000000000000190e-01 4.456999999999999851e-01
9.467999999999999750e-01 4.396999999999999797e-01
9.472000000000000419e-01 4.323000000000000176e-01
9.475999999999999979e-01 4.254000000000000004e-01
9.480000000000000648e-01 4.223999999999999977e-01
9.484000000000000208e-01 4.262000000000000233e-01
9.487999999999999767e-01 4.341999999999999749e-01
9.492000000000000437e-01 4.409000000000000141e-01
9.495999999999999996e-01 4.442999999999999727e-01
9.500000000000000666e-01 4.435000000000000053e-01
9.504000000000000226e-01 4.393000000000000238e-01
9.507999999999999785e-01 4.313000000000000167e-01
9.512000000000000455e-01 4.225999999999999757e-01
9.516000000000000014e-01 4.148000000000000020e-01
9.520000000000000684e-01 4.133000000000000007e-01
9.524000000000000243e-01 4.202000000000000179e-01
9.527999999999999803e-01 4.304999999999999938e-01
9.532000000000000473e-01 4.375999999999999890e-01
9.536000000000000032e-01 4.395999999999999908e-01
9.540000000000000702e-01 4.396999999999999797e-01
9.544000000000000261e-01 4.378000000000000225e-01
9.547999999999999821e-01 4.355999999999999872e-01
9.552000000000000490e-01 4.321999999999999731e-01
9.556000000000000050e-01 4.318000000000000171e-01
9.560000000000000719e-01 4.283000000000000140e-01
9.564000000000000279e-01 4.230999999999999761e-01
9.567999999999999838e-01 4.171000000000000263e-01
9.572000000000000508e-01 4.088999999999999857e-01
9.576000000000000068e-01 4.060000000000000275e-01
9.580000000000000737e-01 4.087000000000000077e-01
9.584000000000000297e-01 4.099999999999999756e-01
9.587999999999999856e-01 4.038999999999999813e-01
9.592000000000000526e-01 3.986000000000000099e-01
9.596000000000000085e-01 3.884000000000000230e-01
9.599999999999999645e-01 3.830000000000000071e-01
9.604000000000000314e-01 3.750999999999999890e-01
9.607999999999999874e-01 3.623000000000000109e-01
9.612000000000000544e-01 3.491000000000000214e-01
9.616000000000000103e-01 3.413999999999999813e-01
9.619999999999999662e-01 3.286000000000000032e-01
9.624000000000000332e-01 3.090999999999999859e-01
9.627999999999999892e-01 2.892000000000000126e-01
9.632000000000000561e-01 2.715000000000000191e-01
9.636000000000000121e-01 2.580999999999999961e-01
9.639999999999999680e-01 2.530000000000000027e-01
9.644000000000000350e-01 2.501999999999999780e-01
9.647999999999999909e-01 2.432999999999999885e-01
9.652000000000000579e-01 2.283999999999999919e-01
9.656000000000000139e-01 2.205999999999999905e-01
9.659999999999999698e-01 2.159999999999999976e-01
9.664000000000000368e-01 2.146000000000000130e-01
9.667999999999999927e-01 2.139000000000000068e-01
9.672000000000000597e-01 2.182000000000000051e-01
9.676000000000000156e-01 2.237999999999999989e-01
9.679999999999999716e-01 2.265999999999999959e-01
9.684000000000000385e-01 2.232000000000000095e-01
9.687999999999999945e-01 2.119999999999999940e-01
9.692000000000000615e-01 1.990999999999999992e-01
9.696000000000000174e-01 1.930999999999999939e-01
9.699999999999999734e-01 1.865999999999999881e-01
9.704000000000000403e-01 1.645000000000000073e-01
9.707999999999999963e-01 1.343999999999999917e-01
9.712000000000000632e-01 1.287000000000000088e-01
9.716000000000000192e-01 1.502999999999999892e-01
9.719999999999999751e-01 1.726000000000000034e-01
9.724000000000000421e-01 1.895999999999999908e-01
9.727999999999999980e-01 1.996999999999999886e-01
9.732000000000000650e-01 1.953999999999999904e-01
9.736000000000000210e-01 1.857000000000000040e-01
9.739999999999999769e-01 1.774999999999999911e-01
9.744000000000000439e-01 1.736999999999999933e-01
9.747999999999999998e-01 1.809000000000000052e-01
9.752000000000000668e-01 1.890999999999999903e-01
9.756000000000000227e-01 1.955000000000000071e-01
9.759999999999999787e-01 2.016999999999999904e-01
9.764000000000000457e-01 1.978999999999999926e-01
9.768000000000000016e-01 1.902999999999999969e-01
9.772000000000000686e-01 1.814999999999999947e-01
9.776000000000000245e-01 1.718999999999999972e-01
9.779999999999999805e-01 1.708000000000000074e-01
9.784000000000000474e-01 1.792999999999999872e-01
9.788000000000000034e-01 1.794000000000000039e-01
9.792000000000000703e-01 1.751999999999999946e-01
9.796000000000000263e-01 1.724999999999999867e-01
9.799999999999999822e-01 1.711999999999999911e-01
9.804000000000000492e-01 1.638000000000000012e-01
9.808000000000000052e-01 1.481000000000000094e-01
9.812000000000000721e-01 1.441999999999999948e-01
9.816000000000000281e-01 1.401000000000000023e-01
9.819999999999999840e-01 1.267000000000000071e-01
9.824000000000000510e-01 1.207000000000000017e-01
9.828000000000000069e-01 1.144000000000000017e-01
9.832000000000000739e-01 9.719999999999999474e-02
9.836000000000000298e-01 9.170000000000000373e-02
9.839999999999999858e-01 9.900000000000000466e-02
9.844000000000000528e-01 9.779999999999999805e-02
9.848000000000000087e-01 9.800000000000000377e-02
9.852000000000000757e-01 1.112999999999999962e-01
9.856000000000000316e-01 1.140999999999999931e-01
9.859999999999999876e-01 1.112999999999999962e-01
9.863999999999999435e-01 1.111999999999999933e-01
9.868000000000000105e-01 1.054999999999999966e-01
9.872000000000000774e-01 9.909999999999999365e-02
9.876000000000000334e-01 8.469999999999999751e-02
9.879999999999999893e-01 6.740000000000000158e-02
9.883999999999999453e-01 5.779999999999999721e-02
9.888000000000000123e-01 5.430000000000000104e-02
9.892000000000000792e-01 6.010000000000000064e-02
9.896000000000000352e-01 7.199999999999999456e-02
9.899999999999999911e-01 7.720000000000000473e-02
9.903999999999999471e-01 7.539999999999999480e-02
9.908000000000000140e-01 7.739999999999999658e-02
9.912000000000000810e-01 8.110000000000000542e-02
9.916000000000000369e-01 8.210000000000000631e-02
9.919999999999999929e-01 8.530000000000000082e-02
9.923999999999999488e-01 9.270000000000000462e-02
9.928000000000000158e-01 9.890000000000000180e-02
9.932000000000000828e-01 9.299999999999999933e-02
9.936000000000000387e-01 8.840000000000000635e-02
9.939999999999999947e-01 9.320000000000000506e-02
9.943999999999999506e-01 9.170000000000000373e-02
9.948000000000000176e-01 8.989999999999999380e-02
9.952000000000000846e-01 8.659999999999999643e-02
9.956000000000000405e-01 7.870000000000000606e-02
9.959999999999999964e-01 7.190000000000000557e-02
9.963999999999999524e-01 6.930000000000000049e-02
9.968000000000000194e-01 7.960000000000000409e-02
9.972000000000000863e-01 9.760000000000000620e-02
9.976000000000000423e-01 1.021999999999999992e-01
9.979999999999999982e-01 1.063000000000000056e-01
9.983999999999999542e-01 1.039999999999999952e-01
9.988000000000000211e-01 8.369999999999999662e-02
9.992000000000000881e-01 8.100000000000000255e-02
9.996000000000000441e-01 1.000999999999999945e-01
1.000000000000000000e+00 1.126000000000000056e-01
