2.500000000000000000e-01 1.362000000000000053e-10
2.510000000000000009e-01 1.431000000000000022e-10
2.520000000000000018e-01 1.167999999999999999e-10
2.530000000000000027e-01 1.606999999999999982e-10
2.540000000000000036e-01 2.269999999999999916e-10
2.550000000000000044e-01 2.490999999999999980e-10
2.560000000000000053e-01 2.310000000000000036e-10
2.570000000000000062e-01 2.574000000000000107e-10
2.580000000000000071e-01 2.145000000000000089e-10
2.589999999999999525e-01 2.644999999999999655e-10
2.600000000000000089e-01 2.998000000000000401e-10
2.610000000000000098e-01 3.014000000000000138e-10
2.620000000000000107e-01 3.223999999999999930e-10
2.630000000000000115e-01 3.813999999999999961e-10
2.639999999999999569e-01 5.421999999999999475e-10
2.650000000000000133e-01 5.753999999999999982e-10
2.660000000000000142e-01 6.240000000000000165e-10
2.670000000000000151e-01 6.412000000000000192e-10
2.680000000000000160e-01 6.350000000000000819e-10
2.689999999999999614e-01 6.454999999999999940e-10
2.700000000000000178e-01 6.467000000000000519e-10
2.709999999999999631e-01 7.303999999999999800e-10
2.720000000000000195e-01 6.076999999999999798e-10
2.730000000000000204e-01 6.805999999999999038e-10
2.739999999999999658e-01 5.873999999999999568e-10
2.750000000000000222e-01 6.342000000000000433e-10
2.759999999999999676e-01 8.095999999999999753e-10
2.770000000000000240e-01 9.170999999999999660e-10
2.779999999999999694e-01 8.503999999999999792e-10
2.789999999999999702e-01 6.955999999999999554e-10
2.800000000000000266e-01 6.848999999999999820e-10
2.809999999999999720e-01 7.521000000000000188e-10
2.820000000000000284e-01 1.064000000000000048e-09
2.829999999999999738e-01 1.108000000000000103e-09
2.839999999999999747e-01 1.010000000000000028e-09
2.850000000000000311e-01 5.500000000000000653e-10
2.859999999999999765e-01 7.079999999999999333e-10
2.870000000000000329e-01 1.279000000000000029e-09
2.879999999999999782e-01 1.348999999999999994e-09
2.890000000000000346e-01 1.904999999999999936e-09
2.899999999999999800e-01 2.767000000000000061e-09
2.909999999999999809e-01 3.063000000000000279e-09
2.920000000000000373e-01 3.096999999999999955e-09
2.929999999999999827e-01 2.949999999999999946e-09
2.940000000000000391e-01 2.978000000000000263e-09
2.949999999999999845e-01 2.992999999999999901e-09
2.959999999999999853e-01 3.063000000000000279e-09
2.970000000000000417e-01 2.347999999999999750e-09
2.979999999999999871e-01 2.781000000000000219e-09
2.990000000000000435e-01 2.419000000000000022e-09
2.999999999999999889e-01 2.141999999999999841e-09
3.009999999999999898e-01 2.211999999999999806e-09
3.019999999999999907e-01 2.164999999999999865e-09
3.029999999999999916e-01 3.239999999999999978e-09
3.040000000000000480e-01 3.504999999999999787e-09
3.049999999999999933e-01 3.736000000000000334e-09
3.059999999999999942e-01 3.277000000000000161e-09
3.069999999999999951e-01 3.654999999999999890e-09
3.079999999999999960e-01 4.431000000000000105e-09
3.089999999999999969e-01 4.148000000000000152e-09
3.099999999999999978e-01 3.787999999999999740e-09
3.109999999999999987e-01 5.810000000000000409e-09
3.119999999999999996e-01 5.259999999999999620e-09
3.130000000000000004e-01 4.947999999999999871e-09
3.140000000000000013e-01 5.558999999999999518e-09
3.150000000000000022e-01 5.475999999999999702e-09
3.160000000000000031e-01 4.937999999999999285e-09
3.170000000000000040e-01 6.214999999999999735e-09
3.180000000000000049e-01 6.308000000000000137e-09
3.190000000000000058e-01 5.996999999999999867e-09
3.200000000000000067e-01 6.290999999999999886e-09
3.209999999999999520e-01 5.998000000000000174e-09
3.220000000000000084e-01 5.704999999999999635e-09
3.230000000000000093e-01 6.524000000000000219e-09
3.240000000000000102e-01 7.342999999999999975e-09
3.250000000000000111e-01 8.226999999999999818e-09
3.259999999999999565e-01 9.110000000000000181e-09
3.270000000000000129e-01 1.026000000000000055e-08
3.280000000000000138e-01 9.098999999999999288e-09
3.290000000000000147e-01 9.702999999999999270e-09
3.300000000000000155e-01 1.124000000000000006e-08
3.309999999999999609e-01 1.016000000000000131e-08
3.320000000000000173e-01 9.499000000000001216e-09
3.329999999999999627e-01 9.793000000000000407e-09
3.340000000000000191e-01 9.310000000000000317e-09
3.350000000000000200e-01 9.823999999999999163e-09
3.359999999999999654e-01 8.902999999999998724e-09
3.370000000000000218e-01 7.681999999999998908e-09
3.379999999999999671e-01 8.503999999999999585e-09
3.390000000000000235e-01 9.701000000000000311e-09
3.399999999999999689e-01 1.016999999999999942e-08
3.409999999999999698e-01 9.480000000000001178e-09
3.420000000000000262e-01 9.701999999999999791e-09
3.429999999999999716e-01 1.014999999999999990e-08
3.440000000000000280e-01 7.436999999999999857e-09
3.449999999999999734e-01 8.096000000000000167e-09
3.459999999999999742e-01 9.129000000000000218e-09
3.470000000000000306e-01 8.620999999999999905e-09
3.479999999999999760e-01 9.407999999999998945e-09
3.490000000000000324e-01 8.867999999999998742e-09
3.499999999999999778e-01 1.054000000000000041e-08
3.509999999999999787e-01 1.082000000000000027e-08
3.519999999999999796e-01 9.043000000000000309e-09
3.529999999999999805e-01 1.016000000000000131e-08
3.540000000000000369e-01 1.227999999999999978e-08
3.549999999999999822e-01 1.158999999999999989e-08
3.560000000000000386e-01 9.549999999999999488e-09
3.569999999999999840e-01 8.104999999999998791e-09
3.579999999999999849e-01 6.263000000000000396e-09
3.590000000000000413e-01 7.222000000000000083e-09
3.599999999999999867e-01 1.017999999999999917e-08
3.610000000000000431e-01 9.704000000000000404e-09
3.619999999999999885e-01 9.735000000000000814e-09
3.629999999999999893e-01 1.025000000000000079e-08
3.639999999999999902e-01 1.061999999999999848e-08
3.649999999999999911e-01 1.208999999999999940e-08
3.660000000000000475e-01 1.435999999999999922e-08
3.669999999999999929e-01 1.515000000000000000e-08
3.679999999999999938e-01 1.226000000000000026e-08
3.689999999999999947e-01 1.298999999999999919e-08
3.699999999999999956e-01 1.335000000000000043e-08
3.709999999999999964e-01 1.259000000000000057e-08
3.719999999999999973e-01 1.042999999999999976e-08
3.729999999999999982e-01 7.791000000000000083e-09
3.739999999999999991e-01 6.910999999999999813e-09
3.750000000000000000e-01 8.401000000000000251e-09
3.760000000000000009e-01 9.242999999999998791e-09
3.770000000000000018e-01 1.161000000000000106e-08
3.780000000000000027e-01 1.400999999999999939e-08
3.790000000000000036e-01 1.208999999999999940e-08
3.800000000000000044e-01 1.031999999999999910e-08
3.810000000000000053e-01 1.033000000000000052e-08
3.820000000000000062e-01 7.510000000000000743e-09
3.829999999999999516e-01 5.714000000000000741e-09
3.840000000000000080e-01 6.745000000000000179e-09
3.850000000000000089e-01 7.739000000000000676e-09
3.860000000000000098e-01 7.366000000000000413e-09
3.870000000000000107e-01 7.851000000000000289e-09
3.879999999999999560e-01 8.201000000000000114e-09
3.890000000000000124e-01 1.008999999999999969e-08
3.900000000000000133e-01 1.185000000000000023e-08
3.910000000000000142e-01 1.312999999999999912e-08
3.920000000000000151e-01 1.288999999999999995e-08
3.929999999999999605e-01 9.070999999999998971e-09
3.940000000000000169e-01 9.161000000000000108e-09
3.949999999999999623e-01 1.335000000000000043e-08
3.960000000000000187e-01 1.302000000000000012e-08
3.970000000000000195e-01 1.062999999999999989e-08
3.979999999999999649e-01 1.606000000000000286e-08
3.990000000000000213e-01 2.136999999999999879e-08
3.999999999999999667e-01 2.249999999999999964e-08
4.010000000000000231e-01 2.373999999999999950e-08
4.020000000000000240e-01 2.461000000000000001e-08
4.029999999999999694e-01 2.283999999999999806e-08
4.040000000000000258e-01 1.991000000000000094e-08
4.049999999999999711e-01 2.160000000000000151e-08
4.060000000000000275e-01 2.123999999999999696e-08
4.069999999999999729e-01 2.008999999999999990e-08
4.079999999999999738e-01 2.289000000000000181e-08
4.090000000000000302e-01 2.605000000000000165e-08
4.099999999999999756e-01 2.515999999999999832e-08
4.110000000000000320e-01 2.492000000000000080e-08
4.119999999999999774e-01 2.628000000000000107e-08
4.129999999999999782e-01 2.449000000000000290e-08
4.139999999999999791e-01 2.241999999999999827e-08
4.149999999999999800e-01 2.211000000000000078e-08
4.160000000000000364e-01 2.356000000000000053e-08
4.169999999999999818e-01 2.359999999999999957e-08
4.180000000000000382e-01 2.197000000000000085e-08
4.189999999999999836e-01 2.241000000000000016e-08
4.199999999999999845e-01 2.270999999999999954e-08
4.210000000000000409e-01 2.387999999999999943e-08
4.219999999999999862e-01 2.202999999999999941e-08
4.230000000000000426e-01 2.152000000000000013e-08
4.239999999999999880e-01 2.406000000000000170e-08
4.249999999999999889e-01 2.415999999999999929e-08
4.259999999999999898e-01 2.360999999999999767e-08
4.269999999999999907e-01 2.298999999999999940e-08
4.280000000000000471e-01 2.221000000000000168e-08
4.289999999999999925e-01 2.281000000000000043e-08
4.299999999999999933e-01 1.943999999999999739e-08
4.309999999999999942e-01 2.166999999999999817e-08
4.319999999999999951e-01 2.593000000000000124e-08
4.330000000000000515e-01 2.876000000000000077e-08
4.339999999999999969e-01 3.041999999999999711e-08
4.349999999999999978e-01 2.954999999999999991e-08
4.359999999999999987e-01 3.098000000000000345e-08
4.369999999999999996e-01 3.004000000000000297e-08
4.380000000000000004e-01 2.551999999999999955e-08
4.390000000000000013e-01 2.600999999999999931e-08
4.400000000000000022e-01 2.675999999999999941e-08
4.410000000000000031e-01 2.709999999999999782e-08
4.420000000000000040e-01 2.976000000000000311e-08
4.430000000000000049e-01 2.995999999999999828e-08
4.440000000000000058e-01 3.059999999999999607e-08
4.449999999999999512e-01 3.029000000000000190e-08
4.460000000000000075e-01 2.926000000000000194e-08
4.470000000000000084e-01 3.190999999999999920e-08
4.480000000000000093e-01 3.427999999999999991e-08
4.490000000000000102e-01 3.319999999999999950e-08
4.499999999999999556e-01 3.540999999999999746e-08
4.510000000000000120e-01 3.724999999999999937e-08
4.520000000000000129e-01 3.502000000000000521e-08
4.530000000000000138e-01 3.255000000000000361e-08
4.540000000000000147e-01 3.362999999999999740e-08
4.549999999999999600e-01 3.498999999999999766e-08
4.560000000000000164e-01 3.592999999999999814e-08
4.569999999999999618e-01 3.751000000000000302e-08
4.580000000000000182e-01 3.630999999999999890e-08
4.590000000000000191e-01 3.545000000000000311e-08
4.599999999999999645e-01 3.592000000000000004e-08
4.610000000000000209e-01 3.672000000000000058e-08
4.619999999999999662e-01 3.759999999999999920e-08
4.630000000000000226e-01 3.785999999999999623e-08
4.640000000000000235e-01 3.572000000000000486e-08
4.649999999999999689e-01 3.553000000000000118e-08
4.660000000000000253e-01 3.572999999999999635e-08
4.669999999999999707e-01 3.543000000000000028e-08
4.680000000000000271e-01 3.620999999999999800e-08
4.689999999999999725e-01 3.636000000000000265e-08
4.699999999999999734e-01 3.497000000000000146e-08
4.710000000000000298e-01 3.502999999999999670e-08
4.719999999999999751e-01 3.744999999999999455e-08
4.730000000000000315e-01 3.715999999999999658e-08
4.739999999999999769e-01 3.726999999999999558e-08
4.749999999999999778e-01 3.792000000000000471e-08
4.759999999999999787e-01 3.665000000000000062e-08
4.770000000000000351e-01 3.740999999999999551e-08
4.780000000000000360e-01 3.756000000000000016e-08
4.789999999999999813e-01 3.814000000000000271e-08
4.799999999999999822e-01 3.855999999999999588e-08
4.810000000000000386e-01 3.937000000000000115e-08
4.819999999999999840e-01 3.923000000000000122e-08
4.829999999999999849e-01 3.808999999999999895e-08
4.840000000000000413e-01 3.781000000000000571e-08
4.850000000000000422e-01 3.765000000000000295e-08
4.859999999999999876e-01 3.543999999999999839e-08
4.869999999999999329e-01 3.373999999999999640e-08
4.880000000000000449e-01 3.486000000000000246e-08
4.889999999999999902e-01 3.565999999999999639e-08
4.899999999999999911e-01 3.654000000000000162e-08
4.910000000000000475e-01 3.651999999999999879e-08
4.919999999999999929e-01 3.395000000000000291e-08
4.929999999999999938e-01 3.417000000000000091e-08
4.939999999999999392e-01 3.612999999999999993e-08
4.950000000000000511e-01 3.583999999999999535e-08
4.959999999999999964e-01 3.527000000000000414e-08
4.969999999999999418e-01 3.726000000000000409e-08
4.980000000000000537e-01 3.461000000000000353e-08
4.989999999999999991e-01 3.395000000000000291e-08
5.000000000000000000e-01 3.386000000000000012e-08
5.010000000000000009e-01 3.160000000000000503e-08
5.020000000000000018e-01 3.253000000000000078e-08
5.030000000000000027e-01 3.450999999999999601e-08
5.040000000000000036e-01 3.366999999999999643e-08
5.050000000000000044e-01 3.352999999999999650e-08
5.060000000000000053e-01 3.410999999999999905e-08
5.070000000000000062e-01 3.389000000000000105e-08
5.080000000000000071e-01 3.248000000000000364e-08
5.090000000000000080e-01 3.361999999999999929e-08
5.100000000000000089e-01 3.296000000000000530e-08
5.110000000000000098e-01 3.379000000000000015e-08
5.120000000000000107e-01 3.336000000000000226e-08
5.130000000000000115e-01 3.198999999999999727e-08
5.140000000000000124e-01 3.157999999999999559e-08
5.150000000000000133e-01 3.191999999999999731e-08
5.160000000000000142e-01 3.043000000000000183e-08
5.170000000000000151e-01 2.627000000000000296e-08
5.179999999999999050e-01 2.518999999999999925e-08
5.190000000000000169e-01 2.844999999999999998e-08
5.200000000000000178e-01 3.123000000000000238e-08
5.210000000000000187e-01 3.118999999999999673e-08
5.220000000000000195e-01 3.336000000000000226e-08
5.230000000000000204e-01 3.362999999999999740e-08
5.240000000000000213e-01 3.540999999999999746e-08
5.249999999999999112e-01 3.629000000000000269e-08
5.260000000000000231e-01 3.270000000000000164e-08
5.270000000000000240e-01 3.012999999999999914e-08
5.279999999999999138e-01 3.368000000000000115e-08
5.290000000000000258e-01 3.592000000000000004e-08
5.300000000000000266e-01 3.631999999999999700e-08
5.310000000000000275e-01 3.770999999999999820e-08
5.320000000000000284e-01 3.581999999999999914e-08
5.330000000000000293e-01 3.395999999999999440e-08
5.340000000000000302e-01 3.558999999999999642e-08
5.349999999999999201e-01 3.645999999999999693e-08
5.360000000000000320e-01 3.742000000000000023e-08
5.370000000000000329e-01 3.624999999999999704e-08
5.379999999999999227e-01 3.647999999999999976e-08
5.390000000000000346e-01 3.612000000000000183e-08
5.400000000000000355e-01 3.411999999999999715e-08
5.410000000000000364e-01 3.396999999999999912e-08
5.419999999999999263e-01 3.629000000000000269e-08
5.430000000000000382e-01 3.581000000000000104e-08
5.440000000000000391e-01 3.630000000000000079e-08
5.449999999999999289e-01 3.710999999999999944e-08
5.460000000000000409e-01 3.780000000000000099e-08
5.470000000000000417e-01 3.685999999999999390e-08
5.479999999999999316e-01 3.629000000000000269e-08
5.489999999999999325e-01 3.688000000000000334e-08
5.500000000000000444e-01 3.781000000000000571e-08
5.510000000000000453e-01 3.700999999999999855e-08
5.519999999999999352e-01 3.767999999999999727e-08
5.530000000000000471e-01 3.855999999999999588e-08
5.540000000000000480e-01 3.830999999999999695e-08
5.549999999999999378e-01 3.969000000000000005e-08
5.559999999999999387e-01 3.914999999999999653e-08
5.570000000000000506e-01 3.747000000000000399e-08
5.579999999999999405e-01 3.748000000000000209e-08
5.589999999999999414e-01 3.667000000000000344e-08
5.600000000000000533e-01 3.561999999999999735e-08
5.610000000000000542e-01 3.810000000000000368e-08
5.619999999999999440e-01 3.873999999999999485e-08
5.630000000000000560e-01 3.766000000000000106e-08
5.640000000000000568e-01 3.916000000000000126e-08
5.649999999999999467e-01 3.843000000000000068e-08
5.659999999999999476e-01 3.937000000000000115e-08
5.670000000000000595e-01 3.801999999999999899e-08
5.679999999999999494e-01 3.939999999999999546e-08
5.689999999999999503e-01 3.909000000000000129e-08
5.700000000000000622e-01 3.837999999999999692e-08
5.710000000000000631e-01 3.787000000000000095e-08
5.719999999999999529e-01 3.906000000000000036e-08
5.729999999999999538e-01 3.979999999999999905e-08
5.740000000000000657e-01 4.016999999999999508e-08
5.749999999999999556e-01 3.983999999999999808e-08
5.759999999999999565e-01 3.951999999999999919e-08
5.770000000000000684e-01 3.962999999999999819e-08
5.780000000000000693e-01 3.975000000000000191e-08
5.789999999999999591e-01 3.948000000000000015e-08
5.799999999999999600e-01 3.921000000000000501e-08
5.810000000000000719e-01 3.980999999999999715e-08
5.819999999999999618e-01 4.041000000000000252e-08
5.829999999999999627e-01 4.070000000000000049e-08
5.840000000000000746e-01 4.098000000000000035e-08
5.849999999999999645e-01 4.012999999999999605e-08
5.859999999999999654e-01 3.928000000000000498e-08
5.869999999999999662e-01 3.822999999999999888e-08
5.880000000000000782e-01 3.719000000000000413e-08
5.889999999999999680e-01 3.711999999999999755e-08
5.899999999999999689e-01 3.706000000000000230e-08
5.910000000000000808e-01 3.808999999999999895e-08
5.919999999999999707e-01 3.912000000000000222e-08
5.929999999999999716e-01 3.972999999999999908e-08
5.940000000000000835e-01 4.034000000000000256e-08
5.949999999999999734e-01 4.049999999999999870e-08
5.959999999999999742e-01 4.066000000000000145e-08
5.969999999999999751e-01 4.045999999999999966e-08
5.980000000000000870e-01 4.025999999999999787e-08
5.989999999999999769e-01 3.984999999999999619e-08
5.999999999999999778e-01 3.944000000000000112e-08
6.010000000000000897e-01 3.917000000000000598e-08
6.019999999999999796e-01 3.889999999999999760e-08
6.029999999999999805e-01 3.896999999999999757e-08
6.039999999999999813e-01 3.903999999999999753e-08
6.049999999999999822e-01 3.961000000000000198e-08
6.059999999999999831e-01 4.016999999999999508e-08
6.069999999999999840e-01 3.982000000000000187e-08
6.080000000000000959e-01 3.946000000000000394e-08
6.089999999999999858e-01 3.913999999999999843e-08
6.099999999999999867e-01 3.881999999999999954e-08
6.109999999999999876e-01 3.858999999999999681e-08
6.119999999999999885e-01 3.836000000000000071e-08
6.129999999999999893e-01 3.826999999999999792e-08
6.139999999999999902e-01 3.818999999999999985e-08
6.149999999999999911e-01 3.747000000000000399e-08
6.159999999999999920e-01 3.674999999999999490e-08
6.169999999999999929e-01 3.696000000000000141e-08
6.179999999999999938e-01 3.717999999999999941e-08
6.189999999999999947e-01 3.781999999999999720e-08
6.199999999999999956e-01 3.846999999999999971e-08
6.209999999999999964e-01 3.812999999999999799e-08
6.219999999999999973e-01 3.778999999999999627e-08
6.229999999999999982e-01 3.756999999999999827e-08
6.239999999999999991e-01 3.735000000000000027e-08
6.250000000000000000e-01 3.751000000000000302e-08
6.260000000000000009e-01 3.767999999999999727e-08
6.270000000000000018e-01 3.759999999999999920e-08
6.280000000000000027e-01 3.751999999999999451e-08
6.290000000000000036e-01 3.774000000000000575e-08
6.300000000000000044e-01 3.794999999999999902e-08
6.310000000000000053e-01 3.796000000000000375e-08
6.320000000000000062e-01 3.796000000000000375e-08
6.330000000000000071e-01 3.785999999999999623e-08
6.340000000000000080e-01 3.774999999999999723e-08
6.350000000000000089e-01 3.769000000000000199e-08
6.360000000000000098e-01 3.762999999999999351e-08
6.370000000000000107e-01 3.774999999999999723e-08
6.380000000000000115e-01 3.787999999999999906e-08
6.390000000000000124e-01 3.733000000000000406e-08
6.400000000000000133e-01 3.678000000000000244e-08
6.410000000000000142e-01 3.674000000000000341e-08
6.419999999999999041e-01 3.671000000000000248e-08
6.430000000000000160e-01 3.710000000000000134e-08
6.440000000000000169e-01 3.749999999999999830e-08
6.450000000000000178e-01 3.728000000000000030e-08
6.460000000000000187e-01 3.706000000000000230e-08
6.470000000000000195e-01 3.703000000000000137e-08
6.480000000000000204e-01 3.700999999999999855e-08
6.489999999999999103e-01 3.690999999999999765e-08
6.500000000000000222e-01 3.681000000000000337e-08
6.510000000000000231e-01 3.697000000000000613e-08
6.519999999999999130e-01 3.713000000000000227e-08
6.530000000000000249e-01 3.724000000000000127e-08
6.540000000000000258e-01 3.735000000000000027e-08
6.550000000000000266e-01 3.685000000000000241e-08
6.560000000000000275e-01 3.634999999999999793e-08
6.570000000000000284e-01 3.616000000000000086e-08
6.580000000000000293e-01 3.597000000000000379e-08
6.589999999999999192e-01 3.665999999999999872e-08
6.600000000000000311e-01 3.735999999999999837e-08
6.610000000000000320e-01 3.731999999999999934e-08
6.619999999999999218e-01 3.728999999999999841e-08
6.630000000000000338e-01 3.706000000000000230e-08
6.640000000000000346e-01 3.683999999999999769e-08
6.650000000000000355e-01 3.668999999999999965e-08
6.659999999999999254e-01 3.654000000000000162e-08
6.670000000000000373e-01 3.661999999999999969e-08
6.680000000000000382e-01 3.668999999999999965e-08
6.689999999999999281e-01 3.631999999999999700e-08
6.700000000000000400e-01 3.595000000000000097e-08
6.710000000000000409e-01 3.590999999999999532e-08
6.719999999999999307e-01 3.586000000000000479e-08
6.729999999999999316e-01 3.579000000000000483e-08
6.740000000000000435e-01 3.572000000000000486e-08
6.750000000000000444e-01 3.516999999999999663e-08
6.759999999999999343e-01 3.461999999999999501e-08
6.770000000000000462e-01 3.490999999999999960e-08
6.780000000000000471e-01 3.520999999999999566e-08
6.789999999999999369e-01 3.516999999999999663e-08
6.799999999999999378e-01 3.511999999999999949e-08
6.810000000000000497e-01 3.531999999999999466e-08
6.819999999999999396e-01 3.550999999999999835e-08
6.829999999999999405e-01 3.561000000000000586e-08
6.840000000000000524e-01 3.571000000000000014e-08
6.850000000000000533e-01 3.491999999999999770e-08
6.859999999999999432e-01 3.413000000000000188e-08
6.870000000000000551e-01 3.354000000000000122e-08
6.880000000000000560e-01 3.295000000000000057e-08
6.889999999999999458e-01 3.305999999999999957e-08
6.899999999999999467e-01 3.318000000000000329e-08
6.910000000000000586e-01 3.330000000000000040e-08
6.919999999999999485e-01 3.343000000000000222e-08
6.929999999999999494e-01 3.362999999999999740e-08
6.940000000000000613e-01 3.382999999999999919e-08
6.950000000000000622e-01 3.393000000000000008e-08
6.959999999999999520e-01 3.403000000000000098e-08
6.969999999999999529e-01 3.375999999999999922e-08
6.980000000000000648e-01 3.348999999999999747e-08
6.989999999999999547e-01 3.352999999999999650e-08
6.999999999999999556e-01 3.357000000000000215e-08
7.010000000000000675e-01 3.333000000000000133e-08
7.019999999999999574e-01 3.309000000000000050e-08
7.029999999999999583e-01 3.326999999999999947e-08
7.039999999999999591e-01 3.345999999999999654e-08
7.050000000000000711e-01 3.368000000000000115e-08
7.059999999999999609e-01 3.389999999999999915e-08
7.069999999999999618e-01 3.381000000000000298e-08
7.080000000000000737e-01 3.373000000000000491e-08
7.089999999999999636e-01 3.355000000000000595e-08
7.099999999999999645e-01 3.337999999999999847e-08
7.109999999999999654e-01 3.311000000000000333e-08
7.120000000000000773e-01 3.284000000000000157e-08
7.129999999999999671e-01 3.263999999999999978e-08
7.139999999999999680e-01 3.243999999999999799e-08
7.150000000000000799e-01 3.322000000000000233e-08
7.159999999999999698e-01 3.399000000000000195e-08
7.169999999999999707e-01 3.409000000000000284e-08
7.180000000000000826e-01 3.418999999999999712e-08
7.189999999999999725e-01 3.329000000000000229e-08
7.199999999999999734e-01 3.239999999999999896e-08
7.209999999999999742e-01 3.253000000000000078e-08
7.220000000000000862e-01 3.266000000000000261e-08
7.229999999999999760e-01 3.277999999999999971e-08
7.239999999999999769e-01 3.289000000000000533e-08
7.250000000000000888e-01 3.267000000000000071e-08
7.259999999999999787e-01 3.245000000000000271e-08
7.269999999999999796e-01 3.237999999999999613e-08
7.279999999999999805e-01 3.232000000000000089e-08
7.289999999999999813e-01 3.201000000000000010e-08
7.299999999999999822e-01 3.169999999999999931e-08
7.309999999999999831e-01 3.178000000000000399e-08
7.320000000000000950e-01 3.186000000000000206e-08
7.329999999999999849e-01 3.182999999999999452e-08
7.339999999999999858e-01 3.179000000000000210e-08
7.349999999999999867e-01 3.169000000000000120e-08
7.359999999999999876e-01 3.160000000000000503e-08
7.369999999999999885e-01 3.160999999999999652e-08
7.379999999999999893e-01 3.162999999999999934e-08
7.389999999999999902e-01 3.164999999999999555e-08
7.399999999999999911e-01 3.166000000000000027e-08
7.409999999999999920e-01 3.175000000000000306e-08
7.419999999999999929e-01 3.182999999999999452e-08
7.429999999999999938e-01 3.182000000000000303e-08
7.439999999999999947e-01 3.180000000000000020e-08
7.449999999999999956e-01 3.178000000000000399e-08
7.459999999999999964e-01 3.175000000000000306e-08
7.469999999999999973e-01 3.139999999999999662e-08
7.479999999999999982e-01 3.105000000000000341e-08
7.489999999999999991e-01 3.120000000000000145e-08
7.500000000000000000e-01 3.135999999999999759e-08
7.510000000000000009e-01 3.153999999999999655e-08
7.520000000000000018e-01 3.171999999999999552e-08
7.530000000000000027e-01 3.116000000000000241e-08
7.540000000000000036e-01 3.058999999999999797e-08
7.550000000000000044e-01 3.043000000000000183e-08
7.560000000000000053e-01 3.026000000000000097e-08
7.570000000000000062e-01 3.092000000000000159e-08
7.580000000000000071e-01 3.159000000000000031e-08
7.590000000000000080e-01 2.935000000000000142e-08
7.600000000000000089e-01 2.711999999999999734e-08
7.610000000000000098e-01 2.661000000000000137e-08
7.620000000000000107e-01 2.610000000000000210e-08
7.630000000000000115e-01 2.759000000000000088e-08
7.640000000000000124e-01 2.908000000000000298e-08
7.650000000000000133e-01 2.919000000000000198e-08
7.659999999999999032e-01 2.930000000000000098e-08
7.670000000000000151e-01 2.910000000000000249e-08
7.680000000000000160e-01 2.888999999999999929e-08
7.690000000000000169e-01 2.984999999999999928e-08
7.700000000000000178e-01 3.081000000000000259e-08
7.710000000000000187e-01 3.094999999999999590e-08
7.720000000000000195e-01 3.107999999999999773e-08
7.730000000000000204e-01 3.120000000000000145e-08
7.740000000000000213e-01 3.131000000000000045e-08
7.750000000000000222e-01 3.138999999999999852e-08
7.759999999999999121e-01 3.146000000000000510e-08
7.770000000000000240e-01 3.124999999999999859e-08
7.780000000000000249e-01 3.103000000000000059e-08
7.790000000000000258e-01 3.087000000000000445e-08
7.800000000000000266e-01 3.070000000000000359e-08
7.810000000000000275e-01 3.057000000000000176e-08
7.820000000000000284e-01 3.043999999999999994e-08
7.829999999999999183e-01 3.037999999999999807e-08
7.840000000000000302e-01 3.032000000000000283e-08
7.850000000000000311e-01 3.026999999999999907e-08
7.859999999999999210e-01 3.022000000000000194e-08
7.870000000000000329e-01 3.012000000000000104e-08
7.880000000000000338e-01 3.000999999999999542e-08
7.890000000000000346e-01 2.987000000000000211e-08
7.899999999999999245e-01 2.972000000000000077e-08
7.910000000000000364e-01 2.940999999999999998e-08
7.920000000000000373e-01 2.911000000000000060e-08
7.929999999999999272e-01 2.871999999999999843e-08
7.940000000000000391e-01 2.832999999999999957e-08
7.950000000000000400e-01 2.858999999999999991e-08
7.959999999999999298e-01 2.885000000000000026e-08
7.969999999999999307e-01 2.886000000000000167e-08
7.980000000000000426e-01 2.886000000000000167e-08
7.990000000000000435e-01 2.897000000000000067e-08
7.999999999999999334e-01 2.906999999999999826e-08
8.010000000000000453e-01 2.869000000000000081e-08
8.020000000000000462e-01 2.832000000000000147e-08
8.029999999999999361e-01 2.860000000000000133e-08
8.040000000000000480e-01 2.887999999999999788e-08
8.050000000000000488e-01 2.889999999999999740e-08
8.059999999999999387e-01 2.891000000000000212e-08
8.069999999999999396e-01 2.869000000000000081e-08
8.080000000000000515e-01 2.845999999999999809e-08
8.090000000000000524e-01 2.829000000000000054e-08
8.099999999999999423e-01 2.811999999999999968e-08
8.110000000000000542e-01 2.858999999999999991e-08
8.120000000000000551e-01 2.906999999999999826e-08
8.129999999999999449e-01 2.954000000000000180e-08
8.139999999999999458e-01 3.002000000000000015e-08
8.150000000000000577e-01 2.946000000000000042e-08
8.159999999999999476e-01 2.889999999999999740e-08
8.169999999999999485e-01 2.862999999999999895e-08
8.180000000000000604e-01 2.834999999999999909e-08
8.190000000000000613e-01 2.804999999999999971e-08
8.199999999999999512e-01 2.775000000000000033e-08
8.209999999999999520e-01 2.744999999999999765e-08
8.220000000000000639e-01 2.715000000000000158e-08
8.229999999999999538e-01 2.753999999999999713e-08
8.239999999999999547e-01 2.792000000000000119e-08
8.250000000000000666e-01 2.759000000000000088e-08
8.259999999999999565e-01 2.724999999999999916e-08
8.269999999999999574e-01 2.717000000000000109e-08
8.279999999999999583e-01 2.707999999999999830e-08
8.290000000000000702e-01 2.687000000000000172e-08
8.299999999999999600e-01 2.665999999999999851e-08
8.309999999999999609e-01 2.668999999999999944e-08
8.320000000000000728e-01 2.671000000000000227e-08
8.329999999999999627e-01 2.647000000000000144e-08
8.339999999999999636e-01 2.623999999999999872e-08
8.350000000000000755e-01 2.662000000000000279e-08
8.360000000000000764e-01 2.700000000000000023e-08
8.369999999999999662e-01 2.689999999999999934e-08
8.379999999999999671e-01 2.680999999999999986e-08
8.390000000000000790e-01 2.728000000000000009e-08
8.399999999999999689e-01 2.775000000000000033e-08
8.409999999999999698e-01 2.807000000000000254e-08
8.420000000000000817e-01 2.840000000000000284e-08
8.429999999999999716e-01 2.775999999999999844e-08
8.439999999999999725e-01 2.713000000000000206e-08
8.449999999999999734e-01 2.707999999999999830e-08
8.460000000000000853e-01 2.702999999999999786e-08
8.469999999999999751e-01 2.667999999999999803e-08
8.479999999999999760e-01 2.632999999999999821e-08
8.490000000000000879e-01 2.632999999999999821e-08
8.499999999999999778e-01 2.632999999999999821e-08
8.509999999999999787e-01 2.583000000000000035e-08
8.519999999999999796e-01 2.531999999999999776e-08
8.529999999999999805e-01 2.522000000000000018e-08
8.539999999999999813e-01 2.513000000000000069e-08
8.549999999999999822e-01 2.501000000000000028e-08
8.560000000000000941e-01 2.488999999999999987e-08
8.569999999999999840e-01 2.563999999999999997e-08
8.579999999999999849e-01 2.639000000000000007e-08
8.589999999999999858e-01 2.638000000000000196e-08
8.599999999999999867e-01 2.637000000000000055e-08
8.609999999999999876e-01 2.678000000000000223e-08
8.619999999999999885e-01 2.718999999999999730e-08
8.629999999999999893e-01 2.667999999999999803e-08
8.639999999999999902e-01 2.617999999999999686e-08
8.649999999999999911e-01 2.628000000000000107e-08
8.660000000000001030e-01 2.637000000000000055e-08
8.669999999999999929e-01 2.561000000000000235e-08
8.679999999999999938e-01 2.483999999999999942e-08
8.689999999999999947e-01 2.536000000000000011e-08
8.699999999999999956e-01 2.588000000000000079e-08
8.709999999999999964e-01 2.595999999999999886e-08
8.719999999999999973e-01 2.604000000000000024e-08
8.729999999999999982e-01 2.562999999999999855e-08
8.739999999999999991e-01 2.522000000000000018e-08
8.750000000000000000e-01 2.520000000000000066e-08
8.760000000000000009e-01 2.518000000000000114e-08
8.770000000000000018e-01 2.561000000000000235e-08
8.780000000000000027e-01 2.605000000000000165e-08
8.790000000000000036e-01 2.528000000000000204e-08
8.800000000000000044e-01 2.452000000000000053e-08
8.810000000000000053e-01 2.515999999999999832e-08
8.820000000000000062e-01 2.579999999999999941e-08
8.830000000000000071e-01 2.537999999999999962e-08
8.840000000000000080e-01 2.495999999999999983e-08
8.850000000000000089e-01 2.555999999999999859e-08
8.860000000000000098e-01 2.616999999999999876e-08
8.870000000000000107e-01 2.605999999999999976e-08
8.880000000000000115e-01 2.594000000000000265e-08
8.890000000000000124e-01 2.557000000000000000e-08
8.899999999999999023e-01 2.518999999999999925e-08
8.910000000000000142e-01 2.572000000000000135e-08
8.920000000000000151e-01 2.623999999999999872e-08
8.930000000000000160e-01 2.501000000000000028e-08
8.940000000000000169e-01 2.378999999999999995e-08
8.950000000000000178e-01 2.526000000000000252e-08
8.960000000000000187e-01 2.673999999999999989e-08
8.970000000000000195e-01 2.628000000000000107e-08
8.980000000000000204e-01 2.581999999999999893e-08
8.990000000000000213e-01 2.555000000000000048e-08
8.999999999999999112e-01 2.528000000000000204e-08
9.010000000000000231e-01 2.551999999999999955e-08
9.020000000000000240e-01 2.576000000000000038e-08
9.030000000000000249e-01 2.588000000000000079e-08
9.040000000000000258e-01 2.600999999999999931e-08
9.050000000000000266e-01 2.602000000000000072e-08
9.060000000000000275e-01 2.603000000000000214e-08
9.069999999999999174e-01 2.511999999999999928e-08
9.080000000000000293e-01 2.421999999999999784e-08
9.090000000000000302e-01 2.466000000000000046e-08
9.099999999999999201e-01 2.509999999999999976e-08
9.110000000000000320e-01 2.476000000000000135e-08
9.120000000000000329e-01 2.441000000000000153e-08
9.130000000000000338e-01 2.454999999999999815e-08
9.139999999999999236e-01 2.469999999999999949e-08
9.150000000000000355e-01 2.440000000000000011e-08
9.160000000000000364e-01 2.410000000000000074e-08
9.169999999999999263e-01 2.406000000000000170e-08
9.180000000000000382e-01 2.401000000000000125e-08
9.190000000000000391e-01 2.428999999999999780e-08
9.199999999999999289e-01 2.457000000000000097e-08
9.209999999999999298e-01 2.392999999999999988e-08
9.220000000000000417e-01 2.329000000000000209e-08
9.230000000000000426e-01 2.327999999999999736e-08
9.239999999999999325e-01 2.326999999999999926e-08
9.250000000000000444e-01 2.333999999999999922e-08
9.260000000000000453e-01 2.342000000000000060e-08
9.269999999999999352e-01 2.309000000000000029e-08
9.280000000000000471e-01 2.276999999999999809e-08
9.290000000000000480e-01 2.340000000000000109e-08
9.299999999999999378e-01 2.401999999999999936e-08
9.309999999999999387e-01 2.463999999999999763e-08
9.320000000000000506e-01 2.525000000000000111e-08
9.330000000000000515e-01 2.565999999999999948e-08
9.339999999999999414e-01 2.607999999999999928e-08
9.350000000000000533e-01 2.544000000000000149e-08
9.360000000000000542e-01 2.478999999999999897e-08
9.369999999999999440e-01 2.469999999999999949e-08
9.379999999999999449e-01 2.461000000000000001e-08
9.390000000000000568e-01 2.504999999999999932e-08
9.399999999999999467e-01 2.548000000000000052e-08
9.409999999999999476e-01 2.438999999999999870e-08
9.420000000000000595e-01 2.330000000000000019e-08
9.430000000000000604e-01 2.280000000000000233e-08
9.439999999999999503e-01 2.228999999999999975e-08
9.449999999999999512e-01 2.275999999999999999e-08
9.460000000000000631e-01 2.322000000000000212e-08
9.469999999999999529e-01 2.406000000000000170e-08
9.479999999999999538e-01 2.489999999999999797e-08
9.490000000000000657e-01 2.410000000000000074e-08
9.499999999999999556e-01 2.330000000000000019e-08
9.509999999999999565e-01 2.494000000000000032e-08
9.519999999999999574e-01 2.656999999999999903e-08
9.530000000000000693e-01 2.526000000000000252e-08
9.540000000000000702e-01 2.394999999999999939e-08
9.549999999999999600e-01 2.478999999999999897e-08
9.560000000000000719e-01 2.562000000000000045e-08
9.569999999999998508e-01 2.452000000000000053e-08
9.579999999999999627e-01 2.340999999999999919e-08
9.590000000000000746e-01 2.342000000000000060e-08
9.599999999999999645e-01 2.342000000000000060e-08
9.609999999999999654e-01 2.276999999999999809e-08
9.620000000000000773e-01 2.212000000000000220e-08
9.629999999999999671e-01 2.197999999999999896e-08
9.639999999999999680e-01 2.185000000000000044e-08
9.650000000000000799e-01 2.215999999999999792e-08
9.659999999999999698e-01 2.248000000000000013e-08
9.669999999999999707e-01 2.284999999999999947e-08
9.680000000000000826e-01 2.323000000000000022e-08
9.689999999999999725e-01 2.244000000000000109e-08
9.700000000000000844e-01 2.166000000000000006e-08
9.710000000000000853e-01 2.142000000000000255e-08
9.719999999999999751e-01 2.118000000000000172e-08
9.730000000000000870e-01 2.145999999999999827e-08
9.739999999999998659e-01 2.173999999999999813e-08
9.749999999999999778e-01 2.186999999999999996e-08
9.760000000000000897e-01 2.200999999999999989e-08
9.769999999999998685e-01 2.173999999999999813e-08
9.779999999999999805e-01 2.146999999999999968e-08
9.790000000000000924e-01 2.168000000000000289e-08
9.799999999999999822e-01 2.188999999999999948e-08
9.809999999999999831e-01 2.143000000000000065e-08
9.820000000000000950e-01 2.096999999999999852e-08
9.829999999999999849e-01 2.116000000000000220e-08
9.839999999999999858e-01 2.134000000000000117e-08
9.850000000000000977e-01 2.092000000000000138e-08
9.859999999999999876e-01 2.050000000000000159e-08
9.869999999999999885e-01 2.054999999999999873e-08
9.879999999999998783e-01 2.059999999999999917e-08
9.889999999999999902e-01 2.075000000000000052e-08
9.900000000000001021e-01 2.089000000000000045e-08
9.909999999999998810e-01 2.118999999999999982e-08
9.919999999999999929e-01 2.148999999999999920e-08
9.930000000000001048e-01 2.092999999999999948e-08
9.939999999999998836e-01 2.037999999999999787e-08
9.949999999999999956e-01 2.038999999999999928e-08
9.960000000000001075e-01 2.041000000000000210e-08
9.969999999999998863e-01 2.065000000000000293e-08
9.979999999999999982e-01 2.089000000000000045e-08
9.990000000000001101e-01 2.089999999999999855e-08
1.000000000000000000e+00 2.090999999999999996e-08
1.001000000000000112e+00 2.123999999999999696e-08
1.002000000000000002e+00 2.157999999999999868e-08
1.002999999999999892e+00 2.105999999999999800e-08
1.004000000000000004e+00 2.054999999999999873e-08
1.004999999999999893e+00 2.037999999999999787e-08
1.006000000000000005e+00 2.021999999999999842e-08
1.007000000000000117e+00 2.063999999999999821e-08
1.008000000000000007e+00 2.104999999999999989e-08
1.008999999999999897e+00 2.103999999999999848e-08
1.010000000000000009e+00 2.103000000000000038e-08
1.010999999999999899e+00 2.026000000000000076e-08
1.012000000000000011e+00 1.949999999999999925e-08
1.013000000000000123e+00 1.975000000000000149e-08
1.014000000000000012e+00 2.000999999999999852e-08
1.015000000000000124e+00 1.993000000000000045e-08
1.016000000000000014e+00 1.984000000000000097e-08
1.016999999999999904e+00 1.960999999999999825e-08
1.018000000000000016e+00 1.936999999999999742e-08
1.018999999999999906e+00 1.935999999999999932e-08
1.020000000000000018e+00 1.933999999999999980e-08
1.021000000000000130e+00 1.923999999999999891e-08
1.022000000000000020e+00 1.914000000000000132e-08
1.022999999999999909e+00 1.890999999999999860e-08
1.024000000000000021e+00 1.866999999999999777e-08
1.024999999999999911e+00 1.919999999999999987e-08
1.026000000000000023e+00 1.973000000000000197e-08
1.027000000000000135e+00 1.965000000000000059e-08
1.028000000000000025e+00 1.956999999999999922e-08
1.028999999999999915e+00 1.995999999999999808e-08
1.030000000000000027e+00 2.035999999999999835e-08
1.030999999999999917e+00 2.019999999999999890e-08
1.032000000000000028e+00 2.004999999999999756e-08
1.033000000000000140e+00 1.973000000000000197e-08
1.034000000000000030e+00 1.940000000000000166e-08
1.035000000000000142e+00 2.007000000000000038e-08
1.035999999999999810e+00 2.074000000000000241e-08
1.036999999999999922e+00 2.000999999999999852e-08
1.038000000000000034e+00 1.927999999999999794e-08
1.038999999999999924e+00 1.966000000000000201e-08
1.040000000000000036e+00 2.003999999999999945e-08
1.041000000000000147e+00 1.984999999999999908e-08
1.042000000000000037e+00 1.966000000000000201e-08
1.042999999999999927e+00 1.980000000000000194e-08
1.044000000000000039e+00 1.994999999999999997e-08
1.044999999999999929e+00 2.028999999999999838e-08
1.046000000000000041e+00 2.063000000000000010e-08
1.047000000000000153e+00 2.019000000000000080e-08
1.048000000000000043e+00 1.975000000000000149e-08
1.048999999999999932e+00 1.995999999999999808e-08
1.049999999999999822e+00 2.017999999999999938e-08
