2.500000000000000000e-01 7.352999999999999062e-11
2.510000000000000009e-01 6.760000000000000438e-11
2.520000000000000018e-01 4.114999999999999490e-11
2.530000000000000027e-01 8.089000000000000449e-11
2.540000000000000036e-01 7.852999999999999920e-11
2.550000000000000044e-01 8.624000000000000411e-11
2.560000000000000053e-01 1.077000000000000003e-10
2.570000000000000062e-01 9.568999999999999475e-11
2.580000000000000071e-01 1.169000000000000047e-11
2.589999999999999525e-01 1.104000000000000013e-10
2.600000000000000089e-01 1.521000000000000228e-10
2.610000000000000098e-01 1.861999999999999877e-10
2.620000000000000107e-01 1.851000000000000122e-10
2.630000000000000115e-01 2.134000000000000075e-10
2.639999999999999569e-01 2.013999999999999973e-10
2.650000000000000133e-01 1.727999999999999875e-10
2.660000000000000142e-01 2.387000000000000132e-10
2.670000000000000151e-01 3.044999999999999825e-10
2.680000000000000160e-01 2.490999999999999980e-10
2.689999999999999614e-01 2.515000000000000104e-10
2.700000000000000178e-01 2.763999999999999968e-10
2.709999999999999631e-01 3.111000000000000424e-10
2.720000000000000195e-01 2.830000000000000050e-10
2.730000000000000204e-01 3.485000000000000373e-10
2.739999999999999658e-01 3.866000000000000402e-10
2.750000000000000222e-01 4.002000000000000242e-10
2.759999999999999676e-01 3.949000000000000012e-10
2.770000000000000240e-01 3.946000000000000125e-10
2.779999999999999694e-01 4.111000000000000073e-10
2.789999999999999702e-01 1.301000000000000160e-09
2.800000000000000266e-01 2.129999999999999882e-09
2.809999999999999720e-01 8.031999999999999767e-10
2.820000000000000284e-01 5.035000000000000708e-10
2.829999999999999738e-01 4.227999999999999772e-10
2.839999999999999747e-01 4.622999999999999959e-10
2.850000000000000311e-01 3.415999999999999888e-10
2.859999999999999765e-01 4.650000000000000486e-10
2.870000000000000329e-01 6.255999999999999903e-10
2.879999999999999782e-01 5.955999999999999905e-10
2.890000000000000346e-01 7.981999999999999940e-10
2.899999999999999800e-01 8.327000000000000300e-10
2.909999999999999809e-01 9.412000000000000172e-10
2.920000000000000373e-01 1.027999999999999966e-09
2.929999999999999827e-01 9.905000000000000434e-10
2.940000000000000391e-01 9.639999999999999798e-10
2.949999999999999845e-01 1.029000000000000066e-09
2.959999999999999853e-01 1.006000000000000042e-09
2.970000000000000417e-01 9.543999999999999302e-10
2.979999999999999871e-01 1.068000000000000034e-09
2.990000000000000435e-01 1.139999999999999992e-09
2.999999999999999889e-01 1.144999999999999872e-09
3.009999999999999898e-01 1.225000000000000009e-09
3.019999999999999907e-01 1.103000000000000017e-09
3.029999999999999916e-01 1.561000000000000090e-09
3.040000000000000480e-01 1.530999999999999986e-09
3.049999999999999933e-01 1.590000000000000093e-09
3.059999999999999942e-01 1.446999999999999863e-09
3.069999999999999951e-01 1.614000000000000010e-09
3.079999999999999960e-01 1.900000000000000056e-09
3.089999999999999969e-01 1.832999999999999977e-09
3.099999999999999978e-01 2.112000000000000151e-09
3.109999999999999987e-01 2.808999999999999709e-09
3.119999999999999996e-01 2.616999999999999958e-09
3.130000000000000004e-01 2.824999999999999654e-09
3.140000000000000013e-01 3.270999999999999975e-09
3.150000000000000022e-01 3.380000000000000322e-09
3.160000000000000031e-01 3.800000000000000113e-09
3.170000000000000040e-01 4.780000000000000451e-09
3.180000000000000049e-01 4.933999999999999712e-09
3.190000000000000058e-01 4.469000000000000181e-09
3.200000000000000067e-01 4.280000000000000109e-09
3.209999999999999520e-01 4.081000000000000280e-09
3.220000000000000084e-01 3.881000000000000143e-09
3.230000000000000093e-01 4.437999999999999771e-09
3.240000000000000102e-01 4.995000000000000225e-09
3.250000000000000111e-01 5.373000000000000368e-09
3.259999999999999565e-01 5.750000000000000203e-09
3.270000000000000129e-01 5.993000000000000294e-09
3.280000000000000138e-01 5.769999999999999720e-09
3.290000000000000147e-01 6.448999999999999547e-09
3.300000000000000155e-01 7.274000000000000317e-09
3.309999999999999609e-01 6.283999999999999393e-09
3.320000000000000173e-01 6.540000000000000163e-09
3.329999999999999627e-01 6.439000000000000615e-09
3.340000000000000191e-01 6.683999999999999666e-09
3.350000000000000200e-01 7.296000000000000448e-09
3.359999999999999654e-01 6.067999999999999312e-09
3.370000000000000218e-01 5.624999999999999911e-09
3.379999999999999671e-01 5.891999999999999919e-09
3.390000000000000235e-01 6.473999999999999771e-09
3.399999999999999689e-01 7.015000000000000281e-09
3.409999999999999698e-01 6.472999999999999464e-09
3.420000000000000262e-01 6.825000000000000730e-09
3.429999999999999716e-01 7.180999999999999914e-09
3.440000000000000280e-01 5.020999999999999929e-09
3.449999999999999734e-01 5.359000000000000209e-09
3.459999999999999742e-01 6.361000000000000678e-09
3.470000000000000306e-01 5.934999999999999874e-09
3.479999999999999760e-01 6.457999999999999826e-09
3.490000000000000324e-01 6.540999999999999643e-09
3.499999999999999778e-01 7.341999999999999669e-09
3.509999999999999787e-01 7.689000000000000228e-09
3.519999999999999796e-01 6.349999999999999785e-09
3.529999999999999805e-01 6.951999999999999981e-09
3.540000000000000369e-01 8.342000000000001178e-09
3.549999999999999822e-01 8.368000000000000882e-09
3.560000000000000386e-01 6.788000000000000134e-09
3.569999999999999840e-01 5.531999999999999508e-09
3.579999999999999849e-01 4.304999999999999506e-09
3.590000000000000413e-01 5.273999999999999779e-09
3.599999999999999867e-01 6.603000000000000463e-09
3.610000000000000431e-01 6.764000000000000217e-09
3.619999999999999885e-01 6.737000000000000207e-09
3.629999999999999893e-01 7.348999999999999334e-09
3.639999999999999902e-01 7.173999999999999422e-09
3.649999999999999911e-01 8.567999999999999364e-09
3.660000000000000475e-01 1.021999999999999986e-08
3.669999999999999929e-01 1.021999999999999986e-08
3.679999999999999938e-01 8.560999999999999698e-09
3.689999999999999947e-01 8.874000000000000582e-09
3.699999999999999956e-01 8.720999999999999146e-09
3.709999999999999964e-01 8.131000000000000149e-09
3.719999999999999973e-01 6.884999999999999282e-09
3.729999999999999982e-01 5.211000000000000307e-09
3.739999999999999991e-01 4.648999999999999973e-09
3.750000000000000000e-01 5.405000000000000257e-09
3.760000000000000009e-01 6.165999999999999594e-09
3.770000000000000018e-01 8.140000000000000428e-09
3.780000000000000027e-01 9.331000000000000968e-09
3.790000000000000036e-01 7.985000000000000033e-09
3.800000000000000044e-01 7.640000000000000914e-09
3.810000000000000053e-01 7.042999999999999770e-09
3.820000000000000062e-01 5.190999999999999962e-09
3.829999999999999516e-01 4.264999999999999644e-09
3.840000000000000080e-01 5.277999999999999351e-09
3.850000000000000089e-01 5.666000000000000080e-09
3.860000000000000098e-01 5.566000000000000011e-09
3.870000000000000107e-01 5.653000000000000228e-09
3.879999999999999560e-01 5.989999999999999374e-09
3.890000000000000124e-01 7.268000000000000131e-09
3.900000000000000133e-01 8.178999999999999984e-09
3.910000000000000142e-01 8.843999999999999652e-09
3.920000000000000151e-01 7.965000000000000516e-09
3.929999999999999605e-01 6.570999999999999746e-09
3.940000000000000169e-01 6.921000000000000399e-09
3.949999999999999623e-01 9.237999999999999739e-09
3.960000000000000187e-01 8.566000000000000405e-09
3.970000000000000195e-01 7.892999999999999937e-09
3.979999999999999649e-01 1.210999999999999892e-08
3.990000000000000213e-01 1.477000000000000090e-08
3.999999999999999667e-01 1.581000000000000062e-08
4.010000000000000231e-01 1.691000000000000054e-08
4.020000000000000240e-01 1.743999999999999933e-08
4.029999999999999694e-01 1.604999999999999814e-08
4.040000000000000258e-01 1.466000000000000025e-08
4.049999999999999711e-01 1.600000000000000100e-08
4.060000000000000275e-01 1.591999999999999962e-08
4.069999999999999729e-01 1.511000000000000097e-08
4.079999999999999738e-01 1.727999999999999989e-08
4.090000000000000302e-01 2.000000000000000042e-08
4.099999999999999756e-01 1.885000000000000005e-08
4.110000000000000320e-01 1.897000000000000046e-08
4.119999999999999774e-01 1.951999999999999877e-08
4.129999999999999782e-01 1.850000000000000022e-08
4.139999999999999791e-01 1.723999999999999754e-08
4.149999999999999800e-01 1.726000000000000037e-08
4.160000000000000364e-01 1.824999999999999798e-08
4.169999999999999818e-01 1.808000000000000043e-08
4.180000000000000382e-01 1.726000000000000037e-08
4.189999999999999836e-01 1.727000000000000178e-08
4.199999999999999845e-01 1.747000000000000026e-08
4.210000000000000409e-01 1.842999999999999695e-08
4.219999999999999862e-01 1.520000000000000045e-08
4.230000000000000426e-01 1.413999999999999956e-08
4.239999999999999880e-01 1.708000000000000140e-08
4.249999999999999889e-01 1.699000000000000192e-08
4.259999999999999898e-01 1.679000000000000013e-08
4.269999999999999907e-01 1.680999999999999965e-08
4.280000000000000471e-01 1.624000000000000182e-08
4.289999999999999925e-01 1.661999999999999927e-08
4.299999999999999933e-01 1.481999999999999969e-08
4.309999999999999942e-01 1.734000000000000175e-08
4.319999999999999951e-01 2.026000000000000076e-08
4.330000000000000515e-01 2.177000000000000237e-08
4.339999999999999969e-01 2.338000000000000157e-08
4.349999999999999978e-01 2.316999999999999836e-08
4.359999999999999987e-01 2.450999999999999911e-08
4.369999999999999996e-01 2.399999999999999984e-08
4.380000000000000004e-01 2.006000000000000228e-08
4.390000000000000013e-01 2.101000000000000086e-08
4.400000000000000022e-01 2.160999999999999962e-08
4.410000000000000031e-01 2.213000000000000030e-08
4.420000000000000040e-01 2.437999999999999729e-08
4.430000000000000049e-01 2.474000000000000183e-08
4.440000000000000058e-01 2.531999999999999776e-08
4.449999999999999512e-01 2.511999999999999928e-08
4.460000000000000075e-01 2.467999999999999997e-08
4.470000000000000084e-01 2.853999999999999947e-08
4.480000000000000093e-01 2.995000000000000018e-08
4.490000000000000102e-01 2.911000000000000060e-08
4.499999999999999556e-01 3.087000000000000445e-08
4.510000000000000120e-01 3.270000000000000164e-08
4.520000000000000129e-01 3.054999999999999894e-08
4.530000000000000138e-01 2.808999999999999874e-08
4.540000000000000147e-01 2.935000000000000142e-08
4.549999999999999600e-01 3.182000000000000303e-08
4.560000000000000164e-01 3.226999999999999713e-08
4.569999999999999618e-01 3.413999999999999998e-08
4.580000000000000182e-01 3.303999999999999675e-08
4.590000000000000191e-01 3.298000000000000150e-08
4.599999999999999645e-01 3.316000000000000047e-08
4.610000000000000209e-01 3.407999999999999812e-08
4.619999999999999662e-01 3.546000000000000121e-08
4.630000000000000226e-01 3.505999999999999763e-08
4.640000000000000235e-01 3.372000000000000019e-08
4.649999999999999689e-01 3.255000000000000361e-08
4.660000000000000253e-01 3.295000000000000057e-08
4.669999999999999707e-01 3.343000000000000222e-08
4.680000000000000271e-01 3.366000000000000495e-08
4.689999999999999725e-01 3.403000000000000098e-08
4.699999999999999734e-01 3.239000000000000085e-08
4.710000000000000298e-01 3.309999999999999861e-08
4.719999999999999751e-01 3.409000000000000284e-08
4.730000000000000315e-01 3.420000000000000184e-08
4.739999999999999769e-01 3.425000000000000560e-08
4.749999999999999778e-01 3.443999999999999605e-08
4.759999999999999787e-01 3.291999999999999964e-08
4.770000000000000351e-01 3.225000000000000092e-08
4.780000000000000360e-01 3.264999999999999789e-08
4.789999999999999813e-01 3.314000000000000426e-08
4.799999999999999822e-01 3.483000000000000153e-08
4.810000000000000386e-01 3.501000000000000049e-08
4.819999999999999840e-01 3.538999999999999463e-08
4.829999999999999849e-01 3.403000000000000098e-08
4.840000000000000413e-01 3.441000000000000174e-08
4.850000000000000422e-01 3.448999999999999981e-08
4.859999999999999876e-01 3.281000000000000064e-08
4.869999999999999329e-01 3.223999999999999620e-08
4.880000000000000449e-01 3.138999999999999852e-08
4.889999999999999902e-01 3.281000000000000064e-08
4.899999999999999911e-01 3.413999999999999998e-08
4.910000000000000475e-01 3.340000000000000129e-08
4.919999999999999929e-01 3.221999999999999999e-08
4.929999999999999938e-01 3.277999999999999971e-08
4.939999999999999392e-01 3.455999999999999977e-08
4.950000000000000511e-01 3.347000000000000126e-08
4.959999999999999964e-01 3.234000000000000371e-08
4.969999999999999418e-01 3.323999999999999854e-08
4.980000000000000537e-01 3.197000000000000106e-08
4.989999999999999991e-01 3.099000000000000155e-08
5.000000000000000000e-01 3.100999999999999776e-08
5.010000000000000009e-01 2.979000000000000073e-08
5.020000000000000018e-01 3.006999999999999728e-08
5.030000000000000027e-01 3.075000000000000073e-08
5.040000000000000036e-01 2.910000000000000249e-08
5.050000000000000044e-01 2.943000000000000280e-08
5.060000000000000053e-01 2.987000000000000211e-08
5.070000000000000062e-01 2.886000000000000167e-08
5.080000000000000071e-01 2.832999999999999957e-08
5.090000000000000080e-01 2.893000000000000163e-08
5.100000000000000089e-01 2.819999999999999774e-08
5.110000000000000098e-01 2.803000000000000019e-08
5.120000000000000107e-01 2.769999999999999988e-08
5.130000000000000115e-01 2.682000000000000127e-08
5.140000000000000124e-01 2.673999999999999989e-08
5.150000000000000133e-01 2.730000000000000292e-08
5.160000000000000142e-01 2.602000000000000072e-08
5.170000000000000151e-01 2.234999999999999830e-08
5.179999999999999050e-01 2.169999999999999910e-08
5.190000000000000169e-01 2.518999999999999925e-08
5.200000000000000178e-01 2.621000000000000110e-08
5.210000000000000187e-01 2.738000000000000099e-08
5.220000000000000195e-01 3.048999999999999707e-08
5.230000000000000204e-01 3.204999999999999913e-08
5.240000000000000213e-01 3.413000000000000188e-08
5.249999999999999112e-01 3.438000000000000081e-08
5.260000000000000231e-01 3.111999999999999676e-08
5.270000000000000240e-01 2.867000000000000129e-08
5.279999999999999138e-01 3.214000000000000192e-08
5.290000000000000258e-01 3.468000000000000349e-08
5.300000000000000266e-01 3.543999999999999839e-08
5.310000000000000275e-01 3.676999999999999772e-08
5.320000000000000284e-01 3.531000000000000318e-08
5.330000000000000293e-01 3.326999999999999947e-08
5.340000000000000302e-01 3.406000000000000191e-08
5.349999999999999201e-01 3.586000000000000479e-08
5.360000000000000320e-01 3.697000000000000613e-08
5.370000000000000329e-01 3.579000000000000483e-08
5.379999999999999227e-01 3.622000000000000272e-08
5.390000000000000346e-01 3.661999999999999969e-08
5.400000000000000355e-01 3.396999999999999912e-08
5.410000000000000364e-01 3.386999999999999822e-08
5.419999999999999263e-01 3.783000000000000192e-08
5.430000000000000382e-01 3.690999999999999765e-08
5.440000000000000391e-01 3.711999999999999755e-08
5.449999999999999289e-01 3.774999999999999723e-08
5.460000000000000409e-01 3.731999999999999934e-08
5.470000000000000417e-01 3.836999999999999881e-08
5.479999999999999316e-01 3.797999999999999995e-08
5.489999999999999325e-01 3.857000000000000061e-08
5.500000000000000444e-01 3.862000000000000436e-08
5.510000000000000453e-01 3.759999999999999920e-08
5.519999999999999352e-01 3.728000000000000030e-08
5.530000000000000471e-01 3.957999999999999443e-08
5.540000000000000480e-01 3.962000000000000008e-08
5.549999999999999378e-01 4.075000000000000424e-08
5.559999999999999387e-01 4.075000000000000424e-08
5.570000000000000506e-01 3.909000000000000129e-08
5.579999999999999405e-01 3.876999999999999578e-08
5.589999999999999414e-01 3.781000000000000571e-08
5.600000000000000533e-01 3.700000000000000044e-08
5.610000000000000542e-01 3.808000000000000085e-08
5.619999999999999440e-01 3.917000000000000598e-08
5.630000000000000560e-01 3.913999999999999843e-08
5.640000000000000568e-01 4.064999999999999673e-08
5.649999999999999467e-01 4.096000000000000414e-08
5.659999999999999476e-01 4.007999999999999891e-08
5.670000000000000595e-01 4.018999999999999791e-08
5.679999999999999494e-01 4.010999999999999984e-08
5.689999999999999503e-01 4.038999999999999970e-08
5.700000000000000622e-01 4.068999999999999577e-08
5.710000000000000631e-01 3.941999999999999829e-08
5.719999999999999529e-01 4.056999999999999866e-08
5.729999999999999538e-01 4.220000000000000068e-08
5.740000000000000657e-01 4.222000000000000351e-08
5.749999999999999556e-01 4.222999999999999500e-08
5.759999999999999565e-01 4.222999999999999500e-08
5.770000000000000684e-01 4.222000000000000351e-08
5.780000000000000693e-01 4.220999999999999879e-08
5.789999999999999591e-01 4.220999999999999879e-08
5.799999999999999600e-01 4.222000000000000351e-08
5.810000000000000719e-01 4.222000000000000351e-08
5.819999999999999618e-01 4.222000000000000351e-08
5.829999999999999627e-01 4.220999999999999879e-08
5.840000000000000746e-01 4.218999999999999596e-08
5.849999999999999645e-01 4.220000000000000068e-08
5.859999999999999654e-01 4.220000000000000068e-08
5.869999999999999662e-01 4.220000000000000068e-08
5.880000000000000782e-01 4.220999999999999879e-08
5.889999999999999680e-01 4.218999999999999596e-08
5.899999999999999689e-01 4.218000000000000448e-08
5.910000000000000808e-01 4.218000000000000448e-08
5.919999999999999707e-01 4.218000000000000448e-08
5.929999999999999716e-01 4.218000000000000448e-08
5.940000000000000835e-01 4.218000000000000448e-08
5.949999999999999734e-01 4.218000000000000448e-08
5.959999999999999742e-01 4.218000000000000448e-08
5.969999999999999751e-01 4.218999999999999596e-08
5.980000000000000870e-01 4.220999999999999879e-08
5.989999999999999769e-01 4.057999999999999677e-08
5.999999999999999778e-01 3.895000000000000136e-08
6.010000000000000897e-01 4.057999999999999677e-08
6.019999999999999796e-01 4.220000000000000068e-08
6.029999999999999805e-01 4.259999999999999765e-08
6.039999999999999813e-01 4.299000000000000313e-08
6.049999999999999822e-01 4.321000000000000113e-08
6.059999999999999831e-01 4.343999999999999723e-08
6.069999999999999840e-01 4.333999999999999633e-08
6.080000000000000959e-01 4.324000000000000206e-08
6.089999999999999858e-01 4.269999999999999854e-08
6.099999999999999867e-01 4.214999999999999693e-08
6.109999999999999876e-01 4.136999999999999921e-08
6.119999999999999885e-01 4.059999999999999959e-08
6.129999999999999893e-01 3.937999999999999926e-08
6.139999999999999902e-01 3.817000000000000364e-08
6.149999999999999911e-01 3.796000000000000375e-08
6.159999999999999920e-01 3.774999999999999723e-08
6.169999999999999929e-01 3.857000000000000061e-08
6.179999999999999938e-01 3.939999999999999546e-08
6.189999999999999947e-01 4.030000000000000352e-08
6.199999999999999956e-01 4.120999999999999645e-08
6.209999999999999964e-01 4.086999999999999473e-08
6.219999999999999973e-01 4.053999999999999773e-08
6.229999999999999982e-01 3.989999999999999994e-08
6.239999999999999991e-01 3.924999999999999743e-08
6.250000000000000000e-01 3.948000000000000015e-08
6.260000000000000009e-01 3.971000000000000287e-08
6.270000000000000018e-01 3.910000000000000601e-08
6.280000000000000027e-01 3.849000000000000254e-08
6.290000000000000036e-01 3.902999999999999943e-08
6.300000000000000044e-01 3.957000000000000294e-08
6.310000000000000053e-01 3.991999999999999615e-08
6.320000000000000062e-01 4.027000000000000259e-08
6.330000000000000071e-01 4.089000000000000417e-08
6.340000000000000080e-01 4.150999999999999914e-08
6.350000000000000089e-01 4.105000000000000031e-08
6.360000000000000098e-01 4.059000000000000149e-08
6.370000000000000107e-01 4.109999999999999745e-08
6.380000000000000115e-01 4.159999999999999531e-08
6.390000000000000124e-01 4.178000000000000089e-08
6.400000000000000133e-01 4.196999999999999796e-08
6.410000000000000142e-01 4.209000000000000168e-08
6.419999999999999041e-01 4.222000000000000351e-08
6.430000000000000160e-01 4.207999999999999696e-08
6.440000000000000169e-01 4.192999999999999893e-08
6.450000000000000178e-01 4.202999999999999982e-08
6.460000000000000187e-01 4.211999999999999600e-08
6.470000000000000195e-01 4.170000000000000282e-08
6.480000000000000204e-01 4.127999999999999642e-08
6.489999999999999103e-01 4.093999999999999470e-08
6.500000000000000222e-01 4.059999999999999959e-08
6.510000000000000231e-01 4.133000000000000017e-08
6.519999999999999130e-01 4.206000000000000075e-08
6.530000000000000249e-01 4.265000000000000141e-08
6.540000000000000258e-01 4.324000000000000206e-08
6.550000000000000266e-01 4.286999999999999940e-08
6.560000000000000275e-01 4.251000000000000148e-08
6.570000000000000284e-01 4.252999999999999768e-08
6.580000000000000293e-01 4.255999999999999861e-08
6.589999999999999192e-01 4.284000000000000509e-08
6.600000000000000311e-01 4.311999999999999833e-08
6.610000000000000320e-01 4.309000000000000402e-08
6.619999999999999218e-01 4.306000000000000309e-08
6.630000000000000338e-01 4.229999999999999496e-08
6.640000000000000346e-01 4.154000000000000007e-08
6.650000000000000355e-01 4.148999999999999631e-08
6.659999999999999254e-01 4.143999999999999917e-08
6.670000000000000373e-01 4.168000000000000000e-08
6.680000000000000382e-01 4.192000000000000082e-08
6.689999999999999281e-01 4.159000000000000382e-08
6.700000000000000400e-01 4.126999999999999831e-08
6.710000000000000409e-01 4.089000000000000417e-08
6.719999999999999307e-01 4.050999999999999680e-08
6.729999999999999316e-01 4.077000000000000045e-08
6.740000000000000435e-01 4.102999999999999749e-08
6.750000000000000444e-01 4.080999999999999949e-08
6.759999999999999343e-01 4.059000000000000149e-08
6.770000000000000462e-01 4.056999999999999866e-08
6.780000000000000471e-01 4.055000000000000245e-08
6.789999999999999369e-01 4.056999999999999866e-08
6.799999999999999378e-01 4.059999999999999959e-08
6.810000000000000497e-01 4.035999999999999877e-08
6.819999999999999396e-01 4.012000000000000456e-08
6.829999999999999405e-01 4.018999999999999791e-08
6.840000000000000524e-01 4.027000000000000259e-08
6.850000000000000533e-01 3.906999999999999846e-08
6.859999999999999432e-01 3.787999999999999906e-08
6.870000000000000551e-01 3.737999999999999458e-08
6.880000000000000560e-01 3.688000000000000334e-08
6.889999999999999458e-01 3.777999999999999816e-08
6.899999999999999467e-01 3.867999999999999960e-08
6.910000000000000586e-01 3.891000000000000233e-08
6.919999999999999485e-01 3.913000000000000033e-08
6.929999999999999494e-01 3.971000000000000287e-08
6.940000000000000613e-01 4.028999999999999880e-08
6.950000000000000622e-01 4.038000000000000159e-08
6.959999999999999520e-01 4.048000000000000249e-08
6.969999999999999529e-01 4.028000000000000070e-08
6.980000000000000648e-01 4.007999999999999891e-08
6.989999999999999547e-01 3.948000000000000015e-08
6.999999999999999556e-01 3.887999999999999478e-08
7.010000000000000675e-01 3.916000000000000126e-08
7.019999999999999574e-01 3.944999999999999922e-08
7.029999999999999583e-01 3.998999999999999612e-08
7.039999999999999591e-01 4.052999999999999963e-08
7.050000000000000711e-01 4.071999999999999670e-08
7.059999999999999609e-01 4.089999999999999566e-08
7.069999999999999618e-01 4.028999999999999880e-08
7.080000000000000737e-01 3.966999999999999722e-08
7.089999999999999636e-01 3.996000000000000180e-08
7.099999999999999645e-01 4.024999999999999977e-08
7.109999999999999654e-01 3.998999999999999612e-08
7.120000000000000773e-01 3.972999999999999908e-08
7.129999999999999671e-01 3.946000000000000394e-08
7.139999999999999680e-01 3.919000000000000219e-08
7.150000000000000799e-01 3.950000000000000298e-08
7.159999999999999698e-01 3.980999999999999715e-08
7.169999999999999707e-01 3.953000000000000391e-08
7.180000000000000826e-01 3.923999999999999933e-08
7.189999999999999725e-01 3.858999999999999681e-08
7.199999999999999734e-01 3.792999999999999620e-08
7.209999999999999742e-01 3.781999999999999720e-08
7.220000000000000862e-01 3.770000000000000009e-08
7.229999999999999760e-01 3.804999999999999992e-08
7.239999999999999769e-01 3.840999999999999785e-08
7.250000000000000888e-01 3.867999999999999960e-08
7.259999999999999787e-01 3.895999999999999947e-08
7.269999999999999796e-01 3.902000000000000133e-08
7.279999999999999805e-01 3.907999999999999657e-08
7.289999999999999813e-01 3.939000000000000398e-08
7.299999999999999822e-01 3.969999999999999815e-08
7.309999999999999831e-01 3.953000000000000391e-08
7.320000000000000950e-01 3.935999999999999643e-08
7.329999999999999849e-01 3.935999999999999643e-08
7.339999999999999858e-01 3.935000000000000494e-08
7.349999999999999867e-01 3.883000000000000426e-08
7.359999999999999876e-01 3.832000000000000168e-08
7.369999999999999885e-01 3.853999999999999967e-08
7.379999999999999893e-01 3.876000000000000429e-08
7.389999999999999902e-01 3.887999999999999478e-08
7.399999999999999911e-01 3.899999999999999850e-08
7.409999999999999920e-01 3.928999999999999646e-08
7.419999999999999929e-01 3.957999999999999443e-08
7.429999999999999938e-01 3.965999999999999912e-08
7.439999999999999947e-01 3.972999999999999908e-08
7.449999999999999956e-01 4.000000000000000084e-08
7.459999999999999964e-01 4.025999999999999787e-08
7.469999999999999973e-01 4.005000000000000459e-08
7.479999999999999982e-01 3.984999999999999619e-08
7.489999999999999991e-01 3.980999999999999715e-08
7.500000000000000000e-01 3.976999999999999812e-08
7.510000000000000009e-01 3.971000000000000287e-08
7.520000000000000018e-01 3.964000000000000291e-08
7.530000000000000027e-01 3.965000000000000101e-08
7.540000000000000036e-01 3.965999999999999912e-08
7.550000000000000044e-01 3.927000000000000026e-08
7.560000000000000053e-01 3.887000000000000329e-08
7.570000000000000062e-01 3.858000000000000533e-08
7.580000000000000071e-01 3.829999999999999885e-08
7.590000000000000080e-01 3.647999999999999976e-08
7.600000000000000089e-01 3.466000000000000067e-08
7.610000000000000098e-01 3.472999999999999401e-08
7.620000000000000107e-01 3.480999999999999870e-08
7.630000000000000115e-01 3.597999999999999528e-08
7.640000000000000124e-01 3.715000000000000510e-08
7.650000000000000133e-01 3.751000000000000302e-08
7.659999999999999032e-01 3.787999999999999906e-08
7.670000000000000151e-01 3.719999999999999562e-08
7.680000000000000160e-01 3.651000000000000069e-08
7.690000000000000169e-01 3.765000000000000295e-08
7.700000000000000178e-01 3.878999999999999860e-08
7.710000000000000187e-01 3.829000000000000074e-08
7.720000000000000195e-01 3.780000000000000099e-08
7.730000000000000204e-01 3.818000000000000175e-08
7.740000000000000213e-01 3.854999999999999778e-08
7.750000000000000222e-01 3.860999999999999964e-08
7.759999999999999121e-01 3.867000000000000150e-08
7.770000000000000240e-01 3.864000000000000057e-08
7.780000000000000249e-01 3.862000000000000436e-08
7.790000000000000258e-01 3.858999999999999681e-08
7.800000000000000266e-01 3.857000000000000061e-08
7.810000000000000275e-01 3.892999999999999853e-08
7.820000000000000284e-01 3.930000000000000119e-08
7.829999999999999183e-01 3.913000000000000033e-08
7.840000000000000302e-01 3.895000000000000136e-08
7.850000000000000311e-01 3.885999999999999857e-08
7.859999999999999210e-01 3.876000000000000429e-08
7.870000000000000329e-01 3.860999999999999964e-08
7.880000000000000338e-01 3.844999999999999688e-08
7.890000000000000346e-01 3.796000000000000375e-08
7.899999999999999245e-01 3.747000000000000399e-08
7.910000000000000364e-01 3.701999999999999665e-08
7.920000000000000373e-01 3.656999999999999593e-08
7.929999999999999272e-01 3.619999999999999990e-08
7.940000000000000391e-01 3.581999999999999914e-08
7.950000000000000400e-01 3.642999999999999600e-08
7.959999999999999298e-01 3.703000000000000137e-08
7.969999999999999307e-01 3.751999999999999451e-08
7.980000000000000426e-01 3.799999999999999616e-08
7.990000000000000435e-01 3.785999999999999623e-08
7.999999999999999334e-01 3.773000000000000102e-08
8.010000000000000453e-01 3.758000000000000299e-08
8.020000000000000462e-01 3.742999999999999834e-08
8.029999999999999361e-01 3.756999999999999827e-08
8.040000000000000480e-01 3.770999999999999820e-08
8.050000000000000488e-01 3.740000000000000403e-08
8.059999999999999387e-01 3.708000000000000513e-08
8.069999999999999396e-01 3.651000000000000069e-08
8.080000000000000515e-01 3.594000000000000286e-08
8.090000000000000524e-01 3.623000000000000083e-08
8.099999999999999423e-01 3.651000000000000069e-08
8.110000000000000542e-01 3.710000000000000134e-08
8.120000000000000551e-01 3.769000000000000199e-08
8.129999999999999449e-01 3.778999999999999627e-08
8.139999999999999458e-01 3.788999999999999716e-08
8.150000000000000577e-01 3.715000000000000510e-08
8.159999999999999476e-01 3.640999999999999979e-08
8.169999999999999485e-01 3.602999999999999904e-08
8.180000000000000604e-01 3.564999999999999828e-08
8.190000000000000613e-01 3.556000000000000211e-08
8.199999999999999512e-01 3.547999999999999742e-08
8.209999999999999520e-01 3.588000000000000100e-08
8.220000000000000639e-01 3.627999999999999797e-08
8.229999999999999538e-01 3.697999999999999762e-08
8.239999999999999547e-01 3.767999999999999727e-08
8.250000000000000666e-01 3.735000000000000027e-08
8.259999999999999565e-01 3.701999999999999665e-08
8.269999999999999574e-01 3.686999999999999862e-08
8.279999999999999583e-01 3.671000000000000248e-08
8.290000000000000702e-01 3.660999999999999497e-08
8.299999999999999600e-01 3.649999999999999597e-08
8.309999999999999609e-01 3.588000000000000100e-08
8.320000000000000728e-01 3.524999999999999470e-08
8.329999999999999627e-01 3.553999999999999928e-08
8.339999999999999636e-01 3.583000000000000386e-08
8.350000000000000755e-01 3.520999999999999566e-08
8.360000000000000764e-01 3.458000000000000260e-08
8.369999999999999662e-01 3.586000000000000479e-08
8.379999999999999671e-01 3.715000000000000510e-08
8.390000000000000790e-01 3.633000000000000172e-08
8.399999999999999689e-01 3.550999999999999835e-08
8.409999999999999698e-01 3.620999999999999800e-08
8.420000000000000817e-01 3.689999999999999955e-08
8.429999999999999716e-01 3.557000000000000021e-08
8.439999999999999725e-01 3.424000000000000088e-08
8.449999999999999734e-01 3.538999999999999463e-08
8.460000000000000853e-01 3.654000000000000162e-08
8.469999999999999751e-01 3.645000000000000544e-08
8.479999999999999760e-01 3.637000000000000076e-08
8.490000000000000879e-01 3.554999999999999739e-08
8.499999999999999778e-01 3.472999999999999401e-08
8.509999999999999787e-01 3.436000000000000460e-08
8.519999999999999796e-01 3.398000000000000384e-08
8.529999999999999805e-01 3.348000000000000598e-08
8.539999999999999813e-01 3.298000000000000150e-08
8.549999999999999822e-01 3.300000000000000433e-08
8.560000000000000941e-01 3.300999999999999582e-08
8.569999999999999840e-01 3.425999999999999708e-08
8.579999999999999849e-01 3.550999999999999835e-08
8.589999999999999858e-01 3.594000000000000286e-08
8.599999999999999867e-01 3.637000000000000076e-08
8.609999999999999876e-01 3.571000000000000014e-08
8.619999999999999885e-01 3.505999999999999763e-08
8.629999999999999893e-01 3.448999999999999981e-08
8.639999999999999902e-01 3.391000000000000388e-08
8.649999999999999911e-01 3.330000000000000040e-08
8.660000000000001030e-01 3.268999999999999692e-08
8.669999999999999929e-01 3.232999999999999899e-08
8.679999999999999938e-01 3.197000000000000106e-08
8.689999999999999947e-01 3.368999999999999926e-08
8.699999999999999956e-01 3.539999999999999935e-08
8.709999999999999964e-01 3.557999999999999832e-08
8.719999999999999973e-01 3.575999999999999728e-08
8.729999999999999982e-01 3.583999999999999535e-08
8.739999999999999991e-01 3.592999999999999814e-08
8.750000000000000000e-01 3.472999999999999401e-08
8.760000000000000009e-01 3.352999999999999650e-08
8.770000000000000018e-01 3.388000000000000295e-08
8.780000000000000027e-01 3.424000000000000088e-08
8.790000000000000036e-01 3.333999999999999943e-08
8.800000000000000044e-01 3.245000000000000271e-08
8.810000000000000053e-01 3.232000000000000089e-08
8.820000000000000062e-01 3.219999999999999717e-08
8.830000000000000071e-01 3.253999999999999889e-08
8.840000000000000080e-01 3.288000000000000061e-08
8.850000000000000089e-01 3.359000000000000498e-08
8.860000000000000098e-01 3.431000000000000084e-08
8.870000000000000107e-01 3.361000000000000119e-08
8.880000000000000115e-01 3.291000000000000154e-08
8.890000000000000124e-01 3.343000000000000222e-08
8.899999999999999023e-01 3.395999999999999440e-08
8.910000000000000142e-01 3.425000000000000560e-08
8.920000000000000151e-01 3.454999999999999505e-08
8.930000000000000160e-01 3.431000000000000084e-08
8.940000000000000169e-01 3.407000000000000001e-08
8.950000000000000178e-01 3.402000000000000288e-08
8.960000000000000187e-01 3.395999999999999440e-08
8.970000000000000195e-01 3.365000000000000022e-08
8.980000000000000204e-01 3.333999999999999943e-08
8.990000000000000213e-01 3.262000000000000357e-08
8.999999999999999112e-01 3.190000000000000110e-08
9.010000000000000231e-01 3.221999999999999999e-08
9.020000000000000240e-01 3.253999999999999889e-08
9.030000000000000249e-01 3.370999999999999547e-08
9.040000000000000258e-01 3.487999999999999867e-08
9.050000000000000266e-01 3.425999999999999708e-08
9.060000000000000275e-01 3.365000000000000022e-08
9.069999999999999174e-01 3.291999999999999964e-08
9.080000000000000293e-01 3.218000000000000096e-08
9.090000000000000302e-01 3.256999999999999982e-08
9.099999999999999201e-01 3.296999999999999678e-08
9.110000000000000320e-01 3.289999999999999682e-08
9.120000000000000329e-01 3.284000000000000157e-08
9.130000000000000338e-01 3.218000000000000096e-08
9.139999999999999236e-01 3.152000000000000034e-08
9.150000000000000355e-01 3.064999999999999983e-08
9.160000000000000364e-01 2.979000000000000073e-08
9.169999999999999263e-01 3.045000000000000466e-08
9.180000000000000382e-01 3.110999999999999866e-08
9.190000000000000391e-01 3.168000000000000310e-08
9.199999999999999289e-01 3.225000000000000092e-08
9.209999999999999298e-01 3.219999999999999717e-08
9.220000000000000417e-01 3.214000000000000192e-08
9.230000000000000426e-01 3.221000000000000189e-08
9.239999999999999325e-01 3.228000000000000185e-08
9.250000000000000444e-01 3.159000000000000031e-08
9.260000000000000453e-01 3.089999999999999876e-08
9.269999999999999352e-01 3.082999999999999880e-08
9.280000000000000471e-01 3.075000000000000073e-08
9.290000000000000480e-01 3.030000000000000001e-08
9.299999999999999378e-01 2.984999999999999928e-08
9.309999999999999387e-01 3.013999999999999725e-08
9.320000000000000506e-01 3.043000000000000183e-08
9.330000000000000515e-01 3.037999999999999807e-08
9.339999999999999414e-01 3.033999999999999904e-08
9.350000000000000533e-01 2.865999999999999988e-08
9.360000000000000542e-01 2.698999999999999882e-08
9.369999999999999440e-01 2.789000000000000026e-08
9.379999999999999449e-01 2.878000000000000029e-08
9.390000000000000568e-01 3.057000000000000176e-08
9.399999999999999467e-01 3.234999999999999520e-08
9.409999999999999476e-01 3.056000000000000366e-08
9.420000000000000595e-01 2.878000000000000029e-08
9.430000000000000604e-01 2.821999999999999726e-08
9.439999999999999503e-01 2.766000000000000085e-08
9.449999999999999512e-01 2.808000000000000064e-08
9.460000000000000631e-01 2.850000000000000043e-08
9.469999999999999529e-01 2.874000000000000126e-08
9.479999999999999538e-01 2.898999999999999688e-08
9.490000000000000657e-01 2.923999999999999912e-08
9.499999999999999556e-01 2.949999999999999946e-08
9.509999999999999565e-01 2.966999999999999701e-08
9.519999999999999574e-01 2.984999999999999928e-08
9.530000000000000693e-01 2.974999999999999839e-08
9.540000000000000702e-01 2.965000000000000080e-08
9.549999999999999600e-01 2.982999999999999646e-08
9.560000000000000719e-01 3.002000000000000015e-08
9.569999999999998508e-01 3.011000000000000294e-08
9.579999999999999627e-01 3.019999999999999911e-08
9.590000000000000746e-01 2.961999999999999987e-08
9.599999999999999645e-01 2.904000000000000063e-08
9.609999999999999654e-01 2.944000000000000091e-08
9.620000000000000773e-01 2.984999999999999928e-08
9.629999999999999671e-01 2.998999999999999921e-08
9.639999999999999680e-01 3.012999999999999914e-08
9.650000000000000799e-01 3.026999999999999907e-08
9.659999999999999698e-01 3.040000000000000090e-08
9.669999999999999707e-01 2.992999999999999735e-08
9.680000000000000826e-01 2.946999999999999853e-08
9.689999999999999725e-01 2.995999999999999828e-08
9.700000000000000844e-01 3.046000000000000276e-08
9.710000000000000853e-01 3.056000000000000366e-08
9.719999999999999751e-01 3.065999999999999793e-08
9.730000000000000870e-01 2.994000000000000208e-08
9.739999999999998659e-01 2.921000000000000149e-08
9.749999999999999778e-01 2.893000000000000163e-08
9.760000000000000897e-01 2.864999999999999847e-08
9.769999999999998685e-01 2.935000000000000142e-08
9.779999999999999805e-01 3.005999999999999918e-08
9.790000000000000924e-01 2.949999999999999946e-08
9.799999999999999822e-01 2.893999999999999974e-08
9.809999999999999831e-01 2.940999999999999998e-08
9.820000000000000950e-01 2.988999999999999832e-08
9.829999999999999849e-01 2.937999999999999905e-08
9.839999999999999858e-01 2.886999999999999977e-08
9.850000000000000977e-01 2.944999999999999901e-08
9.859999999999999876e-01 3.002999999999999825e-08
9.869999999999999885e-01 2.934000000000000001e-08
9.879999999999998783e-01 2.864999999999999847e-08
9.889999999999999902e-01 2.928000000000000146e-08
9.900000000000001021e-01 2.991000000000000115e-08
9.909999999999998810e-01 2.984999999999999928e-08
9.919999999999999929e-01 2.979000000000000073e-08
9.930000000000001048e-01 2.992999999999999735e-08
9.939999999999998836e-01 3.008000000000000201e-08
9.949999999999999956e-01 3.015000000000000197e-08
9.960000000000001075e-01 3.022000000000000194e-08
9.969999999999998863e-01 3.061000000000000080e-08
9.979999999999999982e-01 3.099999999999999966e-08
9.990000000000001101e-01 3.065999999999999793e-08
1.000000000000000000e+00 3.030999999999999811e-08
1.001000000000000112e+00 3.050999999999999990e-08
1.002000000000000002e+00 3.071000000000000169e-08
1.002999999999999892e+00 3.082999999999999880e-08
1.004000000000000004e+00 3.094999999999999590e-08
1.004999999999999893e+00 3.064999999999999983e-08
1.006000000000000005e+00 3.034999999999999714e-08
1.007000000000000117e+00 3.006999999999999728e-08
1.008000000000000007e+00 2.979999999999999884e-08
1.008999999999999897e+00 2.979000000000000073e-08
1.010000000000000009e+00 2.979000000000000073e-08
1.010999999999999899e+00 2.952000000000000229e-08
1.012000000000000011e+00 2.926000000000000194e-08
1.013000000000000123e+00 2.960000000000000035e-08
1.014000000000000012e+00 2.992999999999999735e-08
1.015000000000000124e+00 2.881999999999999933e-08
1.016000000000000014e+00 2.770999999999999799e-08
1.016999999999999904e+00 2.782000000000000030e-08
1.018000000000000016e+00 2.792999999999999930e-08
1.018999999999999906e+00 2.792999999999999930e-08
1.020000000000000018e+00 2.792999999999999930e-08
1.021000000000000130e+00 2.783999999999999981e-08
1.022000000000000020e+00 2.775000000000000033e-08
1.022999999999999909e+00 2.728999999999999820e-08
1.024000000000000021e+00 2.682999999999999937e-08
1.024999999999999911e+00 2.733000000000000054e-08
1.026000000000000023e+00 2.782000000000000030e-08
1.027000000000000135e+00 2.752999999999999902e-08
1.028000000000000025e+00 2.724999999999999916e-08
1.028999999999999915e+00 2.796999999999999833e-08
1.030000000000000027e+00 2.869999999999999891e-08
1.030999999999999917e+00 2.867999999999999940e-08
1.032000000000000028e+00 2.865999999999999988e-08
1.033000000000000140e+00 2.858999999999999991e-08
1.034000000000000030e+00 2.851999999999999995e-08
1.035000000000000142e+00 2.875000000000000267e-08
1.035999999999999810e+00 2.897999999999999877e-08
1.036999999999999922e+00 2.940999999999999998e-08
1.038000000000000034e+00 2.984999999999999928e-08
1.038999999999999924e+00 2.940999999999999998e-08
1.040000000000000036e+00 2.897000000000000067e-08
1.041000000000000147e+00 2.913000000000000012e-08
1.042000000000000037e+00 2.928000000000000146e-08
1.042999999999999927e+00 2.872999999999999984e-08
1.044000000000000039e+00 2.818999999999999964e-08
1.044999999999999929e+00 2.825000000000000150e-08
1.046000000000000041e+00 2.830999999999999674e-08
1.047000000000000153e+00 2.832000000000000147e-08
1.048000000000000043e+00 2.832000000000000147e-08
1.048999999999999932e+00 2.857000000000000040e-08
1.049999999999999822e+00 2.881999999999999933e-08
