2.500000000000000000e-01 1.377999999999999791e-10
2.510000000000000009e-01 1.707999999999999944e-10
2.520000000000000018e-01 1.336999999999999881e-10
2.530000000000000027e-01 1.683000000000000030e-10
2.540000000000000036e-01 2.464999999999999760e-10
2.550000000000000044e-01 2.557999999999999852e-10
2.560000000000000053e-01 2.367000000000000201e-10
2.570000000000000062e-01 2.852999999999999867e-10
2.580000000000000071e-01 1.549000000000000028e-10
2.589999999999999525e-01 1.844000000000000043e-10
2.600000000000000089e-01 2.076000000000000121e-10
2.610000000000000098e-01 1.707999999999999944e-10
2.620000000000000107e-01 3.736999999999999606e-10
2.630000000000000115e-01 2.688999999999999710e-10
2.639999999999999569e-01 6.514999999999999733e-10
2.650000000000000133e-01 5.460000000000000791e-10
2.660000000000000142e-01 6.009000000000000653e-10
2.670000000000000151e-01 5.892999999999999192e-10
2.680000000000000160e-01 5.367000000000000181e-10
2.689999999999999614e-01 5.490999999999999960e-10
2.700000000000000178e-01 5.624999999999999704e-10
2.709999999999999631e-01 5.590999999999999615e-10
2.720000000000000195e-01 4.448000000000000046e-10
2.730000000000000204e-01 4.433000000000000098e-10
2.739999999999999658e-01 5.557000000000000559e-10
2.750000000000000222e-01 5.768999999999999414e-10
2.759999999999999676e-01 7.772000000000000665e-10
2.770000000000000240e-01 8.228000000000000952e-10
2.779999999999999694e-01 8.961000000000000385e-10
2.789999999999999702e-01 1.345000000000000008e-09
2.800000000000000266e-01 3.895999999999999781e-09
2.809999999999999720e-01 1.885000000000000005e-09
2.820000000000000284e-01 6.983999999999999871e-10
2.829999999999999738e-01 8.425000000000000375e-10
2.839999999999999747e-01 8.756999999999999849e-10
2.850000000000000311e-01 1.080999999999999886e-09
2.859999999999999765e-01 1.060000000000000062e-09
2.870000000000000329e-01 1.099000000000000031e-09
2.879999999999999782e-01 1.151999999999999951e-09
2.890000000000000346e-01 1.037000000000000038e-09
2.899999999999999800e-01 1.175999999999999868e-09
2.909999999999999809e-01 1.287000000000000002e-09
2.920000000000000373e-01 1.627000000000000068e-09
2.929999999999999827e-01 1.652000000000000086e-09
2.940000000000000391e-01 1.716000000000000071e-09
2.949999999999999845e-01 1.038000000000000138e-09
2.959999999999999853e-01 1.417000000000000173e-09
2.970000000000000417e-01 1.006000000000000042e-09
2.979999999999999871e-01 1.221000000000000023e-09
2.990000000000000435e-01 1.627000000000000068e-09
2.999999999999999889e-01 1.561999999999999983e-09
3.009999999999999898e-01 1.554000000000000010e-09
3.019999999999999907e-01 1.297999999999999860e-09
3.029999999999999916e-01 1.726000000000000037e-09
3.040000000000000480e-01 2.105999999999999965e-09
3.049999999999999933e-01 1.825000000000000005e-09
3.059999999999999942e-01 1.392999999999999843e-09
3.069999999999999951e-01 1.456000000000000142e-09
3.079999999999999960e-01 1.827999999999999891e-09
3.089999999999999969e-01 2.090000000000000021e-09
3.099999999999999978e-01 2.175999999999999930e-09
3.109999999999999987e-01 3.075000000000000238e-09
3.119999999999999996e-01 2.696000000000000203e-09
3.130000000000000004e-01 2.210999999999999913e-09
3.140000000000000013e-01 1.515000000000000042e-09
3.150000000000000022e-01 2.645000000000000275e-09
3.160000000000000031e-01 2.691999999999999803e-09
3.170000000000000040e-01 1.741999999999999982e-09
3.180000000000000049e-01 2.393999999999999798e-09
3.190000000000000058e-01 2.627000000000000131e-09
3.200000000000000067e-01 3.495000000000000028e-09
3.209999999999999520e-01 3.332000000000000074e-09
3.220000000000000084e-01 3.169000000000000120e-09
3.230000000000000093e-01 3.623999999999999893e-09
3.240000000000000102e-01 4.079000000000000493e-09
3.250000000000000111e-01 3.965999999999999746e-09
3.259999999999999565e-01 3.852999999999999826e-09
3.270000000000000129e-01 1.591999999999999962e-08
3.280000000000000138e-01 5.658000000000000107e-09
3.290000000000000147e-01 6.192999999999999604e-09
3.300000000000000155e-01 2.287000000000000064e-09
3.309999999999999609e-01 2.783999999999999899e-09
3.320000000000000173e-01 8.843999999999999652e-09
3.329999999999999627e-01 3.425999999999999957e-09
3.340000000000000191e-01 1.766999999999999999e-09
3.350000000000000200e-01 1.131000000000000003e-08
3.359999999999999654e-01 8.156999999999999853e-09
3.370000000000000218e-01 5.071999999999999856e-09
3.379999999999999671e-01 1.664999999999999937e-09
3.390000000000000235e-01 7.387000000000000237e-09
3.399999999999999689e-01 7.740000000000000155e-09
3.409999999999999698e-01 8.085000000000000929e-09
3.420000000000000262e-01 6.457000000000000347e-09
3.429999999999999716e-01 4.865000000000000054e-09
3.440000000000000280e-01 9.742999999999999959e-09
3.449999999999999734e-01 9.215999999999999608e-09
3.459999999999999742e-01 5.977999999999999829e-09
3.470000000000000306e-01 4.120999999999999314e-09
3.479999999999999760e-01 4.831000000000000378e-09
3.490000000000000324e-01 4.319999999999999971e-09
3.499999999999999778e-01 7.371000000000000292e-09
3.509999999999999787e-01 8.500999999999999492e-09
3.519999999999999796e-01 5.362999999999999782e-09
3.529999999999999805e-01 3.221999999999999834e-09
3.540000000000000369e-01 4.308000000000000426e-09
3.549999999999999822e-01 1.078000000000000000e-09
3.560000000000000386e-01 9.723999999999999922e-09
3.569999999999999840e-01 4.350999999999999554e-09
3.579999999999999849e-01 1.095999999999999938e-09
3.590000000000000413e-01 6.626000000000000073e-09
3.599999999999999867e-01 1.112999999999999982e-09
3.610000000000000431e-01 9.428000000000000117e-09
3.619999999999999885e-01 7.570000000000000949e-09
3.629999999999999893e-01 3.426999999999999850e-09
3.639999999999999902e-01 8.267999999999999986e-09
3.649999999999999911e-01 7.341999999999999669e-09
3.660000000000000475e-01 1.213999999999999985e-08
3.669999999999999929e-01 4.377999999999999564e-09
3.679999999999999938e-01 8.671999999999999832e-09
3.689999999999999947e-01 2.117999999999999924e-09
3.699999999999999956e-01 2.070999999999999983e-09
3.709999999999999964e-01 3.042999999999999935e-09
3.719999999999999973e-01 7.938999999999999158e-09
3.729999999999999982e-01 5.941000000000000060e-09
3.739999999999999991e-01 3.946999999999999708e-09
3.750000000000000000e-01 2.948999999999999639e-09
3.760000000000000009e-01 6.851000000000000434e-09
3.770000000000000018e-01 6.886999999999999896e-09
3.780000000000000027e-01 5.714999999999999393e-09
3.790000000000000036e-01 6.529000000000000098e-09
3.800000000000000044e-01 7.255000000000000279e-09
3.810000000000000053e-01 5.262000000000000234e-09
3.820000000000000062e-01 6.632999999999999739e-09
3.829999999999999516e-01 6.829999999999999782e-09
3.840000000000000080e-01 7.021000000000000467e-09
3.850000000000000089e-01 4.126999999999999500e-09
3.860000000000000098e-01 8.758999999999999221e-09
3.870000000000000107e-01 1.320999999999999884e-08
3.879999999999999560e-01 1.294999999999999974e-09
3.890000000000000124e-01 1.273000000000000050e-09
3.900000000000000133e-01 8.149000000000000708e-09
3.910000000000000142e-01 6.165999999999999594e-09
3.920000000000000151e-01 1.151999999999999992e-08
3.929999999999999605e-01 7.369999999999999985e-09
3.940000000000000169e-01 1.096999999999999996e-08
3.949999999999999623e-01 8.961999999999999451e-09
3.960000000000000187e-01 8.333000000000000899e-09
3.970000000000000195e-01 1.537999999999999942e-08
3.979999999999999649e-01 8.538999999999999568e-09
3.990000000000000213e-01 1.874000000000000105e-08
3.999999999999999667e-01 1.162000000000000082e-08
4.010000000000000231e-01 1.923999999999999891e-08
4.020000000000000240e-01 1.052999999999999900e-08
4.029999999999999694e-01 9.617000000000001015e-09
4.040000000000000258e-01 1.206000000000000013e-08
4.049999999999999711e-01 9.199000000000000184e-09
4.060000000000000275e-01 1.153999999999999944e-08
4.069999999999999729e-01 1.331000000000000139e-08
4.079999999999999738e-01 1.243999999999999923e-08
4.090000000000000302e-01 1.098999999999999948e-08
4.099999999999999756e-01 1.114000000000000082e-08
4.110000000000000320e-01 9.355000000000000058e-09
4.119999999999999774e-01 7.520999999999999981e-09
4.129999999999999782e-01 8.649999999999999701e-09
4.139999999999999791e-01 1.331999999999999950e-08
4.149999999999999800e-01 1.237000000000000092e-08
4.160000000000000364e-01 1.502999999999999959e-08
4.169999999999999818e-01 1.261999999999999985e-08
4.180000000000000382e-01 9.234999999999999646e-09
4.189999999999999836e-01 7.874000000000001554e-09
4.199999999999999845e-01 7.607999999999999370e-09
4.210000000000000409e-01 1.175999999999999909e-08
4.219999999999999862e-01 6.529000000000000098e-09
4.230000000000000426e-01 4.758999999999999799e-09
4.239999999999999880e-01 1.017999999999999917e-08
4.249999999999999889e-01 8.311000000000000768e-09
4.259999999999999898e-01 6.223000000000000534e-09
4.269999999999999907e-01 8.930999999999999041e-09
4.280000000000000471e-01 1.096999999999999996e-08
4.289999999999999925e-01 1.024000000000000103e-08
4.299999999999999933e-01 1.041000000000000024e-08
4.309999999999999942e-01 1.175999999999999909e-08
4.319999999999999951e-01 9.074000000000000719e-09
4.330000000000000515e-01 1.120999999999999913e-08
4.339999999999999969e-01 1.196999999999999899e-08
4.349999999999999978e-01 1.246000000000000040e-08
4.359999999999999987e-01 1.264999999999999912e-08
4.369999999999999996e-01 1.354999999999999891e-08
4.380000000000000004e-01 1.580000000000000251e-08
4.390000000000000013e-01 1.431000000000000042e-08
4.400000000000000022e-01 1.067000000000000058e-08
4.410000000000000031e-01 1.465000000000000049e-08
4.420000000000000040e-01 1.751000000000000261e-08
4.430000000000000049e-01 1.790999999999999957e-08
4.440000000000000058e-01 1.804999999999999950e-08
4.449999999999999512e-01 1.683000000000000247e-08
4.460000000000000075e-01 2.314000000000000074e-08
4.470000000000000084e-01 2.248000000000000013e-08
4.480000000000000093e-01 2.147999999999999779e-08
4.490000000000000102e-01 2.291999999999999943e-08
4.499999999999999556e-01 2.393999999999999798e-08
4.510000000000000120e-01 2.426000000000000018e-08
4.520000000000000129e-01 2.617999999999999686e-08
4.530000000000000138e-01 2.695000000000000310e-08
4.540000000000000147e-01 2.593000000000000124e-08
4.549999999999999600e-01 2.776999999999999985e-08
4.560000000000000164e-01 3.475000000000000346e-08
4.569999999999999618e-01 3.219999999999999717e-08
4.580000000000000182e-01 2.928999999999999956e-08
4.590000000000000191e-01 2.617999999999999686e-08
4.599999999999999645e-01 2.855999999999999898e-08
4.610000000000000209e-01 3.082999999999999880e-08
4.619999999999999662e-01 2.939999999999999856e-08
4.630000000000000226e-01 2.871000000000000033e-08
4.640000000000000235e-01 3.032000000000000283e-08
4.649999999999999689e-01 2.932999999999999860e-08
4.660000000000000253e-01 2.922999999999999770e-08
4.669999999999999707e-01 2.807000000000000254e-08
4.680000000000000271e-01 2.777999999999999795e-08
4.689999999999999725e-01 3.278999999999999782e-08
4.699999999999999734e-01 2.947999999999999994e-08
4.710000000000000298e-01 2.944000000000000091e-08
4.719999999999999751e-01 2.957999999999999753e-08
4.730000000000000315e-01 3.157000000000000410e-08
4.739999999999999769e-01 2.949999999999999946e-08
4.749999999999999778e-01 2.994000000000000208e-08
4.759999999999999787e-01 2.517000000000000304e-08
4.770000000000000351e-01 2.100000000000000276e-08
4.780000000000000360e-01 2.389000000000000084e-08
4.789999999999999813e-01 2.555000000000000048e-08
4.799999999999999822e-01 2.604000000000000024e-08
4.810000000000000386e-01 2.199999999999999848e-08
4.819999999999999840e-01 2.387999999999999943e-08
4.829999999999999849e-01 2.457000000000000097e-08
4.840000000000000413e-01 2.487999999999999846e-08
4.850000000000000422e-01 2.726000000000000058e-08
4.859999999999999876e-01 2.762999999999999992e-08
4.869999999999999329e-01 2.891000000000000212e-08
4.880000000000000449e-01 2.932999999999999860e-08
4.889999999999999902e-01 3.093999999999999780e-08
4.899999999999999911e-01 3.298000000000000150e-08
4.910000000000000475e-01 3.445999999999999887e-08
4.919999999999999929e-01 3.563000000000000207e-08
4.929999999999999938e-01 3.858999999999999681e-08
4.939999999999999392e-01 4.062000000000000242e-08
4.950000000000000511e-01 2.914999999999999963e-08
4.959999999999999964e-01 2.429999999999999922e-08
4.969999999999999418e-01 2.785999999999999933e-08
4.980000000000000537e-01 2.913999999999999822e-08
4.989999999999999991e-01 2.995999999999999828e-08
5.000000000000000000e-01 2.432000000000000204e-08
5.010000000000000009e-01 2.467000000000000187e-08
5.020000000000000018e-01 2.888999999999999929e-08
5.030000000000000027e-01 2.898999999999999688e-08
5.040000000000000036e-01 2.625000000000000014e-08
5.050000000000000044e-01 2.900999999999999970e-08
5.060000000000000053e-01 3.045000000000000466e-08
5.070000000000000062e-01 3.162999999999999934e-08
5.080000000000000071e-01 3.219000000000000568e-08
5.090000000000000080e-01 3.120000000000000145e-08
5.100000000000000089e-01 3.162999999999999934e-08
5.110000000000000098e-01 3.134000000000000138e-08
5.120000000000000107e-01 3.036000000000000187e-08
5.130000000000000115e-01 3.392000000000000198e-08
5.140000000000000124e-01 3.298000000000000150e-08
5.150000000000000133e-01 3.389000000000000105e-08
5.160000000000000142e-01 2.879999999999999981e-08
5.170000000000000151e-01 1.986999999999999859e-08
5.179999999999999050e-01 2.330000000000000019e-08
5.190000000000000169e-01 2.878000000000000029e-08
5.200000000000000178e-01 2.745999999999999906e-08
5.210000000000000187e-01 3.155999999999999938e-08
5.220000000000000195e-01 3.744000000000000306e-08
5.230000000000000204e-01 3.535000000000000221e-08
5.240000000000000213e-01 3.578000000000000011e-08
5.249999999999999112e-01 3.581999999999999914e-08
5.260000000000000231e-01 3.483000000000000153e-08
5.270000000000000240e-01 3.549000000000000214e-08
5.279999999999999138e-01 4.073999999999999952e-08
5.290000000000000258e-01 4.108999999999999935e-08
5.300000000000000266e-01 3.987999999999999712e-08
5.310000000000000275e-01 4.043999999999999684e-08
5.320000000000000284e-01 3.913999999999999843e-08
5.330000000000000293e-01 3.982999999999999998e-08
5.340000000000000302e-01 4.182999999999999803e-08
5.349999999999999201e-01 4.372999999999999519e-08
5.360000000000000320e-01 4.420000000000000536e-08
5.370000000000000329e-01 4.563999999999999708e-08
5.379999999999999227e-01 4.898999999999999730e-08
5.390000000000000346e-01 4.880000000000000023e-08
5.400000000000000355e-01 4.795000000000000254e-08
5.410000000000000364e-01 4.764000000000000175e-08
5.419999999999999263e-01 5.066999999999999646e-08
5.430000000000000382e-01 4.905999999999999726e-08
5.440000000000000391e-01 4.886000000000000209e-08
5.449999999999999289e-01 3.930000000000000119e-08
5.460000000000000409e-01 3.581000000000000104e-08
5.470000000000000417e-01 3.811999999999999988e-08
5.479999999999999316e-01 3.880000000000000333e-08
5.489999999999999325e-01 3.847999999999999781e-08
5.500000000000000444e-01 3.410000000000000095e-08
5.510000000000000453e-01 3.132999999999999666e-08
5.519999999999999352e-01 3.048999999999999707e-08
5.530000000000000471e-01 2.881999999999999933e-08
5.540000000000000480e-01 2.787999999999999885e-08
5.549999999999999378e-01 2.792999999999999930e-08
5.559999999999999387e-01 3.198999999999999727e-08
5.570000000000000506e-01 3.717999999999999941e-08
5.579999999999999405e-01 3.799999999999999616e-08
5.589999999999999414e-01 3.616000000000000086e-08
5.600000000000000533e-01 3.494999999999999863e-08
5.610000000000000542e-01 3.432999999999999705e-08
5.619999999999999440e-01 3.490000000000000149e-08
5.630000000000000560e-01 3.427000000000000181e-08
5.640000000000000568e-01 3.422999999999999615e-08
5.649999999999999467e-01 3.755000000000000206e-08
5.659999999999999476e-01 3.769000000000000199e-08
5.670000000000000595e-01 3.819999999999999795e-08
5.679999999999999494e-01 3.846999999999999971e-08
5.689999999999999503e-01 4.016000000000000359e-08
5.700000000000000622e-01 4.007000000000000080e-08
5.710000000000000631e-01 4.299999999999999461e-08
5.719999999999999529e-01 4.170000000000000282e-08
5.729999999999999538e-01 4.333999999999999633e-08
5.740000000000000657e-01 4.852999999999999847e-08
5.749999999999999556e-01 4.782999999999999882e-08
5.759999999999999565e-01 4.712999999999999917e-08
5.770000000000000684e-01 4.468000000000000039e-08
5.780000000000000693e-01 4.222999999999999500e-08
5.789999999999999591e-01 4.115000000000000121e-08
5.799999999999999600e-01 4.005999999999999608e-08
5.810000000000000719e-01 3.740000000000000403e-08
5.819999999999999618e-01 3.475000000000000346e-08
5.829999999999999627e-01 3.568999999999999732e-08
5.840000000000000746e-01 3.663000000000000441e-08
5.849999999999999645e-01 3.438000000000000081e-08
5.859999999999999654e-01 3.212000000000000571e-08
5.869999999999999662e-01 2.736999999999999958e-08
5.880000000000000782e-01 2.261000000000000195e-08
5.889999999999999680e-01 2.139999999999999972e-08
5.899999999999999689e-01 2.017999999999999938e-08
5.910000000000000808e-01 2.419000000000000022e-08
5.919999999999999707e-01 2.819999999999999774e-08
5.929999999999999716e-01 2.825000000000000150e-08
5.940000000000000835e-01 2.829999999999999864e-08
5.949999999999999734e-01 2.838999999999999812e-08
5.959999999999999742e-01 2.847999999999999760e-08
5.969999999999999751e-01 3.142999999999999755e-08
5.980000000000000870e-01 3.438999999999999891e-08
5.989999999999999769e-01 3.487000000000000056e-08
5.999999999999999778e-01 3.535000000000000221e-08
6.010000000000000897e-01 3.619000000000000179e-08
6.019999999999999796e-01 3.703000000000000137e-08
6.029999999999999805e-01 3.749000000000000020e-08
6.039999999999999813e-01 3.796000000000000375e-08
6.049999999999999822e-01 3.873999999999999485e-08
6.059999999999999831e-01 3.953000000000000391e-08
6.069999999999999840e-01 3.878000000000000050e-08
6.080000000000000959e-01 3.803999999999999520e-08
6.089999999999999858e-01 3.968000000000000194e-08
6.099999999999999867e-01 4.130999999999999735e-08
6.109999999999999876e-01 4.023000000000000356e-08
6.119999999999999885e-01 3.913999999999999843e-08
6.129999999999999893e-01 3.851999999999999685e-08
6.139999999999999902e-01 3.788999999999999716e-08
6.149999999999999911e-01 3.339000000000000319e-08
6.159999999999999920e-01 2.889999999999999740e-08
6.169999999999999929e-01 2.689999999999999934e-08
6.179999999999999938e-01 2.489999999999999797e-08
6.189999999999999947e-01 2.452999999999999863e-08
6.199999999999999956e-01 2.417000000000000070e-08
6.209999999999999964e-01 2.397000000000000222e-08
6.219999999999999973e-01 2.377000000000000043e-08
6.229999999999999982e-01 2.440000000000000011e-08
6.239999999999999991e-01 2.502999999999999980e-08
6.250000000000000000e-01 2.629000000000000248e-08
6.260000000000000009e-01 2.755000000000000185e-08
6.270000000000000018e-01 2.951000000000000087e-08
6.280000000000000027e-01 3.146999999999999659e-08
6.290000000000000036e-01 3.344999999999999843e-08
6.300000000000000044e-01 3.543000000000000028e-08
6.310000000000000053e-01 3.998000000000000463e-08
6.320000000000000062e-01 4.454000000000000046e-08
6.330000000000000071e-01 4.587999999999999790e-08
6.340000000000000080e-01 4.721000000000000386e-08
6.350000000000000089e-01 4.648999999999999476e-08
6.360000000000000098e-01 4.576999999999999890e-08
6.370000000000000107e-01 4.534000000000000101e-08
6.380000000000000115e-01 4.490000000000000501e-08
6.390000000000000124e-01 4.806999999999999965e-08
6.400000000000000133e-01 5.124000000000000090e-08
6.410000000000000142e-01 5.288000000000000103e-08
6.419999999999999041e-01 5.451000000000000305e-08
6.430000000000000160e-01 5.585999999999999859e-08
6.440000000000000169e-01 5.720000000000000265e-08
6.450000000000000178e-01 5.961000000000000240e-08
6.460000000000000187e-01 6.200999999999999742e-08
6.470000000000000195e-01 6.229999999999999538e-08
6.480000000000000204e-01 6.257999999999999524e-08
6.489999999999999103e-01 6.351999999999998910e-08
6.500000000000000222e-01 6.446000000000000943e-08
6.510000000000000231e-01 6.806000000000000196e-08
6.519999999999999130e-01 7.166999999999999260e-08
6.530000000000000249e-01 7.313000000000000699e-08
6.540000000000000258e-01 7.459000000000000815e-08
6.550000000000000266e-01 7.181999999999999063e-08
6.560000000000000275e-01 6.904999999999999958e-08
6.570000000000000284e-01 6.730999999999999855e-08
6.580000000000000293e-01 6.555999999999999943e-08
6.589999999999999192e-01 6.314999999999999307e-08
6.600000000000000311e-01 6.073999999999999994e-08
6.610000000000000320e-01 5.741000000000000255e-08
6.619999999999999218e-01 5.408000000000000515e-08
6.630000000000000338e-01 5.215999999999999855e-08
6.640000000000000346e-01 5.023999999999999856e-08
6.650000000000000355e-01 4.875999999999999457e-08
6.659999999999999254e-01 4.729000000000000193e-08
6.670000000000000373e-01 4.565000000000000180e-08
6.680000000000000382e-01 4.401000000000000167e-08
6.689999999999999281e-01 4.259999999999999765e-08
6.700000000000000400e-01 4.119000000000000024e-08
6.710000000000000409e-01 3.994999999999999708e-08
6.719999999999999307e-01 3.869999999999999581e-08
6.729999999999999316e-01 3.864999999999999867e-08
6.740000000000000435e-01 3.860000000000000154e-08
6.750000000000000444e-01 3.907999999999999657e-08
6.759999999999999343e-01 3.957000000000000294e-08
6.770000000000000462e-01 3.851999999999999685e-08
6.780000000000000471e-01 3.747000000000000399e-08
6.789999999999999369e-01 3.787999999999999906e-08
6.799999999999999378e-01 3.828000000000000264e-08
6.810000000000000497e-01 3.891000000000000233e-08
6.819999999999999396e-01 3.954000000000000201e-08
6.829999999999999405e-01 3.860000000000000154e-08
6.840000000000000524e-01 3.766000000000000106e-08
6.850000000000000533e-01 3.873000000000000336e-08
6.859999999999999432e-01 3.980999999999999715e-08
6.870000000000000551e-01 3.916000000000000126e-08
6.880000000000000560e-01 3.851000000000000536e-08
6.889999999999999458e-01 4.093000000000000321e-08
6.899999999999999467e-01 4.335000000000000106e-08
6.910000000000000586e-01 4.644000000000000424e-08
6.919999999999999485e-01 4.953999999999999891e-08
6.929999999999999494e-01 5.288000000000000103e-08
6.940000000000000613e-01 5.621999999999999652e-08
6.950000000000000622e-01 5.693000000000000090e-08
6.959999999999999520e-01 5.763999999999999865e-08
6.969999999999999529e-01 6.080000000000000180e-08
6.980000000000000648e-01 6.396999999999999644e-08
6.989999999999999547e-01 6.560000000000000508e-08
6.999999999999999556e-01 6.723000000000000048e-08
7.010000000000000675e-01 7.065999999999999877e-08
7.019999999999999574e-01 7.408999999999999706e-08
7.029999999999999583e-01 7.334000000000000689e-08
7.039999999999999591e-01 7.259000000000000348e-08
7.050000000000000711e-01 6.880999999999999213e-08
7.059999999999999609e-01 6.504000000000000536e-08
7.069999999999999618e-01 6.008000000000000594e-08
7.080000000000000737e-01 5.511999999999999991e-08
7.089999999999999636e-01 5.256000000000000213e-08
7.099999999999999645e-01 5.000999999999999584e-08
7.109999999999999654e-01 4.923999999999999623e-08
7.120000000000000773e-01 4.846999999999999661e-08
7.129999999999999671e-01 4.607999999999999969e-08
7.139999999999999680e-01 4.367999999999999806e-08
7.150000000000000799e-01 4.585000000000000359e-08
7.159999999999999698e-01 4.802000000000000251e-08
7.169999999999999707e-01 5.002999999999999867e-08
7.180000000000000826e-01 5.202999999999999672e-08
7.189999999999999725e-01 5.356000000000000447e-08
7.199999999999999734e-01 5.508999999999999898e-08
7.209999999999999742e-01 5.808000000000000127e-08
7.220000000000000862e-01 6.108000000000000166e-08
7.229999999999999760e-01 6.402999999999999830e-08
7.239999999999999769e-01 6.697999999999999494e-08
7.250000000000000888e-01 7.059999999999999691e-08
7.259999999999999787e-01 7.423000000000001023e-08
7.269999999999999796e-01 7.825000000000000255e-08
7.279999999999999805e-01 8.226999999999999487e-08
7.289999999999999813e-01 8.559999999999999888e-08
7.299999999999999822e-01 8.892000000000000479e-08
7.309999999999999831e-01 9.232999999999999363e-08
7.320000000000000950e-01 9.574000000000000894e-08
7.329999999999999849e-01 9.743000000000000621e-08
7.339999999999999858e-01 9.911000000000000537e-08
7.349999999999999867e-01 1.017000000000000041e-07
7.359999999999999876e-01 1.042000000000000066e-07
7.369999999999999885e-01 1.066000000000000016e-07
7.379999999999999893e-01 1.091000000000000042e-07
7.389999999999999902e-01 1.094000000000000002e-07
7.399999999999999911e-01 1.097000000000000095e-07
7.409999999999999920e-01 1.103999999999999960e-07
7.419999999999999929e-01 1.111000000000000088e-07
7.429999999999999938e-01 1.116999999999999877e-07
7.439999999999999947e-01 1.122999999999999931e-07
7.449999999999999956e-01 1.137999999999999999e-07
7.459999999999999964e-01 1.152999999999999935e-07
7.469999999999999973e-01 1.163000000000000025e-07
7.479999999999999982e-01 1.172000000000000039e-07
7.489999999999999991e-01 1.170999999999999964e-07
7.500000000000000000e-01 1.170000000000000021e-07
7.510000000000000009e-01 1.179999999999999978e-07
7.520000000000000018e-01 1.189999999999999936e-07
7.530000000000000027e-01 1.206000000000000079e-07
7.540000000000000036e-01 1.221999999999999957e-07
7.550000000000000044e-01 1.218999999999999997e-07
7.560000000000000053e-01 1.216000000000000036e-07
7.570000000000000062e-01 1.151999999999999992e-07
7.580000000000000071e-01 1.087000000000000006e-07
7.590000000000000080e-01 1.036999999999999955e-07
7.600000000000000089e-01 9.868000000000000748e-08
7.610000000000000098e-01 1.024999999999999980e-07
7.620000000000000107e-01 1.063999999999999998e-07
7.630000000000000115e-01 9.704000000000000073e-08
7.640000000000000124e-01 8.770999999999999594e-08
7.650000000000000133e-01 8.363999999999999986e-08
7.659999999999999032e-01 7.957000000000000378e-08
7.670000000000000151e-01 7.379999999999999910e-08
7.680000000000000160e-01 6.802999999999999441e-08
7.690000000000000169e-01 7.165000000000000962e-08
7.700000000000000178e-01 7.525999999999998702e-08
7.710000000000000187e-01 7.982999999999999420e-08
7.720000000000000195e-01 8.440000000000000137e-08
7.730000000000000204e-01 8.454000000000000130e-08
7.740000000000000213e-01 8.468000000000000123e-08
7.750000000000000222e-01 8.378999999999999789e-08
7.759999999999999121e-01 8.290999999999999266e-08
7.770000000000000240e-01 8.476999999999999740e-08
7.780000000000000249e-01 8.664000000000000025e-08
7.790000000000000258e-01 8.734999999999999801e-08
7.800000000000000266e-01 8.806999999999999387e-08
7.810000000000000275e-01 8.896999999999999531e-08
7.820000000000000284e-01 8.987000000000000998e-08
7.829999999999999183e-01 9.003999999999999099e-08
7.840000000000000302e-01 9.021999999999999657e-08
7.850000000000000311e-01 9.213000000000000507e-08
7.859999999999999210e-01 9.404999999999999844e-08
7.870000000000000329e-01 9.686999999999999326e-08
7.880000000000000338e-01 9.969000000000000130e-08
7.890000000000000346e-01 1.003000000000000048e-07
7.899999999999999245e-01 1.008000000000000026e-07
7.910000000000000364e-01 1.000000000000000087e-07
7.920000000000000373e-01 9.919000000000000344e-08
7.929999999999999272e-01 1.010999999999999987e-07
7.940000000000000391e-01 1.029000000000000016e-07
7.950000000000000400e-01 1.044999999999999894e-07
7.959999999999999298e-01 1.061000000000000038e-07
7.969999999999999307e-01 1.082999999999999970e-07
7.980000000000000426e-01 1.103999999999999960e-07
7.990000000000000435e-01 1.108999999999999938e-07
7.999999999999999334e-01 1.114000000000000049e-07
8.010000000000000453e-01 1.130000000000000060e-07
8.020000000000000462e-01 1.144999999999999996e-07
8.029999999999999361e-01 1.191000000000000011e-07
8.040000000000000480e-01 1.235999999999999950e-07
8.050000000000000488e-01 1.234999999999999875e-07
8.059999999999999387e-01 1.234999999999999875e-07
8.069999999999999396e-01 1.249999999999999943e-07
8.080000000000000515e-01 1.264000000000000201e-07
8.090000000000000524e-01 1.265999999999999822e-07
8.099999999999999423e-01 1.267000000000000162e-07
8.110000000000000542e-01 1.270999999999999933e-07
8.120000000000000551e-01 1.274999999999999969e-07
8.129999999999999449e-01 1.270000000000000123e-07
8.139999999999999458e-01 1.264000000000000201e-07
8.150000000000000577e-01 1.223000000000000033e-07
8.159999999999999476e-01 1.180999999999999921e-07
8.169999999999999485e-01 1.141999999999999903e-07
8.180000000000000604e-01 1.103000000000000017e-07
8.190000000000000613e-01 1.150000000000000107e-07
8.199999999999999512e-01 1.196999999999999932e-07
8.209999999999999520e-01 1.221999999999999957e-07
8.220000000000000639e-01 1.248000000000000058e-07
8.229999999999999538e-01 1.232999999999999990e-07
8.239999999999999547e-01 1.218000000000000186e-07
8.250000000000000666e-01 1.249999999999999943e-07
8.259999999999999565e-01 1.283000000000000040e-07
8.269999999999999574e-01 1.205000000000000004e-07
8.279999999999999583e-01 1.127999999999999910e-07
8.290000000000000702e-01 1.166999999999999928e-07
8.299999999999999600e-01 1.206999999999999889e-07
8.309999999999999609e-01 1.212000000000000000e-07
8.320000000000000728e-01 1.217000000000000111e-07
8.329999999999999627e-01 1.214999999999999961e-07
8.339999999999999636e-01 1.213000000000000075e-07
8.350000000000000755e-01 1.207999999999999964e-07
8.360000000000000764e-01 1.202000000000000043e-07
8.369999999999999662e-01 1.196999999999999932e-07
8.379999999999999671e-01 1.191000000000000011e-07
8.390000000000000790e-01 1.170999999999999964e-07
8.399999999999999689e-01 1.151999999999999992e-07
8.409999999999999698e-01 1.140000000000000017e-07
8.420000000000000817e-01 1.128999999999999985e-07
8.429999999999999716e-01 1.107999999999999995e-07
8.439999999999999725e-01 1.086000000000000063e-07
8.449999999999999734e-01 1.044000000000000084e-07
8.460000000000000853e-01 1.001999999999999973e-07
8.469999999999999751e-01 1.015000000000000023e-07
8.479999999999999760e-01 1.028000000000000073e-07
8.490000000000000879e-01 1.019999999999999869e-07
8.499999999999999778e-01 1.011999999999999930e-07
8.509999999999999787e-01 1.017000000000000041e-07
8.519999999999999796e-01 1.020999999999999944e-07
8.529999999999999805e-01 1.024999999999999980e-07
8.539999999999999813e-01 1.029999999999999959e-07
8.549999999999999822e-01 1.034999999999999937e-07
8.560000000000000941e-01 1.039000000000000105e-07
8.569999999999999840e-01 1.091000000000000042e-07
8.579999999999999849e-01 1.141999999999999903e-07
8.589999999999999858e-01 1.136999999999999924e-07
8.599999999999999867e-01 1.131999999999999946e-07
8.609999999999999876e-01 1.087000000000000006e-07
8.619999999999999885e-01 1.042000000000000066e-07
8.629999999999999893e-01 1.044999999999999894e-07
8.639999999999999902e-01 1.047999999999999988e-07
8.649999999999999911e-01 1.057000000000000002e-07
8.660000000000001030e-01 1.067000000000000091e-07
8.669999999999999929e-01 1.063999999999999998e-07
8.679999999999999938e-01 1.061999999999999981e-07
8.689999999999999947e-01 1.056000000000000059e-07
8.699999999999999956e-01 1.050000000000000005e-07
8.709999999999999964e-01 1.075999999999999974e-07
8.719999999999999973e-01 1.102000000000000074e-07
8.729999999999999982e-01 1.111999999999999899e-07
8.739999999999999991e-01 1.121999999999999988e-07
8.750000000000000000e-01 1.155000000000000085e-07
8.760000000000000009e-01 1.186999999999999975e-07
8.770000000000000018e-01 1.150999999999999917e-07
8.780000000000000027e-01 1.114000000000000049e-07
8.790000000000000036e-01 1.133999999999999964e-07
8.800000000000000044e-01 1.154000000000000010e-07
8.810000000000000053e-01 1.125000000000000081e-07
8.820000000000000062e-01 1.097000000000000095e-07
8.830000000000000071e-01 1.100999999999999999e-07
8.840000000000000080e-01 1.105999999999999977e-07
8.850000000000000089e-01 1.094999999999999945e-07
8.860000000000000098e-01 1.083999999999999913e-07
8.870000000000000107e-01 1.070999999999999995e-07
8.880000000000000115e-01 1.058000000000000077e-07
8.890000000000000124e-01 1.054999999999999984e-07
8.899999999999999023e-01 1.053000000000000098e-07
8.910000000000000142e-01 1.044000000000000084e-07
8.920000000000000151e-01 1.036000000000000012e-07
8.930000000000000160e-01 1.042000000000000066e-07
8.940000000000000169e-01 1.047000000000000045e-07
8.950000000000000178e-01 1.054999999999999984e-07
8.960000000000000187e-01 1.061999999999999981e-07
8.970000000000000195e-01 1.063000000000000056e-07
8.980000000000000204e-01 1.063000000000000056e-07
8.990000000000000213e-01 1.068999999999999977e-07
8.999999999999999112e-01 1.073999999999999956e-07
9.010000000000000231e-01 1.096000000000000020e-07
9.020000000000000240e-01 1.119000000000000028e-07
9.030000000000000249e-01 1.137999999999999999e-07
9.040000000000000258e-01 1.158000000000000046e-07
9.050000000000000266e-01 1.119999999999999970e-07
9.060000000000000275e-01 1.082999999999999970e-07
9.069999999999999174e-01 1.092000000000000117e-07
9.080000000000000293e-01 1.102000000000000074e-07
9.090000000000000302e-01 1.107000000000000053e-07
9.099999999999999201e-01 1.111999999999999899e-07
9.110000000000000320e-01 1.140000000000000017e-07
9.120000000000000329e-01 1.169000000000000078e-07
9.130000000000000338e-01 1.170000000000000021e-07
9.139999999999999236e-01 1.172000000000000039e-07
9.150000000000000355e-01 1.156999999999999971e-07
9.160000000000000364e-01 1.140999999999999960e-07
9.169999999999999263e-01 1.133000000000000021e-07
9.180000000000000382e-01 1.125000000000000081e-07
9.190000000000000391e-01 1.144999999999999996e-07
9.199999999999999289e-01 1.165000000000000043e-07
9.209999999999999298e-01 1.140999999999999960e-07
9.220000000000000417e-01 1.116999999999999877e-07
9.230000000000000426e-01 1.100000000000000056e-07
9.239999999999999325e-01 1.082999999999999970e-07
9.250000000000000444e-01 1.075000000000000031e-07
9.260000000000000453e-01 1.067000000000000091e-07
9.269999999999999352e-01 1.036999999999999955e-07
9.280000000000000471e-01 1.006999999999999951e-07
9.290000000000000480e-01 9.822000000000000204e-08
9.299999999999999378e-01 9.578000000000000136e-08
9.309999999999999387e-01 9.020999999999999847e-08
9.320000000000000506e-01 8.462999999999999747e-08
9.330000000000000515e-01 9.006000000000000044e-08
9.339999999999999414e-01 9.547999999999999206e-08
9.350000000000000533e-01 9.399000000000000982e-08
9.360000000000000542e-01 9.249000000000000300e-08
9.369999999999999440e-01 9.386999999999999286e-08
9.379999999999999449e-01 9.525999999999999406e-08
9.390000000000000568e-01 1.001999999999999973e-07
9.399999999999999467e-01 1.052000000000000023e-07
9.409999999999999476e-01 9.879999999999999796e-08
9.420000000000000595e-01 9.236000000000000118e-08
9.430000000000000604e-01 9.021999999999999657e-08
9.439999999999999503e-01 8.808000000000000520e-08
9.449999999999999512e-01 9.533999999999999213e-08
9.460000000000000631e-01 1.025999999999999923e-07
9.469999999999999529e-01 1.029999999999999959e-07
9.479999999999999538e-01 1.034999999999999937e-07
9.490000000000000657e-01 1.006999999999999951e-07
9.499999999999999556e-01 9.793000000000000407e-08
9.509999999999999565e-01 9.962000000000000134e-08
9.519999999999999574e-01 1.013000000000000005e-07
9.530000000000000693e-01 1.003000000000000048e-07
9.540000000000000702e-01 9.927999999999999962e-08
9.549999999999999600e-01 9.851000000000000000e-08
9.560000000000000719e-01 9.773999999999998715e-08
9.569999999999998508e-01 9.768999999999999663e-08
9.579999999999999627e-01 9.762999999999999477e-08
9.590000000000000746e-01 9.732999999999999870e-08
9.599999999999999645e-01 9.703000000000000263e-08
9.609999999999999654e-01 9.829000000000000200e-08
9.620000000000000773e-01 9.955999999999999948e-08
9.629999999999999671e-01 9.765000000000000421e-08
9.639999999999999680e-01 9.575000000000000705e-08
9.650000000000000799e-01 9.781000000000000035e-08
9.659999999999999698e-01 9.987999999999999175e-08
9.669999999999999707e-01 1.006000000000000008e-07
9.680000000000000826e-01 1.011999999999999930e-07
9.689999999999999725e-01 1.013000000000000005e-07
9.700000000000000844e-01 1.014000000000000080e-07
9.710000000000000853e-01 1.006999999999999951e-07
9.719999999999999751e-01 9.989000000000000309e-08
9.730000000000000870e-01 1.010000000000000044e-07
9.739999999999998659e-01 1.020999999999999944e-07
9.749999999999999778e-01 1.006000000000000008e-07
9.760000000000000897e-01 9.898999999999998842e-08
9.769999999999998685e-01 9.653000000000000477e-08
9.779999999999999805e-01 9.406999999999999465e-08
9.790000000000000924e-01 9.768999999999999663e-08
9.799999999999999822e-01 1.013000000000000005e-07
9.809999999999999831e-01 1.031000000000000034e-07
9.820000000000000950e-01 1.048999999999999930e-07
9.829999999999999849e-01 1.050000000000000005e-07
9.839999999999999858e-01 1.050999999999999948e-07
9.850000000000000977e-01 1.031999999999999977e-07
9.859999999999999876e-01 1.013000000000000005e-07
9.869999999999999885e-01 9.987000000000000688e-08
9.879999999999998783e-01 9.840000000000000762e-08
9.889999999999999902e-01 9.467000000000000003e-08
9.900000000000001021e-01 9.093999999999999243e-08
9.909999999999998810e-01 8.919000000000000654e-08
9.919999999999999929e-01 8.744000000000000741e-08
9.930000000000001048e-01 8.973000000000001005e-08
9.939999999999998836e-01 9.201999999999999946e-08
9.949999999999999956e-01 9.252999999999999542e-08
9.960000000000001075e-01 9.304999999999998949e-08
9.969999999999998863e-01 9.243000000000000114e-08
9.979999999999999982e-01 9.180999999999999956e-08
9.990000000000001101e-01 9.259000000000001052e-08
1.000000000000000000e+00 9.338000000000000634e-08
1.001000000000000112e+00 9.503999999999999606e-08
1.002000000000000002e+00 9.671000000000001035e-08
1.002999999999999892e+00 9.470000000000000757e-08
1.004000000000000004e+00 9.268999999999999156e-08
1.004999999999999893e+00 9.368000000000000241e-08
1.006000000000000005e+00 9.467000000000000003e-08
1.007000000000000117e+00 9.700999999999999319e-08
1.008000000000000007e+00 9.934999999999999958e-08
1.008999999999999897e+00 9.948000000000000141e-08
1.010000000000000009e+00 9.959999999999999189e-08
1.010999999999999899e+00 9.682000000000000273e-08
1.012000000000000011e+00 9.404000000000000034e-08
1.013000000000000123e+00 9.331000000000000638e-08
1.014000000000000012e+00 9.257999999999999918e-08
1.015000000000000124e+00 9.447999999999999634e-08
1.016000000000000014e+00 9.639000000000000484e-08
1.016999999999999904e+00 9.583000000000000512e-08
1.018000000000000016e+00 9.528000000000000350e-08
1.018999999999999906e+00 9.362000000000000055e-08
1.020000000000000018e+00 9.195999999999999760e-08
1.021000000000000130e+00 9.274999999999999342e-08
1.022000000000000020e+00 9.354000000000000248e-08
1.022999999999999909e+00 9.173000000000000149e-08
1.024000000000000021e+00 8.992999999999999861e-08
1.024999999999999911e+00 8.644999999999999656e-08
1.026000000000000023e+00 8.297999999999999262e-08
1.027000000000000135e+00 8.552000000000000081e-08
1.028000000000000025e+00 8.806999999999999387e-08
1.028999999999999915e+00 8.754000000000000169e-08
1.030000000000000027e+00 8.701000000000000952e-08
1.030999999999999917e+00 8.766000000000000541e-08
1.032000000000000028e+00 8.831000000000000131e-08
1.033000000000000140e+00 8.819000000000001082e-08
1.034000000000000030e+00 8.808000000000000520e-08
1.035000000000000142e+00 8.899999999999998962e-08
1.035999999999999810e+00 8.991000000000000240e-08
1.036999999999999922e+00 9.020999999999999847e-08
1.038000000000000034e+00 9.050999999999999454e-08
1.038999999999999924e+00 8.895999999999999720e-08
1.040000000000000036e+00 8.740999999999999987e-08
1.041000000000000147e+00 8.905000000000000661e-08
1.042000000000000037e+00 9.069999999999999822e-08
1.042999999999999927e+00 9.106999999999999426e-08
1.044000000000000039e+00 9.143999999999999029e-08
1.044999999999999929e+00 9.381000000000000424e-08
1.046000000000000041e+00 9.618000000000000494e-08
1.047000000000000153e+00 9.340000000000000255e-08
1.048000000000000043e+00 9.062999999999999826e-08
1.048999999999999932e+00 8.870999999999999166e-08
1.049999999999999822e+00 8.679000000000001152e-08
