# ~51 eri b 
# Planet Teff 700 K
# Planet log(g) 3.5 
# Planet Radius 1.11 Rjup
# Stellar Type F0IV
# Stellar V-band Mag 5.223
# wavelength (microns) - planet-star flux ratio - geometric albedo (ignore)
       0.348596 6.23706E-10    0.3192
       0.349067 6.45545E-10    0.3304
       0.349540 6.63367E-10    0.3395
       0.350012 6.78382E-10    0.3472
       0.350486 6.91686E-10    0.3540
       0.350960 7.04952E-10    0.3608
       0.351435 7.09343E-10    0.3630
       0.351910 7.16247E-10    0.3666
       0.352386 7.25137E-10    0.3711
       0.352862 7.27614E-10    0.3724
       0.353340 7.29205E-10    0.3732
       0.353818 7.31492E-10    0.3744
       0.354296 7.37460E-10    0.3774
       0.354775 7.36064E-10    0.3767
       0.355255 7.41625E-10    0.3795
       0.355736 7.42759E-10    0.3801
       0.356217 7.42431E-10    0.3800
       0.356699 7.35646E-10    0.3765
       0.357181 7.24851E-10    0.3710
       0.357664 6.98205E-10    0.3573
       0.358148 5.93704E-10    0.3038
       0.358633 3.96645E-10    0.2030
       0.359118 4.54694E-10    0.2327
       0.359603 6.38570E-10    0.3268
       0.360090 7.04846E-10    0.3607
       0.360577 7.06747E-10    0.3617
       0.361064 6.43273E-10    0.3292
       0.361553 7.23492E-10    0.3703
       0.362042 7.27642E-10    0.3724
       0.362532 7.33503E-10    0.3754
       0.363022 7.43249E-10    0.3804
       0.363513 7.36271E-10    0.3768
       0.364005 7.35893E-10    0.3766
       0.364497 7.39258E-10    0.3783
       0.364990 7.44423E-10    0.3810
       0.365484 7.31385E-10    0.3743
       0.365978 7.19152E-10    0.3680
       0.366473 7.25062E-10    0.3711
       0.366969 7.42489E-10    0.3800
       0.367465 7.40283E-10    0.3789
       0.367962 7.29923E-10    0.3736
       0.368460 7.16856E-10    0.3669
       0.368958 7.09981E-10    0.3633
       0.369457 7.01673E-10    0.3591
       0.369957 7.03569E-10    0.3601
       0.370457 7.00941E-10    0.3587
       0.370958 6.99580E-10    0.3580
       0.371460 7.03850E-10    0.3602
       0.371962 7.07880E-10    0.3623
       0.372466 7.03715E-10    0.3601
       0.372969 6.96996E-10    0.3567
       0.373474 6.94099E-10    0.3552
       0.373979 6.97965E-10    0.3572
       0.374485 6.97151E-10    0.3568
       0.374991 6.93550E-10    0.3549
       0.375499 6.87090E-10    0.3516
       0.376006 6.75356E-10    0.3456
       0.376515 6.68438E-10    0.3421
       0.377024 6.62696E-10    0.3392
       0.377534 6.64977E-10    0.3403
       0.378045 6.68043E-10    0.3419
       0.378556 6.76922E-10    0.3464
       0.379068 6.68171E-10    0.3420
       0.379581 6.57942E-10    0.3367
       0.380094 6.52330E-10    0.3338
       0.380608 6.54136E-10    0.3348
       0.381123 6.35168E-10    0.3251
       0.381639 6.45665E-10    0.3304
       0.382155 6.42213E-10    0.3287
       0.382672 6.48466E-10    0.3319
       0.383189 6.34537E-10    0.3247
       0.383708 6.32450E-10    0.3237
       0.384227 6.15545E-10    0.3150
       0.384746 6.35933E-10    0.3255
       0.385267 6.17934E-10    0.3162
       0.385788 6.13391E-10    0.3139
       0.386310 6.18282E-10    0.3164
       0.386832 5.74392E-10    0.2940
       0.387355 5.56457E-10    0.2848
       0.387879 5.63416E-10    0.2883
       0.388404 5.66869E-10    0.2901
       0.388929 5.49557E-10    0.2812
       0.389455 5.43712E-10    0.2783
       0.389982 5.48367E-10    0.2806
       0.390510 5.44550E-10    0.2787
       0.391038 5.36118E-10    0.2744
       0.391567 5.22380E-10    0.2673
       0.392096 5.12916E-10    0.2625
       0.392627 5.00425E-10    0.2561
       0.393158 4.86056E-10    0.2488
       0.393690 4.72465E-10    0.2418
       0.394222 4.61531E-10    0.2362
       0.394755 4.46896E-10    0.2287
       0.395289 4.31104E-10    0.2206
       0.395824 4.15509E-10    0.2126
       0.396359 3.96661E-10    0.2030
       0.396895 3.78486E-10    0.1937
       0.397432 3.61162E-10    0.1848
       0.397970 3.43044E-10    0.1756
       0.398508 3.23497E-10    0.1656
       0.399047 3.03434E-10    0.1553
       0.399587 2.82793E-10    0.1447
       0.400127 2.61319E-10    0.1337
       0.400668 2.39014E-10    0.1223
       0.401210 2.15724E-10    0.1104
       0.401753 1.91583E-10    0.0980
       0.402296 1.66466E-10    0.0852
       0.402841 1.41297E-10    0.0723
       0.403385 1.16015E-10    0.0594
       0.403931 8.70704E-11    0.0446
       0.404477 6.72471E-11    0.0344
       0.405024 8.58102E-11    0.0439
       0.405572 1.11368E-10    0.0570
       0.406121 1.34553E-10    0.0689
       0.406670 1.57766E-10    0.0807
       0.407220 1.80358E-10    0.0923
       0.407771 2.02045E-10    0.1034
       0.408323 2.22789E-10    0.1140
       0.408875 2.42552E-10    0.1241
       0.409428 2.61727E-10    0.1339
       0.409982 2.79873E-10    0.1432
       0.410536 2.97806E-10    0.1524
       0.411091 3.15530E-10    0.1615
       0.411647 3.32155E-10    0.1700
       0.412204 3.48270E-10    0.1782
       0.412762 3.64982E-10    0.1868
       0.413320 3.79922E-10    0.1944
       0.413879 3.93836E-10    0.2016
       0.414439 4.08681E-10    0.2092
       0.414999 4.21496E-10    0.2157
       0.415561 4.29407E-10    0.2198
       0.416123 4.49002E-10    0.2298
       0.416686 4.50087E-10    0.2303
       0.417249 4.62408E-10    0.2366
       0.417814 4.68172E-10    0.2396
       0.418379 4.61505E-10    0.2362
       0.418945 4.34637E-10    0.2224
       0.419511 3.33852E-10    0.1709
       0.420079 1.69511E-10    0.0868
       0.420647 2.21602E-10    0.1134
       0.421216 2.06112E-10    0.1055
       0.421786 2.45490E-10    0.1256
       0.422356 4.44074E-10    0.2273
       0.422927 4.98810E-10    0.2553
       0.423499 5.23863E-10    0.2681
       0.424072 5.32305E-10    0.2724
       0.424646 5.39471E-10    0.2761
       0.425220 5.58841E-10    0.2860
       0.425795 5.57079E-10    0.2851
       0.426371 5.50818E-10    0.2819
       0.426948 5.56246E-10    0.2847
       0.427525 5.76538E-10    0.2951
       0.428104 5.79652E-10    0.2967
       0.428683 5.79376E-10    0.2965
       0.429263 5.66922E-10    0.2901
       0.429843 5.87812E-10    0.3008
       0.430425 5.94396E-10    0.3042
       0.431007 5.90917E-10    0.3024
       0.431590 5.82216E-10    0.2980
       0.432173 5.72529E-10    0.2930
       0.432758 5.97219E-10    0.3056
       0.433343 6.01339E-10    0.3077
       0.433929 5.97209E-10    0.3056
       0.434516 5.92984E-10    0.3035
       0.435104 5.87299E-10    0.3006
       0.435693 5.71053E-10    0.2922
       0.436282 5.79715E-10    0.2967
       0.436872 5.69612E-10    0.2915
       0.437463 6.03161E-10    0.3087
       0.438055 5.65427E-10    0.2894
       0.438647 5.72181E-10    0.2928
       0.439240 5.72040E-10    0.2928
       0.439834 5.79027E-10    0.2963
       0.440429 5.68960E-10    0.2912
       0.441025 5.67707E-10    0.2905
       0.441622 5.82791E-10    0.2983
       0.442219 5.74907E-10    0.2942
       0.442817 5.81329E-10    0.2975
       0.443416 5.82051E-10    0.2979
       0.444016 5.69970E-10    0.2917
       0.444616 5.69546E-10    0.2915
       0.445218 5.64383E-10    0.2888
       0.445820 5.64964E-10    0.2891
       0.446423 5.63437E-10    0.2884
       0.447027 5.63250E-10    0.2883
       0.447631 5.62302E-10    0.2878
       0.448237 5.52354E-10    0.2827
       0.448843 5.40414E-10    0.2766
       0.449450 5.25150E-10    0.2688
       0.450058 5.32004E-10    0.2723
       0.450667 5.35591E-10    0.2741
       0.451276 5.32628E-10    0.2726
       0.451887 5.42018E-10    0.2774
       0.452498 5.37284E-10    0.2750
       0.453110 5.34506E-10    0.2735
       0.453723 5.30472E-10    0.2715
       0.454337 5.18394E-10    0.2653
       0.454951 4.35605E-10    0.2229
       0.455566 3.71851E-10    0.1903
       0.456183 4.91308E-10    0.2514
       0.456800 4.97666E-10    0.2547
       0.457417 5.05289E-10    0.2586
       0.458036 5.02993E-10    0.2574
       0.458656 4.95156E-10    0.2534
       0.459276 4.61688E-10    0.2363
       0.459897 4.93610E-10    0.2526
       0.460519 4.97997E-10    0.2549
       0.461142 4.92107E-10    0.2518
       0.461766 4.89239E-10    0.2504
       0.462390 4.86423E-10    0.2489
       0.463016 4.78458E-10    0.2449
       0.463642 4.80780E-10    0.2461
       0.464269 4.76524E-10    0.2439
       0.464897 4.68264E-10    0.2396
       0.465526 4.66476E-10    0.2387
       0.466156 4.61492E-10    0.2362
       0.466786 4.31851E-10    0.2210
       0.467418 4.52199E-10    0.2314
       0.468050 4.47997E-10    0.2293
       0.468683 4.48505E-10    0.2295
       0.469317 4.44783E-10    0.2276
       0.469952 4.42195E-10    0.2263
       0.470587 4.35586E-10    0.2229
       0.471224 4.33812E-10    0.2220
       0.471861 4.30374E-10    0.2203
       0.472499 4.25889E-10    0.2180
       0.473138 4.22667E-10    0.2163
       0.473778 4.16869E-10    0.2133
       0.474419 4.12678E-10    0.2112
       0.475061 4.07968E-10    0.2088
       0.475703 4.05022E-10    0.2073
       0.476347 4.02264E-10    0.2059
       0.476991 3.96623E-10    0.2030
       0.477636 3.91009E-10    0.2001
       0.478282 3.87416E-10    0.1983
       0.478929 3.84049E-10    0.1965
       0.479577 3.80156E-10    0.1946
       0.480226 3.74075E-10    0.1914
       0.480875 3.65991E-10    0.1873
       0.481526 3.63725E-10    0.1861
       0.482177 3.66694E-10    0.1877
       0.482829 3.63893E-10    0.1862
       0.483482 3.59258E-10    0.1839
       0.484136 3.54289E-10    0.1813
       0.484791 3.49551E-10    0.1789
       0.485447 3.47733E-10    0.1780
       0.486103 3.44591E-10    0.1764
       0.486761 3.41406E-10    0.1747
       0.487419 3.38292E-10    0.1731
       0.488078 3.34628E-10    0.1713
       0.488739 3.31565E-10    0.1697
       0.489400 3.27381E-10    0.1675
       0.490062 3.23902E-10    0.1658
       0.490724 3.20200E-10    0.1639
       0.491388 3.16004E-10    0.1617
       0.492053 3.12899E-10    0.1601
       0.492718 3.09472E-10    0.1584
       0.493385 3.05572E-10    0.1564
       0.494052 3.01854E-10    0.1545
       0.494720 2.98244E-10    0.1526
       0.495389 2.94545E-10    0.1507
       0.496060 2.91008E-10    0.1489
       0.496730 2.87178E-10    0.1470
       0.497402 2.83536E-10    0.1451
       0.498075 2.77353E-10    0.1419
       0.498749 2.76300E-10    0.1414
       0.499423 2.73309E-10    0.1399
       0.500099 2.69698E-10    0.1380
       0.500775 2.66015E-10    0.1361
       0.501453 2.62525E-10    0.1344
       0.502131 2.58725E-10    0.1324
       0.502810 2.54734E-10    0.1304
       0.503490 2.50785E-10    0.1283
       0.504171 2.47615E-10    0.1267
       0.504853 2.44926E-10    0.1253
       0.505536 2.41337E-10    0.1235
       0.506220 2.38217E-10    0.1219
       0.506904 2.34688E-10    0.1201
       0.507590 2.31453E-10    0.1185
       0.508277 2.28303E-10    0.1168
       0.508964 2.24459E-10    0.1149
       0.509652 2.20660E-10    0.1129
       0.510342 2.17739E-10    0.1114
       0.511032 2.14355E-10    0.1097
       0.511723 2.11008E-10    0.1080
       0.512415 2.08327E-10    0.1066
       0.513109 2.04978E-10    0.1049
       0.513803 2.01851E-10    0.1033
       0.514497 1.98753E-10    0.1017
       0.515193 1.95507E-10    0.1001
       0.515890 1.92440E-10    0.0985
       0.516588 1.89336E-10    0.0969
       0.517287 1.86211E-10    0.0953
       0.517986 1.82994E-10    0.0937
       0.518687 1.80018E-10    0.0921
       0.519389 1.77197E-10    0.0907
       0.520091 1.74301E-10    0.0892
       0.520795 1.71079E-10    0.0876
       0.521499 1.68077E-10    0.0860
       0.522204 1.65210E-10    0.0845
       0.522911 1.62275E-10    0.0830
       0.523618 1.58985E-10    0.0814
       0.524326 1.56390E-10    0.0800
       0.525035 1.53454E-10    0.0785
       0.525745 1.50536E-10    0.0770
       0.526457 1.47732E-10    0.0756
       0.527169 1.44828E-10    0.0741
       0.527882 1.42038E-10    0.0727
       0.528596 1.39409E-10    0.0713
       0.529311 1.36506E-10    0.0699
       0.530027 1.33775E-10    0.0685
       0.530743 1.31019E-10    0.0671
       0.531461 1.28366E-10    0.0657
       0.532180 1.25622E-10    0.0643
       0.532900 1.23003E-10    0.0629
       0.533621 1.20391E-10    0.0616
       0.534343 1.17928E-10    0.0604
       0.535065 1.15360E-10    0.0590
       0.535789 1.12764E-10    0.0577
       0.536514 1.10226E-10    0.0564
       0.537239 1.07743E-10    0.0551
       0.537966 1.05370E-10    0.0539
       0.538694 1.02813E-10    0.0526
       0.539422 1.00313E-10    0.0513
       0.540152 9.78868E-11    0.0501
       0.540882 9.55723E-11    0.0489
       0.541614 9.31525E-11    0.0477
       0.542347 9.08900E-11    0.0465
       0.543080 8.88371E-11    0.0455
       0.543815 8.63622E-11    0.0442
       0.544550 8.42221E-11    0.0431
       0.545287 8.26049E-11    0.0423
       0.546024 8.05622E-11    0.0412
       0.546763 7.85922E-11    0.0402
       0.547502 7.67329E-11    0.0393
       0.548243 7.44810E-11    0.0381
       0.548984 7.25677E-11    0.0371
       0.549727 7.09991E-11    0.0363
       0.550471 6.91304E-11    0.0354
       0.551215 6.74299E-11    0.0345
       0.551961 6.56916E-11    0.0336
       0.552707 6.38652E-11    0.0327
       0.553455 6.24125E-11    0.0319
       0.554203 6.07033E-11    0.0311
       0.554953 5.90907E-11    0.0302
       0.555704 5.76058E-11    0.0295
       0.556455 5.61810E-11    0.0288
       0.557208 5.46460E-11    0.0280
       0.557962 5.31235E-11    0.0272
       0.558716 5.19159E-11    0.0266
       0.559472 5.06070E-11    0.0259
       0.560229 4.92651E-11    0.0252
       0.560986 4.80151E-11    0.0246
       0.561745 4.68326E-11    0.0240
       0.562505 4.55383E-11    0.0233
       0.563266 4.45081E-11    0.0228
       0.564028 4.33312E-11    0.0222
       0.564791 4.23032E-11    0.0216
       0.565554 4.11389E-11    0.0211
       0.566319 4.01548E-11    0.0206
       0.567085 3.92294E-11    0.0201
       0.567852 3.78708E-11    0.0194
       0.568621 3.70347E-11    0.0190
       0.569390 3.63646E-11    0.0186
       0.570160 3.55736E-11    0.0182
       0.570931 3.48097E-11    0.0178
       0.571703 3.40095E-11    0.0174
       0.572476 3.32405E-11    0.0170
       0.573251 3.23123E-11    0.0165
       0.574026 3.12605E-11    0.0160
       0.574803 3.05822E-11    0.0157
       0.575580 3.00693E-11    0.0154
       0.576358 2.94604E-11    0.0151
       0.577138 2.87333E-11    0.0147
       0.577919 2.77541E-11    0.0142
       0.578700 2.70239E-11    0.0138
       0.579483 2.66266E-11    0.0136
       0.580267 2.59151E-11    0.0133
       0.581052 2.51237E-11    0.0129
       0.581838 2.43299E-11    0.0125
       0.582625 2.35477E-11    0.0121
       0.583413 2.26720E-11    0.0116
       0.584202 2.17485E-11    0.0111
       0.584992 2.07226E-11    0.0106
       0.585783 1.95237E-11    0.0100
       0.586575 1.81267E-11    0.0093
       0.587369 1.64048E-11    0.0084
       0.588163 1.33152E-11    0.0068
       0.588959 9.27661E-12    0.0047
       0.589755 8.43617E-12    0.0043
       0.590553 1.45133E-11    0.0074
       0.591352 1.62350E-11    0.0083
       0.592152 1.74266E-11    0.0089
       0.592953 1.91221E-11    0.0098
       0.593755 1.96171E-11    0.0100
       0.594558 1.99349E-11    0.0102
       0.595362 2.11273E-11    0.0108
       0.596167 2.18214E-11    0.0112
       0.596974 2.16915E-11    0.0111
       0.597781 2.20386E-11    0.0113
       0.598590 2.30525E-11    0.0118
       0.599399 2.39894E-11    0.0123
       0.600210 2.47342E-11    0.0127
       0.601022 2.55017E-11    0.0131
       0.601835 2.65244E-11    0.0136
       0.602649 2.74105E-11    0.0140
       0.603464 2.80862E-11    0.0144
       0.604280 2.85332E-11    0.0146
       0.605097 2.99892E-11    0.0153
       0.605916 3.13476E-11    0.0160
       0.606735 3.23528E-11    0.0166
       0.607556 3.37478E-11    0.0173
       0.608378 3.52673E-11    0.0180
       0.609201 3.68910E-11    0.0189
       0.610025 3.86871E-11    0.0198
       0.610850 4.05573E-11    0.0208
       0.611676 4.26118E-11    0.0218
       0.612503 4.47812E-11    0.0229
       0.613332 4.70988E-11    0.0241
       0.614161 4.96881E-11    0.0254
       0.614992 5.25685E-11    0.0269
       0.615824 5.56710E-11    0.0285
       0.616657 5.89924E-11    0.0302
       0.617491 6.25857E-11    0.0320
       0.618326 6.63321E-11    0.0339
       0.619162 7.04858E-11    0.0361
       0.620000 7.50904E-11    0.0384
       0.620838 7.99973E-11    0.0409
       0.621678 8.54278E-11    0.0437
       0.622519 9.14929E-11    0.0468
       0.623361 9.76581E-11    0.0500
       0.624204 1.04079E-10    0.0533
       0.625048 1.10978E-10    0.0568
       0.625894 1.18364E-10    0.0606
       0.626740 1.26317E-10    0.0646
       0.627588 1.34799E-10    0.0690
       0.628437 1.44065E-10    0.0737
       0.629287 1.53679E-10    0.0786
       0.630138 1.63835E-10    0.0838
       0.630991 1.72969E-10    0.0885
       0.631844 1.85401E-10    0.0949
       0.632699 1.98141E-10    0.1014
       0.633554 2.10213E-10    0.1076
       0.634411 2.23275E-10    0.1143
       0.635269 2.38041E-10    0.1218
       0.636129 2.53229E-10    0.1296
       0.636989 2.68511E-10    0.1374
       0.637851 2.84234E-10    0.1455
       0.638713 3.02062E-10    0.1546
       0.639577 3.20288E-10    0.1639
       0.640442 3.39318E-10    0.1737
       0.641309 3.58960E-10    0.1837
       0.642176 3.80634E-10    0.1948
       0.643045 4.00825E-10    0.2051
       0.643914 4.20714E-10    0.2153
       0.644785 4.41478E-10    0.2259
       0.645657 4.66883E-10    0.2389
       0.646531 4.92108E-10    0.2518
       0.647405 5.06935E-10    0.2594
       0.648281 5.36323E-10    0.2745
       0.649158 5.73283E-10    0.2934
       0.650036 6.10939E-10    0.3127
       0.650915 6.45015E-10    0.3301
       0.651795 6.77665E-10    0.3468
       0.652677 7.12755E-10    0.3648
       0.653560 7.46816E-10    0.3822
       0.654444 7.78776E-10    0.3986
       0.655329 8.14418E-10    0.4168
       0.656215 8.57641E-10    0.4389
       0.657103 8.88136E-10    0.4545
       0.657992 9.15814E-10    0.4687
       0.658882 9.80865E-10    0.5020
       0.659773 1.02556E-09    0.5249
       0.660665 1.06005E-09    0.5425
       0.661559 1.12586E-09    0.5762
       0.662454 1.17804E-09    0.6029
       0.663350 1.22153E-09    0.6251
       0.664247 1.27887E-09    0.6545
       0.665145 1.33293E-09    0.6822
       0.666045 1.39048E-09    0.7116
       0.666946 1.43746E-09    0.7357
       0.667848 1.47512E-09    0.7549
       0.668751 1.49600E-09    0.7656
       0.669656 1.29448E-09    0.6625
       0.670561 6.48677E-10    0.3320
       0.671468 1.28513E-09    0.6577
       0.672377 1.69359E-09    0.8667
       0.673286 1.84693E-09    0.9452
       0.674197 1.94328E-09    0.9945
       0.675109 2.03356E-09    1.0407
       0.676022 2.11246E-09    1.0811
       0.676936 2.19278E-09    1.1222
       0.677852 2.27131E-09    1.1624
       0.678769 2.35211E-09    1.2037
       0.679687 2.43321E-09    1.2453
       0.680606 2.51374E-09    1.2865
       0.681527 2.59479E-09    1.3279
       0.682448 2.67895E-09    1.3710
       0.683371 2.76250E-09    1.4138
       0.684296 2.84734E-09    1.4572
       0.685221 2.92960E-09    1.4993
       0.686148 3.00683E-09    1.5388
       0.687076 3.10175E-09    1.5874
       0.688006 3.17986E-09    1.6274
       0.688936 3.25704E-09    1.6669
       0.689868 3.32006E-09    1.6991
       0.690801 3.40761E-09    1.7439
       0.691735 3.17477E-09    1.6248
       0.692671 2.94792E-09    1.5087
       0.693608 3.31839E-09    1.6983
       0.694546 3.62468E-09    1.8550
       0.695485 3.76005E-09    1.9243
       0.696426 3.90560E-09    1.9988
       0.697368 3.98752E-09    2.0407
       0.698311 3.97713E-09    2.0354
       0.699256 4.04353E-09    2.0694
       0.700202 4.18864E-09    2.1436
       0.701149 4.19041E-09    2.1445
       0.702097 4.06747E-09    2.0816
       0.703047 4.15585E-09    2.1269
       0.703998 4.41309E-09    2.2585
       0.704950 4.57439E-09    2.3410
       0.705903 4.63372E-09    2.3714
       0.706858 4.57451E-09    2.3411
       0.707814 4.65296E-09    2.3813
       0.708772 4.74573E-09    2.4287
       0.709730 4.51483E-09    2.3106
       0.710690 4.85243E-09    2.4833
       0.711651 4.87909E-09    2.4970
       0.712614 4.85539E-09    2.4849
       0.713578 4.89603E-09    2.5057
       0.714543 4.82485E-09    2.4692
       0.715510 4.85931E-09    2.4869
       0.716477 4.28782E-09    2.1944
       0.717446 3.37423E-09    1.7268
       0.718417 4.68081E-09    2.3955
       0.719388 4.60021E-09    2.3543
       0.720362 4.28172E-09    2.1913
       0.721336 4.49106E-09    2.2984
       0.722312 4.31245E-09    2.2070
       0.723288 4.06975E-09    2.0828
       0.724267 4.28586E-09    2.1934
       0.725246 3.51054E-09    1.7966
       0.726227 3.81934E-09    1.9546
       0.727210 3.81142E-09    1.9506
       0.728193 3.80888E-09    1.9493
       0.729178 3.36039E-09    1.7198
       0.730164 3.20913E-09    1.6423
       0.731152 3.37317E-09    1.7263
       0.732141 3.74660E-09    1.9174
       0.733131 3.27729E-09    1.6772
       0.734123 3.33834E-09    1.7085
       0.735116 3.31686E-09    1.6975
       0.736110 3.08426E-09    1.5784
       0.737106 3.03759E-09    1.5546
       0.738103 2.95110E-09    1.5103
       0.739101 2.88691E-09    1.4774
       0.740101 2.80094E-09    1.4334
       0.741102 2.60747E-09    1.3344
       0.742104 2.37450E-09    1.2152
       0.743108 2.25342E-09    1.1532
       0.744113 2.18795E-09    1.1197
       0.745120 2.04462E-09    1.0464
       0.746127 1.88151E-09    0.9629
       0.747137 1.73256E-09    0.8867
       0.748147 1.59124E-09    0.8144
       0.749159 1.45109E-09    0.7426
       0.750172 1.30853E-09    0.6697
       0.751187 1.16257E-09    0.5950
       0.752203 1.02639E-09    0.5253
       0.753220 8.94861E-10    0.4580
       0.754239 7.72269E-10    0.3952
       0.755259 6.59200E-10    0.3374
       0.756281 5.53958E-10    0.2835
       0.757304 4.54359E-10    0.2325
       0.758328 3.70360E-10    0.1895
       0.759354 2.94694E-10    0.1508
       0.760381 2.29273E-10    0.1173
       0.761409 1.72404E-10    0.0882
       0.762439 1.22001E-10    0.0624
       0.763470 8.18871E-11    0.0419
       0.764503 4.91315E-11    0.0251
       0.765537 2.21647E-11    0.0113
       0.766573 7.38953E-12    0.0038
       0.767609 2.49455E-11    0.0128
       0.768648 3.35577E-11    0.0172
       0.769687 3.73525E-12    0.0019
       0.770728 2.05699E-11    0.0105
       0.771771 7.38265E-11    0.0378
       0.772815 1.30949E-10    0.0670
       0.773860 1.98212E-10    0.1014
       0.774907 2.81920E-10    0.1443
       0.775955 3.84175E-10    0.1966
       0.777004 5.04931E-10    0.2584
       0.778055 6.35656E-10    0.3253
       0.779108 6.36596E-10    0.3258
       0.780161 6.77894E-10    0.3469
       0.781217 9.97929E-10    0.5107
       0.782273 1.40556E-09    0.7193
       0.783331 1.70261E-09    0.8713
       0.784391 2.01037E-09    1.0289
       0.785452 2.35243E-09    1.2039
       0.786514 2.73845E-09    1.4015
       0.787578 3.13854E-09    1.6062
       0.788643 3.55151E-09    1.8176
       0.789710 3.96411E-09    2.0287
       0.790778 4.39091E-09    2.2471
       0.791848 4.84296E-09    2.4785
       0.792919 4.91106E-09    2.5133
       0.793991 6.92636E-10    0.3545
       0.795065 1.91003E-10    0.0978
       0.796141 5.94153E-09    3.0407
       0.797217 7.52120E-09    3.8491
       0.798296 8.58294E-09    4.3925
       0.799375 9.50753E-09    4.8657
       0.800457 1.03093E-08    5.2760
       0.801539 1.12794E-08    5.7725
       0.802624 1.19753E-08    6.1286
       0.803709 1.28265E-08    6.5642
       0.804796 1.39229E-08    7.1254
       0.805885 1.47449E-08    7.5460
       0.806975 1.57187E-08    8.0444
       0.808066 1.70740E-08    8.7380
       0.809159 1.61383E-08    8.2592
       0.810254 1.64462E-08    8.4167
       0.811350 1.60105E-08    8.1938
       0.812447 1.75653E-08    8.9895
       0.813546 1.40333E-08    7.1819
       0.814646 2.14359E-08   10.9703
       0.815748 2.41732E-08   12.3712
       0.816851 2.58962E-08   13.2530
       0.817956 2.44059E-08   12.4903
       0.819063 2.83343E-08   14.5007
       0.820171 2.98851E-08   15.2944
       0.821280 3.19114E-08   16.3314
       0.822391 2.70302E-08   13.8333
       0.823503 2.91229E-08   14.9043
       0.824617 3.45783E-08   17.6962
       0.825732 3.78828E-08   19.3874
       0.826849 3.99036E-08   20.4216
       0.827967 3.65640E-08   18.7125
       0.829087 4.00999E-08   20.5221
       0.830209 3.72172E-08   19.0468
       0.831332 3.84022E-08   19.6532
       0.832456 4.73077E-08   24.2108
       0.833582 4.31091E-08   22.0621
       0.834710 4.87406E-08   24.9441
       0.835839 4.91411E-08   25.1491
       0.836969 4.34951E-08   22.2596
       0.838101 4.88730E-08   25.0119
       0.839235 4.93448E-08   25.2533
       0.840370 5.40802E-08   27.6768
       0.841506 6.47194E-08   33.1217
       0.842645 7.11794E-08   36.4277
       0.843784 7.21076E-08   36.9027
       0.844926 7.37565E-08   37.7466
       0.846069 7.94031E-08   40.6364
       0.847213 8.37644E-08   42.8684
       0.848359 8.55135E-08   43.7635
       0.849506 8.86594E-08   45.3735
       0.850655 7.72326E-08   39.5256
       0.851806 5.78842E-08   29.6236
       0.852958 6.99916E-08   35.8198
       0.854112 9.90332E-08   50.6825
       0.855267 1.09956E-07   56.2724
       0.856424 1.15578E-07   59.1498
       0.857582 1.19056E-07   60.9298
       0.858742 1.26438E-07   64.7074
       0.859904 1.29085E-07   66.0624
       0.861067 1.32911E-07   68.0201
       0.862231 1.27622E-07   65.3133
       0.863398 1.33455E-07   68.2987
       0.864565 1.42460E-07   72.9070
       0.865735 1.41737E-07   72.5370
       0.866906 1.54615E-07   79.1276
       0.868078 1.56288E-07   79.9842
       0.869252 1.60291E-07   82.0325
       0.870428 1.71631E-07   87.8362
       0.871605 1.81038E-07   92.6502
       0.872784 1.84758E-07   94.5544
       0.873965 1.89899E-07   97.1851
       0.875147 1.82251E-07   93.2714
       0.876331 1.95689E-07  100.1484
       0.877516 2.01034E-07  102.8839
       0.878703 2.04381E-07  104.5969
       0.879891 1.86207E-07   95.2960
       0.881081 1.93216E-07   98.8826
       0.882273 1.95715E-07  100.1615
       0.883466 1.92407E-07   98.4686
       0.884661 1.96572E-07  100.6001
       0.885858 2.03228E-07  104.0066
       0.887056 1.85804E-07   95.0895
       0.888256 1.78719E-07   91.4635
       0.889457 1.94990E-07   99.7906
       0.890660 1.81137E-07   92.7010
       0.891865 1.42575E-07   72.9663
       0.893071 1.02344E-07   52.3771
       0.894279 7.12823E-08   36.4803
       0.895489 1.12317E-07   57.4806
       0.896700 1.64171E-07   84.0184
       0.897913 1.23000E-07   62.9483
       0.899128 2.35555E-07  120.5505
       0.900344 2.58649E-07  132.3695
       0.901561 2.60878E-07  133.5102
       0.902781 2.68607E-07  137.4660
       0.904002 3.36720E-07  172.3243
       0.905225 3.36331E-07  172.1254
       0.906449 3.41608E-07  174.8256
       0.907675 2.71236E-07  138.8111
       0.908903 3.62491E-07  185.5130
       0.910132 3.63981E-07  186.2757
       0.911363 4.03523E-07  206.5124
       0.912596 4.18493E-07  214.1736
       0.913830 2.40630E-07  123.1482
       0.915066 3.79774E-07  194.3582
       0.916304 3.12358E-07  159.8564
       0.917543 1.62350E-07   83.0863
       0.918784 2.43847E-07  124.7942
       0.920027 4.09655E-07  209.6505
       0.921271 4.58113E-07  234.4498
       0.922518 3.77751E-07  193.3228
       0.923765 3.50956E-07  179.6101
       0.925015 1.93747E-07   99.1547
       0.926266 9.08344E-08   46.4866
       0.927519 5.59219E-08   28.6193
       0.928773 1.57832E-08    8.0774
       0.930030 2.65700E-09    1.3598
       0.931287 8.74890E-08   44.7745
       0.932547 2.60245E-08   13.3187
       0.933808 1.35088E-08    6.9134
       0.935071 3.06276E-08   15.6744
       0.936336 3.21238E-08   16.4401
       0.937603 2.70332E-08   13.8349
       0.938871 8.47144E-08   43.3546
       0.940141 1.19732E-07   61.2758
       0.941412 9.02782E-08   46.2019
       0.942686 8.14840E-08   41.7013
       0.943961 3.46772E-08   17.7469
       0.945237 8.85444E-09    4.5315
       0.946516 1.86751E-08    9.5574
       0.947796 2.89228E-08   14.8019
       0.949078 5.27595E-08   27.0009
       0.950362 9.78898E-08   50.0974
       0.951647 3.19650E-08   16.3588
       0.952934 1.48342E-08    7.5918
       0.954223 7.32479E-08   37.4863
       0.955514 1.70765E-07   87.3930
       0.956806 1.41050E-07   72.1857
       0.958101 9.11932E-08   46.6702
       0.959396 1.70986E-08    8.7506
       0.960694 3.77536E-08   19.3213
       0.961994 1.30456E-08    6.6764
       0.963295 5.04343E-08   25.8109
       0.964598 1.36369E-08    6.9790
       0.965902 9.08280E-08   46.4833
       0.967209 1.16290E-08    5.9514
       0.968517 3.09171E-08   15.8226
       0.969827 3.14369E-08   16.0885
       0.971139 1.58758E-07   81.2480
       0.972452 1.97438E-07  101.0432
       0.973768 2.75144E-07  140.8114
       0.975085 1.49276E-07   76.3953
       0.976404 8.88347E-08   45.4632
       0.977724 2.06803E-07  105.8362
       0.979047 2.77458E-07  141.9953
       0.980371 1.89268E-07   96.8620
       0.981697 1.94991E-07   99.7912
       0.983025 4.11584E-07  210.6378
       0.984354 1.68613E-07   86.2918
       0.985686 3.65239E-07  186.9193
       0.987019 2.35199E-07  120.3687
       0.988354 3.07281E-07  157.2582
       0.989691 5.65354E-07  289.3331
       0.991029 5.54216E-07  283.6330
       0.992370 5.36151E-07  274.3874
       0.993712 4.81140E-07  246.2347
       0.995056 5.14797E-07  263.4592
       0.996402 6.98982E-07  357.7200
       0.997750 6.55781E-07  335.6109
       0.999099 6.62054E-07  338.8214
       1.000451 7.26366E-07  371.7346
       1.001804 6.24964E-07  319.8400
       1.003159 6.23883E-07  319.2865
       1.004516 7.70291E-07  394.2140
       1.005874 8.52010E-07  436.0358
       1.007235 8.49064E-07  434.5281
       1.008597 9.37053E-07  479.5584
       1.009961 1.02433E-06  524.2235
       1.011327 1.00558E-06  514.6312
       1.012695 1.18081E-06  604.3060
       1.014065 1.41621E-06  724.7791
       1.015437 1.44113E-06  737.5316
       1.016810 1.48785E-06  761.4400
       1.018185 1.44247E-06  738.2171
       1.019563 1.60513E-06  821.4642
       1.020942 1.63035E-06  834.3685
       1.022323 1.53777E-06  786.9881
       1.023705 1.49809E-06  766.6838
       1.025090 1.22506E-06  626.9527
       1.026476 1.42408E-06  728.8076
       1.027865 1.41465E-06  723.9809
       1.029255 1.67121E-06  855.2804
       1.030647 1.14047E-06  583.6630
       1.032041 2.08069E-06 1064.8425
       1.033437 2.17489E-06 1113.0517
       1.034835 2.13640E-06 1093.3538
       1.036235 2.04425E-06 1046.1900
       1.037636 2.33032E-06 1192.5965
       1.039040 2.25419E-06 1153.6328
       1.040445 2.25111E-06 1152.0590
       1.041852 2.49683E-06 1277.8109
       1.043262 2.32642E-06 1190.5981
       1.044673 2.34290E-06 1199.0349
       1.046086 2.48840E-06 1273.4972
       1.047501 2.59127E-06 1326.1448
       1.048917 2.36690E-06 1211.3163
       1.050336 2.07054E-06 1059.6486
       1.051757 2.63050E-06 1346.2190
       1.053179 2.46636E-06 1262.2168
       1.054604 2.77267E-06 1418.9783
       1.056030 2.94949E-06 1509.4700
       1.057459 2.72177E-06 1392.9283
       1.058889 2.99672E-06 1533.6425
       1.060321 2.94953E-06 1509.4904
       1.061755 2.94651E-06 1507.9438
       1.063191 2.92631E-06 1497.6081
       1.064629 2.85912E-06 1463.2217
       1.066069 2.97014E-06 1520.0404
       1.067511 3.03702E-06 1554.2672
       1.068955 2.91155E-06 1490.0529
       1.070401 2.56754E-06 1313.9976
       1.071849 2.55493E-06 1307.5428
       1.073299 3.02176E-06 1546.4580
       1.074750 3.27291E-06 1674.9854
       1.076204 3.04737E-06 1559.5616
       1.077660 2.72342E-06 1393.7710
       1.079117 3.07844E-06 1575.4647
       1.080577 3.28468E-06 1681.0102
       1.082038 2.93608E-06 1502.6073
       1.083502 3.36960E-06 1724.4724
       1.084967 3.15355E-06 1613.9027
       1.086435 2.83534E-06 1451.0487
       1.087904 3.04651E-06 1559.1242
       1.089376 1.77251E-06  907.1209
       1.090849 1.41586E-06  724.5988
       1.092325 1.26025E-06  644.9639
       1.093802 1.26182E-06  645.7644
       1.095282 7.17887E-07  367.3951
       1.096763 1.64556E-06  842.1558
       1.098247 1.05103E-06  537.8901
       1.099732 4.83968E-07  247.6818
       1.101219 4.70509E-08   24.0794
       1.102709 1.08879E-07   55.7214
       1.104200 6.60195E-08   33.7870
       1.105694 1.08257E-08    5.5403
       1.107189 3.62506E-08   18.5521
       1.108687 8.10997E-07  415.0467
       1.110187 7.04406E-08   36.0496
       1.111688 1.17476E-07   60.1213
       1.113192 1.42027E-08    7.2686
       1.114697 7.89776E-08   40.4186
       1.116205 2.25965E-09    1.1564
       1.117715 1.58045E-07   80.8830
       1.119227 3.20370E-08   16.3957
       1.120741 5.89313E-09    3.0159
       1.122256 2.00740E-09    1.0273
       1.123774 5.92474E-08   30.3212
       1.125294 3.44059E-08   17.6080
       1.126816 2.06727E-08   10.5798
       1.128341 3.73951E-08   19.1378
       1.129867 5.61245E-08   28.7230
       1.131395 6.39135E-08   32.7092
       1.132925 5.05860E-09    2.5889
       1.134458 6.81646E-10    0.3488
       1.135992 2.20329E-08   11.2758
       1.137528 2.21708E-07  113.4644
       1.139067 1.19137E-07   60.9712
       1.140608 4.77964E-08   24.4609
       1.142150 6.53503E-08   33.4445
       1.143695 7.53421E-08   38.5581
       1.145242 1.60846E-07   82.3166
       1.146791 2.62209E-07  134.1915
       1.148342 1.88150E-07   96.2902
       1.149896 4.48881E-08   22.9725
       1.151451 6.84796E-09    3.5046
       1.153008 6.44981E-10    0.3301
       1.154568 3.29331E-09    1.6854
       1.156130 4.91085E-09    2.5132
       1.157693 2.29858E-08   11.7635
       1.159259 3.22889E-09    1.6525
       1.160827 4.94409E-09    2.5303
       1.162397 3.00247E-08   15.3658
       1.163969 1.21354E-08    6.2105
       1.165544 1.14618E-07   58.6584
       1.167120 9.28857E-08   47.5364
       1.168699 9.62842E-08   49.2757
       1.170280 3.42207E-08   17.5132
       1.171863 4.90925E-08   25.1242
       1.173448 1.53886E-07   78.7546
       1.175035 1.22491E-07   62.6876
       1.176624 4.03112E-07  206.3018
       1.178215 2.97729E-07  152.3698
       1.179809 5.45381E-07  279.1114
       1.181405 2.94552E-07  150.7438
       1.183003 6.80702E-07  348.3648
       1.184603 1.32451E-06  677.8505
       1.186205 5.98019E-07  306.0502
       1.187810 7.68782E-07  393.4421
       1.189416 5.42345E-07  277.5577
       1.191025 7.39487E-07  378.4498
       1.192636 1.72358E-06  882.0837
       1.194249 1.78190E-06  911.9310
       1.195864 1.52311E-06  779.4892
       1.197482 1.61215E-06  825.0557
       1.199102 2.06643E-06 1057.5448
       1.200723 2.47942E-06 1268.9026
       1.202347 2.08902E-06 1069.1022
       1.203974 1.63983E-06  839.2227
       1.205602 2.60857E-06 1334.9952
       1.207233 2.22086E-06 1136.5769
       1.208866 2.23330E-06 1142.9428
       1.210501 2.43115E-06 1244.1974
       1.212138 1.86712E-06  955.5403
       1.213778 2.27585E-06 1164.7207
       1.215419 3.38451E-06 1732.0988
       1.217063 3.39570E-06 1737.8290
       1.218709 3.31583E-06 1696.9533
       1.220358 3.67172E-06 1879.0852
       1.222008 3.84247E-06 1966.4727
       1.223661 4.33010E-06 2216.0277
       1.225316 4.33844E-06 2220.2968
       1.226974 4.92049E-06 2518.1730
       1.228633 5.47961E-06 2804.3193
       1.230295 4.99513E-06 2556.3717
       1.231959 4.88198E-06 2498.4660
       1.233625 4.69292E-06 2401.7123
       1.235294 5.82604E-06 2981.6125
       1.236965 5.32471E-06 2725.0448
       1.238638 6.49854E-06 3325.7782
       1.240313 6.18081E-06 3163.1738
       1.241991 5.69168E-06 2912.8491
       1.243671 5.16635E-06 2644.0012
       1.245353 7.00444E-06 3584.6863
       1.247037 7.06458E-06 3615.4599
       1.248724 6.12452E-06 3134.3639
       1.250413 7.82525E-06 4004.7536
       1.252104 3.11469E-06 1594.0123
       1.253798 6.31592E-06 3232.3168
       1.255494 8.10957E-06 4150.2580
       1.257192 8.61459E-06 4408.7172
       1.258892 7.58148E-06 3879.9972
       1.260595 8.23582E-06 4214.8727
       1.262300 5.72946E-06 2932.1861
       1.264007 7.46516E-06 3820.4689
       1.265717 5.72735E-06 2931.1050
       1.267429 7.36054E-06 3766.9272
       1.269143 7.15789E-06 3663.2136
       1.270860 5.92973E-06 3034.6754
       1.272579 4.94255E-06 2529.4637
       1.274300 6.57524E-06 3365.0320
       1.276024 6.98915E-06 3576.8597
       1.277750 7.83884E-06 4011.7053
       1.279478 4.90650E-06 2511.0165
       1.281208 4.56339E-06 2335.4195
       1.282941 4.83614E-06 2475.0045
       1.284677 6.29463E-06 3221.4233
       1.286414 6.25353E-06 3200.3873
       1.288154 3.59316E-06 1838.8845
       1.289897 3.16102E-06 1617.7247
       1.291641 2.80691E-06 1436.5022
       1.293388 2.39197E-06 1224.1449
       1.295138 3.10022E-06 1586.6092
       1.296889 4.54795E-06 2327.5163
       1.298644 4.51970E-06 2313.0619
       1.300400 2.39961E-06 1228.0570
       1.302159 1.97603E-06 1011.2816
       1.303920 2.26399E-06 1158.6479
       1.305684 2.49982E-06 1279.3397
       1.307450 1.03290E-06  528.6126
       1.309218 3.74829E-06 1918.2729
       1.310989 2.18712E-06 1119.3083
       1.312762 9.55424E-07  488.9605
       1.314538 2.27874E-06 1166.1973
       1.316316 3.13950E-06 1606.7099
       1.318096 3.30370E-06 1690.7447
       1.319879 5.09917E-06 2609.6195
       1.321664 1.54885E-06  792.6591
       1.323452 5.20106E-07  266.1763
       1.325242 1.09093E-06  558.3081
       1.327035 5.11556E-07  261.8008
       1.328829 9.50218E-07  486.2960
       1.330627 1.73061E-07   88.5681
       1.332427 2.67694E-08   13.6998
       1.334229 1.61547E-07   82.6755
       1.336033 1.70735E-08    8.7378
       1.337840 1.21774E-08    6.2321
       1.339650 1.37362E-09    0.7030
       1.341462 7.27148E-10    0.3721
       1.343276 1.68857E-09    0.8642
       1.345093 7.56739E-09    3.8728
       1.346913 1.34142E-08    6.8650
       1.348734 1.35343E-09    0.6926
       1.350559 1.53256E-09    0.7843
       1.352385 1.60349E-10    0.0821
       1.354215 4.40816E-12    0.0023
       1.356046 1.03151E-09    0.5279
       1.357880 3.50421E-10    0.1793
       1.359717 1.76923E-10    0.0905
       1.361556 7.16581E-12    0.0037
       1.363398 2.44419E-11    0.0125
       1.365242 9.39714E-10    0.4809
       1.367088 1.81936E-10    0.0931
       1.368938 2.98194E-11    0.0153
       1.370789 3.15327E-10    0.1614
       1.372643 1.39044E-09    0.7116
       1.374500 6.95174E-09    3.5577
       1.376359 1.31872E-08    6.7489
       1.378221 1.51013E-08    7.7285
       1.380085 5.85712E-09    2.9975
       1.381951 5.28616E-11    0.0271
       1.383821 7.97431E-12    0.0041
       1.385692 3.38058E-11    0.0173
       1.387566 8.37961E-10    0.4288
       1.389443 2.14631E-10    0.1098
       1.391323 1.36111E-10    0.0697
       1.393204 2.45872E-11    0.0126
       1.395089 4.87373E-10    0.2494
       1.396976 2.08378E-11    0.0107
       1.398865 8.05573E-10    0.4123
       1.400757 2.25955E-11    0.0116
       1.402652 8.89301E-09    4.5512
       1.404549 4.25729E-10    0.2179
       1.406449 2.41384E-08   12.3534
       1.408351 5.11147E-09    2.6159
       1.410256 8.78019E-10    0.4493
       1.412164 9.07730E-11    0.0465
       1.414074 1.13960E-11    0.0058
       1.415986 1.76108E-08    9.0127
       1.417902 3.20743E-09    1.6415
       1.419819 4.16096E-10    0.2129
       1.421740 3.87961E-09    1.9855
       1.423663 6.12435E-11    0.0313
       1.425588 7.91888E-10    0.4053
       1.427517 2.01256E-09    1.0300
       1.429447 7.37268E-09    3.7731
       1.431381 1.33312E-09    0.6823
       1.433317 3.01434E-10    0.1543
       1.435256 1.51951E-08    7.7764
       1.437197 3.32233E-09    1.7003
       1.439141 4.32562E-10    0.2214
       1.441087 3.14419E-09    1.6091
       1.443036 2.90128E-08   14.8480
       1.444988 3.31734E-09    1.6977
       1.446943 2.47873E-08   12.6855
       1.448900 5.21940E-08   26.7115
       1.450860 1.54958E-07   79.3033
       1.452822 1.32695E-07   67.9097
       1.454787 4.65695E-08   23.8330
       1.456755 5.42392E-08   27.7581
       1.458725 1.87928E-07   96.1764
       1.460698 1.09155E-07   55.8625
       1.462674 9.34287E-08   47.8143
       1.464652 2.49253E-07  127.5610
       1.466633 1.33679E-07   68.4134
       1.468617 4.22076E-08   21.6007
       1.470603 4.98867E-08   25.5307
       1.472592 8.98026E-08   45.9586
       1.474584 4.05612E-08   20.7582
       1.476579 5.56457E-08   28.4780
       1.478576 3.01626E-08   15.4364
       1.480576 4.19503E-08   21.4690
       1.482578 1.08090E-07   55.3175
       1.484584 2.84872E-07  145.7897
       1.486592 2.36691E-07  121.1320
       1.488602 2.49475E-07  127.6743
       1.490616 2.59573E-07  132.8426
       1.492632 1.82448E-07   93.3722
       1.494651 2.81025E-07  143.8209
       1.496672 4.32314E-08   22.1246
       1.498697 2.63337E-07  134.7688
       1.500724 5.29703E-08   27.1088
       1.502754 5.71843E-07  292.6537
       1.504786 4.20378E-07  215.1380
       1.506822 2.27549E-07  116.4533
       1.508860 4.19805E-07  214.8449
       1.510901 3.30886E-07  169.3384
       1.512944 3.43392E-07  175.7386
       1.514990 9.07132E-07  464.2459
       1.517040 5.48807E-07  280.8649
       1.519092 1.07696E-06  551.1599
       1.521146 7.63437E-07  390.7066
       1.523204 1.81280E-06  927.7429
       1.525264 1.69411E-06  866.9975
       1.527327 1.29854E-06  664.5579
       1.529393 1.41844E-06  725.9192
       1.531461 1.22413E-06  626.4767
       1.533533 2.14000E-06 1095.1923
       1.535607 1.18326E-06  605.5611
       1.537684 2.16937E-06 1110.2271
       1.539764 2.60704E-06 1334.2121
       1.541846 2.11966E-06 1084.7839
       1.543932 2.32868E-06 1191.7570
       1.546020 3.25781E-06 1667.2606
       1.548111 2.82071E-06 1443.5639
       1.550205 2.75659E-06 1410.7471
       1.552302 3.54775E-06 1815.6445
       1.554402 3.67704E-06 1881.8088
       1.556504 2.83912E-06 1452.9876
       1.558609 3.04743E-06 1559.5905
       1.560717 3.56765E-06 1825.8287
       1.562828 3.66978E-06 1878.0950
       1.564942 5.03399E-06 2576.2620
       1.567059 5.52066E-06 2825.3239
       1.569179 5.55608E-06 2843.4509
       1.571301 5.76543E-06 2950.5943
       1.573426 3.99465E-06 2044.3569
       1.575554 4.37667E-06 2239.8597
       1.577685 4.81985E-06 2466.6723
       1.579819 1.38233E-06  707.4376
       1.581956 5.21674E-06 2669.7864
       1.584096 6.54365E-06 3348.8620
       1.586239 6.92328E-06 3543.1499
       1.588384 6.85865E-06 3510.0740
       1.590532 6.29656E-06 3222.4122
       1.592684 5.56989E-06 2850.5207
       1.594838 6.13365E-06 3139.0366
       1.596995 3.36555E-06 1722.3961
       1.599155 5.04026E-06 2579.4692
       1.601318 3.19978E-06 1637.5604
       1.603484 4.24379E-06 2171.8598
       1.605653 3.58958E-06 1837.0510
       1.607825 4.14608E-06 2121.8521
       1.609999 3.68868E-06 1887.7654
       1.612177 3.79307E-06 1941.1896
       1.614357 2.53267E-06 1296.1517
       1.616541 2.62121E-06 1341.4634
       1.618727 2.32601E-06 1190.3884
       1.620917 1.48700E-06  761.0052
       1.623109 1.59440E-06  815.9715
       1.625305 7.14464E-07  365.6435
       1.627503 1.33034E-06  680.8317
       1.629704 3.71125E-07  189.9317
       1.631909 4.29689E-07  219.9034
       1.634116 3.78331E-07  193.6196
       1.636326 2.66150E-06 1362.0849
       1.638539 4.77864E-06 2445.5819
       1.640756 4.00156E-06 2047.8933
       1.642975 3.90674E-06 1999.3665
       1.645197 3.28010E-06 1678.6683
       1.647422 1.03784E-06  531.1365
       1.649651 1.81426E-07   92.8488
       1.651882 1.35150E-06  691.6638
       1.654116 2.64100E-06 1351.5908
       1.656354 1.80186E-06  922.1461
       1.658594 2.77077E-06 1418.0056
       1.660837 2.24034E-06 1146.5436
       1.663084 1.81106E-06  926.8519
       1.665333 5.25197E-07  268.7817
       1.667586 2.49755E-08   12.7818
       1.669841 2.04664E-07  104.7418
       1.672100 7.09859E-07  363.2868
       1.674361 2.01723E-06 1032.3661
       1.676626 1.34889E-06  690.3233
       1.678894 7.27829E-07  372.4831
       1.681165 3.39603E-07  173.7997
       1.683438 1.27677E-06  653.4174
       1.685715 8.10247E-07  414.6627
       1.687995 2.54815E-07  130.4075
       1.690279 6.84751E-07  350.4373
       1.692565 4.64070E-07  237.4985
       1.694854 2.90323E-07  148.5795
       1.697147 2.45678E-08   12.5731
       1.699442 2.13648E-07  109.3393
       1.701741 4.33382E-07  221.7935
       1.704042 2.36404E-08   12.0985
       1.706347 4.69140E-07  240.0933
       1.708655 6.70642E-07  343.2167
       1.710966 1.39255E-07   71.2668
       1.713280 8.53220E-07  436.6549
       1.715598 6.67021E-07  341.3635
       1.717918 5.68495E-07  290.9402
       1.720242 1.74259E-06  891.8090
       1.722569 9.41121E-07  481.6403
       1.724899 9.34251E-07  478.1247
       1.727232 6.90037E-07  353.1425
       1.729568 9.81856E-07  502.4874
       1.731907 5.50912E-07  281.9418
       1.734250 6.57065E-07  336.2682
       1.736595 4.77077E-07  244.1554
       1.738944 6.67893E-07  341.8095
       1.741296 7.61258E-07  389.5916
       1.743651 6.88346E-07  352.2768
       1.746010 5.00914E-07  256.3544
       1.748371 5.54966E-07  284.0166
       1.750736 5.86833E-07  300.3255
       1.753104 2.77186E-07  141.8563
       1.755475 2.89513E-07  148.1648
       1.757850 7.67968E-07  393.0255
       1.760228 7.65146E-07  391.5813
       1.762608 7.19054E-07  367.9927
       1.764992 4.95518E-07  253.5928
       1.767380 3.47031E-07  177.6012
       1.769770 3.71616E-07  190.1832
       1.772164 1.42134E-07   72.7406
       1.774561 1.00920E-07   51.6483
       1.776961 3.67888E-08   18.8275
       1.779365 3.53122E-08   18.0718
       1.781771 4.54855E-08   23.2782
       1.784181 1.82622E-07   93.4612
       1.786594 1.29178E-08    6.6110
       1.789011 3.45404E-08   17.6769
       1.791431 2.77369E-08   14.1950
       1.793854 1.25272E-07   64.1111
       1.796280 1.75125E-08    8.9624
       1.798710 4.64450E-07  237.6931
       1.801143 2.33179E-09    1.1933
       1.803579 2.63082E-08   13.4638
       1.806018 6.71483E-10    0.3436
       1.808461 3.65076E-09    1.8684
       1.810907 6.13930E-10    0.3142
       1.813356 3.27742E-07  167.7294
       1.815809 2.61435E-10    0.1338
       1.818265 1.78717E-09    0.9146
       1.820724 3.99813E-10    0.2046
       1.823187 1.37212E-06  702.2152
       1.825653 1.70744E-10    0.0874
       1.828122 5.45831E-10    0.2793
       1.830595 1.52890E-10    0.0782
       1.833071 3.47736E-08   17.7962
       1.835550 3.37268E-10    0.1726
       1.838033 4.30690E-08   22.0416
       1.840519 5.47398E-09    2.8014
       1.843009 1.05772E-08    5.4131
       1.845501 2.95028E-08   15.0988
       1.847998 4.16932E-09    2.1337
       1.850497 7.32407E-08   37.4826
       1.853000 2.87496E-09    1.4713
       1.855506 1.86211E-10    0.0953
       1.858016 2.42524E-08   12.4117
       1.860529 4.03337E-08   20.6417
       1.863046 2.10099E-09    1.0752
       1.865566 1.24428E-09    0.6368
       1.868089 2.56302E-09    1.3117
       1.870616 1.69845E-09    0.8692
       1.873146 2.93145E-08   15.0024
       1.875679 2.12552E-08   10.8778
       1.878216 1.21715E-08    6.2291
       1.880757 4.89417E-07  250.4703
       1.883301 2.64690E-07  135.4611
       1.885848 1.15496E-07   59.1076
       1.888399 9.51103E-08   48.6749
       1.890953 5.46934E-09    2.7991
       1.893511 2.38656E-07  122.1378
       1.896072 2.44119E-07  124.9333
       1.898636 3.24640E-09    1.6614
       1.901204 1.00821E-09    0.5160
       1.903776 2.35080E-10    0.1203
       1.906351 3.97586E-10    0.2035
       1.908929 2.04884E-08   10.4854
       1.911511 8.97323E-10    0.4592
       1.914097 1.95061E-10    0.0998
       1.916686 1.04993E-09    0.5373
       1.919278 1.05477E-09    0.5398
       1.921874 6.12503E-08   31.3462
       1.924473 6.45587E-10    0.3304
       1.927076 2.34003E-09    1.1976
       1.929683 9.48928E-09    4.8564
       1.932293 1.16644E-08    5.9695
       1.934907 2.26310E-08   11.5819
       1.937524 9.06558E-09    4.6395
       1.940144 1.37358E-08    7.0296
       1.942768 1.04500E-08    5.3480
       1.945396 4.65312E-08   23.8134
       1.948028 1.25889E-08    6.4427
       1.950662 2.22845E-07  114.0459
       1.953301 1.03775E-08    5.3109
       1.955943 1.77620E-08    9.0901
       1.958588 7.72729E-08   39.5462
       1.961237 2.70909E-08   13.8644
       1.963890 7.12694E-08   36.4738
       1.966546 6.68776E-08   34.2262
       1.969206 2.72923E-07  139.6748
       1.971870 4.61303E-07  236.0827
       1.974537 1.55426E-07   79.5429
       1.977208 1.56378E-07   80.0298
       1.979882 2.66914E-07  136.5994
       1.982560 4.60529E-07  235.6863
       1.985241 7.17384E-07  367.1379
       1.987927 4.35044E-07  222.6439
       1.990615 1.90516E-07   97.5011
       1.993308 4.21519E-07  215.7222
       1.996004 7.24686E-07  370.8748
       1.998704 3.70110E-07  189.4121
       2.001407 4.61065E-07  235.9607
       2.004114 1.07560E-06  550.4616
       2.006825 1.03974E-06  532.1116
       2.009539 1.22211E-06  625.4429
       2.012257 3.00645E-06 1538.6188
       2.014979 1.43958E-06  736.7405
       2.017704 6.66279E-07  340.9839
       2.020433 9.49049E-07  485.6980
       2.023166 1.10739E-06  566.7337
       2.025903 3.07297E-07  157.2662
       2.028643 2.19434E-06 1123.0020
       2.031387 2.88037E-06 1474.0949
       2.034134 2.30816E-06 1181.2536
       2.036886 1.12687E-06  576.6999
       2.039641 3.27278E-06 1674.9185
       2.042399 5.25179E-06 2687.7227
       2.045162 4.50537E-06 2305.7286
       2.047928 7.67164E-06 3926.1394
       2.050698 6.77039E-06 3464.9022
       2.053472 4.13214E-06 2114.7169
       2.056249 2.02081E-06 1034.1955
       2.059031 7.11441E-06 3640.9634
       2.061816 5.80286E-06 2969.7456
       2.064604 8.08743E-06 4138.9316
       2.067397 7.00976E-06 3587.4051
       2.070193 8.06983E-06 4129.9223
       2.072993 8.10845E-06 4149.6850
       2.075797 6.41252E-06 3281.7536
       2.078605 7.69690E-06 3939.0664
       2.081416 7.82102E-06 4002.5865
       2.084231 7.40380E-06 3789.0651
       2.087050 7.29812E-06 3734.9840
       2.089873 8.04590E-06 4117.6747
       2.092700 6.93609E-06 3549.7021
       2.095531 7.03247E-06 3599.0310
       2.098365 7.05869E-06 3612.4455
       2.101203 6.61406E-06 3384.9003
       2.104045 6.62733E-06 3391.6884
       2.106891 5.69591E-06 2915.0154
       2.109741 5.78464E-06 2960.4238
       2.112594 6.51051E-06 3331.9059
       2.115452 5.23589E-06 2679.5885
       2.118313 4.77389E-06 2443.1468
       2.121178 4.61133E-06 2359.9531
       2.124047 4.46887E-06 2287.0476
       2.126920 5.11238E-06 2616.3772
       2.129797 4.35158E-06 2227.0221
       2.132678 4.94506E-06 2530.7514
       2.135562 4.79881E-06 2455.9008
       2.138451 3.09402E-06 1583.4373
       2.141343 4.22413E-06 2161.7947
       2.144240 2.31425E-06 1184.3735
       2.147140 2.68890E-06 1376.1064
       2.150044 2.48067E-06 1269.5384
       2.152952 1.54544E-06  790.9164
       2.155864 2.35910E-06 1207.3237
       2.158780 3.29335E-06 1685.4483
       2.161700 9.60667E-07  491.6437
       2.164624 2.45276E-06 1255.2580
       2.167552 9.83534E-07  503.3465
       2.170483 2.56885E-06 1314.6695
       2.173419 1.84118E-06  942.2660
       2.176359 2.88163E-06 1474.7414
       2.179302 1.96111E-06 1003.6412
       2.182250 1.89797E-06  971.3295
       2.185202 1.54645E-06  791.4309
       2.188157 1.32547E-06  678.3392
       2.191117 1.35633E-06  694.1311
       2.194081 4.78659E-07  244.9648
       2.197048 2.21141E-07  113.1740
       2.200020 6.78147E-08   34.7057
       2.202996 1.23685E-07   63.2987
       2.205975 1.53444E-07   78.5287
       2.208959 2.52998E-07  129.4774
       2.211947 2.79347E-07  142.9625
       2.214939 2.84055E-07  145.3718
       2.217935 1.94959E-07   99.7747
       2.220934 1.49235E-07   76.3747
       2.223938 1.96601E-07  100.6153
       2.226946 1.48138E-07   75.8130
       2.229959 8.38850E-08   42.9301
       2.232975 6.72187E-08   34.4007
       2.235995 6.69310E-08   34.2535
       2.239019 6.39867E-08   32.7467
       2.242048 4.51976E-08   23.1309
       2.245080 3.22122E-09    1.6485
       2.248117 4.53615E-09    2.3215
       2.251158 4.98780E-08   25.5262
       2.254203 4.24517E-08   21.7257
       2.257251 6.26893E-08   32.0827
       2.260305 7.51730E-08   38.4715
       2.263362 4.11417E-08   21.0552
       2.266423 3.81839E-08   19.5415
       2.269489 3.07273E-08   15.7254
       2.272558 5.49663E-08   28.1303
       2.275632 7.17850E-08   36.7376
       2.278710 6.32320E-08   32.3604
       2.281792 3.94850E-08   20.2074
       2.284878 5.22998E-08   26.7656
       2.287969 4.09137E-08   20.9385
       2.291064 2.56174E-08   13.1103
       2.294162 4.60400E-08   23.5621
       2.297265 4.38948E-08   22.4642
       2.300373 3.30481E-08   16.9132
       2.303484 6.46135E-09    3.3067
       2.306600 1.39030E-07   71.1518
       2.309719 2.35472E-07  120.5080
       2.312844 4.16678E-07  213.2448
       2.315972 3.18436E-08   16.2967
       2.319104 1.37821E-08    7.0533
       2.322241 3.96929E-08   20.3137
       2.325382 5.09844E-08   26.0925
       2.328527 3.46065E-08   17.7107
       2.331677 4.13963E-08   21.1855
       2.334831 3.48722E-08   17.8467
       2.337989 2.80416E-08   14.3509
       2.341151 3.25944E-08   16.6810
       2.344317 1.57701E-08    8.0707
       2.347488 1.41165E-08    7.2244
       2.350663 1.51577E-08    7.7573
       2.353843 6.08495E-08   31.1411
       2.357027 4.28464E-08   21.9276
       2.360215 6.29374E-08   32.2097
       2.363407 9.22012E-08   47.1861
       2.366604 5.07262E-08   25.9603
       2.369805 6.70376E-09    3.4308
       2.373010 1.24307E-08    6.3617
       2.376220 2.39090E-08   12.2360
       2.379434 3.84506E-08   19.6780
       2.382652 5.15193E-08   26.3662
       2.385875 7.98000E-08   40.8395
       2.389102 6.26439E-08   32.0594
       2.392333 4.79873E-08   24.5586
       2.395569 5.47096E-08   27.9989
       2.398809 7.69898E-08   39.4013
       2.402054 7.73140E-08   39.5672
       2.405303 5.74822E-08   29.4178
       2.408556 1.26594E-07   64.7876
       2.411814 2.33582E-07  119.5408
       2.415076 1.59147E-07   81.4471
       2.418343 2.08650E-07  106.7813
       2.421614 3.78496E-07  193.7042
       2.424889 1.39371E-07   71.3262
       2.428169 1.72630E-07   88.3475
       2.431453 5.08199E-07  260.0825
       2.434742 4.27368E-07  218.7152
       2.438035 2.99254E-07  153.1504
       2.441333 5.35659E-07  274.1357
       2.444635 4.78931E-07  245.1041
       2.447941 2.19340E-07  112.2523
       2.451252 1.69124E-07   86.5530
       2.454568 4.97258E-07  254.4833
       2.457888 5.38587E-07  275.6346
       2.461212 3.81999E-07  195.4968
       2.464541 1.40433E-06  718.6976
       2.467875 2.63495E-07  134.8499
       2.471213 1.55964E-07   79.8180
       2.474555 2.43905E-07  124.8240
       2.477902 1.33844E-07   68.4977
       2.481254 1.72243E-07   88.1493
       2.484610 2.60698E-07  133.4183
       2.487970 5.85613E-08   29.9701
       2.491335 1.94426E-07   99.5018
       2.494705 2.03706E-07  104.2512
       2.498079 9.95974E-08   50.9713
       2.501458 5.07401E-08   25.9674
       2.504842 1.84778E-08    9.4564
       2.508230 1.18707E-07   60.7512
       2.511622 8.81077E-08   45.0912
       2.515019 3.44103E-08   17.6103
       2.518421 2.35855E-08   12.0704
       2.521827 1.00178E-08    5.1268
       2.525238 1.62371E-08    8.3097
       2.528654 6.32398E-08   32.3644
       2.532074 1.04077E-08    5.3264
       2.535499 3.70810E-08   18.9771
       2.538928 5.06923E-07  259.4296
       2.542362 8.97905E-08   45.9524
       2.545801 4.16322E-09    2.1306
       2.549244 2.42636E-09    1.2417
       2.552693 2.22059E-08   11.3644
       2.556145 2.36784E-07  121.1799
       2.559603 1.54047E-08    7.8837
       2.563065 2.74377E-10    0.1404
       2.566531 1.61788E-09    0.8280
       2.570003 2.39559E-09    1.2260
       2.573479 6.23177E-10    0.3189
       2.576960 1.42693E-08    7.3026
       2.580445 4.50300E-08   23.0451
       2.583935 3.08764E-10    0.1580
       2.587430 2.98725E-09    1.5288
       2.590930 3.41581E-08   17.4812
       2.594434 2.05499E-10    0.1052
       2.597944 1.37496E-08    7.0367
       2.601458 1.13911E-09    0.5830
       2.604976 1.45710E-10    0.0746
       2.608500 2.03083E-09    1.0393
       2.612028 4.35537E-08   22.2896
       2.615561 8.71667E-10    0.4461
       2.619098 5.97900E-08   30.5989
       2.622641 3.14699E-07  161.0544
       2.626188 3.09252E-10    0.1583
       2.629740 1.30013E-10    0.0665
       2.633297 1.64442E-09    0.8416
       2.636859 1.45886E-06  746.6047
       2.640426 1.34966E-08    6.9072
       2.643997 2.95333E-09    1.5114
       2.647573 6.79960E-07  347.9854
       2.651154 3.74054E-09    1.9143
       2.654740 2.04861E-09    1.0484
       2.658331 1.68009E-09    0.8598
       2.661926 1.79827E-08    9.2031
       2.665527 5.37468E-10    0.2751
       2.669132 8.12569E-11    0.0416
       2.672742 1.65153E-09    0.8452
       2.676357 1.35867E-09    0.6953
       2.679977 7.39933E-09    3.7868
       2.683602 5.89266E-09    3.0157
       2.687232 5.53265E-09    2.8315
       2.690867 6.12171E-09    3.1329
       2.694506 3.22505E-09    1.6505
       2.698151 2.30933E-08   11.8185
       2.701800 7.70955E-08   39.4554
       2.705455 7.97454E-08   40.8116
       2.709114 5.52702E-09    2.8286
       2.712778 1.25090E-08    6.4018
       2.716447 4.01927E-08   20.5695
       2.720122 1.17635E-08    6.0203
       2.723801 1.01884E-08    5.2141
       2.727485 4.14135E-08   21.1943
       2.731174 8.93167E-07  457.0990
       2.734868 7.30997E-07  374.1044
       2.738567 2.91237E-08   14.9047
       2.742271 1.39991E-09    0.7164
       2.745980 4.04690E-08   20.7109
       2.749694 4.47032E-08   22.8779
       2.753414 3.75117E-09    1.9197
       2.757138 2.78981E-09    1.4277
       2.760867 1.24896E-07   63.9186
       2.764601 3.71013E-09    1.8987
       2.768341 1.91739E-09    0.9813
       2.772085 1.75440E-09    0.8979
       2.775834 6.33484E-08   32.4200
       2.779589 2.88341E-08   14.7565
       2.783349 1.06377E-08    5.4441
       2.787113 1.20061E-09    0.6144
       2.790883 7.83569E-08   40.1010
       2.794658 7.56583E-08   38.7199
       2.798438 1.22863E-07   62.8778
       2.802223 1.71713E-09    0.8788
       2.806013 2.69232E-08   13.7786
       2.809808 1.67698E-07   85.8233
       2.813609 1.48819E-08    7.6162
       2.817415 8.17197E-09    4.1822
       2.821225 3.95472E-08   20.2392
       2.825041 3.19000E-07  163.2558
       2.828862 2.41393E-06 1235.3860
       2.832689 7.58760E-08   38.8313
       2.836520 1.38944E-08    7.1108
       2.840357 1.15809E-07   59.2680
       2.844198 3.72595E-07  190.6842
       2.848045 4.50749E-08   23.0681
       2.851897 1.89639E-08    9.7052
       2.855755 6.48382E-08   33.1824
       2.859617 1.87185E-07   95.7961
       2.863485 1.96747E-07  100.6900
       2.867358 1.32699E-07   67.9118
       2.871237 7.55076E-08   38.6428
       2.875120 1.05204E-07   53.8408
       2.879009 5.27901E-08   27.0165
       2.882903 5.05989E-08   25.8952
       2.886802 1.23496E-07   63.2018
       2.890707 1.96558E-07  100.5930
       2.894617 4.31022E-07  220.5853
       2.898532 2.06501E-07  105.6817
       2.902453 5.13866E-08   26.2983
       2.906378 1.38758E-07   71.0127
       2.910309 2.43375E-07  124.5530
       2.914246 7.48513E-07  383.0689
       2.918188 4.55101E-07  232.9087
       2.922135 2.66210E-07  136.2391
       2.926087 7.07033E-07  361.8404
       2.930045 4.39260E-07  224.8014
       2.934008 1.95949E-06 1002.8154
       2.937976 8.60963E-07  440.6178
       2.941950 8.22123E-08   42.0740
       2.945929 6.19302E-07  316.9423
       2.949914 1.11160E-06  568.8878
       2.953904 4.73364E-07  242.2549
       2.957899 2.06567E-06 1057.1570
       2.961900 2.30263E-06 1178.4252
       2.965906 1.29121E-06  660.8042
       2.969918 4.19684E-07  214.7828
       2.973935 3.76486E-07  192.6752
       2.977957 3.66253E-07  187.4383
       2.981985 1.62361E-06  830.9213
       2.986018 1.69949E-06  869.7516
       2.990057 2.48134E-06 1269.8810
       2.994102 1.41804E-06  725.7141
       2.998151 3.53635E-07  180.9809
       3.002206 1.67006E-06  854.6941
       3.006267 1.11008E-06  568.1091
       3.010333 1.69872E-06  869.3575
       3.014405 1.81823E-06  930.5212
       3.018482 8.61122E-07  440.6989
       3.022565 1.64415E-06  841.4318
       3.026653 3.02785E-06 1549.5701
       3.030747 1.59109E-06  814.2787
       3.034846 7.61339E-07  389.6330
       3.038951 2.32985E-07  119.2356
       3.043061 3.46379E-07  177.2673
       3.047177 7.38517E-07  377.9534
       3.051299 7.68179E-07  393.1336
       3.055426 1.45542E-06  744.8470
       3.059559 2.70939E-06 1386.5942
       3.063697 1.67641E-06  857.9396
       3.067841 8.57915E-07  439.0580
       3.071990 1.97750E-06 1012.0307
       3.076145 2.49864E-06 1278.7375
       3.080306 1.75899E-06  900.2028
       3.084472 1.96708E-06 1006.7011
       3.088644 1.36757E-06  699.8843
       3.092822 8.53723E-07  436.9125
       3.097005 8.69453E-07  444.9627
       3.101194 1.51318E-06  774.4056
       3.105389 1.00809E-06  515.9138
       3.109589 5.40141E-07  276.4294
       3.113795 1.55518E-06  795.9001
       3.118007 4.94474E-07  253.0585
       3.122224 9.08918E-07  465.1600
       3.126447 2.19885E-07  112.5314
       3.130676 3.82838E-07  195.9262
       3.134910 2.47103E-07  126.4608
       3.139150 1.06565E-06  545.3700
       3.143396 1.21005E-06  619.2706
       3.147648 8.27589E-07  423.5377
       3.151905 9.81398E-07  502.2530
       3.156169 2.44370E-07  125.0622
       3.160437 6.12014E-07  313.2126
       3.164712 3.33789E-08   17.0824
       3.168993 5.19808E-07  266.0239
       3.173279 1.07797E-06  551.6780
       3.177571 3.66466E-07  187.5473
       3.181869 4.69673E-08   24.0366
       3.186173 3.02742E-07  154.9354
       3.190482 5.38689E-08   27.5686
       3.194798 2.15447E-07  110.2600
       3.199119 4.86254E-07  248.8518
       3.203446 2.56518E-07  131.2793
       3.207779 4.02218E-07  205.8441
       3.212117 1.23555E-08    6.3232
       3.216462 2.20932E-07  113.0673
       3.220813 2.70745E-08   13.8560
       3.225169 1.23236E-07   63.0689
       3.229531 1.22576E-08    6.2731
       3.233899 8.35387E-08   42.7528
       3.238273 1.25719E-08    6.4340
       3.242653 5.20167E-08   26.6207
       3.247039 2.47982E-08   12.6911
       3.251431 6.58707E-08   33.7109
       3.255829 4.39489E-07  224.9185
       3.260233 6.86687E-07  351.4280
       3.264642 6.99276E-07  357.8707
       3.269058 6.68619E-07  342.1813
       3.273480 6.59568E-07  337.5493
       3.277907 1.50297E-07   76.9181
       3.282341 8.72886E-08   44.6720
       3.286780 2.48605E-07  127.2294
       3.291226 1.43312E-07   73.3434
       3.295678 6.23264E-07  318.9700
       3.300135 7.59574E-07  388.7293
       3.304599 1.08320E-06  554.3542
       3.309069 1.52633E-07   78.1137
       3.313544 8.53418E-10    0.4368
       3.318026 2.81249E-09    1.4394
       3.322514 1.42345E-08    7.2849
       3.327008 4.64416E-08   23.7676
       3.331508 1.01398E-07   51.8930
       3.336014 6.65112E-08   34.0386
       3.340526 3.09902E-07  158.5997
       3.345045 2.04903E-08   10.4864
       3.349569 1.00268E-06  513.1451
       3.354100 6.05986E-07  310.1274
       3.358636 8.64166E-07  442.2570
       3.363179 1.03945E-06  531.9651
       3.367728 8.38067E-09    4.2890
       3.372283 3.72390E-07  190.5794
       3.376844 9.29924E-07  475.9101
       3.381412 1.38215E-08    7.0735
       3.385985 3.16054E-07  161.7478
       3.390565 9.74766E-09    4.9886
       3.395151 3.61070E-07  184.7859
       3.399743 8.48309E-07  434.1417
       3.404342 5.51143E-08   28.2060
       3.408946 3.67091E-07  187.8674
       3.413557 2.31506E-08   11.8479
       3.418174 3.16936E-07  162.1992
       3.422798 5.34260E-07  273.4197
       3.427427 5.01737E-08   25.6775
       3.432063 2.87959E-07  147.3697
       3.436705 1.15050E-07   58.8794
       3.441353 3.48185E-07  178.1920
       3.446008 7.55181E-07  386.4813
       3.450669 9.87058E-08   50.5150
       3.455336 3.54446E-07  181.3960
       3.460010 5.62006E-07  287.6196
       3.464690 1.49005E-07   76.2565
       3.469376 3.73618E-07  191.2077
       3.474069 3.46301E-07  177.2277
       3.478768 3.02395E-07  154.7577
       3.483473 9.67010E-07  494.8900
       3.488185 4.03785E-07  206.6465
       3.492903 4.52975E-07  231.8202
       3.497627 1.09237E-06  559.0446
       3.502358 4.79210E-07  245.2471
       3.507095 6.96982E-07  356.6969
       3.511839 1.04318E-06  533.8727
       3.516589 7.04727E-07  360.6605
       3.521345 2.03013E-06 1038.9655
       3.526108 1.68149E-06  860.5407
       3.530877 6.50799E-07  333.0616
       3.535653 7.28612E-07  372.8842
       3.540435 6.96908E-07  356.6587
       3.545224 6.77200E-07  346.5727
       3.550019 1.75981E-06  900.6252
       3.554821 1.18516E-06  606.5315
       3.559629 1.55755E-06  797.1131
       3.564443 1.63013E-06  834.2586
       3.569265 1.54946E-06  792.9697
       3.574092 1.62105E-06  829.6106
       3.578926 1.98704E-06 1016.9139
       3.583767 1.14606E-06  586.5249
       3.588615 2.54917E-06 1304.5981
       3.593468 2.44152E-06 1249.5054
       3.598329 2.41344E-06 1235.1363
       3.603196 1.94771E-06  996.7881
       3.608069 1.64194E-06  840.2991
       3.612950 2.66495E-06 1363.8509
       3.617836 3.96155E-06 2027.4125
       3.622730 2.69554E-06 1379.5062
       3.627630 3.72247E-06 1905.0618
       3.632536 4.39535E-06 2249.4245
       3.637450 4.29128E-06 2196.1599
       3.642369 3.39818E-06 1739.0954
       3.647296 2.91606E-06 1492.3602
       3.652229 5.38545E-06 2756.1277
       3.657169 6.99388E-06 3579.2800
       3.662116 6.88410E-06 3523.0975
       3.667069 5.82611E-06 2981.6458
       3.672029 6.03518E-06 3088.6419
       3.676996 6.59746E-06 3376.4040
       3.681969 6.63236E-06 3394.2649
       3.686949 5.04335E-06 2581.0516
       3.691936 5.58745E-06 2859.5062
       3.696930 6.85145E-06 3506.3856
       3.701930 5.89026E-06 3014.4769
       3.706937 4.10124E-06 2098.9066
       3.711951 4.55929E-06 2333.3208
       3.716972 9.13878E-06 4676.9825
       3.721999 7.87936E-06 4032.4452
       3.727033 4.42922E-06 2266.7574
       3.732075 6.48306E-06 3317.8546
       3.737122 8.99672E-06 4604.2814
       3.742177 8.89918E-06 4554.3612
       3.747239 5.57351E-06 2852.3738
       3.752307 9.75637E-06 4993.0482
       3.757382 1.48634E-05 7606.6671
       3.762464 1.01962E-05 5218.1254
       3.767553 9.43970E-06 4830.9850
       3.772649 6.22167E-06 3184.0815
       3.777752 1.00043E-05 5119.9522
       3.782862 4.89322E-06 2504.2194
       3.787978 1.10849E-05 5672.9660
       3.793102 1.07083E-05 5480.2193
       3.798232 9.88764E-06 5060.2289
       3.803370 8.27173E-06 4233.2494
       3.808514 1.44893E-05 7415.2549
       3.813665 1.70901E-05 8746.2336
       3.818824 1.19657E-05 6123.7003
       3.823989 1.33577E-05 6836.1366