# Model: CoolTLusty
# Metallicity: 26.0 x solar
# col 0 - wavelength (microns)
# col 1 - geometric albedo
4.299999999999999933e-01 4.563188652482269014e-01
4.309999999999999942e-01 4.567480851063829839e-01
4.319999999999999951e-01 4.570215547703180281e-01
4.329999999999999960e-01 4.573446560846561315e-01
4.339999999999999969e-01 4.575667135325131585e-01
4.349999999999999978e-01 4.579178947368421349e-01
4.359999999999999987e-01 4.582169176882662232e-01
4.369999999999999996e-01 4.584578359511343737e-01
4.380000000000000004e-01 4.589974956521739591e-01
4.390000000000000013e-01 4.593447652173913154e-01
4.400000000000000022e-01 4.587495667244367303e-01
4.410000000000000031e-01 4.580611072664360073e-01
4.420000000000000040e-01 4.589222068965517209e-01
4.430000000000000049e-01 4.602963793103448387e-01
4.440000000000000058e-01 4.612686597938144284e-01
4.450000000000000067e-01 4.618712328767123343e-01
4.460000000000000075e-01 4.622290410958904139e-01
4.470000000000000084e-01 4.626364102564102243e-01
4.480000000000000093e-01 4.630190800681431296e-01
4.490000000000000102e-01 4.634522241086587724e-01
4.500000000000000111e-01 4.638069609507640134e-01
4.510000000000000120e-01 4.641503553299492491e-01
4.520000000000000129e-01 4.645086677908937811e-01
4.530000000000000138e-01 4.647795615514334067e-01
4.540000000000000147e-01 4.650421848739496045e-01
4.550000000000000155e-01 4.652981909547738715e-01
4.560000000000000164e-01 4.656505192629815659e-01
4.570000000000000173e-01 4.658215025041736457e-01
4.580000000000000182e-01 4.658513000000000237e-01
4.590000000000000191e-01 4.655485524126456442e-01
4.600000000000000200e-01 4.659420895522388695e-01
4.610000000000000209e-01 4.671959933774834650e-01
4.620000000000000218e-01 4.680870082644628116e-01
4.630000000000000226e-01 4.686072817133443147e-01
4.640000000000000235e-01 4.690073026315789706e-01
4.650000000000000244e-01 4.692891954022987977e-01
4.660000000000000253e-01 4.696037970540098416e-01
4.670000000000000262e-01 4.700366394779771917e-01
4.680000000000000271e-01 4.705260358890701600e-01
4.690000000000000280e-01 4.709830894308943416e-01
4.700000000000000289e-01 4.713271219512195076e-01
4.710000000000000298e-01 4.717438834951456217e-01
4.720000000000000306e-01 4.719998705501618486e-01
4.730000000000000315e-01 4.723393548387096463e-01
4.740000000000000324e-01 4.727290032154340960e-01
4.750000000000000333e-01 4.729222471910112247e-01
4.760000000000000342e-01 4.731345425361156432e-01
4.770000000000000351e-01 4.732288960000000100e-01
4.780000000000000360e-01 4.731614696485623162e-01
4.790000000000000369e-01 4.729085668789808627e-01
4.800000000000000377e-01 4.723970747217804966e-01
4.810000000000000386e-01 4.717138095238094797e-01
4.820000000000000395e-01 4.709783544303797753e-01
4.830000000000000404e-01 4.706515639810426310e-01
4.840000000000000413e-01 4.682042271293373470e-01
4.850000000000000422e-01 4.612115905511806613e-01
4.860000000000000431e-01 4.603503610675040991e-01
4.870000000000000440e-01 4.687555242566514568e-01
4.880000000000000449e-01 4.744808450704228187e-01
4.890000000000000457e-01 4.773060218408736732e-01
4.900000000000000466e-01 4.783158878504673028e-01
4.910000000000000475e-01 4.787052484472049674e-01
4.920000000000000484e-01 4.791148136645962952e-01
4.930000000000000493e-01 4.794796290571870512e-01
4.940000000000000502e-01 4.798677588871715360e-01
4.950000000000000511e-01 4.801874576271186745e-01
4.960000000000000520e-01 4.805038769230769446e-01
4.970000000000000528e-01 4.807078341013824585e-01
4.980000000000000537e-01 4.809039816232771880e-01
4.990000000000000546e-01 4.809651987767584180e-01
5.000000000000000000e-01 4.811062900763359296e-01
5.010000000000001119e-01 4.811127245053272161e-01
5.020000000000000018e-01 4.810992705167173589e-01
5.030000000000001137e-01 4.807810925644915856e-01
5.040000000000000036e-01 4.803877458396369482e-01
5.050000000000001155e-01 4.800549167927382066e-01
5.060000000000000053e-01 4.793562292609351849e-01
5.070000000000001172e-01 4.785080722891565386e-01
5.080000000000000071e-01 4.770097297297297700e-01
5.090000000000001190e-01 4.757251574212891798e-01
5.100000000000000089e-01 4.751803892215569203e-01
5.110000000000001208e-01 4.766660597014927836e-01
5.120000000000000107e-01 4.800759463487334067e-01
5.130000000000001226e-01 4.830546428571432793e-01
5.140000000000000124e-01 4.849055786350148223e-01
5.150000000000001243e-01 4.857307851851852543e-01
5.160000000000000142e-01 4.860832200886263110e-01
5.170000000000001261e-01 4.861531757754800620e-01
5.180000000000000160e-01 4.859763235294117245e-01
5.190000000000001279e-01 4.854242352941175453e-01
5.200000000000000178e-01 4.846476358296622489e-01
5.210000000000001297e-01 4.840460907759882025e-01
5.220000000000000195e-01 4.836232163742689716e-01
5.230000000000001315e-01 4.840681049562683413e-01
5.240000000000000213e-01 4.844692711370262583e-01
5.250000000000001332e-01 4.857815116279071144e-01
5.260000000000000231e-01 4.864544557329462671e-01
5.270000000000001350e-01 4.866937192474673490e-01
5.280000000000000249e-01 4.848336994219651919e-01
5.290000000000001368e-01 4.870395100864551297e-01
5.300000000000000266e-01 4.860770605187319515e-01
5.310000000000001386e-01 4.870175574712641287e-01
5.320000000000000284e-01 4.854458249641319667e-01
5.330000000000001403e-01 4.837088252148994960e-01
5.340000000000000302e-01 4.820153714285713709e-01
5.350000000000001421e-01 4.795693580599139638e-01
5.360000000000000320e-01 4.751587464387461712e-01
5.370000000000001439e-01 4.687684090909080559e-01
5.380000000000000338e-01 4.603729178470259975e-01
5.390000000000001457e-01 4.363371104815849111e-01
5.400000000000000355e-01 4.362307909604525302e-01
5.410000000000001474e-01 4.202464598025326126e-01
5.420000000000000373e-01 3.873274084507037918e-01
5.430000000000001492e-01 4.052564044943738342e-01
5.440000000000000391e-01 2.990819354838595290e-01
5.450000000000001510e-01 3.902706722689553986e-01
5.460000000000000409e-01 3.921430167597733663e-01
5.470000000000001528e-01 4.010836541143756873e-01
5.480000000000000426e-01 4.064284005563285618e-01
5.490000000000001545e-01 4.798542141863730848e-01
5.500000000000000444e-01 4.912535367545083353e-01
5.510000000000001563e-01 4.924892797783936293e-01
5.520000000000000462e-01 4.937637016574585869e-01
5.530000000000001581e-01 4.936198896551723392e-01
5.540000000000000480e-01 4.925925068870523060e-01
5.550000000000001599e-01 4.862071526822539513e-01
5.560000000000000497e-01 4.426726474622765806e-01
5.570000000000001616e-01 4.372364931506856900e-01
5.580000000000000515e-01 4.089349110807105059e-01
5.590000000000001634e-01 4.886430874316936013e-01
5.600000000000000533e-01 4.840934059945496415e-01
5.610000000000001652e-01 4.911951836734714250e-01
5.620000000000000551e-01 4.929857259158751948e-01
5.630000000000001670e-01 4.925181029810297151e-01
5.640000000000000568e-01 4.921408108108106805e-01
5.650000000000001688e-01 4.911140540540537835e-01
5.660000000000000586e-01 4.893338005390834300e-01
5.670000000000001705e-01 4.872942473118275775e-01
5.680000000000000604e-01 4.849017741935481851e-01
5.690000000000001723e-01 4.826075436241605843e-01
5.700000000000000622e-01 4.775557697456488948e-01
5.710000000000001741e-01 4.747926737967920197e-01
5.720000000000000639e-01 4.744232533333330726e-01
5.730000000000001759e-01 4.697753928095863007e-01
5.740000000000000657e-01 4.624125531914888843e-01
5.750000000000001776e-01 4.556337931034477595e-01
5.760000000000000675e-01 4.568125827814572548e-01
5.770000000000001794e-01 4.534294444444419425e-01
5.780000000000000693e-01 4.455127873183618026e-01
5.790000000000001812e-01 3.764222105263295148e-01
5.800000000000000711e-01 4.527346842105268721e-01
5.810000000000001830e-01 4.668405256241809353e-01
5.820000000000000728e-01 4.811318741808649491e-01
5.830000000000001847e-01 4.829605235602106861e-01
5.840000000000000746e-01 4.875685117493474552e-01
5.850000000000001865e-01 4.840120626631843059e-01
5.860000000000000764e-01 4.949936197916668390e-01
5.870000000000001883e-01 4.961864239271783772e-01
5.880000000000000782e-01 4.963587029831387776e-01
5.890000000000001901e-01 4.924383937823796353e-01
5.900000000000000799e-01 4.826171021992244903e-01
5.910000000000001918e-01 4.872303875968994058e-01
5.920000000000000817e-01 4.535042010309295324e-01
5.930000000000001936e-01 4.458549806949645977e-01
5.940000000000000835e-01 4.198813881748086341e-01
5.950000000000001954e-01 4.258553846153842470e-01
5.960000000000000853e-01 4.544401023017926589e-01
5.970000000000001972e-01 4.665828644501280875e-01
5.980000000000000870e-01 4.682370114942529526e-01
5.990000000000001990e-01 4.717548535031856893e-01
6.000000000000000888e-01 4.760637357052100449e-01
6.010000000000002007e-01 4.800730876747150155e-01
6.020000000000000906e-01 4.841838022813692022e-01
6.030000000000002025e-01 4.871827848101269454e-01
6.040000000000000924e-01 4.882824242424242400e-01
6.050000000000002043e-01 4.872030769230764613e-01
6.060000000000000941e-01 4.834475914249681816e-01
6.070000000000002061e-01 4.768886180904506888e-01
6.080000000000000959e-01 4.683119196988700383e-01
6.090000000000002078e-01 4.620059649122800205e-01
6.100000000000000977e-01 4.576339674593238871e-01
6.110000000000002096e-01 4.468671910112311241e-01
6.120000000000000995e-01 4.242576059850342585e-01
6.130000000000002114e-01 3.804498132004844879e-01
6.140000000000001013e-01 3.296211194029800007e-01
6.150000000000002132e-01 3.274390570719593607e-01
6.160000000000001030e-01 3.198011895910753966e-01
6.170000000000002149e-01 3.035715698393042228e-01
6.180000000000001048e-01 2.731321878862741359e-01
6.190000000000002167e-01 2.513385960591047463e-01
6.200000000000001066e-01 2.228083990147772531e-01
6.210000000000002185e-01 2.484421867322010313e-01
6.220000000000001084e-01 2.806393865030680779e-01
6.230000000000002203e-01 3.161564705882465853e-01
6.240000000000001101e-01 3.300025916870483189e-01
6.250000000000002220e-01 3.886559951160020732e-01
6.260000000000001119e-01 4.184151219512231568e-01
6.270000000000002238e-01 4.269069914738126692e-01
6.280000000000001137e-01 4.380053462940487474e-01
6.290000000000002256e-01 4.580345454545411421e-01
6.300000000000001155e-01 3.760515151514965959e-01
6.310000000000002274e-01 2.850313180169202210e-01
6.320000000000001172e-01 3.955738164251457745e-01
6.330000000000002292e-01 2.931206031363322584e-01
6.340000000000001190e-01 3.654301564380225131e-01
6.350000000000002309e-01 4.009515966386820729e-01
6.360000000000001208e-01 4.445695078031207670e-01
6.370000000000002327e-01 4.799220863309471286e-01
6.380000000000001226e-01 4.795245878136196738e-01
6.390000000000002345e-01 4.773495704057276745e-01
6.400000000000001243e-01 4.759940811455845022e-01
6.410000000000002363e-01 4.719614999999989235e-01
6.420000000000001261e-01 4.664482758620684955e-01
6.430000000000002380e-01 4.649153024911036880e-01
6.440000000000001279e-01 4.672111137440762008e-01
6.450000000000002398e-01 4.685024142011834369e-01
6.460000000000001297e-01 4.679646989374260935e-01
6.470000000000002416e-01 4.669508854781579399e-01
6.480000000000001315e-01 4.630665176470576405e-01
6.490000000000002434e-01 4.548007999999978956e-01
6.500000000000001332e-01 4.494961267605637190e-01
6.510000000000002451e-01 4.506459484777516344e-01
6.520000000000001350e-01 4.513496721311477389e-01
6.530000000000002469e-01 4.478479766081857050e-01
6.540000000000001368e-01 4.396490909090901567e-01
6.550000000000002487e-01 4.306894761350372192e-01
6.560000000000001386e-01 4.195498837209291065e-01
6.570000000000002505e-01 4.123372125435524338e-01
6.580000000000001403e-01 4.083390719257536938e-01
6.590000000000002522e-01 4.003540672074132334e-01
6.600000000000001421e-01 3.792219630484948700e-01
6.610000000000002540e-01 3.432215011547336547e-01
6.620000000000001439e-01 3.509921428571479707e-01
6.630000000000002558e-01 3.760257997698532861e-01
6.640000000000001457e-01 3.785752643678155227e-01
6.650000000000002576e-01 3.723211021813987998e-01
6.660000000000001474e-01 3.649843577981638498e-01
6.670000000000002593e-01 3.597394050343261651e-01
6.680000000000001492e-01 3.652678310502290304e-01
6.690000000000002611e-01 3.705130444697833925e-01
6.700000000000001510e-01 3.537504783599016989e-01
6.710000000000002629e-01 3.619693515358500258e-01
6.720000000000001528e-01 3.699474999999976532e-01
6.730000000000002647e-01 4.266490476190680781e-01
6.740000000000001545e-01 4.386930011325032575e-01
6.750000000000002665e-01 4.374798192090345039e-01
6.760000000000001563e-01 4.279199098083467656e-01
6.770000000000002682e-01 4.491370236753147172e-01
6.780000000000001581e-01 4.591326126126126783e-01
6.790000000000002700e-01 4.442461573033632538e-01
6.800000000000001599e-01 4.195980695847328912e-01
6.810000000000002718e-01 4.306673318385693672e-01
6.820000000000001616e-01 4.166080536912758481e-01
6.830000000000002736e-01 4.203126256983251152e-01
6.840000000000001634e-01 4.216318171683376970e-01
6.850000000000002753e-01 4.165111358574612455e-01
6.860000000000001652e-01 4.160572413793099944e-01
6.870000000000002771e-01 4.353346888888995903e-01
6.880000000000001670e-01 4.518842841287466494e-01
6.890000000000002789e-01 4.558044961240318438e-01
6.900000000000001688e-01 4.603125442477882245e-01
6.910000000000002807e-01 4.615644591611473557e-01
6.920000000000001705e-01 4.593327673649385545e-01
6.930000000000002824e-01 4.533539427312763825e-01
6.940000000000001723e-01 4.472264395604383935e-01
6.950000000000002842e-01 4.353306037321581501e-01
6.960000000000001741e-01 4.157926315789440275e-01
6.970000000000002860e-01 3.931551150054700683e-01
6.980000000000001759e-01 3.745906229508164098e-01
6.990000000000002878e-01 3.533160437158399114e-01
7.000000000000001776e-01 3.264706870228966662e-01
7.010000000000002895e-01 3.086490533188204211e-01
7.020000000000001794e-01 2.944419761129207225e-01
7.030000000000002913e-01 2.952685466377459877e-01
7.040000000000001812e-01 2.996980477223424866e-01
7.050000000000002931e-01 3.094629189189281870e-01
7.060000000000001830e-01 3.320342702702712701e-01
7.070000000000002949e-01 3.416495464362886425e-01
7.080000000000001847e-01 3.580072844827622003e-01
7.090000000000002967e-01 3.677240473627568229e-01
7.100000000000001865e-01 3.792097849462390258e-01
7.110000000000002984e-01 3.942258216971039619e-01
7.120000000000001883e-01 3.947427224008569491e-01
7.130000000000003002e-01 3.943264453961455862e-01
7.140000000000001901e-01 3.942922649572609406e-01
7.150000000000003020e-01 3.700318976545700078e-01
7.160000000000001918e-01 3.125184648187535608e-01
7.170000000000003038e-01 2.544461702127574498e-01
7.180000000000001936e-01 2.226238216560433025e-01
7.190000000000003055e-01 1.911911252653852034e-01
7.200000000000001954e-01 1.586432203389736562e-01
7.210000000000003073e-01 1.290546243386223868e-01
7.220000000000001972e-01 1.134388794925957206e-01
7.230000000000003091e-01 1.202307708553418120e-01
7.240000000000001990e-01 1.145772181243360915e-01
7.250000000000003109e-01 9.239702845099555251e-02
7.260000000000002007e-01 8.930096638655533881e-02
7.270000000000003126e-01 8.663432773109101814e-02
7.280000000000002025e-01 7.731647798741946020e-02
7.290000000000003144e-01 9.220000000000551366e-02
7.300000000000002043e-01 1.106826959247682873e-01
7.310000000000003162e-01 1.187916196447253991e-01
7.320000000000002061e-01 1.304679999999969475e-01
7.330000000000003180e-01 1.153154838709669616e-01
7.340000000000002078e-01 1.157539148494347581e-01
7.350000000000003197e-01 1.310411618257119326e-01
7.360000000000002096e-01 9.117950207468618340e-02
7.370000000000003215e-01 1.114430403309707995e-01
7.380000000000002114e-01 2.232175387797372124e-01
7.390000000000003233e-01 2.646474303405770279e-01
7.400000000000002132e-01 3.112568659793796266e-01
7.410000000000003251e-01 3.297252523172239380e-01
7.420000000000002149e-01 3.844035149023683484e-01
7.430000000000003268e-01 4.098462898252915876e-01
7.440000000000002167e-01 4.333396923076958118e-01
7.450000000000003286e-01 4.422128761514842465e-01
7.460000000000002185e-01 4.403551893551678753e-01
7.470000000000003304e-01 4.415501123595527155e-01
7.480000000000002203e-01 4.457690112130482385e-01
7.490000000000003322e-01 4.455699082568801428e-01
7.500000000000002220e-01 4.446128585961343083e-01
7.510000000000003340e-01 4.439492073170728248e-01
7.520000000000002238e-01 4.414402639593901223e-01
7.530000000000003357e-01 4.381175481256321946e-01
7.540000000000002256e-01 4.365089473684209409e-01
7.550000000000003375e-01 4.343020222446904444e-01
7.560000000000002274e-01 3.932702926336864024e-01
7.570000000000003393e-01 4.045515725806622664e-01
7.580000000000002292e-01 4.065227190332266760e-01
7.590000000000003411e-01 3.989461971830991494e-01
7.600000000000002309e-01 3.816866666666607344e-01
7.610000000000003428e-01 3.738854162487467714e-01
7.620000000000002327e-01 3.605831462925802589e-01
7.630000000000003446e-01 3.487924999999972853e-01
7.640000000000002345e-01 3.412840959040941424e-01
7.650000000000003464e-01 3.393297005988026860e-01
7.660000000000002363e-01 3.343481274900376721e-01
7.670000000000003482e-01 3.329593432835827316e-01
7.680000000000002380e-01 3.359716898608359759e-01
7.690000000000003499e-01 3.380517460317465361e-01
7.700000000000002398e-01 3.364203571428562300e-01
7.710000000000003517e-01 3.308609495548933688e-01
7.720000000000002416e-01 3.188085657764553882e-01
7.730000000000003535e-01 3.004972754195387452e-01
7.740000000000002434e-01 2.918524260355027655e-01
7.750000000000003553e-01 2.889545669291323504e-01
7.760000000000002451e-01 2.791680235988163172e-01
7.770000000000003570e-01 2.686118467583467062e-01
7.780000000000002469e-01 2.557762708537731910e-01
7.790000000000003588e-01 2.409284818805043915e-01
7.800000000000002487e-01 2.203800391389357238e-01
7.810000000000003606e-01 1.992062109374949097e-01
7.820000000000002505e-01 1.907267317073164381e-01
7.830000000000003624e-01 1.825288499025289612e-01
7.840000000000002522e-01 1.786913534566731410e-01
7.850000000000003642e-01 1.877410495626826714e-01
7.860000000000002540e-01 1.867342192046541338e-01
7.870000000000003659e-01 1.854020174587807934e-01
7.880000000000002558e-01 1.938361665053272564e-01
7.890000000000003677e-01 2.036504642166364343e-01
7.900000000000002576e-01 2.067960810810794137e-01
7.910000000000003695e-01 1.990394599807098208e-01
7.920000000000002593e-01 1.874453897978794747e-01
7.930000000000003713e-01 1.746643503368560391e-01
7.940000000000002611e-01 1.583287031700300329e-01
7.950000000000003730e-01 1.634613039309680549e-01
7.960000000000002629e-01 1.627134611697025612e-01
7.970000000000003748e-01 1.550245977011468490e-01
7.980000000000002647e-01 1.475386602870794595e-01
7.990000000000003766e-01 1.516527793696294257e-01
8.000000000000002665e-01 1.674664503816844507e-01
8.010000000000003784e-01 1.708574261201143141e-01
8.020000000000002682e-01 1.660252140818250233e-01
8.030000000000003801e-01 1.700184030418283587e-01
8.040000000000002700e-01 1.762960113960127806e-01
8.050000000000003819e-01 1.646338767772422829e-01
8.060000000000002718e-01 1.617348863636405287e-01
8.070000000000003837e-01 1.706796219281676297e-01
8.080000000000002736e-01 1.645686118980114465e-01
8.090000000000003855e-01 1.646164150943515980e-01
8.100000000000002753e-01 1.966782297551868397e-01
8.110000000000003872e-01 2.241204139228660241e-01
8.120000000000002771e-01 2.418411267605728998e-01
8.130000000000003890e-01 2.719451782364027403e-01
8.140000000000002789e-01 2.842275351452721033e-01
8.150000000000003908e-01 3.011160074976632628e-01
8.160000000000002807e-01 3.085300841908344971e-01
8.170000000000003926e-01 3.316010280373923313e-01
8.180000000000002824e-01 3.364822947761196836e-01
8.190000000000003944e-01 3.493345573159434281e-01
8.200000000000002842e-01 3.595502420856633852e-01
8.210000000000003961e-01 3.663086988847610304e-01
8.220000000000002860e-01 3.525931476323020397e-01
8.230000000000003979e-01 3.551369786839831399e-01
8.240000000000002878e-01 3.744158518518483914e-01
8.250000000000003997e-01 3.557422201664980910e-01
8.260000000000002895e-01 3.333759002770130819e-01
8.270000000000004015e-01 3.496124723247301946e-01
8.280000000000002913e-01 3.677861141804822376e-01
8.290000000000004032e-01 3.797566482504648455e-01
8.300000000000002931e-01 3.766190432382694464e-01
8.310000000000004050e-01 3.753563636363632106e-01
8.320000000000002949e-01 3.805459082568825591e-01
8.330000000000004068e-01 3.739438313473827935e-01
8.340000000000002967e-01 3.502756999084991607e-01
8.350000000000004086e-01 3.094365265082068550e-01
8.360000000000002984e-01 2.650600364963401900e-01
8.370000000000004103e-01 2.307052506836716199e-01
8.380000000000003002e-01 2.027464845172968488e-01
8.390000000000004121e-01 1.820658492279791929e-01
8.400000000000003020e-01 1.910998910081673774e-01
8.410000000000004139e-01 1.691925340599364225e-01
8.420000000000003038e-01 1.741960834088870647e-01
8.430000000000004157e-01 1.990233333333461807e-01
8.440000000000003055e-01 1.990209041591287920e-01
8.450000000000004174e-01 2.146923938572850299e-01
8.460000000000003073e-01 2.362686384129887018e-01
8.470000000000004192e-01 2.441666306306309597e-01
8.480000000000003091e-01 2.489186690647531564e-01
8.490000000000004210e-01 2.595586163521997891e-01
8.500000000000003109e-01 2.555128725314140259e-01
8.510000000000004228e-01 2.421735547576250869e-01
8.520000000000003126e-01 2.272522580645121582e-01
8.530000000000004245e-01 2.048532200357683908e-01
8.540000000000003144e-01 1.814816621983838529e-01
8.550000000000004263e-01 1.632591071428505514e-01
8.560000000000003162e-01 1.473285204991029440e-01
8.570000000000004281e-01 1.299422796081841636e-01
8.580000000000003180e-01 1.137078222222193402e-01
8.590000000000004299e-01 1.035976909413805908e-01
8.600000000000003197e-01 9.274511545292776771e-02
8.610000000000004317e-01 7.660680851063075836e-02
8.620000000000003215e-01 6.531209920283087556e-02
8.630000000000004334e-01 6.319163572060161604e-02
8.640000000000003233e-01 6.425734982332192979e-02
8.650000000000004352e-01 6.684455026455204951e-02
8.660000000000003251e-01 7.137136563876830819e-02
8.670000000000004370e-01 7.852411609499322653e-02
8.680000000000003268e-01 9.280548330404563007e-02
8.690000000000004388e-01 1.046508260105498689e-01
8.700000000000003286e-01 1.035710526315783420e-01
8.710000000000004405e-01 1.153258019281399593e-01
8.720000000000003304e-01 1.206604378283712281e-01
8.730000000000004423e-01 1.207682620087337788e-01
8.740000000000003322e-01 1.182104628820936087e-01
8.750000000000004441e-01 1.110167567567541674e-01
8.760000000000003340e-01 1.068944647519632779e-01
8.770000000000004459e-01 1.216725326370815957e-01
8.780000000000003357e-01 1.201971304347817654e-01
8.790000000000004476e-01 9.915401041665458659e-02
8.800000000000003375e-01 6.921616652210557663e-02
8.810000000000004494e-01 4.251792207791287026e-02
8.820000000000003393e-01 2.514086505189913265e-02
8.830000000000004512e-01 1.601875647668297986e-02
8.840000000000003411e-01 1.394621761657956725e-02
8.850000000000004530e-01 1.185825711820440512e-02
8.860000000000003428e-01 1.492685615848553769e-02
8.870000000000004547e-01 1.305891566264832417e-02
8.880000000000003446e-01 1.173567010309343669e-02
8.890000000000004565e-01 1.398245493562363245e-02
8.900000000000003464e-01 1.646375321336773084e-02
8.910000000000004583e-01 1.681268835616467339e-02
8.920000000000003482e-01 1.748049657534271606e-02
8.930000000000004601e-01 1.515064957264818275e-02
8.940000000000003499e-01 1.435631084543131410e-02
8.950000000000004619e-01 1.550956521739227378e-02
8.960000000000003517e-01 1.846023829787397930e-02
8.970000000000004636e-01 2.299295918367526628e-02
8.980000000000003535e-01 2.702357142857293726e-02
8.990000000000004654e-01 2.754872665534827125e-02
9.000000000000003553e-01 3.169713316369972972e-02
9.010000000000004672e-01 3.913571186441082428e-02
9.020000000000003570e-01 4.888574809805956711e-02
9.030000000000004690e-01 6.112568047337997579e-02
9.040000000000003588e-01 7.698333895447384556e-02
9.050000000000004707e-01 9.003561551434016708e-02
9.060000000000003606e-01 1.077028306655494205e-01
9.070000000000004725e-01 1.254826936027015616e-01
9.080000000000003624e-01 1.420589915966440353e-01
9.090000000000004743e-01 1.572460402684628111e-01
9.100000000000003642e-01 1.684275104777842036e-01
9.110000000000004761e-01 1.604811567476911172e-01
9.120000000000003659e-01 1.529753305439300048e-01
9.130000000000004778e-01 1.459012709030067245e-01
9.140000000000003677e-01 1.494474457429092462e-01
9.150000000000004796e-01 1.595543452877432322e-01
9.160000000000003695e-01 1.673376186511285335e-01
9.170000000000004814e-01 1.800270441298975621e-01
9.180000000000003713e-01 1.932377722360815453e-01
9.190000000000004832e-01 2.033151328903701205e-01
9.200000000000003730e-01 2.141749045643203675e-01
9.210000000000004849e-01 2.267826821192120701e-01
9.220000000000003748e-01 2.393601488833784763e-01
9.230000000000004867e-01 2.484916625310220339e-01
9.240000000000003766e-01 2.625605950413276157e-01
9.250000000000004885e-01 2.767880363036370750e-01
9.260000000000003784e-01 2.827075782537059601e-01
9.270000000000004903e-01 2.885565596707950209e-01
9.280000000000003801e-01 3.125259983566188726e-01
9.290000000000004921e-01 3.246541824157818668e-01
9.300000000000003819e-01 3.314579310344849539e-01
9.310000000000004938e-01 3.438469180327949348e-01
9.320000000000003837e-01 3.457838461538396690e-01
9.330000000000004956e-01 3.325889288634517604e-01
9.340000000000003855e-01 3.353199182338522100e-01
9.350000000000004974e-01 3.410484081632679243e-01
9.360000000000003872e-01 3.468530505709646050e-01
9.370000000000004992e-01 3.481151302931582148e-01
9.380000000000003890e-01 3.515220000000071066e-01
9.390000000000005009e-01 3.687026320065020513e-01
9.400000000000003908e-01 3.748277335499615170e-01
9.410000000000005027e-01 3.602153933495446658e-01
9.420000000000003926e-01 3.395451012145657144e-01
9.430000000000005045e-01 3.214890614886671272e-01
9.440000000000003944e-01 3.109715440582032087e-01
9.450000000000005063e-01 3.056845594179440906e-01
9.460000000000003961e-01 2.863753387096699687e-01
9.470000000000005080e-01 2.627776470588111257e-01
9.480000000000003979e-01 2.507791626409044405e-01
9.490000000000005098e-01 2.581929156626577848e-01
9.500000000000003997e-01 2.711407068273145038e-01
9.510000000000005116e-01 2.459136867469746135e-01
9.520000000000004015e-01 2.394096153846167752e-01
9.530000000000005134e-01 2.484593274619781300e-01
9.540000000000004032e-01 2.601203517186219671e-01
9.550000000000005151e-01 2.518869384492365970e-01
9.560000000000004050e-01 2.332530351437630545e-01
9.570000000000005169e-01 2.199072727272677330e-01
9.580000000000004068e-01 2.112507006369402363e-01
9.590000000000005187e-01 2.033899761336425971e-01
9.600000000000004086e-01 1.872404136833667743e-01
9.610000000000005205e-01 1.657682446385912445e-01
9.620000000000004103e-01 1.418334813639867686e-01
9.630000000000005222e-01 1.201486529318451651e-01
9.640000000000004121e-01 1.041043512658176295e-01
9.650000000000005240e-01 9.228473101265215195e-02
9.660000000000004139e-01 8.525605055292001522e-02
9.670000000000005258e-01 8.211059194948643059e-02
9.680000000000004157e-01 8.030263199369451488e-02
9.690000000000005276e-01 7.650802517701993377e-02
9.700000000000004174e-01 6.531998426435416116e-02
9.710000000000005294e-01 5.977264150943165794e-02
9.720000000000004192e-01 6.383968602826284311e-02
9.730000000000005311e-01 7.230117647058799391e-02
9.740000000000004210e-01 7.190901960784294722e-02
9.750000000000005329e-01 7.387234741784150238e-02
9.760000000000004228e-01 7.830564503518609720e-02
9.770000000000005347e-01 7.935374999999722512e-02
9.780000000000004245e-01 7.483413873733381350e-02
9.790000000000005365e-01 7.364941543257923218e-02
9.800000000000004263e-01 6.593786604361019654e-02
9.810000000000005382e-01 5.945100389104820970e-02
9.820000000000004281e-01 5.287590062111349049e-02
9.830000000000005400e-01 4.181999999999867768e-02
9.840000000000004299e-01 3.944606671838526285e-02
9.850000000000005418e-01 3.996153488372188728e-02
9.860000000000004317e-01 3.989156999226491779e-02
9.870000000000005436e-01 3.662794435857318065e-02
9.880000000000004334e-01 2.809625965996527530e-02
9.890000000000005453e-01 2.700175925925948558e-02
9.900000000000004352e-01 2.885580570547568308e-02
9.910000000000005471e-01 3.167268668206423693e-02
9.920000000000004370e-01 3.355105465742962145e-02
9.930000000000005489e-01 3.455783243658776260e-02
9.940000000000004388e-01 3.421128165771251950e-02
9.950000000000005507e-01 3.325116564417140291e-02
9.960000000000004405e-01 3.263580398162446716e-02
9.970000000000005524e-01 3.545356814701522419e-02
9.980000000000004423e-01 3.881363914373234247e-02
9.990000000000005542e-01 5.735938931299891519e-02
