# Model: CoolTLusty
# Metallicity: 22.0 x solar
# col 0 - wavelength (microns)
# col 1 - geometric albedo
4.299999999999999933e-01 4.564175177304964359e-01
4.309999999999999942e-01 4.568280851063829529e-01
4.319999999999999951e-01 4.571215547703180171e-01
4.329999999999999960e-01 4.574520987654320803e-01
4.339999999999999969e-01 4.577067135325131320e-01
4.349999999999999978e-01 4.580578947368421083e-01
4.359999999999999987e-01 4.583697373029772537e-01
4.369999999999999996e-01 4.586378359511343872e-01
4.380000000000000004e-01 4.591548173913043152e-01
4.390000000000000013e-01 4.595022260869565667e-01
4.400000000000000022e-01 4.590871750433275222e-01
4.410000000000000031e-01 4.585879584775086615e-01
4.420000000000000040e-01 4.593737241379309832e-01
4.430000000000000049e-01 4.605568965517241597e-01
4.440000000000000058e-01 4.614280412371133955e-01
4.450000000000000067e-01 4.619958904109589537e-01
4.460000000000000075e-01 4.623690410958904429e-01
4.470000000000000084e-01 4.627764102564102533e-01
4.480000000000000093e-01 4.631662691652470021e-01
4.490000000000000102e-01 4.635922241086587459e-01
4.500000000000000111e-01 4.639621392190153015e-01
4.510000000000000120e-01 4.643103553299492425e-01
4.520000000000000129e-01 4.646886677908937946e-01
4.530000000000000138e-01 4.649761551433389539e-01
4.540000000000000147e-01 4.652821848739496224e-01
4.550000000000000155e-01 4.655581909547739095e-01
4.560000000000000164e-01 4.659278391959799093e-01
4.570000000000000173e-01 4.661430050083472665e-01
4.580000000000000182e-01 4.662436000000000358e-01
4.590000000000000191e-01 4.660581697171380933e-01
4.600000000000000200e-01 4.664596351575456823e-01
4.610000000000000209e-01 4.675610264900662560e-01
4.620000000000000218e-01 4.683533553719008147e-01
4.630000000000000226e-01 4.688672817133443527e-01
4.640000000000000235e-01 4.692873026315789731e-01
4.650000000000000244e-01 4.696003940886699368e-01
4.660000000000000253e-01 4.699237970540098286e-01
4.670000000000000262e-01 4.703566394779772342e-01
4.680000000000000271e-01 4.708460358890702024e-01
4.690000000000000280e-01 4.713030894308943286e-01
4.700000000000000289e-01 4.716659512195122139e-01
4.710000000000000298e-01 4.720751456310679495e-01
4.720000000000000306e-01 4.723634951456310294e-01
4.730000000000000315e-01 4.727193548387096378e-01
4.740000000000000324e-01 4.731171704180063831e-01
4.750000000000000333e-01 4.733428892455858739e-01
4.760000000000000342e-01 4.736069662921348344e-01
4.770000000000000351e-01 4.737577920000000109e-01
4.780000000000000360e-01 4.737871565495207493e-01
4.790000000000000369e-01 4.736418152866241904e-01
4.800000000000000377e-01 4.732979650238473557e-01
4.810000000000000386e-01 4.728252380952380762e-01
4.820000000000000395e-01 4.722927848101265980e-01
4.830000000000000404e-01 4.721077093206950681e-01
4.840000000000000413e-01 4.701683911671922789e-01
4.850000000000000422e-01 4.644384566929130598e-01
4.860000000000000431e-01 4.638081004709577737e-01
4.870000000000000440e-01 4.708371830985918494e-01
4.880000000000000449e-01 4.756405633802818778e-01
4.890000000000000457e-01 4.780477691107644644e-01
4.900000000000000466e-01 4.789610591900311798e-01
4.910000000000000475e-01 4.793511801242236747e-01
4.920000000000000484e-01 4.797748136645962891e-01
4.930000000000000493e-01 4.801396290571870451e-01
4.940000000000000502e-01 4.805466460587326516e-01
4.950000000000000511e-01 4.808772265023112946e-01
4.960000000000000520e-01 4.812049846153845789e-01
4.970000000000000528e-01 4.814591397849462551e-01
4.980000000000000537e-01 4.817079632465544048e-01
4.990000000000000546e-01 4.818303975535168093e-01
5.000000000000000000e-01 4.820125801526717324e-01
5.010000000000001119e-01 4.820936377473363788e-01
5.020000000000000018e-01 4.821596352583586431e-01
5.030000000000001137e-01 4.819788770864946170e-01
5.040000000000000036e-01 4.817467473524961741e-01
5.050000000000001155e-01 4.815349470499242779e-01
5.060000000000000053e-01 4.810421719457013690e-01
5.070000000000001172e-01 4.804060542168673842e-01
5.080000000000000071e-01 4.792437837837837944e-01
5.090000000000001190e-01 4.782438680659668595e-01
5.100000000000000089e-01 4.778803892215569005e-01
5.110000000000001208e-01 4.791830149253734072e-01
5.120000000000000107e-01 4.820892995529061920e-01
5.130000000000001226e-01 4.846211904761908440e-01
5.140000000000000124e-01 4.862271810089020541e-01
5.150000000000001243e-01 4.869765333333333501e-01
5.160000000000000142e-01 4.873470901033973290e-01
5.170000000000001261e-01 4.874734121122599739e-01
5.180000000000000160e-01 4.874108823529411660e-01
5.190000000000001279e-01 4.870181764705881489e-01
5.200000000000000178e-01 4.864378560939794371e-01
5.210000000000001297e-01 4.860233674963395645e-01
5.220000000000000195e-01 4.857435087719298439e-01
5.230000000000001315e-01 4.861986005830905011e-01
5.240000000000000213e-01 4.866452478134110637e-01
5.250000000000001332e-01 4.877749418604652165e-01
5.260000000000000231e-01 4.884248766328012081e-01
5.270000000000001350e-01 4.887347612156294763e-01
5.280000000000000249e-01 4.874120520231212672e-01
5.290000000000001368e-01 4.891591354466857666e-01
5.300000000000000266e-01 4.884888472622478384e-01
5.310000000000001386e-01 4.892116954022986408e-01
5.320000000000000284e-01 4.879846197991391521e-01
5.330000000000001403e-01 4.866102005730657543e-01
5.340000000000000302e-01 4.852685999999999389e-01
5.350000000000001421e-01 4.833037660485018372e-01
5.360000000000000320e-01 4.796505413105411342e-01
5.370000000000001439e-01 4.743478977272719277e-01
5.380000000000000338e-01 4.674291218130315895e-01
5.390000000000001457e-01 4.487059490084973623e-01
5.400000000000000355e-01 4.477070621468929867e-01
5.410000000000001474e-01 4.341525811001361035e-01
5.420000000000000373e-01 4.076311549295771330e-01
5.430000000000001492e-01 4.205173033707803598e-01
5.440000000000000391e-01 3.408735483870882210e-01
5.450000000000001510e-01 4.129454061625019157e-01
5.460000000000000409e-01 4.166675977653608309e-01
5.470000000000001528e-01 4.248073361227416300e-01
5.480000000000000426e-01 4.295542976356052645e-01
5.490000000000001545e-01 4.854401390820607953e-01
5.500000000000000444e-01 4.942259361997231593e-01
5.510000000000001563e-01 4.952874238227149006e-01
5.520000000000000462e-01 4.963305801104972437e-01
5.530000000000001581e-01 4.962658482758619538e-01
5.540000000000000480e-01 4.955089807162533777e-01
5.550000000000001599e-01 4.906657496561195875e-01
5.560000000000000497e-01 4.578544855967073834e-01
5.570000000000001616e-01 4.538176438356170128e-01
5.580000000000000515e-01 4.323997811217504261e-01
5.590000000000001634e-01 4.928027049180324637e-01
5.600000000000000533e-01 4.894768664850130402e-01
5.610000000000001652e-01 4.949211156462600680e-01
5.620000000000000551e-01 4.963071370420624184e-01
5.630000000000001670e-01 4.960063956639565452e-01
5.640000000000000568e-01 4.957289189189188483e-01
5.650000000000001688e-01 4.949145945945943592e-01
5.660000000000000586e-01 4.934735309973044548e-01
5.670000000000001705e-01 4.918312365591395174e-01
5.680000000000000604e-01 4.898688709677417319e-01
5.690000000000001723e-01 4.880204563758385183e-01
5.700000000000000622e-01 4.840919946452473810e-01
5.710000000000001741e-01 4.817975133689843537e-01
5.720000000000000639e-01 4.813202399999997882e-01
5.730000000000001759e-01 4.774863382157115144e-01
5.740000000000000657e-01 4.713080851063825572e-01
5.750000000000001776e-01 4.656479575596812470e-01
5.760000000000000675e-01 4.663807947019870115e-01
5.770000000000001794e-01 4.642497619047600832e-01
5.780000000000000693e-01 4.586485601056802808e-01
5.790000000000001812e-01 4.071536315789578975e-01
5.800000000000000711e-01 4.657048947368426228e-01
5.810000000000001830e-01 4.770443889618940503e-01
5.820000000000000728e-01 4.882840629095675511e-01
5.830000000000001847e-01 4.899655497382208180e-01
5.840000000000000746e-01 4.936500783289818894e-01
5.850000000000001865e-01 4.911303916449078488e-01
5.860000000000000764e-01 4.995402343750001140e-01
5.870000000000001883e-01 5.005182314694409662e-01
5.880000000000000782e-01 5.006906874189364087e-01
5.890000000000001901e-01 4.977083937823805759e-01
5.900000000000000799e-01 4.901920310478659615e-01
5.910000000000001918e-01 4.934101291989664850e-01
5.920000000000000817e-01 4.676251546391765324e-01
5.930000000000001936e-01 4.616111196911074632e-01
5.940000000000000835e-01 4.414499228791783914e-01
5.950000000000001954e-01 4.453851282051278782e-01
5.960000000000000853e-01 4.665935038363188680e-01
5.970000000000001972e-01 4.758079283887469701e-01
5.980000000000000870e-01 4.772498850574713458e-01
5.990000000000001990e-01 4.802699617834403356e-01
6.000000000000000888e-01 4.839790597204577383e-01
6.010000000000002007e-01 4.874625667090223269e-01
6.020000000000000906e-01 4.910418757921422572e-01
6.030000000000002025e-01 4.936503797468357324e-01
6.040000000000000924e-01 4.946294949494949855e-01
6.050000000000002043e-01 4.937599999999995881e-01
6.060000000000000941e-01 4.906008575031522989e-01
6.070000000000002061e-01 4.850257286432147485e-01
6.080000000000000959e-01 4.777065244667496602e-01
6.090000000000002078e-01 4.722951378446109127e-01
6.100000000000000977e-01 4.685420275344177599e-01
6.110000000000002096e-01 4.591905617977485865e-01
6.120000000000000995e-01 4.393566084788002035e-01
6.130000000000002114e-01 4.018529265255177396e-01
6.140000000000001013e-01 3.582526865671598615e-01
6.150000000000002132e-01 3.534412655086837107e-01
6.160000000000001030e-01 3.454490954151153703e-01
6.170000000000002149e-01 3.301039555006144988e-01
6.180000000000001048e-01 3.016258096415279089e-01
6.190000000000002167e-01 2.816694334975303748e-01
6.200000000000001066e-01 2.605537438423640162e-01
6.210000000000002185e-01 2.829680343980457979e-01
6.220000000000001084e-01 3.117690797546021630e-01
6.230000000000002203e-01 3.441835294117747135e-01
6.240000000000001101e-01 3.609488264058736129e-01
6.250000000000002220e-01 4.104349450549512612e-01
6.260000000000001119e-01 4.367156097561007977e-01
6.270000000000002238e-01 4.455628258221687177e-01
6.280000000000001137e-01 4.556024301336594751e-01
6.290000000000002256e-01 4.717414545454514108e-01
6.300000000000001155e-01 4.098340606060465463e-01
6.310000000000002274e-01 3.408105199516260342e-01
6.320000000000001172e-01 4.256133333333524948e-01
6.330000000000002292e-01 3.476027261761336917e-01
6.340000000000001190e-01 4.027567027677466105e-01
6.350000000000002309e-01 4.296351260504405190e-01
6.360000000000001208e-01 4.628524609843933657e-01
6.370000000000002327e-01 4.894125179856204655e-01
6.380000000000001226e-01 4.889932616487452366e-01
6.390000000000002345e-01 4.869693078758947080e-01
6.400000000000001243e-01 4.855847016706441588e-01
6.410000000000002363e-01 4.819806190476180752e-01
6.420000000000001261e-01 4.772302021403087013e-01
6.430000000000002380e-01 4.759113879003562531e-01
6.440000000000001279e-01 4.779225829383889068e-01
6.450000000000002398e-01 4.790518106508875884e-01
6.460000000000001297e-01 4.786159386068475907e-01
6.470000000000002416e-01 4.778173553719006206e-01
6.480000000000001315e-01 4.745166823529401445e-01
6.490000000000002434e-01 4.674477176470571149e-01
6.500000000000001332e-01 4.629767605633805516e-01
6.510000000000002451e-01 4.637059484777516505e-01
6.520000000000001350e-01 4.643108196721313363e-01
6.530000000000002469e-01 4.612760701754373693e-01
6.540000000000001368e-01 4.540436363636356498e-01
6.550000000000002487e-01 4.460725494761319521e-01
6.560000000000001386e-01 4.363724418604641997e-01
6.570000000000002505e-01 4.306475958188140662e-01
6.580000000000001403e-01 4.273182830626446882e-01
6.590000000000002522e-01 4.206596987253742870e-01
6.600000000000001421e-01 4.043104387990731907e-01
6.610000000000002540e-01 3.766946189376434995e-01
6.620000000000001439e-01 3.814485714285750784e-01
6.630000000000002558e-01 3.991396317606463184e-01
6.640000000000001457e-01 4.005162758620685048e-01
6.650000000000002576e-01 3.950657405281269297e-01
6.660000000000001474e-01 3.874801834862371952e-01
6.670000000000002593e-01 3.827641647597264662e-01
6.680000000000001492e-01 3.876479908675806163e-01
6.690000000000002611e-01 3.929477537058156944e-01
6.700000000000001510e-01 3.823859225512479254e-01
6.710000000000002629e-01 3.910911490330032381e-01
6.720000000000001528e-01 3.997274999999988476e-01
6.730000000000002647e-01 4.450314285714447315e-01
6.740000000000001545e-01 4.556595016987547986e-01
6.750000000000002665e-01 4.561891299434992497e-01
6.760000000000001563e-01 4.498717249154484121e-01
6.770000000000002682e-01 4.663741600901952222e-01
6.780000000000001581e-01 4.740472072072072218e-01
6.790000000000002700e-01 4.623071460674098021e-01
6.800000000000001599e-01 4.423599999999972554e-01
6.810000000000002718e-01 4.494596636771330811e-01
6.820000000000001616e-01 4.370214765100672860e-01
6.830000000000002736e-01 4.382022346368725785e-01
6.840000000000001634e-01 4.400503678929757467e-01
6.850000000000002753e-01 4.369307349665926821e-01
6.860000000000001652e-01 4.372524137931033117e-01
6.870000000000002771e-01 4.524504888888971066e-01
6.880000000000001670e-01 4.654472586015545033e-01
6.890000000000002789e-01 4.689827464008867741e-01
6.900000000000001688e-01 4.730422345132748729e-01
6.910000000000002807e-01 4.739927152317876535e-01
6.920000000000001705e-01 4.720687320837920198e-01
6.930000000000002824e-01 4.667761674008800155e-01
6.940000000000001723e-01 4.613172747252737294e-01
6.950000000000002842e-01 4.508603293084484376e-01
6.960000000000001741e-01 4.335010526315759560e-01
6.970000000000002860e-01 4.132037677984608526e-01
6.980000000000001759e-01 3.963091147540953596e-01
6.990000000000002878e-01 3.765595191256764784e-01
7.000000000000001776e-01 3.514858669574661976e-01
7.010000000000002895e-01 3.344300979325311451e-01
7.020000000000001794e-01 3.207019761129207280e-01
7.030000000000002913e-01 3.215004338394812922e-01
7.040000000000001812e-01 3.257824295010844362e-01
7.050000000000002931e-01 3.350216216216305165e-01
7.060000000000001830e-01 3.565043243243252724e-01
7.070000000000002949e-01 3.654751187905000975e-01
7.080000000000001847e-01 3.807848275862102394e-01
7.090000000000002967e-01 3.899382992465028064e-01
7.100000000000001865e-01 4.004711827957012082e-01
7.110000000000002984e-01 4.140629215896922677e-01
7.120000000000001883e-01 4.147466452304390261e-01
7.130000000000003002e-01 4.146344753747323586e-01
7.140000000000001901e-01 4.143875213675176639e-01
7.150000000000003020e-01 3.920723240938038257e-01
7.160000000000001918e-01 3.399874626865581062e-01
7.170000000000003038e-01 2.849008510638205705e-01
7.180000000000001936e-01 2.513075159235594325e-01
7.190000000000003055e-01 2.203988110403320155e-01
7.200000000000001954e-01 1.899993644067715093e-01
7.210000000000003073e-01 1.634349629629607559e-01
7.220000000000001972e-01 1.491051374207148228e-01
7.230000000000003091e-01 1.514480253431950696e-01
7.240000000000001990e-01 1.417936354056849868e-01
7.250000000000003109e-01 1.168905795574220058e-01
7.260000000000002007e-01 1.109681092436976962e-01
7.270000000000003126e-01 1.061902941176449816e-01
7.280000000000002025e-01 1.011474213836469488e-01
7.290000000000003144e-01 1.167777777777832537e-01
7.300000000000002043e-01 1.350371786833889365e-01
7.310000000000003162e-01 1.469501149425323228e-01
7.320000000000002061e-01 1.608516249999983605e-01
7.330000000000003180e-01 1.530535483870980595e-01
7.340000000000002078e-01 1.589172793354159674e-01
7.350000000000003197e-01 1.754561825726037860e-01
7.360000000000002096e-01 1.471816182572604492e-01
7.370000000000003215e-01 1.683772905894944660e-01
7.380000000000002114e-01 2.636968148914227705e-01
7.390000000000003233e-01 3.020926934984691226e-01
7.400000000000002132e-01 3.443459999999995969e-01
7.410000000000003251e-01 3.632747064881773347e-01
7.420000000000002149e-01 4.088278931140842398e-01
7.430000000000003268e-01 4.307848715313539190e-01
7.440000000000002167e-01 4.503963076923105935e-01
7.450000000000003286e-01 4.577257523029684694e-01
7.460000000000002185e-01 4.564533674513810424e-01
7.470000000000003304e-01 4.573876608784490094e-01
7.480000000000002203e-01 4.606419979612642601e-01
7.490000000000003322e-01 4.604306422018342726e-01
7.500000000000002220e-01 4.596376195320447944e-01
7.510000000000003340e-01 4.592627439024388192e-01
7.520000000000002238e-01 4.574256040609130936e-01
7.530000000000003357e-01 4.549586018237073981e-01
7.540000000000002256e-01 4.537507894736840797e-01
7.550000000000003375e-01 4.516828109201201924e-01
7.560000000000002274e-01 4.199739858728427366e-01
7.570000000000003393e-01 4.273580846774318043e-01
7.580000000000002292e-01 4.274508761329256501e-01
7.590000000000003411e-01 4.197783098591545414e-01
7.600000000000002309e-01 4.034066666666613066e-01
7.610000000000003428e-01 3.960968104312941884e-01
7.620000000000002327e-01 3.834906412825605515e-01
7.630000000000003446e-01 3.725362999999974889e-01
7.640000000000002345e-01 3.654123476523459257e-01
7.650000000000003464e-01 3.634558083832337694e-01
7.660000000000002363e-01 3.589352988047789239e-01
7.670000000000003482e-01 3.576270447761200066e-01
7.680000000000002380e-01 3.603151491053687150e-01
7.690000000000003499e-01 3.621937698412703299e-01
7.700000000000002398e-01 3.606230555555547390e-01
7.710000000000003517e-01 3.555254599406503235e-01
7.720000000000002416e-01 3.442800395647840350e-01
7.730000000000003535e-01 3.267070878578410276e-01
7.740000000000002434e-01 3.183600788954633054e-01
7.750000000000003553e-01 3.155642519685024627e-01
7.760000000000002451e-01 3.060763618485706217e-01
7.770000000000003570e-01 2.957556188605078296e-01
7.780000000000002469e-01 2.834852208047057842e-01
7.790000000000003588e-01 2.687723408423062788e-01
7.800000000000002487e-01 2.479195694716167520e-01
7.810000000000003606e-01 2.267475781249948807e-01
7.820000000000002505e-01 2.181141463414627280e-01
7.830000000000003624e-01 2.098990253411255613e-01
7.840000000000002522e-01 2.068506718597893645e-01
7.850000000000003642e-01 2.170269970845488117e-01
7.860000000000002540e-01 2.170182929194945931e-01
7.870000000000003659e-01 2.168820174587808292e-01
7.880000000000002558e-01 2.250082478218807247e-01
7.890000000000003677e-01 2.338259767891700536e-01
7.900000000000002576e-01 2.365259459459444491e-01
7.910000000000003695e-01 2.291512439729950501e-01
7.920000000000002593e-01 2.169954956689092440e-01
7.930000000000003713e-01 2.041812512030744819e-01
7.940000000000002611e-01 1.900677809798274887e-01
7.950000000000003730e-01 1.916202109300089718e-01
7.960000000000002629e-01 1.900286481303926911e-01
7.970000000000003748e-01 1.832087739463578724e-01
7.980000000000002647e-01 1.770353110047831469e-01
7.990000000000003766e-01 1.807469149952261600e-01
8.000000000000002665e-01 1.951264122137450485e-01
8.010000000000003784e-01 1.998405910390854967e-01
8.020000000000002682e-01 1.973781160799227830e-01
8.030000000000003801e-01 2.024634220532353923e-01
8.040000000000002700e-01 2.091859449192797482e-01
8.050000000000003819e-01 2.019544834123161714e-01
8.060000000000002718e-01 2.024258333333375515e-01
8.070000000000003837e-01 2.123125519848791942e-01
8.080000000000002736e-01 2.092865155807324407e-01
8.090000000000003855e-01 2.099804716981227837e-01
8.100000000000002753e-01 2.358984557438860985e-01
8.110000000000003872e-01 2.591603951081903334e-01
8.120000000000002771e-01 2.755061971831067602e-01
8.130000000000003890e-01 3.014124015009427282e-01
8.140000000000002789e-01 3.128228303655151699e-01
8.150000000000003908e-01 3.275744704779811056e-01
8.160000000000002807e-01 3.355379981290947389e-01
8.170000000000003926e-01 3.551626168224376601e-01
8.180000000000002824e-01 3.599927611940303973e-01
8.190000000000003944e-01 3.709826281453925123e-01
8.200000000000002842e-01 3.804362383612685528e-01
8.210000000000003961e-01 3.867099628252810839e-01
8.220000000000002860e-01 3.761847168059346269e-01
8.230000000000003979e-01 3.784553290083542687e-01
8.240000000000002878e-01 3.941754074074048653e-01
8.250000000000003997e-01 3.798703792784345890e-01
8.260000000000002895e-01 3.622578947368459423e-01
8.270000000000004015e-01 3.751253136531418897e-01
8.280000000000002913e-01 3.890528913443858094e-01
8.290000000000004032e-01 3.986293186003718181e-01
8.300000000000002931e-01 3.966266789328420361e-01
8.310000000000004050e-01 3.957581818181815647e-01
8.320000000000002949e-01 3.994019082568820433e-01
8.330000000000004068e-01 3.927589734188771664e-01
8.340000000000002967e-01 3.708756450137149496e-01
8.350000000000004086e-01 3.330587934186287624e-01
8.360000000000002984e-01 2.911910583941507147e-01
8.370000000000004103e-01 2.576160619872268076e-01
8.380000000000003002e-01 2.295728415300471170e-01
8.390000000000004121e-01 2.084029972752091675e-01
8.400000000000003020e-01 2.177847956403197172e-01
8.410000000000004139e-01 1.950418346957217552e-01
8.420000000000003038e-01 2.003202719854964842e-01
8.430000000000004157e-01 2.262508333333467792e-01
8.440000000000003055e-01 2.265410849909552105e-01
8.450000000000004174e-01 2.422831616982968617e-01
8.460000000000003073e-01 2.640132010820600006e-01
8.470000000000004192e-01 2.721476756756761595e-01
8.480000000000003091e-01 2.769920143884939678e-01
8.490000000000004210e-01 2.873000718778063733e-01
8.500000000000003109e-01 2.835763734290802085e-01
8.510000000000004228e-01 2.705422621184869203e-01
8.520000000000003126e-01 2.552698387096734023e-01
8.530000000000004245e-01 2.322525939177001730e-01
8.540000000000003144e-01 2.080501876675524553e-01
8.550000000000004263e-01 1.889780357142787637e-01
8.560000000000003162e-01 1.719996434937549057e-01
8.570000000000004281e-01 1.531468922528850529e-01
8.580000000000003180e-01 1.352934222222190175e-01
8.590000000000004299e-01 1.240357015985736056e-01
8.600000000000003197e-01 1.118332149200677306e-01
8.610000000000004317e-01 9.336042553190626592e-02
8.620000000000003215e-01 8.029470327723245426e-02
8.630000000000004334e-01 7.779679929266178351e-02
8.640000000000003233e-01 7.902583038869301357e-02
8.650000000000004352e-01 8.205894179894389351e-02
8.660000000000003251e-01 8.734493392070694084e-02
8.670000000000004370e-01 9.562404573439613198e-02
8.680000000000003268e-01 1.120058699472798180e-01
8.690000000000004388e-01 1.253274868189863667e-01
8.700000000000003286e-01 1.275000000000003908e-01
8.710000000000004405e-01 1.404504645048273437e-01
8.720000000000003304e-01 1.482509106830134649e-01
8.730000000000004423e-01 1.506793187772932918e-01
8.740000000000003322e-01 1.495670393013081856e-01
8.750000000000004441e-01 1.440145945945923989e-01
8.760000000000003340e-01 1.403120800696291415e-01
8.770000000000004459e-01 1.501989382071405588e-01
8.780000000000003357e-01 1.460946956521723683e-01
8.790000000000004476e-01 1.233160937499872406e-01
8.800000000000003375e-01 8.834022549868603136e-02
8.810000000000004494e-01 5.497367965366773551e-02
8.820000000000003393e-01 3.246849480968343193e-02
8.830000000000004512e-01 2.075875647668298102e-02
8.840000000000003411e-01 1.868621761657956667e-02
8.850000000000004530e-01 1.984990509059587210e-02
8.860000000000003428e-01 2.093502153316145406e-02
8.870000000000004547e-01 1.701524956970434585e-02
8.880000000000003446e-01 1.560587628866092098e-02
8.890000000000004565e-01 1.880078969957223178e-02
8.900000000000003464e-01 2.143187660668386535e-02
8.910000000000004583e-01 2.161724315068533006e-02
8.920000000000003482e-01 2.252477739726061259e-02
8.930000000000004601e-01 2.027429059828923449e-02
8.940000000000003499e-01 1.926368915456868475e-02
8.950000000000004619e-01 2.027565217391403760e-02
8.960000000000003517e-01 2.364456170212970304e-02
8.970000000000004636e-01 2.929000000000222745e-02
8.980000000000003535e-01 3.429000000000187454e-02
8.990000000000004654e-01 3.496264855687634954e-02
9.000000000000003553e-01 4.004176420695710475e-02
9.010000000000004672e-01 4.910040677966594214e-02
9.020000000000003570e-01 6.086219780220232523e-02
9.030000000000004690e-01 7.539869822486050532e-02
9.040000000000003588e-01 9.395689713322677439e-02
9.050000000000004707e-01 1.091002360876970056e-01
9.060000000000003606e-01 1.290987531592317772e-01
9.070000000000004725e-01 1.487101683501770300e-01
9.080000000000003624e-01 1.666292436974847468e-01
9.090000000000004743e-01 1.828635570469867577e-01
9.100000000000003642e-01 1.948229170159232471e-01
9.110000000000004761e-01 1.865580385582525924e-01
9.120000000000003659e-01 1.783696569037623580e-01
9.130000000000004778e-01 1.725674247491614799e-01
9.140000000000003677e-01 1.766332888146953384e-01
9.150000000000004796e-01 1.861811676397029658e-01
9.160000000000003695e-01 1.936820649458831645e-01
9.170000000000004814e-01 2.071541715237364134e-01
9.180000000000003713e-01 2.211304073150510974e-01
9.190000000000004832e-01 2.314578405315661780e-01
9.200000000000003730e-01 2.422908879668099480e-01
9.210000000000004849e-01 2.549257947019936688e-01
9.220000000000003748e-01 2.678674441687385333e-01
9.230000000000004867e-01 2.777764598842069055e-01
9.240000000000003766e-01 2.917316859504184845e-01
9.250000000000004885e-01 3.052198844884551066e-01
9.260000000000003784e-01 3.112856672158151872e-01
9.270000000000004903e-01 3.171139423868428175e-01
9.280000000000003801e-01 3.383226622843100162e-01
9.290000000000004921e-01 3.506644864420762064e-01
9.300000000000003819e-01 3.574555172413815263e-01
9.310000000000004938e-01 3.684460491803348559e-01
9.320000000000003837e-01 3.712138461538415091e-01
9.330000000000004956e-01 3.624121177432566565e-01
9.340000000000003855e-01 3.675470318887998911e-01
9.350000000000004974e-01 3.727695510204105944e-01
9.360000000000003872e-01 3.780768189233298937e-01
9.370000000000004992e-01 3.799047719869700357e-01
9.380000000000003890e-01 3.827673333333382888e-01
9.390000000000005009e-01 3.948223233143806077e-01
9.400000000000003908e-01 3.986241104792864753e-01
9.410000000000005027e-01 3.863131873479241918e-01
9.420000000000003926e-01 3.684335222671983878e-01
9.430000000000005045e-01 3.519391262135861953e-01
9.440000000000003944e-01 3.412063864187524498e-01
9.450000000000005063e-01 3.348361358124464227e-01
9.460000000000003961e-01 3.152417258064441619e-01
9.470000000000005080e-01 2.916729411764582558e-01
9.480000000000003979e-01 2.798797423510494542e-01
9.490000000000005098e-01 2.872981204819341494e-01
9.500000000000003997e-01 2.988965140562295786e-01
9.510000000000005116e-01 2.739915502007900794e-01
9.520000000000004015e-01 2.680461538461554882e-01
9.530000000000005134e-01 2.772578062450043457e-01
9.540000000000004032e-01 2.885355075939216030e-01
9.550000000000005151e-01 2.800622861710589939e-01
9.560000000000004050e-01 2.622952076677250166e-01
9.570000000000005169e-01 2.485054545454490060e-01
9.580000000000004068e-01 2.391690764331185215e-01
9.590000000000005187e-01 2.310792362768403496e-01
9.600000000000004086e-01 2.142932378679329453e-01
9.610000000000005205e-01 1.917194122319187399e-01
9.620000000000004103e-01 1.660993973037163673e-01
9.630000000000005222e-01 1.426057844690867826e-01
9.640000000000004121e-01 1.249864715189814846e-01
9.650000000000005240e-01 1.115529272151829787e-01
9.660000000000004139e-01 1.034904581358580267e-01
9.670000000000005258e-01 1.001329439621148204e-01
9.680000000000004157e-01 9.841739952718535356e-02
9.690000000000005276e-01 9.424036191974102805e-02
9.700000000000004174e-01 8.091227380015186821e-02
9.710000000000005294e-01 7.421745283018588157e-02
9.720000000000004192e-01 7.880103610675663617e-02
9.730000000000005311e-01 8.864070588235280213e-02
9.740000000000004210e-01 8.840541176470578799e-02
9.750000000000005329e-01 9.112153364632394337e-02
9.760000000000004228e-01 9.622286161063595133e-02
9.770000000000005347e-01 9.747624999999701667e-02
9.780000000000004245e-01 9.268651597817575971e-02
9.790000000000005365e-01 9.187591582229105713e-02
9.800000000000004263e-01 8.408437694703693732e-02
9.810000000000005382e-01 7.560465369649400913e-02
9.820000000000004281e-01 6.597850931676474406e-02
9.830000000000005400e-01 5.263999999999835477e-02
9.840000000000004299e-01 4.967646237393193165e-02
9.850000000000005418e-01 5.056167441860603268e-02
9.860000000000004317e-01 5.059945862335504807e-02
9.870000000000005436e-01 4.637690880988572933e-02
9.880000000000004334e-01 3.572775888716681059e-02
9.890000000000005453e-01 3.434611111111138260e-02
9.900000000000004352e-01 3.662572089437349243e-02
9.910000000000005471e-01 4.018563510392769017e-02
9.920000000000004370e-01 4.286461893764553083e-02
9.930000000000005489e-01 4.438122982321371368e-02
9.940000000000004388e-01 4.386692248656877402e-02
9.950000000000005507e-01 4.245785276073568010e-02
9.960000000000004405e-01 4.160131699847011144e-02
9.970000000000005524e-01 4.516946401225297586e-02
9.980000000000004423e-01 4.943492354740245537e-02
9.990000000000005542e-01 7.456687022903742135e-02
