# Model: CoolTLusty
# Metallicity: 9.0 x solar
# col 0 - wavelength (microns)
# col 1 - geometric albedo
4.299999999999999933e-01 4.567134751773049839e-01
4.309999999999999942e-01 4.570680851063830263e-01
4.319999999999999951e-01 4.574215547703180951e-01
4.329999999999999960e-01 4.577744268077601486e-01
4.339999999999999969e-01 4.581286216419784840e-01
4.349999999999999978e-01 4.584921804511279397e-01
4.359999999999999987e-01 4.588424818613960898e-01
4.369999999999999996e-01 4.591921216654201721e-01
4.380000000000000004e-01 4.596267826086957720e-01
4.390000000000000013e-01 4.599746086956522650e-01
4.400000000000000022e-01 4.601317157712305206e-01
4.410000000000000031e-01 4.602256549678695463e-01
4.420000000000000040e-01 4.607701231527094321e-01
4.430000000000000049e-01 4.613556650246305457e-01
4.440000000000000058e-01 4.619131075110456952e-01
4.450000000000000067e-01 4.623665362035225823e-01
4.460000000000000075e-01 4.627882583170254693e-01
4.470000000000000084e-01 4.631964102564103403e-01
4.480000000000000093e-01 4.636078364565588417e-01
4.490000000000000102e-01 4.640122241086588328e-01
4.500000000000000111e-01 4.644276740237691659e-01
4.510000000000000120e-01 4.647968092820884967e-01
4.520000000000000129e-01 4.652286677908938350e-01
4.530000000000000138e-01 4.655777884847025483e-01
4.540000000000000147e-01 4.660021848739496209e-01
4.550000000000000155e-01 4.663524766690596568e-01
4.560000000000000164e-01 4.667617133285475450e-01
4.570000000000000173e-01 4.671217982351539288e-01
4.580000000000000182e-01 4.674377142857143452e-01
4.590000000000000191e-01 4.676280247207036389e-01
4.600000000000000200e-01 4.680542525467898951e-01
4.610000000000000209e-01 4.686704115421003181e-01
4.620000000000000218e-01 4.691666824085006793e-01
4.630000000000000226e-01 4.696545540127088914e-01
4.640000000000000235e-01 4.701273026315790360e-01
4.650000000000000244e-01 4.705339901477833542e-01
4.660000000000000253e-01 4.708980827682955894e-01
4.670000000000000262e-01 4.713301328361687581e-01
4.680000000000000271e-01 4.718060358890701633e-01
4.690000000000000280e-01 4.722630894308944005e-01
4.700000000000000289e-01 4.726824390243903329e-01
4.710000000000000298e-01 4.730689320388349883e-01
4.720000000000000306e-01 4.734660656495608966e-01
4.730000000000000315e-01 4.738707373271889844e-01
4.740000000000000324e-01 4.742875057418466378e-01
4.750000000000000333e-01 4.746191011235955659e-01
4.760000000000000342e-01 4.750385232744784303e-01
4.770000000000000351e-01 4.753730514285715025e-01
4.780000000000000360e-01 4.756927886809676487e-01
4.790000000000000369e-01 4.759046405823476600e-01
4.800000000000000377e-01 4.760864410629117027e-01
4.810000000000000386e-01 4.762680272108844592e-01
4.820000000000000395e-01 4.763789330922243437e-01
4.830000000000000404e-01 4.766407582938388954e-01
4.840000000000000413e-01 4.763044840018025861e-01
4.850000000000000422e-01 4.746044769403823804e-01
4.860000000000000431e-01 4.746971294012111153e-01
4.870000000000000440e-01 4.773608316566064769e-01
4.880000000000000449e-01 4.792325955734407783e-01
4.890000000000000457e-01 4.803132605304212821e-01
4.900000000000000466e-01 4.809145527369827477e-01
4.910000000000000475e-01 4.813032608695653192e-01
4.920000000000000484e-01 4.817690993788820708e-01
4.930000000000000493e-01 4.821339147714727713e-01
4.940000000000000502e-01 4.825841024508722432e-01
4.950000000000000511e-01 4.829608188421748438e-01
4.960000000000000520e-01 4.833225934065935037e-01
4.970000000000000528e-01 4.837273425499232782e-01
4.980000000000000537e-01 4.841341938306716886e-01
4.990000000000000546e-01 4.844492791612058369e-01
5.000000000000000000e-01 4.847622682660851501e-01
5.010000000000001119e-01 4.850792346162209889e-01
5.020000000000000018e-01 4.853978723404255846e-01
5.030000000000001137e-01 4.856396921742901496e-01
5.040000000000000036e-01 4.859128593040847877e-01
5.050000000000001155e-01 4.860857575102658923e-01
5.060000000000000053e-01 4.862396897220426784e-01
5.070000000000001172e-01 4.862823795180723496e-01
5.080000000000000071e-01 4.861861003861004393e-01
5.090000000000001190e-01 4.860934461340759016e-01
5.100000000000000089e-01 4.862946749358426080e-01
5.110000000000001208e-01 4.870154797441366146e-01
5.120000000000000107e-01 4.883111560570577714e-01
5.130000000000001226e-01 4.894175170068029157e-01
5.140000000000000124e-01 4.902458456973293743e-01
5.150000000000001243e-01 4.907566349206350376e-01
5.160000000000000142e-01 4.911700358725469839e-01
5.170000000000001261e-01 4.914769782654569430e-01
5.180000000000000160e-01 4.917737815126051459e-01
5.190000000000001279e-01 4.918890336134454366e-01
5.200000000000000178e-01 4.919383050136355018e-01
5.210000000000001297e-01 4.921059401798787980e-01
5.220000000000000195e-01 4.922758145363408944e-01
5.230000000000001315e-01 4.927479383590172568e-01
5.240000000000000213e-01 4.933027072053312034e-01
5.250000000000001332e-01 4.938695182724253674e-01
5.260000000000000231e-01 4.944264150943397107e-01
5.270000000000001350e-01 4.949293156915444136e-01
5.280000000000000249e-01 4.952080305532617910e-01
5.290000000000001368e-01 4.956062988884315512e-01
5.300000000000000266e-01 4.958153355290243480e-01
5.310000000000001386e-01 4.959394909688014108e-01
5.320000000000000284e-01 4.958079319532691653e-01
5.330000000000001403e-01 4.955826852230864055e-01
5.340000000000000302e-01 4.953579387755102093e-01
5.350000000000001421e-01 4.949202771550845759e-01
5.360000000000000320e-01 4.937274725274725107e-01
5.370000000000001439e-01 4.919183035714283503e-01
5.380000000000000338e-01 4.896757588021045660e-01
5.390000000000001457e-01 4.868090651558071302e-01
5.400000000000000355e-01 4.837108958837770256e-01
5.410000000000001474e-01 4.779931493048547586e-01
5.420000000000000373e-01 4.709263782696176959e-01
5.430000000000001492e-01 4.694942215088280801e-01
5.440000000000000391e-01 4.652175115207368705e-01
5.450000000000001510e-01 4.813863145258160392e-01
5.460000000000000409e-01 4.894811252992819495e-01
5.470000000000001528e-01 4.945606893803560222e-01
5.480000000000000426e-01 4.973237432942579916e-01
5.490000000000001545e-01 5.021404728789989891e-01
5.500000000000000444e-01 5.031954032098276963e-01
5.510000000000001563e-01 5.037286110011872653e-01
5.520000000000000462e-01 5.040883583267561363e-01
5.530000000000001581e-01 5.042894384236453753e-01
5.540000000000000480e-01 5.043560015741833658e-01
5.550000000000001599e-01 5.041105521713500348e-01
5.560000000000000497e-01 5.027405447775818992e-01
5.570000000000001616e-01 5.028642661448142759e-01
5.580000000000000515e-01 5.016068204025796451e-01
5.590000000000001634e-01 5.053880757220922115e-01
5.600000000000000533e-01 5.056584274036591831e-01
5.610000000000001652e-01 5.062271331389700535e-01
5.620000000000000551e-01 5.064377011048653010e-01
5.630000000000001670e-01 5.066385985288424099e-01
5.640000000000000568e-01 5.066951737451738103e-01
5.650000000000001688e-01 5.065627413127413714e-01
5.660000000000000586e-01 5.062190219484020703e-01
5.670000000000001705e-01 5.058361751152072872e-01
5.680000000000000604e-01 5.052535714285714130e-01
5.690000000000001723e-01 5.048078811121763376e-01
5.700000000000000622e-01 5.043067508127748733e-01
5.710000000000001741e-01 5.035303093964857979e-01
5.720000000000000639e-01 5.028693904761905031e-01
5.730000000000001759e-01 5.016180521209812060e-01
5.740000000000000657e-01 4.991996960486321799e-01
5.750000000000001776e-01 4.971895035998482593e-01
5.760000000000000675e-01 4.967274361400191296e-01
5.770000000000001794e-01 4.981101473922904255e-01
5.780000000000000693e-01 4.990732591054917178e-01
5.790000000000001812e-01 4.987075939849635042e-01
5.800000000000000711e-01 5.049757518796994527e-01
5.810000000000001830e-01 5.078780364182471363e-01
5.820000000000000728e-01 5.099788429133123024e-01
5.830000000000001847e-01 5.111142109199703354e-01
5.840000000000000746e-01 5.120094367773220245e-01
5.850000000000001865e-01 5.124752704214846633e-01
5.860000000000000764e-01 5.132981770833333623e-01
5.870000000000001883e-01 5.136422255248003221e-01
5.880000000000000782e-01 5.138275894015195133e-01
5.890000000000001901e-01 5.136283123612137569e-01
5.900000000000000799e-01 5.129965255960081683e-01
5.910000000000001918e-01 5.121601144333700617e-01
5.920000000000000817e-01 5.097108431516937932e-01
5.930000000000001936e-01 5.089212355212348049e-01
5.940000000000000835e-01 5.059639368343737953e-01
5.950000000000001954e-01 5.041622710622709613e-01
5.960000000000000853e-01 5.040298136645964266e-01
5.970000000000001972e-01 5.045724515893315054e-01
5.980000000000000870e-01 5.053208538587850018e-01
5.990000000000001990e-01 5.068434212920842619e-01
6.000000000000000888e-01 5.086824106008351887e-01
6.010000000000002007e-01 5.104534035215106957e-01
6.020000000000000906e-01 5.122817671555316421e-01
6.030000000000002025e-01 5.136065099457506333e-01
6.040000000000000924e-01 5.141799422799423480e-01
6.050000000000002043e-01 5.139835164835163672e-01
6.060000000000000941e-01 5.127715726896054926e-01
6.070000000000002061e-01 5.104326094759507049e-01
6.080000000000000959e-01 5.072558343789207447e-01
6.090000000000002078e-01 5.048118152524165847e-01
6.100000000000000977e-01 5.031198283568746321e-01
6.110000000000002096e-01 4.985120385232723050e-01
6.120000000000000995e-01 4.880614891343056372e-01
6.130000000000002114e-01 4.705857676569956682e-01
6.140000000000001013e-01 4.493752665245181466e-01
6.150000000000002132e-01 4.383820453739790679e-01
6.160000000000001030e-01 4.300895733758172135e-01
6.170000000000002149e-01 4.181238212961295719e-01
6.180000000000001048e-01 3.964033727706127719e-01
6.190000000000002167e-01 3.822473258268810903e-01
6.200000000000001066e-01 3.805967276565809798e-01
6.210000000000002185e-01 3.943647946647981795e-01
6.220000000000001084e-01 4.129077125328675657e-01
6.230000000000002203e-01 4.348311274509865099e-01
6.240000000000001101e-01 4.581089765979764472e-01
6.250000000000002220e-01 4.792616431187894932e-01
6.260000000000001119e-01 4.939358885017440248e-01
6.270000000000002238e-01 5.029663650600328939e-01
6.280000000000001137e-01 5.090458253775390629e-01
6.290000000000002256e-01 5.132897142857144601e-01
6.300000000000001155e-01 5.084203116883103668e-01
6.310000000000002274e-01 5.018996545171872103e-01
6.320000000000001172e-01 5.137423740510723702e-01
6.330000000000002292e-01 5.045817680510104042e-01
6.340000000000001190e-01 5.111339178270581929e-01
6.350000000000002309e-01 5.132016806722713431e-01
6.360000000000001208e-01 5.171897101697822130e-01
6.370000000000002327e-01 5.183059095580683229e-01
6.380000000000001226e-01 5.179503840245774926e-01
6.390000000000002345e-01 5.165624786907601074e-01
6.400000000000001243e-01 5.152685816570063970e-01
6.410000000000002363e-01 5.132198299319723489e-01
6.420000000000001261e-01 5.110415831493118066e-01
6.430000000000002380e-01 5.104282663955264088e-01
6.440000000000001279e-01 5.114202775897090936e-01
6.450000000000002398e-01 5.119714285714286328e-01
6.460000000000001297e-01 5.118224658458424559e-01
6.470000000000002416e-01 5.114455894754595944e-01
6.480000000000001315e-01 5.097287058823525285e-01
6.490000000000002434e-01 5.067106722689070919e-01
6.500000000000001332e-01 5.051169517102616080e-01
6.510000000000002451e-01 5.048038641686182215e-01
6.520000000000001350e-01 5.051968216794916477e-01
6.530000000000002469e-01 5.038302422723469620e-01
6.540000000000001368e-01 4.998993339993336171e-01
6.550000000000002487e-01 4.950002827207699019e-01
6.560000000000001386e-01 4.901073255813952478e-01
6.570000000000002505e-01 4.888186825949889514e-01
6.580000000000001403e-01 4.874491879350346668e-01
6.590000000000002522e-01 4.851045687800026318e-01
6.600000000000001421e-01 4.826087429891122715e-01
6.610000000000002540e-01 4.794548333883197899e-01
6.620000000000001439e-01 4.760801020408159112e-01
6.630000000000002558e-01 4.731948216340615132e-01
6.640000000000001457e-01 4.715266666666665940e-01
6.650000000000002576e-01 4.688225520747900110e-01
6.660000000000001474e-01 4.612774410222790222e-01
6.670000000000002593e-01 4.583446387708408065e-01
6.680000000000001492e-01 4.611062948467063993e-01
6.690000000000002611e-01 4.659960254113063027e-01
6.700000000000001510e-01 4.723491051090153992e-01
6.710000000000002629e-01 4.813029091500112266e-01
6.720000000000001528e-01 4.905310714285732732e-01
6.730000000000002647e-01 5.021438775510238539e-01
6.740000000000001545e-01 5.080081378417742322e-01
6.750000000000002665e-01 5.128836158192097150e-01
6.760000000000001563e-01 5.155479465292323038e-01
6.770000000000002682e-01 5.180765018521505949e-01
6.780000000000001581e-01 5.189948519948520689e-01
6.790000000000002700e-01 5.166755698234339889e-01
6.800000000000001599e-01 5.109953663620321329e-01
6.810000000000002718e-01 5.071503363228692107e-01
6.820000000000001616e-01 5.002553211888770557e-01
6.830000000000002736e-01 4.948748443735044300e-01
6.840000000000001634e-01 4.979113393852528380e-01
6.850000000000002753e-01 5.001724785237039450e-01
6.860000000000001652e-01 5.023896551724142956e-01
6.870000000000002771e-01 5.055605873015882601e-01
6.880000000000001670e-01 5.080456794038373802e-01
6.890000000000002789e-01 5.101386014871071017e-01
6.900000000000001688e-01 5.125629424778763710e-01
6.910000000000002807e-01 5.126435509303056692e-01
6.920000000000001705e-01 5.114487478343041627e-01
6.930000000000002824e-01 5.079061831340460076e-01
6.940000000000001723e-01 5.046791365777075766e-01
6.950000000000002842e-01 4.991492864983514965e-01
6.960000000000001741e-01 4.896983082706750645e-01
6.970000000000002860e-01 4.778135659521167700e-01
6.980000000000001759e-01 4.662515066354389615e-01
6.990000000000002878e-01 4.521650117095973309e-01
7.000000000000001776e-01 4.346016046113075904e-01
7.010000000000002895e-01 4.204026737136603575e-01
7.020000000000001794e-01 4.085800682487980562e-01
7.030000000000002913e-01 4.100237062286972156e-01
7.040000000000001812e-01 4.140038735667801451e-01
7.050000000000002931e-01 4.210592741312812470e-01
7.060000000000001830e-01 4.378449111969118235e-01
7.070000000000002949e-01 4.442336933045381020e-01
7.080000000000001847e-01 4.556371921182291729e-01
7.090000000000002967e-01 4.623847455020768105e-01
7.100000000000001865e-01 4.693991551459308909e-01
7.110000000000002984e-01 4.780849470615337604e-01
7.120000000000001883e-01 4.791331802174245702e-01
7.130000000000003002e-01 4.798345977363110970e-01
7.140000000000001901e-01 4.789549450549425158e-01
7.150000000000003020e-01 4.636874505025811999e-01
7.160000000000001918e-01 4.300927505330423006e-01
7.170000000000003038e-01 3.860249240121472192e-01
7.180000000000001936e-01 3.492818926296568094e-01
7.190000000000003055e-01 3.207717318774564452e-01
7.200000000000001954e-01 2.956762711864354687e-01
7.210000000000003073e-01 2.753018140589533758e-01
7.220000000000001972e-01 2.614332225913592600e-01
7.230000000000003091e-01 2.535074973600839332e-01
7.240000000000001990e-01 2.341400572030655769e-01
7.250000000000003109e-01 2.003629986451795075e-01
7.260000000000002007e-01 1.884034813925565266e-01
7.270000000000003126e-01 1.791110144057586617e-01
7.280000000000002025e-01 1.839479784366593318e-01
7.290000000000003144e-01 2.023920634920692296e-01
7.300000000000002043e-01 2.214637259292467353e-01
7.310000000000003162e-01 2.425888490819592125e-01
7.320000000000002061e-01 2.619391964285733843e-01
7.330000000000003180e-01 2.727350230414813392e-01
7.340000000000002078e-01 2.925074766355194034e-01
7.350000000000003197e-01 3.106217249555394133e-01
7.360000000000002096e-01 3.053566686425644994e-01
7.370000000000003215e-01 3.317376865120645335e-01
7.380000000000002114e-01 3.885829073718475857e-01
7.390000000000003233e-01 4.177095532950123591e-01
7.400000000000002132e-01 4.476788807069249643e-01
7.410000000000003251e-01 4.653753420626824955e-01
7.420000000000002149e-01 4.836302451916040801e-01
7.430000000000003268e-01 4.945841432976102459e-01
7.440000000000002167e-01 5.026949450549460519e-01
7.450000000000003286e-01 5.053655066530197137e-01
7.460000000000002185e-01 5.057479017400204890e-01
7.470000000000003304e-01 5.059647891434410072e-01
7.480000000000002203e-01 5.063895296344839148e-01
7.490000000000003322e-01 5.061723460026209542e-01
7.500000000000002220e-01 5.058576515041419697e-01
7.510000000000003340e-01 5.062600174216029814e-01
7.520000000000002238e-01 5.063620884699057134e-01
7.530000000000003357e-01 5.062571428571429610e-01
7.540000000000002256e-01 5.060892857142856860e-01
7.550000000000003375e-01 5.047258558428420194e-01
7.560000000000002274e-01 5.007777857863616733e-01
7.570000000000003393e-01 4.972028081797226773e-01
7.580000000000002292e-01 4.923280535174781036e-01
7.590000000000003411e-01 4.852309859154903537e-01
7.600000000000002309e-01 4.727714285714253450e-01
7.610000000000003428e-01 4.675031379853846203e-01
7.620000000000002327e-01 4.579588462639531676e-01
7.630000000000003446e-01 4.501841571428554234e-01
7.640000000000002345e-01 4.446714428428700794e-01
7.650000000000003464e-01 4.428961505560309320e-01
7.660000000000002363e-01 4.399398406374490089e-01
7.670000000000003482e-01 4.389208528784651620e-01
7.680000000000002380e-01 4.404949304174956004e-01
7.690000000000003499e-01 4.416312925170070569e-01
7.700000000000002398e-01 4.403034438775503823e-01
7.710000000000003517e-01 4.367920305214058052e-01
7.720000000000002416e-01 4.285751589656609517e-01
7.730000000000003535e-01 4.143805387110364169e-01
7.740000000000002434e-01 4.074517328825020268e-01
7.750000000000003553e-01 4.050417041619784886e-01
7.760000000000002451e-01 3.969107458912737862e-01
7.770000000000003570e-01 3.879295116474854588e-01
7.780000000000002469e-01 3.779512827702192768e-01
7.790000000000003588e-01 3.644199664194712196e-01
7.800000000000002487e-01 3.436609589041024204e-01
7.810000000000003606e-01 3.231904854910663816e-01
7.820000000000002505e-01 3.143425226480827672e-01
7.830000000000003624e-01 3.061833472570267833e-01
7.840000000000002522e-01 3.049713172903089076e-01
7.850000000000003642e-01 3.175663057059571193e-01
7.860000000000002540e-01 3.199972426215881849e-01
7.870000000000003659e-01 3.228684494942525851e-01
7.880000000000002558e-01 3.300169824367326088e-01
7.890000000000003677e-01 3.358862116606807224e-01
7.900000000000002576e-01 3.370181467181456170e-01
7.910000000000003695e-01 3.307015015842360572e-01
7.920000000000002593e-01 3.178486181768152563e-01
7.930000000000003713e-01 3.059065035061155347e-01
7.940000000000002611e-01 2.975413750514595557e-01
7.950000000000003730e-01 2.894075469113805976e-01
7.960000000000002629e-01 2.857094233666611638e-01
7.970000000000003748e-01 2.811547892720291930e-01
7.980000000000002647e-01 2.784863568010930157e-01
7.990000000000003766e-01 2.808826852230874582e-01
8.000000000000002665e-01 2.913989094874624985e-01
8.010000000000003784e-01 2.997553860819854865e-01
8.020000000000002682e-01 3.024532146255270448e-01
8.030000000000003801e-01 3.092406029331920547e-01
8.040000000000002700e-01 3.168875593542279101e-01
8.050000000000003819e-01 3.205582532159789722e-01
8.060000000000002718e-01 3.295321158008702733e-01
8.070000000000003837e-01 3.422497434512599690e-01
8.080000000000002736e-01 3.474395251585050137e-01
8.090000000000003855e-01 3.499864555256098630e-01
8.100000000000002753e-01 3.596767285445279794e-01
8.110000000000003872e-01 3.707509205751962078e-01
8.120000000000002771e-01 3.819830985915532162e-01
8.130000000000003890e-01 3.946323907799552111e-01
8.140000000000002789e-01 4.027719105636657915e-01
8.150000000000003908e-01 4.115281028250133422e-01
8.160000000000002807e-01 4.202944540959532849e-01
8.170000000000003926e-01 4.288584779706307026e-01
8.180000000000002824e-01 4.318851012793183397e-01
8.190000000000003944e-01 4.378756623618723087e-01
8.200000000000002842e-01 4.448893056664027790e-01
8.210000000000003961e-01 4.492149229952215883e-01
8.220000000000002860e-01 4.468081708449375133e-01
8.230000000000003979e-01 4.476196875413782084e-01
8.240000000000002878e-01 4.535513227513230938e-01
8.250000000000003997e-01 4.516978194793148660e-01
8.260000000000002895e-01 4.467135338345878948e-01
8.270000000000004015e-01 4.506566157090145519e-01
8.280000000000002913e-01 4.514768218889774753e-01
8.290000000000004032e-01 4.544628781899511250e-01
8.300000000000002931e-01 4.551455250361416405e-01
8.310000000000004050e-01 4.547818181818180650e-01
8.320000000000002949e-01 4.549484927916122023e-01
8.330000000000004068e-01 4.494583606128029207e-01
8.340000000000002967e-01 4.345624493530198529e-01
8.350000000000004086e-01 4.090215460955739513e-01
8.360000000000002984e-01 3.778823253388862158e-01
8.370000000000004103e-01 3.485913660632794508e-01
8.380000000000003002e-01 3.225309653916135777e-01
8.390000000000004121e-01 3.012632282340780843e-01
8.400000000000003020e-01 3.112099260412536372e-01
8.410000000000004139e-01 2.872966004930483930e-01
8.420000000000003038e-01 2.934298018391427454e-01
8.430000000000004157e-01 3.209702898550867989e-01
8.440000000000003055e-01 3.218102040816295806e-01
8.450000000000004174e-01 3.373105562008131830e-01
8.460000000000003073e-01 3.586392245266045720e-01
8.470000000000004192e-01 3.668794594594603220e-01
8.480000000000003091e-01 3.716297019527276535e-01
8.490000000000004210e-01 3.804383776151961660e-01
8.500000000000003109e-01 3.776581174660132989e-01
8.510000000000004228e-01 3.661679917927629924e-01
8.520000000000003126e-01 3.510735023041434699e-01
8.530000000000004245e-01 3.277897265525070991e-01
8.540000000000003144e-01 3.023604749138177894e-01
8.550000000000004263e-01 2.814655612244820193e-01
8.560000000000003162e-01 2.617965622612608012e-01
8.570000000000004281e-01 2.389349065004340578e-01
8.580000000000003180e-01 2.164365079365037636e-01
8.590000000000004299e-01 2.016004313625909816e-01
8.600000000000003197e-01 1.850564070032941766e-01
8.610000000000004317e-01 1.590371073961378279e-01
8.620000000000003215e-01 1.399826901176708938e-01
8.630000000000004334e-01 1.362252873563224442e-01
8.640000000000003233e-01 1.380353104492687277e-01
8.650000000000004352e-01 1.425547996976599396e-01
8.660000000000003251e-01 1.503497797356858900e-01
8.670000000000004370e-01 1.623179670813020559e-01
8.680000000000003268e-01 1.853812452924983589e-01
8.690000000000004388e-01 2.033827516947102065e-01
8.700000000000003286e-01 2.125210526315814696e-01
8.710000000000004405e-01 2.291366094904301876e-01
8.720000000000003304e-01 2.420367150362807140e-01
8.730000000000004423e-01 2.489033811603262591e-01
8.740000000000003322e-01 2.509045539613219966e-01
8.750000000000004441e-01 2.487073359073340428e-01
8.760000000000003340e-01 2.449828919557381357e-01
8.770000000000004459e-01 2.455548178540347959e-01
8.780000000000003357e-01 2.358065093167670823e-01
8.790000000000004476e-01 2.067822544642700100e-01
8.800000000000003375e-01 1.554107297732418569e-01
8.810000000000004494e-01 1.012986270871781974e-01
8.820000000000003393e-01 6.262419673750942162e-02
8.830000000000004512e-01 4.190846286701054718e-02
8.840000000000003411e-01 3.855292376017644546e-02
8.850000000000004530e-01 4.565814125477951624e-02
8.860000000000003428e-01 4.410241171403845445e-02
8.870000000000004547e-01 3.480896238012687327e-02
8.880000000000003446e-01 3.261017427589846945e-02
8.890000000000004565e-01 3.914078479460688514e-02
8.900000000000003464e-01 4.345196474476682724e-02
8.910000000000004583e-01 4.352649217221195993e-02
8.920000000000003482e-01 4.492081702544083871e-02
8.930000000000004601e-01 4.183471306471118339e-02
8.940000000000003499e-01 4.016798828839797386e-02
8.950000000000004619e-01 4.152795031056052966e-02
8.960000000000003517e-01 4.719496656535322743e-02
8.970000000000004636e-01 5.732033527697188297e-02
8.980000000000003535e-01 6.617602040816658593e-02
8.990000000000004654e-01 6.737615813727920733e-02
9.000000000000003553e-01 7.597606930813385895e-02
9.010000000000004672e-01 9.104548426150936569e-02
9.020000000000003570e-01 1.100346938775581540e-01
9.030000000000004690e-01 1.325114961961242344e-01
9.040000000000003588e-01 1.601597085039833945e-01
9.050000000000004707e-01 1.818773668995527781e-01
9.060000000000003606e-01 2.087820556023680663e-01
9.070000000000004725e-01 2.334313852813959533e-01
9.080000000000003624e-01 2.551159423769577272e-01
9.090000000000004743e-01 2.742137104506309764e-01
9.100000000000003642e-01 2.878290384385073231e-01
9.110000000000004761e-01 2.793629864686824060e-01
9.120000000000003659e-01 2.698688224745927067e-01
9.130000000000004778e-01 2.669520783564258704e-01
9.140000000000003677e-01 2.720586215120475160e-01
9.150000000000004796e-01 2.800219587751721639e-01
9.160000000000003695e-01 2.863130367550901778e-01
9.170000000000004814e-01 3.008604377304693878e-01
9.180000000000003713e-01 3.160672485453092651e-01
9.190000000000004832e-01 3.270292952064596803e-01
9.200000000000003730e-01 3.380111203319551838e-01
9.210000000000004849e-01 3.504110690633936986e-01
9.220000000000003748e-01 3.629484579936235189e-01
9.230000000000004867e-01 3.731339714049444201e-01
9.240000000000003766e-01 3.856369067296386843e-01
9.250000000000004885e-01 3.960306694955255669e-01
9.260000000000003784e-01 4.019969992939525505e-01
9.270000000000004903e-01 4.074512286890130675e-01
9.280000000000003801e-01 4.198216574715380456e-01
9.290000000000004921e-01 4.305388778025637797e-01
9.300000000000003819e-01 4.361184729064057075e-01
9.310000000000004938e-01 4.428739578454372605e-01
9.320000000000003837e-01 4.474043956043956549e-01
9.330000000000004956e-01 4.495058287583274526e-01
9.340000000000003855e-01 4.600536619553829976e-01
9.350000000000004974e-01 4.637186938775527123e-01
9.360000000000003872e-01 4.675162899091136470e-01
9.370000000000004992e-01 4.706752559329934193e-01
9.380000000000003890e-01 4.719597560975604122e-01
9.390000000000005009e-01 4.703366484855506235e-01
9.400000000000003908e-01 4.679692352326787486e-01
9.410000000000005027e-01 4.623524620553786657e-01
9.420000000000003926e-01 4.528454598033497258e-01
9.430000000000005045e-01 4.415927646786814154e-01
9.440000000000003944e-01 4.313016168148713358e-01
9.450000000000005063e-01 4.229981175655347370e-01
9.460000000000003961e-01 4.046782258064446913e-01
9.470000000000005080e-01 3.833655462184763496e-01
9.480000000000003979e-01 3.731658845180613748e-01
9.490000000000005098e-01 3.801504302926035361e-01
9.500000000000003997e-01 3.882399311531875008e-01
9.510000000000005116e-01 3.662368674698680548e-01
9.520000000000004015e-01 3.615324175824193853e-01
9.530000000000005134e-01 3.699499828434248960e-01
9.540000000000004032e-01 3.795830307182795349e-01
9.550000000000005151e-01 3.716236839100109379e-01
9.560000000000004050e-01 3.574972158831531410e-01
9.570000000000005169e-01 3.439935064935003561e-01
9.580000000000004068e-01 3.335244540491327792e-01
9.590000000000005187e-01 3.246834299352104325e-01
9.600000000000004086e-01 3.075110239799909717e-01
9.610000000000005205e-01 2.829239986383627059e-01
9.620000000000004103e-01 2.533388467202772332e-01
9.630000000000005222e-01 2.251458682363473018e-01
9.640000000000004121e-01 2.030863698010770824e-01
9.650000000000005240e-01 1.848901672694301113e-01
9.660000000000004139e-01 1.736972241029071939e-01
9.670000000000005258e-01 1.695151764573231412e-01
9.680000000000004157e-01 1.677799279522665388e-01
9.690000000000005276e-01 1.621105541193550992e-01
9.700000000000004174e-01 1.417666179611021260e-01
9.710000000000005294e-01 1.313297843665724163e-01
9.720000000000004192e-01 1.378755550571969801e-01
9.730000000000005311e-01 1.524918655462184358e-01
9.740000000000004210e-01 1.523462072829131209e-01
9.750000000000005329e-01 1.567331321260924393e-01
9.760000000000004228e-01 1.640115603708291181e-01
9.770000000000005347e-01 1.659285714285675395e-01
9.780000000000004245e-01 1.598340385257768226e-01
9.790000000000005365e-01 1.601792116690793910e-01
9.800000000000004263e-01 1.512657320872232702e-01
9.810000000000005382e-01 1.368879599777568234e-01
9.820000000000004281e-01 1.184095829636115094e-01
9.830000000000005400e-01 9.701428571428299952e-02
9.840000000000004299e-01 9.211569322841405005e-02
9.850000000000005418e-01 9.381013289036793656e-02
9.860000000000004317e-01 9.397063307921521558e-02
9.870000000000005436e-01 8.673398101125041892e-02
9.880000000000004334e-01 6.858427909029880809e-02
9.890000000000005453e-01 6.625171957672006118e-02
9.900000000000004352e-01 7.018402907809552504e-02
9.910000000000005471e-01 7.635291982844230607e-02
9.920000000000004370e-01 8.113681953150989057e-02
9.930000000000005489e-01 8.387608433073605319e-02
9.940000000000004388e-01 8.288868545115542219e-02
9.950000000000005507e-01 8.031494303242682486e-02
9.960000000000004405e-01 7.885335812732706395e-02
9.970000000000005524e-01 8.504456355283625257e-02
9.980000000000004423e-01 9.254875491481323602e-02
9.990000000000005542e-01 1.356269356598109876e-01
