# Model: CoolTLusty
# Metallicity: 18.0 x solar
# col 0 - wavelength (microns)
# col 1 - geometric albedo
4.299999999999999933e-01 4.565161702127659704e-01
4.309999999999999942e-01 4.569080851063829773e-01
4.319999999999999951e-01 4.572215547703180061e-01
4.329999999999999960e-01 4.575595414462080845e-01
4.339999999999999969e-01 4.578467135325131609e-01
4.349999999999999978e-01 4.581978947368421373e-01
4.359999999999999987e-01 4.585225569176882288e-01
4.369999999999999996e-01 4.588178359511343452e-01
4.380000000000000004e-01 4.593121391304347823e-01
4.390000000000000013e-01 4.596596869565217625e-01
4.400000000000000022e-01 4.594247833622183141e-01
4.410000000000000031e-01 4.591148096885813157e-01
4.420000000000000040e-01 4.598252413793103566e-01
4.430000000000000049e-01 4.608174137931034808e-01
4.440000000000000058e-01 4.615874226804123626e-01
4.450000000000000067e-01 4.621205479452054621e-01
4.460000000000000075e-01 4.625090410958904164e-01
4.470000000000000084e-01 4.629164102564102823e-01
4.480000000000000093e-01 4.633134582623509856e-01
4.490000000000000102e-01 4.637322241086587749e-01
4.500000000000000111e-01 4.641173174872665896e-01
4.510000000000000120e-01 4.644703553299492360e-01
4.520000000000000129e-01 4.648686677908937526e-01
4.530000000000000138e-01 4.651727487352445567e-01
4.540000000000000147e-01 4.655221848739495849e-01
4.550000000000000155e-01 4.658181909547738364e-01
4.560000000000000164e-01 4.662051591289782526e-01
4.570000000000000173e-01 4.664645075125209428e-01
4.580000000000000182e-01 4.666358999999999924e-01
4.590000000000000191e-01 4.665677870216305978e-01
4.600000000000000200e-01 4.669771807628524396e-01
4.610000000000000209e-01 4.679260596026490471e-01
4.620000000000000218e-01 4.686197024793388177e-01
4.630000000000000226e-01 4.691272817133442796e-01
4.640000000000000235e-01 4.695673026315789200e-01
4.650000000000000244e-01 4.699115927750410759e-01
4.660000000000000253e-01 4.702437970540098156e-01
4.670000000000000262e-01 4.706766394779771656e-01
4.680000000000000271e-01 4.711660358890701894e-01
4.690000000000000280e-01 4.716230894308943156e-01
4.700000000000000289e-01 4.720047804878048647e-01
4.710000000000000298e-01 4.724064077669902773e-01
4.720000000000000306e-01 4.727271197411003212e-01
4.730000000000000315e-01 4.730993548387096848e-01
4.740000000000000324e-01 4.735053376205787812e-01
4.750000000000000333e-01 4.737635313001605231e-01
4.760000000000000342e-01 4.740793900481540812e-01
4.770000000000000351e-01 4.742866880000000118e-01
4.780000000000000360e-01 4.744128434504792380e-01
4.790000000000000369e-01 4.743750636942675181e-01
4.800000000000000377e-01 4.741988553259141037e-01
4.810000000000000386e-01 4.739366666666666172e-01
4.820000000000000395e-01 4.736072151898734206e-01
4.830000000000000404e-01 4.735638546603475607e-01
4.840000000000000413e-01 4.721325552050472107e-01
4.850000000000000422e-01 4.676653228346454028e-01
4.860000000000000431e-01 4.672658398744114483e-01
4.870000000000000440e-01 4.729188419405322974e-01
4.880000000000000449e-01 4.768002816901409924e-01
4.890000000000000457e-01 4.787895163806552556e-01
4.900000000000000466e-01 4.796062305295950567e-01
4.910000000000000475e-01 4.799971118012422711e-01
4.920000000000000484e-01 4.804348136645962830e-01
4.930000000000000493e-01 4.807996290571870390e-01
4.940000000000000502e-01 4.812255332302937116e-01
4.950000000000000511e-01 4.815669953775038592e-01
4.960000000000000520e-01 4.819060923076923242e-01
4.970000000000000528e-01 4.822104454685099961e-01
4.980000000000000537e-01 4.825119448698316216e-01
4.990000000000000546e-01 4.826955963302752006e-01
5.000000000000000000e-01 4.829188702290077018e-01
5.010000000000001119e-01 4.830745509893454859e-01
5.020000000000000018e-01 4.832199999999999829e-01
5.030000000000001137e-01 4.831766616084976484e-01
5.040000000000000036e-01 4.831057488653555665e-01
5.050000000000001155e-01 4.830149773071104047e-01
5.060000000000000053e-01 4.827281146304675530e-01
5.070000000000001172e-01 4.823040361445782298e-01
5.080000000000000071e-01 4.814778378378378187e-01
5.090000000000001190e-01 4.807625787106445947e-01
5.100000000000000089e-01 4.805803892215568807e-01
5.110000000000001208e-01 4.816999701492539199e-01
5.120000000000000107e-01 4.841026527570790883e-01
5.130000000000001226e-01 4.861877380952383532e-01
5.140000000000000124e-01 4.875487833827893414e-01
5.150000000000001243e-01 4.882222814814815570e-01
5.160000000000000142e-01 4.886109601181684026e-01
5.170000000000001261e-01 4.887936484490399414e-01
5.180000000000000160e-01 4.888454411764706076e-01
5.190000000000001279e-01 4.886121176470588079e-01
5.200000000000000178e-01 4.882280763582966254e-01
5.210000000000001297e-01 4.880006442166910374e-01
5.220000000000000195e-01 4.878638011695906052e-01
5.230000000000001315e-01 4.883290962099126054e-01
5.240000000000000213e-01 4.888212244897959802e-01
5.250000000000001332e-01 4.897683720930233742e-01
5.260000000000000231e-01 4.903952975326560382e-01
5.270000000000001350e-01 4.907758031837915480e-01
5.280000000000000249e-01 4.899904046242773981e-01
5.290000000000001368e-01 4.912787608069163481e-01
5.300000000000000266e-01 4.909006340057637252e-01
5.310000000000001386e-01 4.914058333333332085e-01
5.320000000000000284e-01 4.905234146341463375e-01
5.330000000000001403e-01 4.895115759312319570e-01
5.340000000000000302e-01 4.885218285714285069e-01
5.350000000000001421e-01 4.870381740370896551e-01
5.360000000000000320e-01 4.841423361823359861e-01
5.370000000000001439e-01 4.799273863636357440e-01
5.380000000000000338e-01 4.744853257790370704e-01
5.390000000000001457e-01 4.610747875354098690e-01
5.400000000000000355e-01 4.591833333333334988e-01
5.410000000000001474e-01 4.480587023977395389e-01
5.420000000000000373e-01 4.279349014084504743e-01
5.430000000000001492e-01 4.357782022471868855e-01
5.440000000000000391e-01 3.826651612903168576e-01
5.450000000000001510e-01 4.356201400560484327e-01
5.460000000000000409e-01 4.411921787709483511e-01
5.470000000000001528e-01 4.485310181311075173e-01
5.480000000000000426e-01 4.526801947148819116e-01
5.490000000000001545e-01 4.910260639777485614e-01
5.500000000000000444e-01 4.971983356449379277e-01
5.510000000000001563e-01 4.980855678670362274e-01
5.520000000000000462e-01 4.988974585635359560e-01
5.530000000000001581e-01 4.989118068965516795e-01
5.540000000000000480e-01 4.984254545454545049e-01
5.550000000000001599e-01 4.951243466299852791e-01
5.560000000000000497e-01 4.730363237311382418e-01
5.570000000000001616e-01 4.703987945205483912e-01
5.580000000000000515e-01 4.558646511627902909e-01
5.590000000000001634e-01 4.969623224043714371e-01
5.600000000000000533e-01 4.948603269754764944e-01
5.610000000000001652e-01 4.986470476190486556e-01
5.620000000000000551e-01 4.996285481682496976e-01
5.630000000000001670e-01 4.994946883468833754e-01
5.640000000000000568e-01 4.993170270270269051e-01
5.650000000000001688e-01 4.987151351351349349e-01
5.660000000000000586e-01 4.976132614555255906e-01
5.670000000000001705e-01 4.963682258064513464e-01
5.680000000000000604e-01 4.948359677419353897e-01
5.690000000000001723e-01 4.934333691275164524e-01
5.700000000000000622e-01 4.906282195448458117e-01
5.710000000000001741e-01 4.888023529411766321e-01
5.720000000000000639e-01 4.882172266666665039e-01
5.730000000000001759e-01 4.851972836218368390e-01
5.740000000000000657e-01 4.802036170212762856e-01
5.750000000000001776e-01 4.756621220159147345e-01
5.760000000000000675e-01 4.759490066225168237e-01
5.770000000000001794e-01 4.750700793650782239e-01
5.780000000000000693e-01 4.717843328929986479e-01
5.790000000000001812e-01 4.378850526315862246e-01
5.800000000000000711e-01 4.786751052631582626e-01
5.810000000000001830e-01 4.872482522996071097e-01
5.820000000000000728e-01 4.954362516382700976e-01
5.830000000000001847e-01 4.969705759162310610e-01
5.840000000000000746e-01 4.997316449086162682e-01
5.850000000000001865e-01 4.982487206266313362e-01
5.860000000000000764e-01 5.040868489583334444e-01
5.870000000000001883e-01 5.048500390117035552e-01
5.880000000000000782e-01 5.050226718547341509e-01
5.890000000000001901e-01 5.029783937823814055e-01
5.900000000000000799e-01 4.977669598965074327e-01
5.910000000000001918e-01 4.995898708010335643e-01
5.920000000000000817e-01 4.817461082474235323e-01
5.930000000000001936e-01 4.773672586872503287e-01
5.940000000000000835e-01 4.630184575835482041e-01
5.950000000000001954e-01 4.649148717948714538e-01
5.960000000000000853e-01 4.787469053708451883e-01
5.970000000000001972e-01 4.850329923273658528e-01
5.980000000000000870e-01 4.862627586206897390e-01
5.990000000000001990e-01 4.887850700636950374e-01
6.000000000000000888e-01 4.918943837357054871e-01
6.010000000000002007e-01 4.948520457433297492e-01
6.020000000000000906e-01 4.978999493029153678e-01
6.030000000000002025e-01 5.001179746835445750e-01
6.040000000000000924e-01 5.009765656565655645e-01
6.050000000000002043e-01 5.003169230769227704e-01
6.060000000000000941e-01 4.977541235813364717e-01
6.070000000000002061e-01 4.931628391959788082e-01
6.080000000000000959e-01 4.871011292346293375e-01
6.090000000000002078e-01 4.825843107769418050e-01
6.100000000000000977e-01 4.794500876095116881e-01
6.110000000000002096e-01 4.715139325842659934e-01
6.120000000000000995e-01 4.544556109725662041e-01
6.130000000000002114e-01 4.232560398505510468e-01
6.140000000000001013e-01 3.868842537313396113e-01
6.150000000000002132e-01 3.794434739454079497e-01
6.160000000000001030e-01 3.710970012391552331e-01
6.170000000000002149e-01 3.566363411619247747e-01
6.180000000000001048e-01 3.301194313967817373e-01
6.190000000000002167e-01 3.120002709359560034e-01
6.200000000000001066e-01 2.982990886699507516e-01
6.210000000000002185e-01 3.174938820638906201e-01
6.220000000000001084e-01 3.428987730061361927e-01
6.230000000000002203e-01 3.722105882353028972e-01
6.240000000000001101e-01 3.918950611246988514e-01
6.250000000000002220e-01 4.322138949939003938e-01
6.260000000000001119e-01 4.550160975609783831e-01
6.270000000000002238e-01 4.642186601705247662e-01
6.280000000000001137e-01 4.731995139732700917e-01
6.290000000000002256e-01 4.854483636363616239e-01
6.300000000000001155e-01 4.436166060605964412e-01
6.310000000000002274e-01 3.965897218863318474e-01
6.320000000000001172e-01 4.556528502415592152e-01
6.330000000000002292e-01 4.020848492159351251e-01
6.340000000000001190e-01 4.400832490974707634e-01
6.350000000000002309e-01 4.583186554621988540e-01
6.360000000000001208e-01 4.811354141656659089e-01
6.370000000000002327e-01 4.989029496402938024e-01
6.380000000000001226e-01 4.984619354838706329e-01
6.390000000000002345e-01 4.965890453460617970e-01
6.400000000000001243e-01 4.951753221957038154e-01
6.410000000000002363e-01 4.919997380952372268e-01
6.420000000000001261e-01 4.880121284185489627e-01
6.430000000000002380e-01 4.869074733096088736e-01
6.440000000000001279e-01 4.886340521327016684e-01
6.450000000000002398e-01 4.896012071005917399e-01
6.460000000000001297e-01 4.892671782762690880e-01
6.470000000000002416e-01 4.886838252656433013e-01
6.480000000000001315e-01 4.859668470588226485e-01
6.490000000000002434e-01 4.800946352941163342e-01
6.500000000000001332e-01 4.764573943661973288e-01
6.510000000000002451e-01 4.767659484777516110e-01
6.520000000000001350e-01 4.772719672131148783e-01
6.530000000000002469e-01 4.747041637426890337e-01
6.540000000000001368e-01 4.684381818181811985e-01
6.550000000000002487e-01 4.614556228172265739e-01
6.560000000000001386e-01 4.531949999999992929e-01
6.570000000000002505e-01 4.489579790940757542e-01
6.580000000000001403e-01 4.462974941995356826e-01
6.590000000000002522e-01 4.409653302433353406e-01
6.600000000000001421e-01 4.293989145496515114e-01
6.610000000000002540e-01 4.101677367205532887e-01
6.620000000000001439e-01 4.119050000000021861e-01
6.630000000000002558e-01 4.222534637514394062e-01
6.640000000000001457e-01 4.224572873563214870e-01
6.650000000000002576e-01 4.178103788748550595e-01
6.660000000000001474e-01 4.099760091743104296e-01
6.670000000000002593e-01 4.057889244851267674e-01
6.680000000000001492e-01 4.100281506849321467e-01
6.690000000000002611e-01 4.153824629418480519e-01
6.700000000000001510e-01 4.110213667425940964e-01
6.710000000000002629e-01 4.202129465301563949e-01
6.720000000000001528e-01 4.295074999999999310e-01
6.730000000000002647e-01 4.634138095238212740e-01
6.740000000000001545e-01 4.726260022650063952e-01
6.750000000000002665e-01 4.748984406779640510e-01
6.760000000000001563e-01 4.718235400225501697e-01
6.770000000000002682e-01 4.836112965050758383e-01
6.780000000000001581e-01 4.889618018018018208e-01
6.790000000000002700e-01 4.803681348314563504e-01
6.800000000000001599e-01 4.651219304152615641e-01
6.810000000000002718e-01 4.682519955156967395e-01
6.820000000000001616e-01 4.574348993288586684e-01
6.830000000000002736e-01 4.560918435754199307e-01
6.840000000000001634e-01 4.584689186176139075e-01
6.850000000000002753e-01 4.573503340757241742e-01
6.860000000000001652e-01 4.584475862068966845e-01
6.870000000000002771e-01 4.695662888888946784e-01
6.880000000000001670e-01 4.790102330743624126e-01
6.890000000000002789e-01 4.821609966777415934e-01
6.900000000000001688e-01 4.857719247787615768e-01
6.910000000000002807e-01 4.864209713024278958e-01
6.920000000000001705e-01 4.848046968026455406e-01
6.930000000000002824e-01 4.801983920704836484e-01
6.940000000000001723e-01 4.754081098901090097e-01
6.950000000000002842e-01 4.663900548847387251e-01
6.960000000000001741e-01 4.512094736842078846e-01
6.970000000000002860e-01 4.332524205914516924e-01
6.980000000000001759e-01 4.180276065573743094e-01
6.990000000000002878e-01 3.998029945355130454e-01
7.000000000000001776e-01 3.765010468920357289e-01
7.010000000000002895e-01 3.602111425462418692e-01
7.020000000000001794e-01 3.469619761129207336e-01
7.030000000000002913e-01 3.477323210412165411e-01
7.040000000000001812e-01 3.518668112798262748e-01
7.050000000000002931e-01 3.605803243243327905e-01
7.060000000000001830e-01 3.809743783783792193e-01
7.070000000000002949e-01 3.893006911447114970e-01
7.080000000000001847e-01 4.035623706896582785e-01
7.090000000000002967e-01 4.121525511302486788e-01
7.100000000000001865e-01 4.217325806451633352e-01
7.110000000000002984e-01 4.339000214822804069e-01
7.120000000000001883e-01 4.347505680600211586e-01
7.130000000000003002e-01 4.349425053533191865e-01
7.140000000000001901e-01 4.344827777777743316e-01
7.150000000000003020e-01 4.141127505330376990e-01
7.160000000000001918e-01 3.674564605543625961e-01
7.170000000000003038e-01 3.153555319148835800e-01
7.180000000000001936e-01 2.799912101910755902e-01
7.190000000000003055e-01 2.496064968152787722e-01
7.200000000000001954e-01 2.213555084745693069e-01
7.210000000000003073e-01 1.978153015872990694e-01
7.220000000000001972e-01 1.847713953488338834e-01
7.230000000000003091e-01 1.826652798310483550e-01
7.240000000000001990e-01 1.690100526870338682e-01
7.250000000000003109e-01 1.413841306638484174e-01
7.260000000000002007e-01 1.326352521008400120e-01
7.270000000000003126e-01 1.257462605041989312e-01
7.280000000000002025e-01 1.249783647798744235e-01
7.290000000000003144e-01 1.413555555555609800e-01
7.300000000000002043e-01 1.593916614420095856e-01
7.310000000000003162e-01 1.751086102403392464e-01
7.320000000000002061e-01 1.912352499999997735e-01
7.330000000000003180e-01 1.907916129032291852e-01
7.340000000000002078e-01 2.020806438213971212e-01
7.350000000000003197e-01 2.198712033194956394e-01
7.360000000000002096e-01 2.031837344398347012e-01
7.370000000000003215e-01 2.253115408480181325e-01
7.380000000000002114e-01 3.041760910031082177e-01
7.390000000000003233e-01 3.395379566563612728e-01
7.400000000000002132e-01 3.774351340206195116e-01
7.410000000000003251e-01 3.968241606591306758e-01
7.420000000000002149e-01 4.332522713257999647e-01
7.430000000000003268e-01 4.517234532374161948e-01
7.440000000000002167e-01 4.674529230769252641e-01
7.450000000000003286e-01 4.732386284544525812e-01
7.460000000000002185e-01 4.725515455475942095e-01
7.470000000000003304e-01 4.732252093973453588e-01
7.480000000000002203e-01 4.755149847094803373e-01
7.490000000000003322e-01 4.752913761467885134e-01
7.500000000000002220e-01 4.746623804679552805e-01
7.510000000000003340e-01 4.745762804878048136e-01
7.520000000000002238e-01 4.734109441624361203e-01
7.530000000000003357e-01 4.717996555217827126e-01
7.540000000000002256e-01 4.709926315789472184e-01
7.550000000000003375e-01 4.690635995955499959e-01
7.560000000000002274e-01 4.466776791119990153e-01
7.570000000000003393e-01 4.501645967742013976e-01
7.580000000000002292e-01 4.483790332326246797e-01
7.590000000000003411e-01 4.406104225352099890e-01
7.600000000000002309e-01 4.251266666666619343e-01
7.610000000000003428e-01 4.183082046138417165e-01
7.620000000000002327e-01 4.063981362725408442e-01
7.630000000000003446e-01 3.962800999999976925e-01
7.640000000000002345e-01 3.895405994005977646e-01
7.650000000000003464e-01 3.875819161676648528e-01
7.660000000000002363e-01 3.835224701195201202e-01
7.670000000000003482e-01 3.822947462686571707e-01
7.680000000000002380e-01 3.846586083499013986e-01
7.690000000000003499e-01 3.863357936507940682e-01
7.700000000000002398e-01 3.848257539682531925e-01
7.710000000000003517e-01 3.801899703264072228e-01
7.720000000000002416e-01 3.697515133531125708e-01
7.730000000000003535e-01 3.529169002961433099e-01
7.740000000000002434e-01 3.448677317554238453e-01
7.750000000000003553e-01 3.421739370078725750e-01
7.760000000000002451e-01 3.329847000983248706e-01
7.770000000000003570e-01 3.228993909626688974e-01
7.780000000000002469e-01 3.111941707556383219e-01
7.790000000000003588e-01 2.966161998041081937e-01
7.800000000000002487e-01 2.754590998042977801e-01
7.810000000000003606e-01 2.542889453124949073e-01
7.820000000000002505e-01 2.455015609756089900e-01
7.830000000000003624e-01 2.372692007797221614e-01
7.840000000000002522e-01 2.350099902629055604e-01
7.850000000000003642e-01 2.463129446064148964e-01
7.860000000000002540e-01 2.473023666343350802e-01
7.870000000000003659e-01 2.483620174587807816e-01
7.880000000000002558e-01 2.561803291384341374e-01
7.890000000000003677e-01 2.640014893617036451e-01
7.900000000000002576e-01 2.662558108108094568e-01
7.910000000000003695e-01 2.592630279652803349e-01
7.920000000000002593e-01 2.465456015399389578e-01
7.930000000000003713e-01 2.336981520692929248e-01
7.940000000000002611e-01 2.218068587896248889e-01
7.950000000000003730e-01 2.197791179290498886e-01
7.960000000000002629e-01 2.173438350910827654e-01
7.970000000000003748e-01 2.113929501915689235e-01
7.980000000000002647e-01 2.065319617224868343e-01
7.990000000000003766e-01 2.098410506208228665e-01
8.000000000000002665e-01 2.227863740458056463e-01
8.010000000000003784e-01 2.288237559580566516e-01
8.020000000000002682e-01 2.287310180780205426e-01
8.030000000000003801e-01 2.349084410646424259e-01
8.040000000000002700e-01 2.420758784425467158e-01
8.050000000000003819e-01 2.392750900473900044e-01
8.060000000000002718e-01 2.431167803030345187e-01
8.070000000000003837e-01 2.539454820415907310e-01
8.080000000000002736e-01 2.540044192634534070e-01
8.090000000000003855e-01 2.553445283018939138e-01
8.100000000000002753e-01 2.751186817325853018e-01
8.110000000000003872e-01 2.942003762935145872e-01
8.120000000000002771e-01 3.091712676056406206e-01
8.130000000000003890e-01 3.308796247654827716e-01
8.140000000000002789e-01 3.414181255857581809e-01
8.150000000000003908e-01 3.540329334582990040e-01
8.160000000000002807e-01 3.625459120673549807e-01
8.170000000000003926e-01 3.787242056074829333e-01
8.180000000000002824e-01 3.835032276119410000e-01
8.190000000000003944e-01 3.926306989748415410e-01
8.200000000000002842e-01 4.013222346368737758e-01
8.210000000000003961e-01 4.071112267658012485e-01
8.220000000000002860e-01 3.997762859795672141e-01
8.230000000000003979e-01 4.017736793327253975e-01
8.240000000000002878e-01 4.139349629629613392e-01
8.250000000000003997e-01 4.039985383903710314e-01
8.260000000000002895e-01 3.911398891966787472e-01
8.270000000000004015e-01 4.006381549815534737e-01
8.280000000000002913e-01 4.103196685082893258e-01
8.290000000000004032e-01 4.175019889502789017e-01
8.300000000000002931e-01 4.166343146274145703e-01
8.310000000000004050e-01 4.161599999999998634e-01
8.320000000000002949e-01 4.182579082568814721e-01
8.330000000000004068e-01 4.115741154903714838e-01
8.340000000000002967e-01 3.914755901189306275e-01
8.350000000000004086e-01 3.566810603290506698e-01
8.360000000000002984e-01 3.173220802919612393e-01
8.370000000000004103e-01 2.845268732907819675e-01
8.380000000000003002e-01 2.563991985427974130e-01
8.390000000000004121e-01 2.347401453224391421e-01
8.400000000000003020e-01 2.444697002724720569e-01
8.410000000000004139e-01 2.208911353315070603e-01
8.420000000000003038e-01 2.264444605621058204e-01
8.430000000000004157e-01 2.534783333333473498e-01
8.440000000000003055e-01 2.540612658227815457e-01
8.450000000000004174e-01 2.698739295393086657e-01
8.460000000000003073e-01 2.917577637511313271e-01
8.470000000000004192e-01 3.001287207207213314e-01
8.480000000000003091e-01 3.050653597122348071e-01
8.490000000000004210e-01 3.150415274034129576e-01
8.500000000000003109e-01 3.116398743267463356e-01
8.510000000000004228e-01 2.989109694793488647e-01
8.520000000000003126e-01 2.832874193548345909e-01
8.530000000000004245e-01 2.596519677996319553e-01
8.540000000000003144e-01 2.346187131367211132e-01
8.550000000000004263e-01 2.146969642857069760e-01
8.560000000000003162e-01 1.966707664884068674e-01
8.570000000000004281e-01 1.763515048975859423e-01
8.580000000000003180e-01 1.568790222222186947e-01
8.590000000000004299e-01 1.444737122557666065e-01
8.600000000000003197e-01 1.309213143872076934e-01
8.610000000000004317e-01 1.101140425531817735e-01
8.620000000000003215e-01 9.527730735163401909e-02
8.630000000000004334e-01 9.240196286472193710e-02
8.640000000000003233e-01 9.379431095406411123e-02
8.650000000000004352e-01 9.727333333333573751e-02
8.660000000000003251e-01 1.033185022026455596e-01
8.670000000000004370e-01 1.127239753737990097e-01
8.680000000000003268e-01 1.312062565905139644e-01
8.690000000000004388e-01 1.460041476274228367e-01
8.700000000000003286e-01 1.514289473684224396e-01
8.710000000000004405e-01 1.655751270815147280e-01
8.720000000000003304e-01 1.758413835376556600e-01
8.730000000000004423e-01 1.805903755458527771e-01
8.740000000000003322e-01 1.809236157205227624e-01
8.750000000000004441e-01 1.770124324324306164e-01
8.760000000000003340e-01 1.737296953872950189e-01
8.770000000000004459e-01 1.787253437771995634e-01
8.780000000000003357e-01 1.719922608695629296e-01
8.790000000000004476e-01 1.474781770833198669e-01
8.800000000000003375e-01 1.074642844752664583e-01
8.810000000000004494e-01 6.742943722942258689e-02
8.820000000000003393e-01 3.979612456746772775e-02
8.830000000000004512e-01 2.549875647668297871e-02
8.840000000000003411e-01 2.342621761657956436e-02
8.850000000000004530e-01 2.784155306298733215e-02
8.860000000000003428e-01 2.694318690783737563e-02
8.870000000000004547e-01 2.097158347676036927e-02
8.880000000000003446e-01 1.947608247422840180e-02
8.890000000000004565e-01 2.361912446352082764e-02
8.900000000000003464e-01 2.640000000000000333e-02
8.910000000000004583e-01 2.642179794520597980e-02
8.920000000000003482e-01 2.756905821917850913e-02
8.930000000000004601e-01 2.539793162393028450e-02
8.940000000000003499e-01 2.417106746370605019e-02
8.950000000000004619e-01 2.504173913043580141e-02
8.960000000000003517e-01 2.882888510638542678e-02
8.970000000000004636e-01 3.558704081632919208e-02
8.980000000000003535e-01 4.155642857143080487e-02
8.990000000000004654e-01 4.237657045840443476e-02
9.000000000000003553e-01 4.838639525021447979e-02
9.010000000000004672e-01 5.906510169492104612e-02
9.020000000000003570e-01 7.283864750634506946e-02
9.030000000000004690e-01 8.967171597634103486e-02
9.040000000000003588e-01 1.109304553119797032e-01
9.050000000000004707e-01 1.281648566610538442e-01
9.060000000000003606e-01 1.504946756529141061e-01
9.070000000000004725e-01 1.719376430976525261e-01
9.080000000000003624e-01 1.911994957983254584e-01
9.090000000000004743e-01 2.084810738255106766e-01
9.100000000000003642e-01 2.212183235540622905e-01
9.110000000000004761e-01 2.126349203688140121e-01
9.120000000000003659e-01 2.037639832635947112e-01
9.130000000000004778e-01 1.992335785953162630e-01
9.140000000000003677e-01 2.038191318864814305e-01
9.150000000000004796e-01 2.128079899916626716e-01
9.160000000000003695e-01 2.200265112406378232e-01
9.170000000000004814e-01 2.342812989175752092e-01
9.180000000000003713e-01 2.490230423940206217e-01
9.190000000000004832e-01 2.596005481727621800e-01
9.200000000000003730e-01 2.704068713692995285e-01
9.210000000000004849e-01 2.830689072847752952e-01
9.220000000000003748e-01 2.963747394540987568e-01
9.230000000000004867e-01 3.070612572373917493e-01
9.240000000000003766e-01 3.209027768595092978e-01
9.250000000000004885e-01 3.336517326732731381e-01
9.260000000000003784e-01 3.398637561779243588e-01
9.270000000000004903e-01 3.456713251028906142e-01
9.280000000000003801e-01 3.641193262120011598e-01
9.290000000000004921e-01 3.766747904683704351e-01
9.300000000000003819e-01 3.834531034482780432e-01
9.310000000000004938e-01 3.930451803278747214e-01
9.320000000000003837e-01 3.966438461538433491e-01
9.330000000000004956e-01 3.922353066230614971e-01
9.340000000000003855e-01 3.997741455437476832e-01
9.350000000000004974e-01 4.044906938775531535e-01
9.360000000000003872e-01 4.093005872756951269e-01
9.370000000000004992e-01 4.116944136807818566e-01
9.380000000000003890e-01 4.140126666666695265e-01
9.390000000000005009e-01 4.209420146222591086e-01
9.400000000000003908e-01 4.224204874086113226e-01
9.410000000000005027e-01 4.124109813463036622e-01
9.420000000000003926e-01 3.973219433198309503e-01
9.430000000000005045e-01 3.823891909385052079e-01
9.440000000000003944e-01 3.714412287793017464e-01
9.450000000000005063e-01 3.639877122069486992e-01
9.460000000000003961e-01 3.441081129032181884e-01
9.470000000000005080e-01 3.205682352941053859e-01
9.480000000000003979e-01 3.089803220611945234e-01
9.490000000000005098e-01 3.164033253012105140e-01
9.500000000000003997e-01 3.266523212851447089e-01
9.510000000000005116e-01 3.020694136546055453e-01
9.520000000000004015e-01 2.966826923076941736e-01
9.530000000000005134e-01 3.060562850280305613e-01
9.540000000000004032e-01 3.169506634692212943e-01
9.550000000000005151e-01 3.082376338928813908e-01
9.560000000000004050e-01 2.913373801916870343e-01
9.570000000000005169e-01 2.771036363636302791e-01
9.580000000000004068e-01 2.670874522292968067e-01
9.590000000000005187e-01 2.587684964200381299e-01
9.600000000000004086e-01 2.413460620524991163e-01
9.610000000000005205e-01 2.176705798252461799e-01
9.620000000000004103e-01 1.903653132434459105e-01
9.630000000000005222e-01 1.650629160063284140e-01
9.640000000000004121e-01 1.458685917721453396e-01
9.650000000000005240e-01 1.308211234177137916e-01
9.660000000000004139e-01 1.217248657187960242e-01
9.670000000000005258e-01 1.181552959747432241e-01
9.680000000000004157e-01 1.165321670606761922e-01
9.690000000000005276e-01 1.119726986624621362e-01
9.700000000000004174e-01 9.650456333594956138e-02
9.710000000000005294e-01 8.866226415094008440e-02
9.720000000000004192e-01 9.376238618525040147e-02
9.730000000000005311e-01 1.049802352941175965e-01
9.740000000000004210e-01 1.049018039215685871e-01
9.750000000000005329e-01 1.083707198748063705e-01
9.760000000000004228e-01 1.141400781860857916e-01
9.770000000000005347e-01 1.155987499999968082e-01
9.780000000000004245e-01 1.105388932190177059e-01
9.790000000000005365e-01 1.101024162120028682e-01
9.800000000000004263e-01 1.022308878504636642e-01
9.810000000000005382e-01 9.175830350193980856e-02
9.820000000000004281e-01 7.908111801241597683e-02
9.830000000000005400e-01 6.345999999999801799e-02
9.840000000000004299e-01 5.990685802947859351e-02
9.850000000000005418e-01 6.116181395349018501e-02
9.860000000000004317e-01 6.130734725444517141e-02
9.870000000000005436e-01 5.612587326119827802e-02
9.880000000000004334e-01 4.335925811436833199e-02
9.890000000000005453e-01 4.169046296296328308e-02
9.900000000000004352e-01 4.439563608327130179e-02
9.910000000000005471e-01 4.869858352579112953e-02
9.920000000000004370e-01 5.217818321786143326e-02
9.930000000000005489e-01 5.420462720983965782e-02
9.940000000000004388e-01 5.352256331542503548e-02
9.950000000000005507e-01 5.166453987729995034e-02
9.960000000000004405e-01 5.056683001531574878e-02
9.970000000000005524e-01 5.488535987749072059e-02
9.980000000000004423e-01 6.005620795107257520e-02
9.990000000000005542e-01 9.177435114507592750e-02
