# Model: CoolTLusty
# Metallicity: 19.0 x solar
# col 0 - wavelength (microns)
# col 1 - geometric albedo
4.299999999999999933e-01 4.564915070921985452e-01
4.309999999999999942e-01 4.568880851063829573e-01
4.319999999999999951e-01 4.571965547703180088e-01
4.329999999999999960e-01 4.575326807760141112e-01
4.339999999999999969e-01 4.578117135325132092e-01
4.349999999999999978e-01 4.581628947368421301e-01
4.359999999999999987e-01 4.584843520140104989e-01
4.369999999999999996e-01 4.587728359511343834e-01
4.380000000000000004e-01 4.592728086956521794e-01
4.390000000000000013e-01 4.596203217391304774e-01
4.400000000000000022e-01 4.593403812824956578e-01
4.410000000000000031e-01 4.589830968858131799e-01
4.420000000000000040e-01 4.597123620689655410e-01
4.430000000000000049e-01 4.607522844827585673e-01
4.440000000000000058e-01 4.615475773195876208e-01
4.450000000000000067e-01 4.620893835616438627e-01
4.460000000000000075e-01 4.624740410958904091e-01
4.470000000000000084e-01 4.628814102564102750e-01
4.480000000000000093e-01 4.632766609880749620e-01
4.490000000000000102e-01 4.636972241086587676e-01
4.500000000000000111e-01 4.640785229202037399e-01
4.510000000000000120e-01 4.644303553299491960e-01
4.520000000000000129e-01 4.648236677908937908e-01
4.530000000000000138e-01 4.651236003372681282e-01
4.540000000000000147e-01 4.654621848739495804e-01
4.550000000000000155e-01 4.657531909547738547e-01
4.560000000000000164e-01 4.661358291457286529e-01
4.570000000000000173e-01 4.663841318864774821e-01
4.580000000000000182e-01 4.665378250000000171e-01
4.590000000000000191e-01 4.664403826955074717e-01
4.600000000000000200e-01 4.668477943615257364e-01
4.610000000000000209e-01 4.678348013245032799e-01
4.620000000000000218e-01 4.685531157024793725e-01
4.630000000000000226e-01 4.690622817133442979e-01
4.640000000000000235e-01 4.694973026315790166e-01
4.650000000000000244e-01 4.698337931034482495e-01
4.660000000000000253e-01 4.701637970540097911e-01
4.670000000000000262e-01 4.705966394779771966e-01
4.680000000000000271e-01 4.710860358890702204e-01
4.690000000000000280e-01 4.715430894308943466e-01
4.700000000000000289e-01 4.719200731707317020e-01
4.710000000000000298e-01 4.723235922330097369e-01
4.720000000000000306e-01 4.726362135922330121e-01
4.730000000000000315e-01 4.730043548387096730e-01
4.740000000000000324e-01 4.734082958199357094e-01
4.750000000000000333e-01 4.736583707865169024e-01
4.760000000000000342e-01 4.739612841091492834e-01
4.770000000000000351e-01 4.741544639999999977e-01
4.780000000000000360e-01 4.742564217252396297e-01
4.790000000000000369e-01 4.741917515923566584e-01
4.800000000000000377e-01 4.739736327503974445e-01
4.810000000000000386e-01 4.736588095238095653e-01
4.820000000000000395e-01 4.732786075949367288e-01
4.830000000000000404e-01 4.731998183254343959e-01
4.840000000000000413e-01 4.716415141955834778e-01
4.850000000000000422e-01 4.668586062992122754e-01
4.860000000000000431e-01 4.664014050235479880e-01
4.870000000000000440e-01 4.723984272300472687e-01
4.880000000000000449e-01 4.765103521126762276e-01
4.890000000000000457e-01 4.786040795631825162e-01
4.900000000000000466e-01 4.794449376947040875e-01
4.910000000000000475e-01 4.798356288819876081e-01
4.920000000000000484e-01 4.802698136645962568e-01
4.930000000000000493e-01 4.806346290571870683e-01
4.940000000000000502e-01 4.810558114374034466e-01
4.950000000000000511e-01 4.813945531587057181e-01
4.960000000000000520e-01 4.817308153846154295e-01
4.970000000000000528e-01 4.820226190476190609e-01
4.980000000000000537e-01 4.823109494640122619e-01
4.990000000000000546e-01 4.824792966360856306e-01
5.000000000000000000e-01 4.826922977099236678e-01
5.010000000000001119e-01 4.828293226788432646e-01
5.020000000000000018e-01 4.829549088145896896e-01
5.030000000000001137e-01 4.828772154779968906e-01
5.040000000000000036e-01 4.827659984871406906e-01
5.050000000000001155e-01 4.826449697428139007e-01
5.060000000000000053e-01 4.823066289592760070e-01
5.070000000000001172e-01 4.818295406626505462e-01
5.080000000000000071e-01 4.809193243243243820e-01
5.090000000000001190e-01 4.801329010494752025e-01
5.100000000000000089e-01 4.799053892215568440e-01
5.110000000000001208e-01 4.810707313432837640e-01
5.120000000000000107e-01 4.835993144560358226e-01
5.130000000000001226e-01 4.857961011904765036e-01
5.140000000000000124e-01 4.872183827893175057e-01
5.150000000000001243e-01 4.879108444444444914e-01
5.160000000000000142e-01 4.882949926144755648e-01
5.170000000000001261e-01 4.884635893648449634e-01
5.180000000000000160e-01 4.884868014705882056e-01
5.190000000000001279e-01 4.882136323529411293e-01
5.200000000000000178e-01 4.877805212922173284e-01
5.210000000000001297e-01 4.875063250366031831e-01
5.220000000000000195e-01 4.873337280701754981e-01
5.230000000000001315e-01 4.877964723032070515e-01
5.240000000000000213e-01 4.882772303206997511e-01
5.250000000000001332e-01 4.892700145348837792e-01
5.260000000000000231e-01 4.899026923076923445e-01
5.270000000000001350e-01 4.902655426917509884e-01
5.280000000000000249e-01 4.893458164739883376e-01
5.290000000000001368e-01 4.907488544668586750e-01
5.300000000000000266e-01 4.902976873198847119e-01
5.310000000000001386e-01 4.908572988505745527e-01
5.320000000000000284e-01 4.898887159253945689e-01
5.330000000000001403e-01 4.887862320916904202e-01
5.340000000000000302e-01 4.877085214285714065e-01
5.350000000000001421e-01 4.861045720399426728e-01
5.360000000000000320e-01 4.830193874643872731e-01
5.370000000000001439e-01 4.785325142045447899e-01
5.380000000000000338e-01 4.727212747875357279e-01
5.390000000000001457e-01 4.579825779036817424e-01
5.400000000000000355e-01 4.563142655367233291e-01
5.410000000000001474e-01 4.445821720733386662e-01
5.420000000000000373e-01 4.228589647887321390e-01
5.430000000000001492e-01 4.319629775280852679e-01
5.440000000000000391e-01 3.722172580645097262e-01
5.450000000000001510e-01 4.299514565826618173e-01
5.460000000000000409e-01 4.350610335195514433e-01
5.470000000000001528e-01 4.426000976290160316e-01
5.480000000000000426e-01 4.468987204450627915e-01
5.490000000000001545e-01 4.896295827538266199e-01
5.500000000000000444e-01 4.964552357836342078e-01
5.510000000000001563e-01 4.973860318559558680e-01
5.520000000000000462e-01 4.982557389502762502e-01
5.530000000000001581e-01 4.982503172413792480e-01
5.540000000000000480e-01 4.976963360881542231e-01
5.550000000000001599e-01 4.940096973865188423e-01
5.560000000000000497e-01 4.692408641975305827e-01
5.570000000000001616e-01 4.662535068493154911e-01
5.580000000000000515e-01 4.499984336525303386e-01
5.590000000000001634e-01 4.959224180327866383e-01
5.600000000000000533e-01 4.935144618528606308e-01
5.610000000000001652e-01 4.977155646258515365e-01
5.620000000000000551e-01 4.987981953867028362e-01
5.630000000000001670e-01 4.986226151761516956e-01
5.640000000000000568e-01 4.984199999999999742e-01
5.650000000000001688e-01 4.977649999999997910e-01
5.660000000000000586e-01 4.965783288409703067e-01
5.670000000000001705e-01 4.952339784946234169e-01
5.680000000000000604e-01 4.935941935483869614e-01
5.690000000000001723e-01 4.920801409395969550e-01
5.700000000000000622e-01 4.889941633199462734e-01
5.710000000000001741e-01 4.870511430481285764e-01
5.720000000000000639e-01 4.864929799999997972e-01
5.730000000000001759e-01 4.832695472703055217e-01
5.740000000000000657e-01 4.779797340425528951e-01
5.750000000000001776e-01 4.731585809018563626e-01
5.760000000000000675e-01 4.735569536423843151e-01
5.770000000000001794e-01 4.723649999999986471e-01
5.780000000000000693e-01 4.685003896961690839e-01
5.790000000000001812e-01 4.302021973684291289e-01
5.800000000000000711e-01 4.754325526315792971e-01
5.810000000000001830e-01 4.846972864651788448e-01
5.820000000000000728e-01 4.936482044560944749e-01
5.830000000000001847e-01 4.952193193717284725e-01
5.840000000000000746e-01 4.982112532637076874e-01
5.850000000000001865e-01 4.964691383812004921e-01
5.860000000000000764e-01 5.029501953125001812e-01
5.870000000000001883e-01 5.037670871261380467e-01
5.880000000000000782e-01 5.039396757457846876e-01
5.890000000000001901e-01 5.016608937823813230e-01
5.900000000000000799e-01 4.958732276843471065e-01
5.910000000000001918e-01 4.980449354005168083e-01
5.920000000000000817e-01 4.782158698453617962e-01
5.930000000000001936e-01 4.734282239382145985e-01
5.940000000000000835e-01 4.576263239074557787e-01
5.950000000000001954e-01 4.600324358974355876e-01
5.960000000000000853e-01 4.757085549872135943e-01
5.970000000000001972e-01 4.827267263427111876e-01
5.980000000000000870e-01 4.840095402298851268e-01
5.990000000000001990e-01 4.866562929936313342e-01
6.000000000000000888e-01 4.899155527318935777e-01
6.010000000000002007e-01 4.930046759847528937e-01
6.020000000000000906e-01 4.961854309252221040e-01
6.030000000000002025e-01 4.985010759493673227e-01
6.040000000000000924e-01 4.993897979797979891e-01
6.050000000000002043e-01 4.986776923076919887e-01
6.060000000000000941e-01 4.959658070617904424e-01
6.070000000000002061e-01 4.911285615577877794e-01
6.080000000000000959e-01 4.847524780426594182e-01
6.090000000000002078e-01 4.800120175438591374e-01
6.100000000000000977e-01 4.767230725907382061e-01
6.110000000000002096e-01 4.684330898876366556e-01
6.120000000000000995e-01 4.506808603491246901e-01
6.130000000000002114e-01 4.179052615192927478e-01
6.140000000000001013e-01 3.797263619402946877e-01
6.150000000000002132e-01 3.729429218362269038e-01
6.160000000000001030e-01 3.646850247831452396e-01
6.170000000000002149e-01 3.500032447465972196e-01
6.180000000000001048e-01 3.229960259579682247e-01
6.190000000000002167e-01 3.044175615763496379e-01
6.200000000000001066e-01 2.888627524630540955e-01
6.210000000000002185e-01 3.088624201474294284e-01
6.220000000000001084e-01 3.351163496932526575e-01
6.230000000000002203e-01 3.652038235294208790e-01
6.240000000000001101e-01 3.841585024449925556e-01
6.250000000000002220e-01 4.267691575091631107e-01
6.260000000000001119e-01 4.504409756097589312e-01
6.270000000000002238e-01 4.595547015834357540e-01
6.280000000000001137e-01 4.688002430133674237e-01
6.290000000000002256e-01 4.820216363636340984e-01
6.300000000000001155e-01 4.351709696969590091e-01
6.310000000000002274e-01 3.826449214026553802e-01
6.320000000000001172e-01 4.481429710145075074e-01
6.330000000000002292e-01 3.884643184559847806e-01
6.340000000000001190e-01 4.307516125150397390e-01
6.350000000000002309e-01 4.511477731092592980e-01
6.360000000000001208e-01 4.765646758703478425e-01
6.370000000000002327e-01 4.965303417266254682e-01
6.380000000000001226e-01 4.960947670250893116e-01
6.390000000000002345e-01 4.941841109785199970e-01
6.400000000000001243e-01 4.927776670644388735e-01
6.410000000000002363e-01 4.894949583333324528e-01
6.420000000000001261e-01 4.853166468489888974e-01
6.430000000000002380e-01 4.841584519572957879e-01
6.440000000000001279e-01 4.859561848341234502e-01
6.450000000000002398e-01 4.869638579881657159e-01
6.460000000000001297e-01 4.866043683589137414e-01
6.470000000000002416e-01 4.859672077922077005e-01
6.480000000000001315e-01 4.831043058823520364e-01
6.490000000000002434e-01 4.769329058823514877e-01
6.500000000000001332e-01 4.730872359154931206e-01
6.510000000000002451e-01 4.735009484777516486e-01
6.520000000000001350e-01 4.740316803278690205e-01
6.530000000000002469e-01 4.713471403508761037e-01
6.540000000000001368e-01 4.648395454545448113e-01
6.550000000000002487e-01 4.576098544819529601e-01
6.560000000000001386e-01 4.489893604651155612e-01
6.570000000000002505e-01 4.443803832752603600e-01
6.580000000000001403e-01 4.415526914153129479e-01
6.590000000000002522e-01 4.358889223638450772e-01
6.600000000000001421e-01 4.231267956120068896e-01
6.610000000000002540e-01 4.017994572748259108e-01
6.620000000000001439e-01 4.042908928571454785e-01
6.630000000000002558e-01 4.164750057537411898e-01
6.640000000000001457e-01 4.169720344827582692e-01
6.650000000000002576e-01 4.121242192881729993e-01
6.660000000000001474e-01 4.043520527522921348e-01
6.670000000000002593e-01 4.000327345537767476e-01
6.680000000000001492e-01 4.044331107305942918e-01
6.690000000000002611e-01 4.097737856328400041e-01
6.700000000000001510e-01 4.038625056947575676e-01
6.710000000000002629e-01 4.129324971558681057e-01
6.720000000000001528e-01 4.220624999999997295e-01
6.730000000000002647e-01 4.588182142857271661e-01
6.740000000000001545e-01 4.683843771234434961e-01
6.750000000000002665e-01 4.702211129943478229e-01
6.760000000000001563e-01 4.663355862457747580e-01
6.770000000000002682e-01 4.793020124013556704e-01
6.780000000000001581e-01 4.852331531531532405e-01
6.790000000000002700e-01 4.758528876404447550e-01
6.800000000000001599e-01 4.594314478114455147e-01
6.810000000000002718e-01 4.635539125560558249e-01
6.820000000000001616e-01 4.523315436241607812e-01
6.830000000000002736e-01 4.516194413407830788e-01
6.840000000000001634e-01 4.538642809364543673e-01
6.850000000000002753e-01 4.522454342984413289e-01
6.860000000000001652e-01 4.531487931034483552e-01
6.870000000000002771e-01 4.652873388888952300e-01
6.880000000000001670e-01 4.756194894561604491e-01
6.890000000000002789e-01 4.788664341085279719e-01
6.900000000000001688e-01 4.825895022123898870e-01
6.910000000000002807e-01 4.833139072847678075e-01
6.920000000000001705e-01 4.816207056229321326e-01
6.930000000000002824e-01 4.768428359030827401e-01
6.940000000000001723e-01 4.718854010989002035e-01
6.950000000000002842e-01 4.625076234906662087e-01
6.960000000000001741e-01 4.467823684210499025e-01
6.970000000000002860e-01 4.282402573932039269e-01
6.980000000000001759e-01 4.125979836065545858e-01
6.990000000000002878e-01 3.939921256830539176e-01
7.000000000000001776e-01 3.702472519083933600e-01
7.010000000000002895e-01 3.537658813928141743e-01
7.020000000000001794e-01 3.403969761129207461e-01
7.030000000000002913e-01 3.411743492407827705e-01
7.040000000000001812e-01 3.453457158351407874e-01
7.050000000000002931e-01 3.541906486486571803e-01
7.060000000000001830e-01 3.748568648648657464e-01
7.070000000000002949e-01 3.833442980561586610e-01
7.080000000000001847e-01 3.978679849137962687e-01
7.090000000000002967e-01 4.065989881593122246e-01
7.100000000000001865e-01 4.164172311827977757e-01
7.110000000000002984e-01 4.289407465091333860e-01
7.120000000000001883e-01 4.297495873526255838e-01
7.130000000000003002e-01 4.298654978586725073e-01
7.140000000000001901e-01 4.294589636752101369e-01
7.150000000000003020e-01 4.086026439232292029e-01
7.160000000000001918e-01 3.605892110874114875e-01
7.170000000000003038e-01 3.077418617021178138e-01
7.180000000000001936e-01 2.728202866241965507e-01
7.190000000000003055e-01 2.423045753715420969e-01
7.200000000000001954e-01 2.135164724576198714e-01
7.210000000000003073e-01 1.892202169312145188e-01
7.220000000000001972e-01 1.758548308668041182e-01
7.230000000000003091e-01 1.748609662090850336e-01
7.240000000000001990e-01 1.622059483666966340e-01
7.250000000000003109e-01 1.352607428872418249e-01
7.260000000000002007e-01 1.272184663865544574e-01
7.270000000000003126e-01 1.208572689075604473e-01
7.280000000000002025e-01 1.190206289308175652e-01
7.290000000000003144e-01 1.352111111111165553e-01
7.300000000000002043e-01 1.533030407523544303e-01
7.310000000000003162e-01 1.680689864158875224e-01
7.320000000000002061e-01 1.836393437499994341e-01
7.330000000000003180e-01 1.813570967741963968e-01
7.340000000000002078e-01 1.912898026999018397e-01
7.350000000000003197e-01 2.087674481327726483e-01
7.360000000000002096e-01 1.891832053941911451e-01
7.370000000000003215e-01 2.110779782833872020e-01
7.380000000000002114e-01 2.940562719751868559e-01
7.390000000000003233e-01 3.301766408668882491e-01
7.400000000000002132e-01 3.691628505154646023e-01
7.410000000000003251e-01 3.884367971163923405e-01
7.420000000000002149e-01 4.271461767728710890e-01
7.430000000000003268e-01 4.464888078109006120e-01
7.440000000000002167e-01 4.631887692307716242e-01
7.450000000000003286e-01 4.693604094165815255e-01
7.460000000000002185e-01 4.685270010235408900e-01
7.470000000000003304e-01 4.692658222676212576e-01
7.480000000000002203e-01 4.717967380224263318e-01
7.490000000000003322e-01 4.715761926605500087e-01
7.500000000000002220e-01 4.709061902339776728e-01
7.510000000000003340e-01 4.707478963414633011e-01
7.520000000000002238e-01 4.694146091370553497e-01
7.530000000000003357e-01 4.675893920972639117e-01
7.540000000000002256e-01 4.666821710526314337e-01
7.550000000000003375e-01 4.647184024266925451e-01
7.560000000000002274e-01 4.400017558022099595e-01
7.570000000000003393e-01 4.444629687500090132e-01
7.580000000000002292e-01 4.431469939576999639e-01
7.590000000000003411e-01 4.354023943661961549e-01
7.600000000000002309e-01 4.196966666666617773e-01
7.610000000000003428e-01 4.127553560682047928e-01
7.620000000000002327e-01 4.006712625250457571e-01
7.630000000000003446e-01 3.903441499999976139e-01
7.640000000000002345e-01 3.835085364635348326e-01
7.650000000000003464e-01 3.815503892215570958e-01
7.660000000000002363e-01 3.773756772908348212e-01
7.670000000000003482e-01 3.761278208955228797e-01
7.680000000000002380e-01 3.785727435387681861e-01
7.690000000000003499e-01 3.803002876984131198e-01
7.700000000000002398e-01 3.787750793650785375e-01
7.710000000000003517e-01 3.740238427299680257e-01
7.720000000000002416e-01 3.633836449060304230e-01
7.730000000000003535e-01 3.463644471865677255e-01
7.740000000000002434e-01 3.382408185404336964e-01
7.750000000000003553e-01 3.355215157480300192e-01
7.760000000000002451e-01 3.262576155358862806e-01
7.770000000000003570e-01 3.161134479371286443e-01
7.780000000000002469e-01 3.042669332679052152e-01
7.790000000000003588e-01 2.896552350636577566e-01
7.800000000000002487e-01 2.685742172211275647e-01
7.810000000000003606e-01 2.474036035156198798e-01
7.820000000000002505e-01 2.386547073170724176e-01
7.830000000000003624e-01 2.304266569200730252e-01
7.840000000000002522e-01 2.279701606621265253e-01
7.850000000000003642e-01 2.389914577259484030e-01
7.860000000000002540e-01 2.397313482056249723e-01
7.870000000000003659e-01 2.404920174587808213e-01
7.880000000000002558e-01 2.483873088092957704e-01
7.890000000000003677e-01 2.564576112185702472e-01
7.900000000000002576e-01 2.588233445945932187e-01
7.910000000000003695e-01 2.517350819672090068e-01
7.920000000000002593e-01 2.391580750721815363e-01
7.930000000000003713e-01 2.263189268527383280e-01
7.940000000000002611e-01 2.138720893371755249e-01
7.950000000000003730e-01 2.127393911792896664e-01
7.960000000000002629e-01 2.105150383509102607e-01
7.970000000000003748e-01 2.043469061302661816e-01
7.980000000000002647e-01 1.991577990430609124e-01
7.990000000000003766e-01 2.025675167144237176e-01
8.000000000000002665e-01 2.158713835877905107e-01
8.010000000000003784e-01 2.215779647283138698e-01
8.020000000000002682e-01 2.208927925784960888e-01
8.030000000000003801e-01 2.267971863117906883e-01
8.040000000000002700e-01 2.338533950617300017e-01
8.050000000000003819e-01 2.299449383886215670e-01
8.060000000000002718e-01 2.329440435606102977e-01
8.070000000000003837e-01 2.435372495274128468e-01
8.080000000000002736e-01 2.428249433427731585e-01
8.090000000000003855e-01 2.440035141509511729e-01
8.100000000000002753e-01 2.653136252354105218e-01
8.110000000000003872e-01 2.854403809971835515e-01
8.120000000000002771e-01 3.007550000000071555e-01
8.130000000000003890e-01 3.235128189493477469e-01
8.140000000000002789e-01 3.342693017806974698e-01
8.150000000000003908e-01 3.474183177132195710e-01
8.160000000000002807e-01 3.557939335827899341e-01
8.170000000000003926e-01 3.728338084112216566e-01
8.180000000000002824e-01 3.776256110074633354e-01
8.190000000000003944e-01 3.872186812674792700e-01
8.200000000000002842e-01 3.961007355679724840e-01
8.210000000000003961e-01 4.020109107806711934e-01
8.220000000000002860e-01 3.938783936861590673e-01
8.230000000000003979e-01 3.959440917516325875e-01
8.240000000000002878e-01 4.089950740740722068e-01
8.250000000000003997e-01 3.979664986123869208e-01
8.260000000000002895e-01 3.839193905817205321e-01
8.270000000000004015e-01 3.942599446494505777e-01
8.280000000000002913e-01 4.050029742173134606e-01
8.290000000000004032e-01 4.127838213628020614e-01
8.300000000000002931e-01 4.116324057037714090e-01
8.310000000000004050e-01 4.110595454545452609e-01
8.320000000000002949e-01 4.135439082568816427e-01
8.330000000000004068e-01 4.068703299724978906e-01
8.340000000000002967e-01 3.863256038426267081e-01
8.350000000000004086e-01 3.507754936014452207e-01
8.360000000000002984e-01 3.107893248175085943e-01
8.370000000000004103e-01 2.777991704648932192e-01
8.380000000000003002e-01 2.496926092896098459e-01
8.390000000000004121e-01 2.281558583106316762e-01
8.400000000000003020e-01 2.377984741144339720e-01
8.410000000000004139e-01 2.144288101725607409e-01
8.420000000000003038e-01 2.199134134179535072e-01
8.430000000000004157e-01 2.466714583333472210e-01
8.440000000000003055e-01 2.471812206148250035e-01
8.450000000000004174e-01 2.629762375790557494e-01
8.460000000000003073e-01 2.848216230838634955e-01
8.470000000000004192e-01 2.931334594594600662e-01
8.480000000000003091e-01 2.980470233812995695e-01
8.490000000000004210e-01 3.081061635220113670e-01
8.500000000000003109e-01 3.046239991023298455e-01
8.510000000000004228e-01 2.918187926391334064e-01
8.520000000000003126e-01 2.762830241935442799e-01
8.530000000000004245e-01 2.528021243291490028e-01
8.540000000000003144e-01 2.279765817694289487e-01
8.550000000000004263e-01 2.082672321428499229e-01
8.560000000000003162e-01 1.905029857397438908e-01
8.570000000000004281e-01 1.705503517364107546e-01
8.580000000000003180e-01 1.514826222222187824e-01
8.590000000000004299e-01 1.393642095914683909e-01
8.600000000000003197e-01 1.261492895204227027e-01
8.610000000000004317e-01 1.059256382978629035e-01
8.620000000000003215e-01 9.153165633303361748e-02
8.630000000000004334e-01 8.875067197170691258e-02
8.640000000000003233e-01 9.010219081272134722e-02
8.650000000000004352e-01 9.346973544973777304e-02
8.660000000000003251e-01 9.932511013216091533e-02
8.670000000000004370e-01 1.084489929639483041e-01
8.680000000000003268e-01 1.264061599297054417e-01
8.690000000000004388e-01 1.408349824253137261e-01
8.700000000000003286e-01 1.454467105263169413e-01
8.710000000000004405e-01 1.592939614373428681e-01
8.720000000000003304e-01 1.689437653239951043e-01
8.730000000000004423e-01 1.731126113537128919e-01
8.740000000000003322e-01 1.730844716157191321e-01
8.750000000000004441e-01 1.687629729729710482e-01
8.760000000000003340e-01 1.653752915578785565e-01
8.770000000000004459e-01 1.715937423846848053e-01
8.780000000000003357e-01 1.655178695652152754e-01
8.790000000000004476e-01 1.414376562499867207e-01
8.800000000000003375e-01 1.026832697311213655e-01
8.810000000000004494e-01 6.431549783548387578e-02
8.820000000000003393e-01 3.796421712802165727e-02
8.830000000000004512e-01 2.431375647668298362e-02
8.840000000000003411e-01 2.224121761657956581e-02
8.850000000000004530e-01 2.584364106988946974e-02
8.860000000000003428e-01 2.544114556416839437e-02
8.870000000000004547e-01 1.998249999999636428e-02
8.880000000000003446e-01 1.850853092783653203e-02
8.890000000000004565e-01 2.241454077253367955e-02
8.900000000000003464e-01 2.515796915167096623e-02
8.910000000000004583e-01 2.522065924657581823e-02
8.920000000000003482e-01 2.630798801369903586e-02
8.930000000000004601e-01 2.411702136752002026e-02
8.940000000000003499e-01 2.294422288642171057e-02
8.950000000000004619e-01 2.385021739130536306e-02
8.960000000000003517e-01 2.753280425532149411e-02
8.970000000000004636e-01 3.401278061224745353e-02
8.980000000000003535e-01 3.973982142857357402e-02
8.990000000000004654e-01 4.052308998302241172e-02
9.000000000000003553e-01 4.630023748940013950e-02
9.010000000000004672e-01 5.657392796610727359e-02
9.020000000000003570e-01 6.984453508030939728e-02
9.030000000000004690e-01 8.610346153847091288e-02
9.040000000000003588e-01 1.066870657672914641e-01
9.050000000000004707e-01 1.233987015177146346e-01
9.060000000000003606e-01 1.451456950294935377e-01
9.070000000000004725e-01 1.661307744107836659e-01
9.080000000000003624e-01 1.850569327731152736e-01
9.090000000000004743e-01 2.020766946308796830e-01
9.100000000000003642e-01 2.146194719195275158e-01
9.110000000000004761e-01 2.061156999161736503e-01
9.120000000000003659e-01 1.974154016736366368e-01
9.130000000000004778e-01 1.925670401337775672e-01
9.140000000000003677e-01 1.970226711185349144e-01
9.150000000000004796e-01 2.061512844036727798e-01
9.160000000000003695e-01 2.134403996669491932e-01
9.170000000000004814e-01 2.274995170691155311e-01
9.180000000000003713e-01 2.420498836242782614e-01
9.190000000000004832e-01 2.525648712624632419e-01
9.200000000000003730e-01 2.633778755186771403e-01
9.210000000000004849e-01 2.760331291390799024e-01
9.220000000000003748e-01 2.892479156327587009e-01
9.230000000000004867e-01 2.997400578990955244e-01
9.240000000000003766e-01 3.136100041322366083e-01
9.250000000000004885e-01 3.265437706270686302e-01
9.260000000000003784e-01 3.327192339373971075e-01
9.270000000000004903e-01 3.385319794238786928e-01
9.280000000000003801e-01 3.576701602300783600e-01
9.290000000000004921e-01 3.701722144617968779e-01
9.300000000000003819e-01 3.769537068965539417e-01
9.310000000000004938e-01 3.868953975409897827e-01
9.320000000000003837e-01 3.902863461538428891e-01
9.330000000000004956e-01 3.847795094031102869e-01
9.340000000000003855e-01 3.917173671300107074e-01
9.350000000000004974e-01 3.965604081632674860e-01
9.360000000000003872e-01 4.014946451876038047e-01
9.370000000000004992e-01 4.037470032573289291e-01
9.380000000000003890e-01 4.062013333333367449e-01
9.390000000000005009e-01 4.144120917952894834e-01
9.400000000000003908e-01 4.164713931762801802e-01
9.410000000000005027e-01 4.058865328467088363e-01
9.420000000000003926e-01 3.900998380566728096e-01
9.430000000000005045e-01 3.747766747572754409e-01
9.440000000000003944e-01 3.638825181891643945e-01
9.450000000000005063e-01 3.566998181083231856e-01
9.460000000000003961e-01 3.368915161290246818e-01
9.470000000000005080e-01 3.133444117646936311e-01
9.480000000000003979e-01 3.017051771336582977e-01
9.490000000000005098e-01 3.091270240963914229e-01
9.500000000000003997e-01 3.197133694779158986e-01
9.510000000000005116e-01 2.950499477911516788e-01
9.520000000000004015e-01 2.895235576923095300e-01
9.530000000000005134e-01 2.988566653322740074e-01
9.540000000000004032e-01 3.098468745003963853e-01
9.550000000000005151e-01 3.011937969624258193e-01
9.560000000000004050e-01 2.840768370606965298e-01
9.570000000000005169e-01 2.699540909090849539e-01
9.580000000000004068e-01 2.601078582802522354e-01
9.590000000000005187e-01 2.518461813842386432e-01
9.600000000000004086e-01 2.345828560063575874e-01
9.610000000000005205e-01 2.111827879269143338e-01
9.620000000000004103e-01 1.842988342585135109e-01
9.630000000000005222e-01 1.594486331220180131e-01
9.640000000000004121e-01 1.406480617088543827e-01
9.650000000000005240e-01 1.260040743670810814e-01
9.660000000000004139e-01 1.171662638230615283e-01
9.670000000000005258e-01 1.136497079715861197e-01
9.680000000000004157e-01 1.120034751773034964e-01
9.690000000000005276e-01 1.075396144767818696e-01
9.700000000000004174e-01 9.260649095200014502e-02
9.710000000000005294e-01 8.505106132075154757e-02
9.720000000000004192e-01 9.002204866562697749e-02
9.730000000000005311e-01 1.008953529411764083e-01
9.740000000000004210e-01 1.007777058823528943e-01
9.750000000000005329e-01 1.040584233176857637e-01
9.760000000000004228e-01 1.096607740422233246e-01
9.770000000000005347e-01 1.110681249999968534e-01
9.780000000000004245e-01 1.060757989088072367e-01
9.790000000000005365e-01 1.055457911145749328e-01
9.800000000000004263e-01 9.769426012460698250e-02
9.810000000000005382e-01 8.771989105057835523e-02
9.820000000000004281e-01 7.580546583850315823e-02
9.830000000000005400e-01 6.075499999999810913e-02
9.840000000000004299e-01 5.734925911559192457e-02
9.850000000000005418e-01 5.851177906976914173e-02
9.860000000000004317e-01 5.863037509667264752e-02
9.870000000000005436e-01 5.368863214837014258e-02
9.880000000000004334e-01 4.145138330756795164e-02
9.890000000000005453e-01 3.985437500000030969e-02
9.900000000000004352e-01 4.245315728604685118e-02
9.910000000000005471e-01 4.657034642032527316e-02
9.920000000000004370e-01 4.984979214780746459e-02
9.930000000000005489e-01 5.174877786318318046e-02
9.940000000000004388e-01 5.110865310821097185e-02
9.950000000000005507e-01 4.936286809815888799e-02
9.960000000000004405e-01 4.832545176110434465e-02
9.970000000000005524e-01 5.245638591118128441e-02
9.980000000000004423e-01 5.740088685015504871e-02
9.990000000000005542e-01 8.747248091606631137e-02
