# Model: CoolTLusty
# Metallicity: 5.0 x solar
# col 0 - wavelength (microns)
# col 1 - geometric albedo
4.299999999999999933e-01 4.567134751773049284e-01
4.309999999999999942e-01 4.570680851063829708e-01
4.319999999999999951e-01 4.574215547703179841e-01
4.329999999999999960e-01 4.577744268077601486e-01
4.339999999999999969e-01 4.581362540798393224e-01
4.349999999999999978e-01 4.585493233082706954e-01
4.359999999999999987e-01 4.588996247185389010e-01
4.369999999999999996e-01 4.592492645225629277e-01
4.380000000000000004e-01 4.596267826086956609e-01
4.390000000000000013e-01 4.599746086956521540e-01
4.400000000000000022e-01 4.602585788561525115e-01
4.410000000000000031e-01 4.604542263964409021e-01
4.420000000000000040e-01 4.609375123152709697e-01
4.430000000000000049e-01 4.614245320197044586e-01
4.440000000000000058e-01 4.619407952871870116e-01
4.450000000000000067e-01 4.623532289628180525e-01
4.460000000000000075e-01 4.627851272015655604e-01
4.470000000000000084e-01 4.631964102564102292e-01
4.480000000000000093e-01 4.636078364565587862e-01
4.490000000000000102e-01 4.640122241086587773e-01
4.500000000000000111e-01 4.644276740237691103e-01
4.510000000000000120e-01 4.648226250906454249e-01
4.520000000000000129e-01 4.652286677908937795e-01
4.530000000000000138e-01 4.656251987472897480e-01
4.540000000000000147e-01 4.660021848739496209e-01
4.550000000000000155e-01 4.664096195262024125e-01
4.560000000000000164e-01 4.667693706628380235e-01
4.570000000000000173e-01 4.671789410922966845e-01
4.580000000000000182e-01 4.675065714285714380e-01
4.590000000000000191e-01 4.677920370810553785e-01
4.600000000000000200e-01 4.682221748400853256e-01
4.610000000000000209e-01 4.687275543992431293e-01
4.620000000000000218e-01 4.692238252656434350e-01
4.630000000000000226e-01 4.696836432101670900e-01
4.640000000000000235e-01 4.701273026315789805e-01
4.650000000000000244e-01 4.705339901477832432e-01
4.660000000000000253e-01 4.709552256254384006e-01
4.670000000000000262e-01 4.713841062689349548e-01
4.680000000000000271e-01 4.718060358890701633e-01
4.690000000000000280e-01 4.722630894308942895e-01
4.700000000000000289e-01 4.726824390243902774e-01
4.710000000000000298e-01 4.730689320388349328e-01
4.720000000000000306e-01 4.735128525196486415e-01
4.730000000000000315e-01 4.739162672811060295e-01
4.740000000000000324e-01 4.743108406063390459e-01
4.750000000000000333e-01 4.746762439807383771e-01
4.760000000000000342e-01 4.750956661316212415e-01
4.770000000000000351e-01 4.754873371428571804e-01
4.780000000000000360e-01 4.758070743952533266e-01
4.790000000000000369e-01 4.761569608735213843e-01
4.800000000000000377e-01 4.764296615943675040e-01
4.810000000000000386e-01 4.767020408163265000e-01
4.820000000000000395e-01 4.769503616636528442e-01
4.830000000000000404e-01 4.772992101105845153e-01
4.840000000000000413e-01 4.772788868859846878e-01
4.850000000000000422e-01 4.765461642294713251e-01
4.860000000000000431e-01 4.767603722807804978e-01
4.870000000000000440e-01 4.784755197853789999e-01
4.880000000000000449e-01 4.796841046277667275e-01
4.890000000000000457e-01 4.804742589703587807e-01
4.900000000000000466e-01 4.809864708500222741e-01
4.910000000000000475e-01 4.813604037267080749e-01
4.920000000000000484e-01 4.818262422360248265e-01
4.930000000000000493e-01 4.821910576286156380e-01
4.940000000000000502e-01 4.825872819606977226e-01
4.950000000000000511e-01 4.830179616993176550e-01
4.960000000000000520e-01 4.833797362637363149e-01
4.970000000000000528e-01 4.837844854070660894e-01
4.980000000000000537e-01 4.841913366878144998e-01
4.990000000000000546e-01 4.845424202708606409e-01
5.000000000000000000e-01 4.848855398037077435e-01
5.010000000000001119e-01 4.852506631876495335e-01
5.020000000000000018e-01 4.856264437689969404e-01
5.030000000000001137e-01 4.859095382614351255e-01
5.040000000000000036e-01 4.862692889561270881e-01
5.050000000000001155e-01 4.865286362653988284e-01
5.060000000000000053e-01 4.867984486102133190e-01
5.070000000000001172e-01 4.870118975903614533e-01
5.080000000000000071e-01 4.871467181467181162e-01
5.090000000000001190e-01 4.872672306703791922e-01
5.100000000000000089e-01 4.875518177929854535e-01
5.110000000000001208e-01 4.881418763326226817e-01
5.120000000000000107e-01 4.890383436235895553e-01
5.130000000000001226e-01 4.898042517006804264e-01
5.140000000000000124e-01 4.904612759643917075e-01
5.150000000000001243e-01 4.909280634920635267e-01
5.160000000000000142e-01 4.912953787718927767e-01
5.170000000000001261e-01 4.916484068368854876e-01
5.180000000000000160e-01 4.920106722689075451e-01
5.190000000000001279e-01 4.922451680672269569e-01
5.200000000000000178e-01 4.924574575204531679e-01
5.210000000000001297e-01 4.927089102698180567e-01
5.220000000000000195e-01 4.929615288220551839e-01
5.230000000000001315e-01 4.933793419408580294e-01
5.240000000000000213e-01 4.938208246563931536e-01
5.250000000000001332e-01 4.943266611295681900e-01
5.260000000000000231e-01 4.947875181422351498e-01
5.270000000000001350e-01 4.952150299772586362e-01
5.280000000000000249e-01 4.954517134599504269e-01
5.290000000000001368e-01 4.959594483326472125e-01
5.300000000000000266e-01 4.961798476739399111e-01
5.310000000000001386e-01 4.965210180623974012e-01
5.320000000000000284e-01 4.966356425497028271e-01
5.330000000000001403e-01 4.966561195251739669e-01
5.340000000000000302e-01 4.966765510204081968e-01
5.350000000000001421e-01 4.965734257183614941e-01
5.360000000000000320e-01 4.961336589336589054e-01
5.370000000000001439e-01 4.952460633116881339e-01
5.380000000000000338e-01 4.939878591663295349e-01
5.390000000000001457e-01 4.907954674220960101e-01
5.400000000000000355e-01 4.900109765940274809e-01
5.410000000000001474e-01 4.864819665524873216e-01
5.420000000000000373e-01 4.804623138832996854e-01
5.430000000000001492e-01 4.822711075441402095e-01
5.440000000000000391e-01 4.610940092165872750e-01
5.450000000000001510e-01 4.830531412565138294e-01
5.460000000000000409e-01 4.864402633679164589e-01
5.470000000000001528e-01 4.888899183104226109e-01
5.480000000000000426e-01 4.908907609775481906e-01
5.490000000000001545e-01 5.019107093184983492e-01
5.500000000000000444e-01 5.034044779076680687e-01
5.510000000000001563e-01 5.039156311832212465e-01
5.520000000000000462e-01 5.043169297553274921e-01
5.530000000000001581e-01 5.046322955665024645e-01
5.540000000000000480e-01 5.047463990554899027e-01
5.550000000000001599e-01 5.043865985458830803e-01
5.560000000000000497e-01 5.001027238879089953e-01
5.570000000000001616e-01 5.000769471624267881e-01
5.580000000000000515e-01 4.968565370334179221e-01
5.590000000000001634e-01 5.058141491022638547e-01
5.600000000000000533e-01 5.057831451926819710e-01
5.610000000000001652e-01 5.067400194363461674e-01
5.620000000000000551e-01 5.071030238418298142e-01
5.630000000000001670e-01 5.073078977932636846e-01
5.640000000000000568e-01 5.075028957528958662e-01
5.650000000000001688e-01 5.075488416988417351e-01
5.660000000000000586e-01 5.075242202541393466e-01
5.670000000000001705e-01 5.074120583717356414e-01
5.680000000000000604e-01 5.071872119815667990e-01
5.690000000000001723e-01 5.070026270373920729e-01
5.700000000000000622e-01 5.067310766877032302e-01
5.710000000000001741e-01 5.064034186401833448e-01
5.720000000000000639e-01 5.063021523809523305e-01
5.730000000000001759e-01 5.056135628685559658e-01
5.740000000000000657e-01 5.040197568389057636e-01
5.750000000000001776e-01 5.031857142857143472e-01
5.760000000000000675e-01 5.032954588457900780e-01
5.770000000000001794e-01 5.037078798185939954e-01
5.780000000000000693e-01 5.031427816569163936e-01
5.790000000000001812e-01 4.961463909774454506e-01
5.800000000000000711e-01 5.064166541353384288e-01
5.810000000000001830e-01 5.087662661911023232e-01
5.820000000000000728e-01 5.109316981838607497e-01
5.830000000000001847e-01 5.116485415108453783e-01
5.840000000000000746e-01 5.124680716150691318e-01
5.850000000000001865e-01 5.124348377471092952e-01
5.860000000000000764e-01 5.137705729166667235e-01
5.870000000000001883e-01 5.141565112390860115e-01
5.880000000000000782e-01 5.143913841022790256e-01
5.890000000000001901e-01 5.140679866765356376e-01
5.900000000000000799e-01 5.133153576048790079e-01
5.910000000000001918e-01 5.130031561461791956e-01
5.920000000000000817e-01 5.086021539027987259e-01
5.930000000000001936e-01 5.090880308880292304e-01
5.940000000000000835e-01 5.051975762027176575e-01
5.950000000000001954e-01 5.049139194139193876e-01
5.960000000000000853e-01 5.079342345633908185e-01
5.970000000000001972e-01 5.089297771282426108e-01
5.980000000000000870e-01 5.094502463054187968e-01
5.990000000000001990e-01 5.109559599636036564e-01
6.000000000000000888e-01 5.125119259393720039e-01
6.010000000000002007e-01 5.137430023597752138e-01
6.020000000000000906e-01 5.149444504798117439e-01
6.030000000000002025e-01 5.158198915009042373e-01
6.040000000000000924e-01 5.162168831168830740e-01
6.050000000000002043e-01 5.161945054945054068e-01
6.060000000000000941e-01 5.156152404972076386e-01
6.070000000000002061e-01 5.144148061737253697e-01
6.080000000000000959e-01 5.127178168130487323e-01
6.090000000000002078e-01 5.114084496956675663e-01
6.100000000000000977e-01 5.105343107455747598e-01
6.110000000000002096e-01 5.079174959871576300e-01
6.120000000000000995e-01 5.016929818311355316e-01
6.130000000000002114e-01 4.886797722825079182e-01
6.140000000000001013e-01 4.702867803837933458e-01
6.150000000000002132e-01 4.661186635944691292e-01
6.160000000000001030e-01 4.608766153301456225e-01
6.170000000000002149e-01 4.518146565424663863e-01
6.180000000000001048e-01 4.335901642239064491e-01
6.190000000000002167e-01 4.205888458831760213e-01
6.200000000000001066e-01 4.078245249824073992e-01
6.210000000000002185e-01 4.256416637416698956e-01
6.220000000000001084e-01 4.439059246275205983e-01
6.230000000000002203e-01 4.610968137254952692e-01
6.240000000000001101e-01 4.753947607404840903e-01
6.250000000000002220e-01 4.932210361067526083e-01
6.260000000000001119e-01 5.032111498257852977e-01
6.270000000000002238e-01 5.087105098312171281e-01
6.280000000000001137e-01 5.116544002777299038e-01
6.290000000000002256e-01 5.149998441558436557e-01
6.300000000000001155e-01 4.973747705627663551e-01
6.310000000000002274e-01 4.769057695629623783e-01
6.320000000000001172e-01 5.057843340234708940e-01
6.330000000000002292e-01 4.787124590728994988e-01
6.340000000000001190e-01 4.967242221076141884e-01
6.350000000000002309e-01 5.032655462184939532e-01
6.360000000000001208e-01 5.151432687360659735e-01
6.370000000000002327e-01 5.199942959917794871e-01
6.380000000000001226e-01 5.201547875064003179e-01
6.390000000000002345e-01 5.194983123082167475e-01
6.400000000000001243e-01 5.189166553017386940e-01
6.410000000000002363e-01 5.179472448979589583e-01
6.420000000000001261e-01 5.169039918464412020e-01
6.430000000000002380e-01 5.165427554651754738e-01
6.440000000000001279e-01 5.168734258632362577e-01
6.450000000000002398e-01 5.170571428571428818e-01
6.460000000000001297e-01 5.168336987687636164e-01
6.470000000000002416e-01 5.155608871647827662e-01
6.480000000000001315e-01 5.131748235294116833e-01
6.490000000000002434e-01 5.119994789915963684e-01
6.500000000000001332e-01 5.119101106639841747e-01
6.510000000000002451e-01 5.124755269320840911e-01
6.520000000000001350e-01 5.132070592171297241e-01
6.530000000000002469e-01 5.129098078529653604e-01
6.540000000000001368e-01 5.105875790875786802e-01
6.550000000000002487e-01 5.061143356061853504e-01
6.560000000000001386e-01 5.031761627906976564e-01
6.570000000000002505e-01 5.017784303965479031e-01
6.580000000000001403e-01 5.002222737819026488e-01
6.590000000000002522e-01 4.992164707829825909e-01
6.600000000000001421e-01 4.947402507423286910e-01
6.610000000000002540e-01 4.888182777961065373e-01
6.620000000000001439e-01 4.891290816326536173e-01
6.630000000000002558e-01 4.920495972382051275e-01
6.640000000000001457e-01 4.922760919540228319e-01
6.650000000000002576e-01 4.909141381007047777e-01
6.660000000000001474e-01 4.865165629095665745e-01
6.670000000000002593e-01 4.843694181104940544e-01
6.680000000000001492e-01 4.863775929549905563e-01
6.690000000000002611e-01 4.889726014008800026e-01
6.700000000000001510e-01 4.885765050439304091e-01
6.710000000000002629e-01 4.926883796522051329e-01
6.720000000000001528e-01 4.963853571428572531e-01
6.730000000000002647e-01 5.100051020408209457e-01
6.740000000000001545e-01 5.138046756188322517e-01
6.750000000000002665e-01 5.151498305084741824e-01
6.760000000000001563e-01 5.148310516991470021e-01
6.770000000000002682e-01 5.180402319214051365e-01
6.780000000000001581e-01 5.198102960102960468e-01
6.790000000000002700e-01 5.174173996789714902e-01
6.800000000000001599e-01 5.123936668269993833e-01
6.810000000000002718e-01 5.124050448430496063e-01
6.820000000000001616e-01 5.082296260786191011e-01
6.830000000000002736e-01 5.068899760574626656e-01
6.840000000000001634e-01 5.083326166587035511e-01
6.850000000000002753e-01 5.081042634425707583e-01
6.860000000000001652e-01 5.085965517241380907e-01
6.870000000000002771e-01 5.126113809523827891e-01
6.880000000000001670e-01 5.156836689392740869e-01
6.890000000000002789e-01 5.166230185097298033e-01
6.900000000000001688e-01 5.178894911504425824e-01
6.910000000000002807e-01 5.181078208766946025e-01
6.920000000000001705e-01 5.161372342101111510e-01
6.930000000000002824e-01 5.113595500314658260e-01
6.940000000000001723e-01 5.090365620094188248e-01
6.950000000000002842e-01 5.059484083424797829e-01
6.960000000000001741e-01 5.019862781954881337e-01
6.970000000000002860e-01 4.956689250508505284e-01
6.980000000000001759e-01 4.853991725214653052e-01
6.990000000000002878e-01 4.756652771272414926e-01
7.000000000000001776e-01 4.668823960118386185e-01
7.010000000000002895e-01 4.549204414736483515e-01
7.020000000000001794e-01 4.449724367923071910e-01
7.030000000000002913e-01 4.493341493647370344e-01
7.040000000000001812e-01 4.538770684846605286e-01
7.050000000000002931e-01 4.585054517374565486e-01
7.060000000000001830e-01 4.695666100386102770e-01
7.070000000000002949e-01 4.733611231101528261e-01
7.080000000000001847e-01 4.817161330049280488e-01
7.090000000000002967e-01 4.855995079194218023e-01
7.100000000000001865e-01 4.899742703533036536e-01
7.110000000000002984e-01 4.961278502378411170e-01
7.120000000000001883e-01 4.966322462103811564e-01
7.130000000000003002e-01 4.969387274395840604e-01
7.140000000000001901e-01 4.960815628815611888e-01
7.150000000000003020e-01 4.856628388668843832e-01
7.160000000000001918e-01 4.608859275053248661e-01
7.170000000000003038e-01 4.250650455926971993e-01
7.180000000000001936e-01 3.969750682438523137e-01
7.190000000000003055e-01 3.717711859265926400e-01
7.200000000000001954e-01 3.421101694915171798e-01
7.210000000000003073e-01 3.102051549508635930e-01
7.220000000000001972e-01 2.827504681365078931e-01
7.230000000000003091e-01 2.871383315734000741e-01
7.240000000000001990e-01 2.769287370164010831e-01
7.250000000000003109e-01 2.403300617190922139e-01
7.260000000000002007e-01 2.381392557022836420e-01
7.270000000000003126e-01 2.361222989195658484e-01
7.280000000000002025e-01 2.291788858939789453e-01
7.290000000000003144e-01 2.499158730158803354e-01
7.300000000000002043e-01 2.749161218092298631e-01
7.310000000000003162e-01 2.872418420659835769e-01
7.320000000000002061e-01 3.016859821428564126e-01
7.330000000000003180e-01 2.986041474654408945e-01
7.340000000000002078e-01 3.089078920041587462e-01
7.350000000000003197e-01 3.183036455245795149e-01
7.360000000000002096e-01 2.660314759928896211e-01
7.370000000000003215e-01 3.019682671000608054e-01
7.380000000000002114e-01 4.023759639533208143e-01
7.390000000000003233e-01 4.308338345864796137e-01
7.400000000000002132e-01 4.639407952871866803e-01
7.410000000000003251e-01 4.711844343092628229e-01
7.420000000000002149e-01 4.897471149610936880e-01
7.430000000000003268e-01 4.985182498898875769e-01
7.440000000000002167e-01 5.072101098901109495e-01
7.450000000000003286e-01 5.097700102354144613e-01
7.460000000000002185e-01 5.097479017400204926e-01
7.470000000000003304e-01 5.102227199766529164e-01
7.480000000000002203e-01 5.109038153487696077e-01
7.490000000000003322e-01 5.108103538663169019e-01
7.500000000000002220e-01 5.104406481616042823e-01
7.510000000000003340e-01 5.104866724738675865e-01
7.520000000000002238e-01 5.102839448875995387e-01
7.530000000000003357e-01 5.093586626139813278e-01
7.540000000000002256e-01 5.085411654135336690e-01
7.550000000000003375e-01 5.083285714285713519e-01
7.560000000000002274e-01 5.035486665705616316e-01
7.570000000000003393e-01 5.029035570276508826e-01
7.580000000000002292e-01 5.006988778592995626e-01
7.590000000000003411e-01 4.970563380281680099e-01
7.600000000000002309e-01 4.895904761904739666e-01
7.610000000000003428e-01 4.865917180111765106e-01
7.620000000000002327e-01 4.809417263097603978e-01
7.630000000000003446e-01 4.758499857142844958e-01
7.640000000000002345e-01 4.721688026259445725e-01
7.650000000000003464e-01 4.711442258340463041e-01
7.660000000000002363e-01 4.689119521912340494e-01
7.670000000000003482e-01 4.680836673773989265e-01
7.680000000000002380e-01 4.690925447316107166e-01
7.690000000000003499e-01 4.696770975056690500e-01
7.700000000000002398e-01 4.685926162131514583e-01
7.710000000000003517e-01 4.658841882153442193e-01
7.720000000000002416e-01 4.600979511092253560e-01
7.730000000000003535e-01 4.505565928641901419e-01
7.740000000000002434e-01 4.457265145111297122e-01
7.750000000000003553e-01 4.436352924634409667e-01
7.760000000000002451e-01 4.373482230650348468e-01
7.770000000000003570e-01 4.308998175694621624e-01
7.780000000000002469e-01 4.233081312210821290e-01
7.790000000000003588e-01 4.128841611865076699e-01
7.800000000000002487e-01 3.961521526418726458e-01
7.810000000000003606e-01 3.784657087053525659e-01
7.820000000000002505e-01 3.706070522648077237e-01
7.830000000000003624e-01 3.628785296574723040e-01
7.840000000000002522e-01 3.595420781749926742e-01
7.850000000000003642e-01 3.682921699291967221e-01
7.860000000000002540e-01 3.685041568518768740e-01
7.870000000000003659e-01 3.690541776361395687e-01
7.880000000000002558e-01 3.759869450974988592e-01
7.890000000000003677e-01 3.820210002763200774e-01
7.900000000000002576e-01 3.822285714285699743e-01
7.910000000000003695e-01 3.755611241217768903e-01
7.920000000000002593e-01 3.666598377560822408e-01
7.930000000000003713e-01 3.586047023236583753e-01
7.940000000000002611e-01 3.465668176204189654e-01
7.950000000000003730e-01 3.426500068483761541e-01
7.960000000000002629e-01 3.406502807834537183e-01
7.970000000000003748e-01 3.347287356321818619e-01
7.980000000000002647e-01 3.303307313738881867e-01
7.990000000000003766e-01 3.322961386273716733e-01
8.000000000000002665e-01 3.445693565976048478e-01
8.010000000000003784e-01 3.516165872259313097e-01
8.020000000000002682e-01 3.465187848307709761e-01
8.030000000000003801e-01 3.470090983161341902e-01
8.040000000000002700e-01 3.530148148148166687e-01
8.050000000000003819e-01 3.471260528097438458e-01
8.060000000000002718e-01 3.496658820346369989e-01
8.070000000000003837e-01 3.624033486362441825e-01
8.080000000000002736e-01 3.634367192769434318e-01
8.090000000000003855e-01 3.656417115903040638e-01
8.100000000000002753e-01 3.841471078827047303e-01
8.110000000000003872e-01 3.966332482193281606e-01
8.120000000000002771e-01 4.039098591549327155e-01
8.130000000000003890e-01 4.139056687215245667e-01
8.140000000000002789e-01 4.194246887133516455e-01
8.150000000000003908e-01 4.298410764493277303e-01
8.160000000000002807e-01 4.352253107042644564e-01
8.170000000000003926e-01 4.409028571428593168e-01
8.180000000000002824e-01 4.373288646055422113e-01
8.190000000000003944e-01 4.456709492744027057e-01
8.200000000000002842e-01 4.520696195796765626e-01
8.210000000000003961e-01 4.544195963887419643e-01
8.220000000000002860e-01 4.462031569173576795e-01
8.230000000000003979e-01 4.444569177810202554e-01
8.240000000000002878e-01 4.539403174603179325e-01
8.250000000000003997e-01 4.494696709395985534e-01
8.260000000000002895e-01 4.379521567075614907e-01
8.270000000000004015e-01 4.466277279915652487e-01
8.280000000000002913e-01 4.459712181005014431e-01
8.290000000000004032e-01 4.513250723493837380e-01
8.300000000000002931e-01 4.491292811144689812e-01
8.310000000000004050e-01 4.460545454545441491e-01
8.320000000000002949e-01 4.508628309305392490e-01
8.330000000000004068e-01 4.504742045305734632e-01
8.340000000000002967e-01 4.421103254476503874e-01
8.350000000000004086e-01 4.294053538782917068e-01
8.360000000000002984e-01 4.110751303441018134e-01
8.370000000000004103e-01 3.895628467248276605e-01
8.380000000000003002e-01 3.724471766848759247e-01
8.390000000000004121e-01 3.566583755027937785e-01
8.400000000000003020e-01 3.646915920591610738e-01
8.410000000000004139e-01 3.461240560529311727e-01
8.420000000000003038e-01 3.523776583344152558e-01
8.430000000000004157e-01 3.731181159420395854e-01
8.440000000000003055e-01 3.726445104624099836e-01
8.450000000000004174e-01 3.863309201187365427e-01
8.460000000000003073e-01 4.042085662759272169e-01
8.470000000000004192e-01 4.100340540540544088e-01
8.480000000000003091e-01 4.133003083247719367e-01
8.490000000000004210e-01 4.200941342574754933e-01
8.500000000000003109e-01 4.172230828417513582e-01
8.510000000000004228e-01 4.082464221595246689e-01
8.520000000000003126e-01 3.980771889400894770e-01
8.530000000000004245e-01 3.811457705085537495e-01
8.540000000000003144e-01 3.607793182688556199e-01
8.550000000000004263e-01 3.427885204081562720e-01
8.560000000000003162e-01 3.249307613954604546e-01
8.570000000000004281e-01 3.036316117542190995e-01
8.580000000000003180e-01 2.819816507936464545e-01
8.590000000000004299e-01 2.666032225323443083e-01
8.600000000000003197e-01 2.488919817305204618e-01
8.610000000000004317e-01 2.207004305977578462e-01
8.620000000000003215e-01 1.989433885866058183e-01
8.630000000000004334e-01 1.946772767462429665e-01
8.640000000000003233e-01 1.968514639071184402e-01
8.650000000000004352e-01 2.019655328798220517e-01
8.660000000000003251e-01 2.106863436123382616e-01
8.670000000000004370e-01 2.238944967960910526e-01
8.680000000000003268e-01 2.484781069545624055e-01
8.690000000000004388e-01 2.674838814963676481e-01
8.700000000000003286e-01 2.654578947368410602e-01
8.710000000000004405e-01 2.823852385125927289e-01
8.720000000000003304e-01 2.860942581936429807e-01
8.730000000000004423e-01 2.828669494697441666e-01
8.740000000000003322e-01 2.799756955708022632e-01
8.750000000000004441e-01 2.715042471042418692e-01
8.760000000000003340e-01 2.626547556881835832e-01
8.770000000000004459e-01 2.846614696009039380e-01
8.780000000000003357e-01 2.838829813664588420e-01
8.790000000000004476e-01 2.507018973214092949e-01
8.800000000000003375e-01 1.942040391524997578e-01
8.810000000000004494e-01 1.371293259121616759e-01
8.820000000000003393e-01 9.531544735540173341e-02
8.830000000000004512e-01 6.962728842832077714e-02
8.840000000000003411e-01 6.113974833456395364e-02
8.850000000000004530e-01 5.299131024281648894e-02
8.860000000000003428e-01 6.467398794143541796e-02
8.870000000000004547e-01 5.850780673714469499e-02
8.880000000000003446e-01 5.418489199803885187e-02
8.890000000000004565e-01 6.268074800736231356e-02
8.900000000000003464e-01 7.191483657730500523e-02
8.910000000000004583e-01 7.350883072407064789e-02
8.920000000000003482e-01 7.397360567514693619e-02
8.930000000000004601e-01 6.659271062270635810e-02
8.940000000000003499e-01 6.489664511406670333e-02
8.950000000000004619e-01 6.934409937888531827e-02
8.960000000000003517e-01 7.918470516717859842e-02
8.970000000000004636e-01 9.387718658892692247e-02
8.980000000000003535e-01 1.065229591836781980e-01
8.990000000000004654e-01 1.080631336405536713e-01
9.000000000000003553e-01 1.195777171937524030e-01
9.010000000000004672e-01 1.392494552058216595e-01
9.020000000000003570e-01 1.630072817292683163e-01
9.030000000000004690e-01 1.896864750634126295e-01
9.040000000000003588e-01 2.212882558419746737e-01
9.050000000000004707e-01 2.442104432666937497e-01
9.060000000000003606e-01 2.707641954507251092e-01
9.070000000000004725e-01 2.935865560365655824e-01
9.080000000000003624e-01 3.142197118847608328e-01
9.090000000000004743e-01 3.322041227229207694e-01
9.100000000000003642e-01 3.431086456711751609e-01
9.110000000000004761e-01 3.376601963836640130e-01
9.120000000000003659e-01 3.311335684399255852e-01
9.130000000000004778e-01 3.244968466316260902e-01
9.140000000000003677e-01 3.275298354400230649e-01
9.150000000000004796e-01 3.358632550935323202e-01
9.160000000000003695e-01 3.407035684548623822e-01
9.170000000000004814e-01 3.501599738313353471e-01
9.180000000000003713e-01 3.611029925187074774e-01
9.190000000000004832e-01 3.716026222116807221e-01
9.200000000000003730e-01 3.835002489626609945e-01
9.210000000000004849e-01 3.946348155156140236e-01
9.220000000000003748e-01 4.011849698688416677e-01
9.230000000000004867e-01 4.031464492496760199e-01
9.240000000000003766e-01 4.112046989374293360e-01
9.250000000000004885e-01 4.180916313059907519e-01
9.260000000000003784e-01 4.219052600611914450e-01
9.270000000000004903e-01 4.261117813051203407e-01
9.280000000000003801e-01 4.362576710881564401e-01
9.290000000000004921e-01 4.379127949289829957e-01
9.300000000000003819e-01 4.387992610837441187e-01
9.310000000000004938e-01 4.453960187353679379e-01
9.320000000000003837e-01 4.470065934065897695e-01
9.330000000000004956e-01 4.400024062609523279e-01
9.340000000000003855e-01 4.433548183623420291e-01
9.350000000000004974e-01 4.468615510204098085e-01
9.360000000000003872e-01 4.505889536238653625e-01
9.370000000000004992e-01 4.522814913913447699e-01
9.380000000000003890e-01 4.537854471544737200e-01
9.390000000000005009e-01 4.589576534756880655e-01
9.400000000000003908e-01 4.597932110943486750e-01
9.410000000000005027e-01 4.533360329046421389e-01
9.420000000000003926e-01 4.438321573163633849e-01
9.430000000000005045e-01 4.348065418400335891e-01
9.440000000000003944e-01 4.288644300727554870e-01
9.450000000000005063e-01 4.258271278438604535e-01
9.460000000000003961e-01 4.160275806451575464e-01
9.470000000000005080e-01 4.033924369747831085e-01
9.480000000000003979e-01 3.971034966643680053e-01
9.490000000000005098e-01 4.022972117039643747e-01
9.500000000000003997e-01 4.125439127940374040e-01
9.510000000000005116e-01 3.982837751003939220e-01
9.520000000000004015e-01 3.918390109890101947e-01
9.530000000000005134e-01 3.951369438407922319e-01
9.540000000000004032e-01 4.027912527121148001e-01
9.550000000000005151e-01 3.997651022039496183e-01
9.560000000000004050e-01 3.897991784573217044e-01
9.570000000000005169e-01 3.827675324675298696e-01
9.580000000000004068e-01 3.759254549590502203e-01
9.590000000000005187e-01 3.668290828503177892e-01
9.600000000000004086e-01 3.557482782134290256e-01
9.610000000000005205e-01 3.363283331442087909e-01
9.620000000000004103e-01 3.111056531097656230e-01
9.630000000000005222e-01 2.858206248584896914e-01
9.640000000000004121e-01 2.649005198914931025e-01
9.650000000000005240e-01 2.470207730560486925e-01
9.660000000000004139e-01 2.357113969758477534e-01
9.670000000000005258e-01 2.307758822866155801e-01
9.680000000000004157e-01 2.278528312507012155e-01
9.690000000000005276e-01 2.208032820051580303e-01
9.700000000000004174e-01 1.980765201753306726e-01
9.710000000000005294e-01 1.864413746630678714e-01
9.720000000000004192e-01 1.946374299170328670e-01
9.730000000000005311e-01 2.118221512605032442e-01
9.740000000000004210e-01 2.101526834733885851e-01
9.750000000000005329e-01 2.121892913033769923e-01
9.760000000000004228e-01 2.201597565062035633e-01
9.770000000000005347e-01 2.222678571428519378e-01
9.780000000000004245e-01 2.141956018260774974e-01
9.790000000000005365e-01 2.146743903796907160e-01
9.800000000000004263e-01 2.022330218068477403e-01
9.810000000000005382e-01 1.881773874374584599e-01
9.820000000000004281e-01 1.709025732031836109e-01
9.830000000000005400e-01 1.446714285714255088e-01
9.840000000000004299e-01 1.391078687797824287e-01
9.850000000000005418e-01 1.396022923588056686e-01
9.860000000000004317e-01 1.389606673295743222e-01
9.870000000000005436e-01 1.311746964009585514e-01
9.880000000000004334e-01 1.084323691764084857e-01
9.890000000000005453e-01 1.057419312169319836e-01
9.900000000000004352e-01 1.111782795462099016e-01
9.910000000000005471e-01 1.188666776641393863e-01
9.920000000000004370e-01 1.224628505443764032e-01
9.930000000000005489e-01 1.239747337213140538e-01
9.940000000000004388e-01 1.231080473632268218e-01
9.950000000000005507e-01 1.212630587204200222e-01
9.960000000000004405e-01 1.202753664406070455e-01
9.970000000000005524e-01 1.279542113323163255e-01
9.980000000000004423e-01 1.375486675404148651e-01
9.990000000000005542e-01 1.733774263904430124e-01
