# Model: CoolTLusty
# Metallicity: 15.0 x solar
# col 0 - wavelength (microns)
# col 1 - geometric albedo
4.299999999999999933e-01 4.565901595744680241e-01
4.309999999999999942e-01 4.569680851063829263e-01
4.319999999999999951e-01 4.572965547703180533e-01
4.329999999999999960e-01 4.576401234567901155e-01
4.339999999999999969e-01 4.579517135325131827e-01
4.349999999999999978e-01 4.583028947368421591e-01
4.359999999999999987e-01 4.586371716287215294e-01
4.369999999999999996e-01 4.589528359511343414e-01
4.380000000000000004e-01 4.594301304347826465e-01
4.390000000000000013e-01 4.597777826086956732e-01
4.400000000000000022e-01 4.596779896013864497e-01
4.410000000000000031e-01 4.595099480968858341e-01
4.420000000000000040e-01 4.601638793103448033e-01
4.430000000000000049e-01 4.610128017241378884e-01
4.440000000000000058e-01 4.617069587628865879e-01
4.450000000000000067e-01 4.622140410958904266e-01
4.460000000000000075e-01 4.626140410958903826e-01
4.470000000000000084e-01 4.630214102564102485e-01
4.480000000000000093e-01 4.634238500851788900e-01
4.490000000000000102e-01 4.638372241086587966e-01
4.500000000000000111e-01 4.642337011884550280e-01
4.510000000000000120e-01 4.645903553299491895e-01
4.520000000000000129e-01 4.650036677908937488e-01
4.530000000000000138e-01 4.653201939291737310e-01
4.540000000000000147e-01 4.657021848739495984e-01
4.550000000000000155e-01 4.660131909547738926e-01
4.560000000000000164e-01 4.664131490787269407e-01
4.570000000000000173e-01 4.667056343906511029e-01
4.580000000000000182e-01 4.669301249999999737e-01
4.590000000000000191e-01 4.669500000000000317e-01
4.600000000000000200e-01 4.673653399668325492e-01
4.610000000000000209e-01 4.681998344370861265e-01
4.620000000000000218e-01 4.688194628099173755e-01
4.630000000000000226e-01 4.693222817133442804e-01
4.640000000000000235e-01 4.697773026315789635e-01
4.650000000000000244e-01 4.701449917898193331e-01
4.660000000000000253e-01 4.704837970540097780e-01
4.670000000000000262e-01 4.709166394779771836e-01
4.680000000000000271e-01 4.714060358890701519e-01
4.690000000000000280e-01 4.718630894308943335e-01
4.700000000000000289e-01 4.722589024390244083e-01
4.710000000000000298e-01 4.726548543689320092e-01
4.720000000000000306e-01 4.729998381877022484e-01
4.730000000000000315e-01 4.733843548387096645e-01
4.740000000000000324e-01 4.737964630225080520e-01
4.750000000000000333e-01 4.740790128410914406e-01
4.760000000000000342e-01 4.744337078651685857e-01
4.770000000000000351e-01 4.746833599999999986e-01
4.780000000000000360e-01 4.748821086261980629e-01
4.790000000000000369e-01 4.749249999999999861e-01
4.800000000000000377e-01 4.748745230524641925e-01
4.810000000000000386e-01 4.747702380952381063e-01
4.820000000000000395e-01 4.745930379746835515e-01
4.830000000000000404e-01 4.746559636650868885e-01
4.840000000000000413e-01 4.736056782334384097e-01
4.850000000000000422e-01 4.700854724409446739e-01
4.860000000000000431e-01 4.698591444270016626e-01
4.870000000000000440e-01 4.744800860719877167e-01
4.880000000000000449e-01 4.776700704225353422e-01
4.890000000000000457e-01 4.793458268330733629e-01
4.900000000000000466e-01 4.800901090342679645e-01
4.910000000000000475e-01 4.804815605590062044e-01
4.920000000000000484e-01 4.809298136645962507e-01
4.930000000000000493e-01 4.812946290571870622e-01
4.940000000000000502e-01 4.817346986089645067e-01
4.950000000000000511e-01 4.820843220338983381e-01
4.960000000000000520e-01 4.824319230769231193e-01
4.970000000000000528e-01 4.827739247311828019e-01
4.980000000000000537e-01 4.831149310872894231e-01
4.990000000000000546e-01 4.833444954128440774e-01
5.000000000000000000e-01 4.835985877862595261e-01
5.010000000000001119e-01 4.838102359208523162e-01
5.020000000000000018e-01 4.840152735562309738e-01
5.030000000000001137e-01 4.840749999999999775e-01
5.040000000000000036e-01 4.841250000000000275e-01
5.050000000000001155e-01 4.841249999999999720e-01
5.060000000000000053e-01 4.839925716440422465e-01
5.070000000000001172e-01 4.837275225903613918e-01
5.080000000000000071e-01 4.831533783783784064e-01
5.090000000000001190e-01 4.826516116941528822e-01
5.100000000000000089e-01 4.826053892215568797e-01
5.110000000000001208e-01 4.835876865671643876e-01
5.120000000000000107e-01 4.856126676602087189e-01
5.130000000000001226e-01 4.873626488095240683e-01
5.140000000000000124e-01 4.885399851632047930e-01
5.150000000000001243e-01 4.891565925925926428e-01
5.160000000000000142e-01 4.895588626292466938e-01
5.170000000000001261e-01 4.897838257016248198e-01
5.180000000000000160e-01 4.899213602941176471e-01
5.190000000000001279e-01 4.898075735294117328e-01
5.200000000000000178e-01 4.895707415565345166e-01
5.210000000000001297e-01 4.894836017569546005e-01
5.220000000000000195e-01 4.894540204678362594e-01
5.230000000000001315e-01 4.899269679300292668e-01
5.240000000000000213e-01 4.904532069970845565e-01
5.250000000000001332e-01 4.912634447674419369e-01
5.260000000000000231e-01 4.918731132075471746e-01
5.270000000000001350e-01 4.923065846599131157e-01
5.280000000000000249e-01 4.919241690751444684e-01
5.290000000000001368e-01 4.928684798270893119e-01
5.300000000000000266e-01 4.927094740634005987e-01
5.310000000000001386e-01 4.930514367816091204e-01
5.320000000000000284e-01 4.924275107604016988e-01
5.330000000000001403e-01 4.916876074498566784e-01
5.340000000000000302e-01 4.909617500000000301e-01
5.350000000000001421e-01 4.898389800285304907e-01
5.360000000000000320e-01 4.875111823361821806e-01
5.370000000000001439e-01 4.841120028409085507e-01
5.380000000000000338e-01 4.797774787535412089e-01
5.390000000000001457e-01 4.703514164305941936e-01
5.400000000000000355e-01 4.677905367231637856e-01
5.410000000000001474e-01 4.584882933709421571e-01
5.420000000000000373e-01 4.431627112676054803e-01
5.430000000000001492e-01 4.472238764044917936e-01
5.440000000000000391e-01 4.140088709677383627e-01
5.450000000000001510e-01 4.526261904762083343e-01
5.460000000000000409e-01 4.595856145251389080e-01
5.470000000000001528e-01 4.663237796373819188e-01
5.480000000000000426e-01 4.700246175243394386e-01
5.490000000000001545e-01 4.952155076495143859e-01
5.500000000000000444e-01 4.994276352288490317e-01
5.510000000000001563e-01 5.001841759002770837e-01
5.520000000000000462e-01 5.008226174033149070e-01
5.530000000000001581e-01 5.008962758620689737e-01
5.540000000000000480e-01 5.006128099173553503e-01
5.550000000000001599e-01 4.984682943603844785e-01
5.560000000000000497e-01 4.844227023319613856e-01
5.570000000000001616e-01 4.828346575342468694e-01
5.580000000000000515e-01 4.734633036935702033e-01
5.590000000000001634e-01 5.000820355191255562e-01
5.600000000000000533e-01 4.988979223433240295e-01
5.610000000000001652e-01 5.014414965986401240e-01
5.620000000000000551e-01 5.021196065128901154e-01
5.630000000000001670e-01 5.021109078590785257e-01
5.640000000000000568e-01 5.020081081081080310e-01
5.650000000000001688e-01 5.015655405405404776e-01
5.660000000000000586e-01 5.007180592991913315e-01
5.670000000000001705e-01 4.997709677419353014e-01
5.680000000000000604e-01 4.985612903225805637e-01
5.690000000000001723e-01 4.974930536912748891e-01
5.700000000000000622e-01 4.955303882195447041e-01
5.710000000000001741e-01 4.940559826203209104e-01
5.720000000000000639e-01 4.933899666666665684e-01
5.730000000000001759e-01 4.909804926764307353e-01
5.740000000000000657e-01 4.868752659574465680e-01
5.750000000000001776e-01 4.831727453580898501e-01
5.760000000000000675e-01 4.831251655629141828e-01
5.770000000000001794e-01 4.831853174603168433e-01
5.780000000000000693e-01 4.816361624834875066e-01
5.790000000000001812e-01 4.609336184210575116e-01
5.800000000000000711e-01 4.884027631578950479e-01
5.810000000000001830e-01 4.949011498028919043e-01
5.820000000000000728e-01 5.008003931847969659e-01
5.830000000000001847e-01 5.022243455497388265e-01
5.840000000000000746e-01 5.042928198433421771e-01
5.850000000000001865e-01 5.035874673629239240e-01
5.860000000000000764e-01 5.074968098958334561e-01
5.870000000000001883e-01 5.080988946684006358e-01
5.880000000000000782e-01 5.082716601815824298e-01
5.890000000000001901e-01 5.069308937823822081e-01
5.900000000000000799e-01 5.034481565329885777e-01
5.910000000000001918e-01 5.042246770025838876e-01
5.920000000000000817e-01 4.923368234536087962e-01
5.930000000000001936e-01 4.891843629343574640e-01
5.940000000000000835e-01 4.791948586118255360e-01
5.950000000000001954e-01 4.795621794871791632e-01
5.960000000000000853e-01 4.878619565217399145e-01
5.970000000000001972e-01 4.919517902813300703e-01
5.980000000000000870e-01 4.930224137931035200e-01
5.990000000000001990e-01 4.951714012738859805e-01
6.000000000000000888e-01 4.978308767471413265e-01
6.010000000000002007e-01 5.003941550190603715e-01
6.020000000000000906e-01 5.030435044359952146e-01
6.030000000000002025e-01 5.049686708860762208e-01
6.040000000000000924e-01 5.057368686868687346e-01
6.050000000000002043e-01 5.052346153846151156e-01
6.060000000000000941e-01 5.031190731399746152e-01
6.070000000000002061e-01 4.992656721105518391e-01
6.080000000000000959e-01 4.941470828105390400e-01
6.090000000000002078e-01 4.903011904761900852e-01
6.100000000000000977e-01 4.876311326658320788e-01
6.110000000000002096e-01 4.807564606741541180e-01
6.120000000000000995e-01 4.657798628428906351e-01
6.130000000000002114e-01 4.393083748443259440e-01
6.140000000000001013e-01 4.083579291044744930e-01
6.150000000000002132e-01 3.989451302729511428e-01
6.160000000000001030e-01 3.903329306071851024e-01
6.170000000000002149e-01 3.765356304079074956e-01
6.180000000000001048e-01 3.514896477132220531e-01
6.190000000000002167e-01 3.347483990147752664e-01
6.200000000000001066e-01 3.266080972906408308e-01
6.210000000000002185e-01 3.433882678132741950e-01
6.220000000000001084e-01 3.662460429447867427e-01
6.230000000000002203e-01 3.932308823529490072e-01
6.240000000000001101e-01 4.151047371638177941e-01
6.250000000000002220e-01 4.485481074481121877e-01
6.260000000000001119e-01 4.687414634146365722e-01
6.270000000000002238e-01 4.782105359317917470e-01
6.280000000000001137e-01 4.863973268529780403e-01
6.290000000000002256e-01 4.957285454545443670e-01
6.300000000000001155e-01 4.689535151515089595e-01
6.310000000000002274e-01 4.384241233373611935e-01
6.320000000000001172e-01 4.781824879227142833e-01
6.330000000000002292e-01 4.429464414957862695e-01
6.340000000000001190e-01 4.680781588447638919e-01
6.350000000000002309e-01 4.798313025210176885e-01
6.360000000000001208e-01 4.948476290516204412e-01
6.370000000000002327e-01 5.060207733812986941e-01
6.380000000000001226e-01 5.055634408602148744e-01
6.390000000000002345e-01 5.038038484486870860e-01
6.400000000000001243e-01 5.023682875894985855e-01
6.410000000000002363e-01 4.995140773809516599e-01
6.420000000000001261e-01 4.960985731272292143e-01
6.430000000000002380e-01 4.951545373665484084e-01
6.440000000000001279e-01 4.966676540284362673e-01
6.450000000000002398e-01 4.975132544378698674e-01
6.460000000000001297e-01 4.972556080283352387e-01
6.470000000000002416e-01 4.968336776859502701e-01
6.480000000000001315e-01 4.945544705882345404e-01
6.490000000000002434e-01 4.895798235294107070e-01
6.500000000000001332e-01 4.865678697183099533e-01
6.510000000000002451e-01 4.865609484777516647e-01
6.520000000000001350e-01 4.869928278688525625e-01
6.530000000000002469e-01 4.847752339181277126e-01
6.540000000000001368e-01 4.792340909090903600e-01
6.550000000000002487e-01 4.729929278230475820e-01
6.560000000000001386e-01 4.658119186046505988e-01
6.570000000000002505e-01 4.626907665505219924e-01
6.580000000000001403e-01 4.605319025522038867e-01
6.590000000000002522e-01 4.561945538818061863e-01
6.600000000000001421e-01 4.482152713625852658e-01
6.610000000000002540e-01 4.352725750577357555e-01
6.620000000000001439e-01 4.347473214285725307e-01
6.630000000000002558e-01 4.395888377445342221e-01
6.640000000000001457e-01 4.389130459770112513e-01
6.650000000000002576e-01 4.348688576349011292e-01
6.660000000000001474e-01 4.268478784403654247e-01
6.670000000000002593e-01 4.230574942791770487e-01
6.680000000000001492e-01 4.268132705479458222e-01
6.690000000000002611e-01 4.322084948688723616e-01
6.700000000000001510e-01 4.324979498861037941e-01
6.710000000000002629e-01 4.420542946530212625e-01
6.720000000000001528e-01 4.518425000000008129e-01
6.730000000000002647e-01 4.772005952381038196e-01
6.740000000000001545e-01 4.853508776896950927e-01
6.750000000000002665e-01 4.889304237288126243e-01
6.760000000000001563e-01 4.882874013528764601e-01
6.770000000000002682e-01 4.965391488162362310e-01
6.780000000000001581e-01 5.001477477477477285e-01
6.790000000000002700e-01 4.939138764044912477e-01
6.800000000000001599e-01 4.821933782267098234e-01
6.810000000000002718e-01 4.823462443946194278e-01
6.820000000000001616e-01 4.727449664429522191e-01
6.830000000000002736e-01 4.695090502793305420e-01
6.840000000000001634e-01 4.722828316610924726e-01
6.850000000000002753e-01 4.726650334075727655e-01
6.860000000000001652e-01 4.743439655172416725e-01
6.870000000000002771e-01 4.824031388888927463e-01
6.880000000000001670e-01 4.891824639289683030e-01
6.890000000000002789e-01 4.920446843853827912e-01
6.900000000000001688e-01 4.953191924778764799e-01
6.910000000000002807e-01 4.957421633554081053e-01
6.920000000000001705e-01 4.943566703417855979e-01
6.930000000000002824e-01 4.902650605726864286e-01
6.940000000000001723e-01 4.859762362637355393e-01
6.950000000000002842e-01 4.780373490669564407e-01
6.960000000000001741e-01 4.644907894736818310e-01
6.970000000000002860e-01 4.482889101861947112e-01
6.980000000000001759e-01 4.343164754098335356e-01
6.990000000000002878e-01 4.172356010928904846e-01
7.000000000000001776e-01 3.952624318429628358e-01
7.010000000000002895e-01 3.795469260065248984e-01
7.020000000000001794e-01 3.666569761129207516e-01
7.030000000000002913e-01 3.674062364425180749e-01
7.040000000000001812e-01 3.714300976138826815e-01
7.050000000000002931e-01 3.797493513513595098e-01
7.060000000000001830e-01 3.993269189189196933e-01
7.070000000000002949e-01 4.071698704103700606e-01
7.080000000000001847e-01 4.206455280172443079e-01
7.090000000000002967e-01 4.288132400430581526e-01
7.100000000000001865e-01 4.376786290322599027e-01
7.110000000000002984e-01 4.487778464017215807e-01
7.120000000000001883e-01 4.497535101822077719e-01
7.130000000000003002e-01 4.501735278372593352e-01
7.140000000000001901e-01 4.495542200854669157e-01
7.150000000000003020e-01 4.306430703624630207e-01
7.160000000000001918e-01 3.880582089552160330e-01
7.170000000000003038e-01 3.381965425531808789e-01
7.180000000000001936e-01 3.015039808917127084e-01
7.190000000000003055e-01 2.715122611464889091e-01
7.200000000000001954e-01 2.448726165254177245e-01
7.210000000000003073e-01 2.236005555555528324e-01
7.220000000000001972e-01 2.115210887949231788e-01
7.230000000000003091e-01 2.060782206969382913e-01
7.240000000000001990e-01 1.894223656480455431e-01
7.250000000000003109e-01 1.597542939936682782e-01
7.260000000000002007e-01 1.488856092436967871e-01
7.270000000000003126e-01 1.404132352941143969e-01
7.280000000000002025e-01 1.428515723270450677e-01
7.290000000000003144e-01 1.597888888888942815e-01
7.300000000000002043e-01 1.776575235109750794e-01
7.310000000000003162e-01 1.962274817136944183e-01
7.320000000000002061e-01 2.140229687500008193e-01
7.330000000000003180e-01 2.190951612903274948e-01
7.340000000000002078e-01 2.344531671858830213e-01
7.350000000000003197e-01 2.531824688796645018e-01
7.360000000000002096e-01 2.451853215767653693e-01
7.370000000000003215e-01 2.680122285419108685e-01
7.380000000000002114e-01 3.345355480868723586e-01
7.390000000000003233e-01 3.676219040247803438e-01
7.400000000000002132e-01 4.022519845360845725e-01
7.410000000000003251e-01 4.219862512873457372e-01
7.420000000000002149e-01 4.515705549845868694e-01
7.430000000000003268e-01 4.674273895169628878e-01
7.440000000000002167e-01 4.802453846153863504e-01
7.450000000000003286e-01 4.848732855680657483e-01
7.460000000000002185e-01 4.846251791197540570e-01
7.470000000000003304e-01 4.851033707865176070e-01
7.480000000000002203e-01 4.866697247706423535e-01
7.490000000000003322e-01 4.864369266055041385e-01
7.500000000000002220e-01 4.859309511698881590e-01
7.510000000000003340e-01 4.860614329268292955e-01
7.520000000000002238e-01 4.853999492385783210e-01
7.530000000000003357e-01 4.844304457953391152e-01
7.540000000000002256e-01 4.839240131578946835e-01
7.550000000000003375e-01 4.820991911021224041e-01
7.560000000000002274e-01 4.667054490413662937e-01
7.570000000000003393e-01 4.672694808467786065e-01
7.580000000000002292e-01 4.640751510573989380e-01
7.590000000000003411e-01 4.562345070422515469e-01
7.600000000000002309e-01 4.414166666666623495e-01
7.610000000000003428e-01 4.349667502507523209e-01
7.620000000000002327e-01 4.235787575150260498e-01
7.630000000000003446e-01 4.140879499999978730e-01
7.640000000000002345e-01 4.076367882117866159e-01
7.650000000000003464e-01 4.056764970059881792e-01
7.660000000000002363e-01 4.019628486055760730e-01
7.670000000000003482e-01 4.007955223880600992e-01
7.680000000000002380e-01 4.029162027833009252e-01
7.690000000000003499e-01 4.044423115079368580e-01
7.700000000000002398e-01 4.029777777777769909e-01
7.710000000000003517e-01 3.986883531157249250e-01
7.720000000000002416e-01 3.888551186943590143e-01
7.730000000000003535e-01 3.725742596248700078e-01
7.740000000000002434e-01 3.647484714003942918e-01
7.750000000000003553e-01 3.621312007874001315e-01
7.760000000000002451e-01 3.531659537856406406e-01
7.770000000000003570e-01 3.432572200392898232e-01
7.780000000000002469e-01 3.319758832188378084e-01
7.790000000000003588e-01 3.174990940254596716e-01
7.800000000000002487e-01 2.961137475538085928e-01
7.810000000000003606e-01 2.749449707031198509e-01
7.820000000000002505e-01 2.660421219512186797e-01
7.830000000000003624e-01 2.577968323586696253e-01
7.840000000000002522e-01 2.561294790652426934e-01
7.850000000000003642e-01 2.682774052478144600e-01
7.860000000000002540e-01 2.700154219204654038e-01
7.870000000000003659e-01 2.719720174587808015e-01
7.880000000000002558e-01 2.795593901258492386e-01
7.890000000000003677e-01 2.866331237911038388e-01
7.900000000000002576e-01 2.885532094594582264e-01
7.910000000000003695e-01 2.818468659594942638e-01
7.920000000000002593e-01 2.687081809432113055e-01
7.930000000000003713e-01 2.558358277189567986e-01
7.940000000000002611e-01 2.456111671469729252e-01
7.950000000000003730e-01 2.408982981783305555e-01
7.960000000000002629e-01 2.378302253116003073e-01
7.970000000000003748e-01 2.325310823754771494e-01
7.980000000000002647e-01 2.286544497607645998e-01
7.990000000000003766e-01 2.316616523400204519e-01
8.000000000000002665e-01 2.435313454198511085e-01
8.010000000000003784e-01 2.505611296472850524e-01
8.020000000000002682e-01 2.522456945765938485e-01
8.030000000000003801e-01 2.592422053231976942e-01
8.040000000000002700e-01 2.667433285849969415e-01
8.050000000000003819e-01 2.672655450236953723e-01
8.060000000000002718e-01 2.736349905303072649e-01
8.070000000000003837e-01 2.851701795841244391e-01
8.080000000000002736e-01 2.875428470254941526e-01
8.090000000000003855e-01 2.893675707547223586e-01
8.100000000000002753e-01 3.045338512241097528e-01
8.110000000000003872e-01 3.204803621825078053e-01
8.120000000000002771e-01 3.344200704225409604e-01
8.130000000000003890e-01 3.529800422138877902e-01
8.140000000000002789e-01 3.628645970009404254e-01
8.150000000000003908e-01 3.738767806935374138e-01
8.160000000000002807e-01 3.828018475210501204e-01
8.170000000000003926e-01 3.963953971962669298e-01
8.180000000000002824e-01 4.011360774253739936e-01
8.190000000000003944e-01 4.088667520969282987e-01
8.200000000000002842e-01 4.169867318435777070e-01
8.210000000000003961e-01 4.224121747211913025e-01
8.220000000000002860e-01 4.174699628597916545e-01
8.230000000000003979e-01 4.192624420760037163e-01
8.240000000000002878e-01 4.287546296296286807e-01
8.250000000000003997e-01 4.220946577243233633e-01
8.260000000000002895e-01 4.128013850415533925e-01
8.270000000000004015e-01 4.197727859778622173e-01
8.280000000000002913e-01 4.262697513812169769e-01
8.290000000000004032e-01 4.316564917127091450e-01
8.300000000000002931e-01 4.316400413983440543e-01
8.310000000000004050e-01 4.314613636363635596e-01
8.320000000000002949e-01 4.323999082568810715e-01
8.330000000000004068e-01 4.256854720439922635e-01
8.340000000000002967e-01 4.069255489478424970e-01
8.350000000000004086e-01 3.743977605118670726e-01
8.360000000000002984e-01 3.369203467153191189e-01
8.370000000000004103e-01 3.047099817684483791e-01
8.380000000000003002e-01 2.765189663023601141e-01
8.390000000000004121e-01 2.544930063578616508e-01
8.400000000000003020e-01 2.644833787465862840e-01
8.410000000000004139e-01 2.402781108083460460e-01
8.420000000000003038e-01 2.460376019945628434e-01
8.430000000000004157e-01 2.738989583333478195e-01
8.440000000000003055e-01 2.747014014466513943e-01
8.450000000000004174e-01 2.905670054200675256e-01
8.460000000000003073e-01 3.125661857529347665e-01
8.470000000000004192e-01 3.211145045045052382e-01
8.480000000000003091e-01 3.261203687050404088e-01
8.490000000000004210e-01 3.358476190476179513e-01
8.500000000000003109e-01 3.326874999999959726e-01
8.510000000000004228e-01 3.201874999999952953e-01
8.520000000000003126e-01 3.043006048387054685e-01
8.530000000000004245e-01 2.802014982110807018e-01
8.540000000000003144e-01 2.545451072385975233e-01
8.550000000000004263e-01 2.339861607142781352e-01
8.560000000000003162e-01 2.151741087343958525e-01
8.570000000000004281e-01 1.937549643811116440e-01
8.580000000000003180e-01 1.730682222222184596e-01
8.590000000000004299e-01 1.598022202486613641e-01
8.600000000000003197e-01 1.452373889875626378e-01
8.610000000000004317e-01 1.226792553191383972e-01
8.620000000000003215e-01 1.065142604074351823e-01
8.630000000000004334e-01 1.033558355437670662e-01
8.640000000000003233e-01 1.048706713780924310e-01
8.650000000000004352e-01 1.086841269841296032e-01
8.660000000000003251e-01 1.152986784140995202e-01
8.670000000000004370e-01 1.255489226033511818e-01
8.680000000000003268e-01 1.456065465729395880e-01
8.690000000000004388e-01 1.615116432337501962e-01
8.700000000000003286e-01 1.693756578947389901e-01
8.710000000000004405e-01 1.844186240140302802e-01
8.720000000000003304e-01 1.965342381786373549e-01
8.730000000000004423e-01 2.030236681222724049e-01
8.740000000000003322e-01 2.044410480349336812e-01
8.750000000000004441e-01 2.017608108108092657e-01
8.760000000000003340e-01 1.987929068755444062e-01
8.770000000000004459e-01 2.001201479547437823e-01
8.780000000000003357e-01 1.914154347826058922e-01
8.790000000000004476e-01 1.655997395833193608e-01
8.800000000000003375e-01 1.218073287077018063e-01
8.810000000000004494e-01 7.677125541123874797e-02
8.820000000000003393e-01 4.529184688580595308e-02
8.830000000000004512e-01 2.905375647668298131e-02
8.840000000000003411e-01 2.698121761657956696e-02
8.850000000000004530e-01 3.383528904228093326e-02
8.860000000000003428e-01 3.144931093884431594e-02
8.870000000000004547e-01 2.393883390705238770e-02
8.880000000000003446e-01 2.237873711340401459e-02
8.890000000000004565e-01 2.723287553648227194e-02
8.900000000000003464e-01 3.012609254498710420e-02
8.910000000000004583e-01 3.002521404109646450e-02
8.920000000000003482e-01 3.135226883561693240e-02
8.930000000000004601e-01 2.924066239316107027e-02
8.940000000000003499e-01 2.785160119555907601e-02
8.950000000000004619e-01 2.861630434782712340e-02
8.960000000000003517e-01 3.271712765957721786e-02
8.970000000000004636e-01 4.030982142857440775e-02
8.980000000000003535e-01 4.700625000000250436e-02
8.990000000000004654e-01 4.793701188455049000e-02
9.000000000000003553e-01 5.464486853265750760e-02
9.010000000000004672e-01 6.653862288136239145e-02
9.020000000000003570e-01 8.182098478445214151e-02
9.030000000000004690e-01 1.003764792899514285e-01
9.040000000000003588e-01 1.236606239460443790e-01
9.050000000000004707e-01 1.424633220910714870e-01
9.060000000000003606e-01 1.665416175231758666e-01
9.070000000000004725e-01 1.893582491582591343e-01
9.080000000000003624e-01 2.096271848739559851e-01
9.090000000000004743e-01 2.276942114094035741e-01
9.100000000000003642e-01 2.410148784576665315e-01
9.110000000000004761e-01 2.321925817267351255e-01
9.120000000000003659e-01 2.228097280334689623e-01
9.130000000000004778e-01 2.192331939799323226e-01
9.140000000000003677e-01 2.242085141903209788e-01
9.150000000000004796e-01 2.327781067556324857e-01
9.160000000000003695e-01 2.397848459617038241e-01
9.170000000000004814e-01 2.546266444629543546e-01
9.180000000000003713e-01 2.699425187032478135e-01
9.190000000000004832e-01 2.807075789036592717e-01
9.200000000000003730e-01 2.914938589211666931e-01
9.210000000000004849e-01 3.041762417218614734e-01
9.220000000000003748e-01 3.177552109181188134e-01
9.230000000000004867e-01 3.290248552522803682e-01
9.240000000000003766e-01 3.427810950413274216e-01
9.250000000000004885e-01 3.549756188118866618e-01
9.260000000000003784e-01 3.612973228995062791e-01
9.270000000000004903e-01 3.670893621399264894e-01
9.280000000000003801e-01 3.834668241577695036e-01
9.290000000000004921e-01 3.961825184880911621e-01
9.300000000000003819e-01 4.029512931034504586e-01
9.310000000000004938e-01 4.114945286885296483e-01
9.320000000000003837e-01 4.157163461538447291e-01
9.330000000000004956e-01 4.146026982829151275e-01
9.340000000000003855e-01 4.239444807849584440e-01
9.350000000000004974e-01 4.282815510204101006e-01
9.360000000000003872e-01 4.327184135399690379e-01
9.370000000000004992e-01 4.355366449511406945e-01
9.380000000000003890e-01 4.374466666666679826e-01
9.390000000000005009e-01 4.405317831031679843e-01
9.400000000000003908e-01 4.402677701056050830e-01
9.410000000000005027e-01 4.319843268450883622e-01
9.420000000000003926e-01 4.189882591093054831e-01
9.430000000000005045e-01 4.052267394821944535e-01
9.440000000000003944e-01 3.941173605497136356e-01
9.450000000000005063e-01 3.858513945028254066e-01
9.460000000000003961e-01 3.657579032257987639e-01
9.470000000000005080e-01 3.422397058823407057e-01
9.480000000000003979e-01 3.308057568438033114e-01
9.490000000000005098e-01 3.382322289156677875e-01
9.500000000000003997e-01 3.474691767068310289e-01
9.510000000000005116e-01 3.231278112449672002e-01
9.520000000000004015e-01 3.181600961538482153e-01
9.530000000000005134e-01 3.276551441153002231e-01
9.540000000000004032e-01 3.382620303756960767e-01
9.550000000000005151e-01 3.293691446842482717e-01
9.560000000000004050e-01 3.131190095846585475e-01
9.570000000000005169e-01 2.985522727272662546e-01
9.580000000000004068e-01 2.880262340764305207e-01
9.590000000000005187e-01 2.795354415274364235e-01
9.600000000000004086e-01 2.616356801909237584e-01
9.610000000000005205e-01 2.371339555202418015e-01
9.620000000000004103e-01 2.085647501982431096e-01
9.630000000000005222e-01 1.819057646592596444e-01
9.640000000000004121e-01 1.615301819620182378e-01
9.650000000000005240e-01 1.452722705696118943e-01
9.660000000000004139e-01 1.354006714059995120e-01
9.670000000000005258e-01 1.316720599842145234e-01
9.680000000000004157e-01 1.301182427107943074e-01
9.690000000000005276e-01 1.252719512195029639e-01
9.700000000000004174e-01 1.081987804877978382e-01
9.710000000000005294e-01 9.949587264150576427e-02
9.720000000000004192e-01 1.049833987441207428e-01
9.730000000000005311e-01 1.172348823529411888e-01
9.740000000000004210e-01 1.172740980392156934e-01
9.750000000000005329e-01 1.213076095461681908e-01
9.760000000000004228e-01 1.275779906176731648e-01
9.770000000000005347e-01 1.291906249999966727e-01
9.780000000000004245e-01 1.239281761496491968e-01
9.790000000000005365e-01 1.237722915042867439e-01
9.800000000000004263e-01 1.158407710280336955e-01
9.810000000000005382e-01 1.038735408560241547e-01
9.820000000000004281e-01 8.890807453415441874e-02
9.830000000000005400e-01 7.157499999999777929e-02
9.840000000000004299e-01 6.757965477113858643e-02
9.850000000000005418e-01 6.911191860465329406e-02
9.860000000000004317e-01 6.933826372776277780e-02
9.870000000000005436e-01 6.343759659968269127e-02
9.880000000000004334e-01 4.908288253476947305e-02
9.890000000000005453e-01 4.719872685185220323e-02
9.900000000000004352e-01 5.022307247494466054e-02
9.910000000000005471e-01 5.508329484218871253e-02
9.920000000000004370e-01 5.916335642802336009e-02
9.930000000000005489e-01 6.157217524980911766e-02
9.940000000000004388e-01 6.076429393706723331e-02
9.950000000000005507e-01 5.856955521472316517e-02
9.960000000000004405e-01 5.729096477794999587e-02
9.970000000000005524e-01 6.217228177641903608e-02
9.980000000000004423e-01 6.802217125382516161e-02
9.990000000000005542e-01 1.046799618321048175e-01
