# Model: CoolTLusty
# Metallicity: 27.0 x solar
# col 0 - wavelength (microns)
# col 1 - geometric albedo
4.299999999999999933e-01 4.562942021276595317e-01
4.309999999999999942e-01 4.567280851063830194e-01
4.319999999999999951e-01 4.569965547703180309e-01
4.329999999999999960e-01 4.573177954144620472e-01
4.339999999999999969e-01 4.575317135325131512e-01
4.349999999999999978e-01 4.578828947368421276e-01
4.359999999999999987e-01 4.581787127845883822e-01
4.369999999999999996e-01 4.584128359511343564e-01
4.380000000000000004e-01 4.589581652173913007e-01
4.390000000000000013e-01 4.593054000000000303e-01
4.400000000000000022e-01 4.586651646447140185e-01
4.410000000000000031e-01 4.579293944636678160e-01
4.420000000000000040e-01 4.588093275862069054e-01
4.430000000000000049e-01 4.602312499999999806e-01
4.440000000000000058e-01 4.612288144329896866e-01
4.450000000000000067e-01 4.618400684931506794e-01
4.460000000000000075e-01 4.621940410958904066e-01
4.470000000000000084e-01 4.626014102564102726e-01
4.480000000000000093e-01 4.629822827938671614e-01
4.490000000000000102e-01 4.634172241086587096e-01
4.500000000000000111e-01 4.637681663837012191e-01
4.510000000000000120e-01 4.641103553299492090e-01
4.520000000000000129e-01 4.644636677908937639e-01
4.530000000000000138e-01 4.647304131534569782e-01
4.540000000000000147e-01 4.649821848739495445e-01
4.550000000000000155e-01 4.652331909547738897e-01
4.560000000000000164e-01 4.655811892797320217e-01
4.570000000000000173e-01 4.657411268781302405e-01
4.580000000000000182e-01 4.657532249999999929e-01
4.590000000000000191e-01 4.654211480865224071e-01
4.600000000000000200e-01 4.658127031509121663e-01
4.610000000000000209e-01 4.671047350993378089e-01
4.620000000000000218e-01 4.680204214876033109e-01
4.630000000000000226e-01 4.685422817133443329e-01
4.640000000000000235e-01 4.689373026315789561e-01
4.650000000000000244e-01 4.692113957307060823e-01
4.660000000000000253e-01 4.695237970540098171e-01
4.670000000000000262e-01 4.699566394779772227e-01
4.680000000000000271e-01 4.704460358890701355e-01
4.690000000000000280e-01 4.709030894308943727e-01
4.700000000000000289e-01 4.712424146341463449e-01
4.710000000000000298e-01 4.716610679611650814e-01
4.720000000000000306e-01 4.719089644012945395e-01
4.730000000000000315e-01 4.722443548387096346e-01
4.740000000000000324e-01 4.726319614147910242e-01
4.750000000000000333e-01 4.728170866773675485e-01
4.760000000000000342e-01 4.730164365971107898e-01
4.770000000000000351e-01 4.730966719999999959e-01
4.780000000000000360e-01 4.730050479233226524e-01
4.790000000000000369e-01 4.727252547770700586e-01
4.800000000000000377e-01 4.721718521462638929e-01
4.810000000000000386e-01 4.714359523809523167e-01
4.820000000000000395e-01 4.706497468354430280e-01
4.830000000000000404e-01 4.702875276461295218e-01
4.840000000000000413e-01 4.677131861198736140e-01
4.850000000000000422e-01 4.604048740157475894e-01
4.860000000000000431e-01 4.594859262166406944e-01
4.870000000000000440e-01 4.682351095461662616e-01
4.880000000000000449e-01 4.741909154929580539e-01
4.890000000000000457e-01 4.771205850234009893e-01
4.900000000000000466e-01 4.781545950155763336e-01
4.910000000000000475e-01 4.785437655279503599e-01
4.920000000000000484e-01 4.789498136645962689e-01
4.930000000000000493e-01 4.793146290571870249e-01
4.940000000000000502e-01 4.796980370942813265e-01
4.950000000000000511e-01 4.800150154083204779e-01
4.960000000000000520e-01 4.803285999999999945e-01
4.970000000000000528e-01 4.805200076804915232e-01
4.980000000000000537e-01 4.807029862174578838e-01
4.990000000000000546e-01 4.807488990825688480e-01
5.000000000000000000e-01 4.808797175572518956e-01
5.010000000000001119e-01 4.808674961948249948e-01
5.020000000000000018e-01 4.808341793313070101e-01
5.030000000000001137e-01 4.804816464339908277e-01
5.040000000000000036e-01 4.800479954614220723e-01
5.050000000000001155e-01 4.796849092284416471e-01
5.060000000000000053e-01 4.789347435897436389e-01
5.070000000000001172e-01 4.780335768072287994e-01
5.080000000000000071e-01 4.764512162162162778e-01
5.090000000000001190e-01 4.750954797601197876e-01
5.100000000000000089e-01 4.745053892215568836e-01
5.110000000000001208e-01 4.760368208955226832e-01
5.120000000000000107e-01 4.795726080476901410e-01
5.130000000000001226e-01 4.826630059523813743e-01
5.140000000000000124e-01 4.845751780415430421e-01
5.150000000000001243e-01 4.854193481481481887e-01
5.160000000000000142e-01 4.857672525849335288e-01
5.170000000000001261e-01 4.858231166912850840e-01
5.180000000000000160e-01 4.856176838235293225e-01
5.190000000000001279e-01 4.850257499999998667e-01
5.200000000000000178e-01 4.842000807635829518e-01
5.210000000000001297e-01 4.835517715959003482e-01
5.220000000000000195e-01 4.830931432748538645e-01
5.230000000000001315e-01 4.835354810495627875e-01
5.240000000000000213e-01 4.839252769679300292e-01
5.250000000000001332e-01 4.852831540697675750e-01
5.260000000000000231e-01 4.859618505079825734e-01
5.270000000000001350e-01 4.861834587554267895e-01
5.280000000000000249e-01 4.841891112716761869e-01
5.290000000000001368e-01 4.865096037463975120e-01
5.300000000000000266e-01 4.854741138328530492e-01
5.310000000000001386e-01 4.864690229885055284e-01
5.320000000000000284e-01 4.848111262553801981e-01
5.330000000000001403e-01 4.829834813753579592e-01
5.340000000000000302e-01 4.812020642857142705e-01
5.350000000000001421e-01 4.786357560627670371e-01
5.360000000000000320e-01 4.740357977207974582e-01
5.370000000000001439e-01 4.673735369318171018e-01
5.380000000000000338e-01 4.586088668555245995e-01
5.390000000000001457e-01 4.332449008498567844e-01
5.400000000000000355e-01 4.333617231638424161e-01
5.410000000000001474e-01 4.167699294781317398e-01
5.420000000000000373e-01 3.822514718309854564e-01
5.430000000000001492e-01 4.014411797752722166e-01
5.440000000000000391e-01 2.886340322580523976e-01
5.450000000000001510e-01 3.846019887955686722e-01
5.460000000000000409e-01 3.860118715083765140e-01
5.470000000000001528e-01 3.951527336122842016e-01
5.480000000000000426e-01 4.006469262865093861e-01
5.490000000000001545e-01 4.784577329624511433e-01
5.500000000000000444e-01 4.905104368932045600e-01
5.510000000000001563e-01 4.917897437673132699e-01
5.520000000000000462e-01 4.931219820441988810e-01
5.530000000000001581e-01 4.929583999999999078e-01
5.540000000000000480e-01 4.918633884297520242e-01
5.550000000000001599e-01 4.850925034387875145e-01
5.560000000000000497e-01 4.388771879286689215e-01
5.570000000000001616e-01 4.330912054794528454e-01
5.580000000000000515e-01 4.030686935704505536e-01
5.590000000000001634e-01 4.876031830601089134e-01
5.600000000000000533e-01 4.827475408719338335e-01
5.610000000000001652e-01 4.902637006802742503e-01
5.620000000000000551e-01 4.921553731343283888e-01
5.630000000000001670e-01 4.916460298102980353e-01
5.640000000000000568e-01 4.912437837837836940e-01
5.650000000000001688e-01 4.901639189189186396e-01
5.660000000000000586e-01 4.882988679245282015e-01
5.670000000000001705e-01 4.861599999999996480e-01
5.680000000000000604e-01 4.836599999999998123e-01
5.690000000000001723e-01 4.812543154362410869e-01
5.700000000000000622e-01 4.759217135207493010e-01
5.710000000000001741e-01 4.730414639037438529e-01
5.720000000000000639e-01 4.726990066666664769e-01
5.730000000000001759e-01 4.678476564580549835e-01
5.740000000000000657e-01 4.601886702127654938e-01
5.750000000000001776e-01 4.531302519893893321e-01
5.760000000000000675e-01 4.544205298013248018e-01
5.770000000000001794e-01 4.507243650793624212e-01
5.780000000000000693e-01 4.422288441215322385e-01
5.790000000000001812e-01 3.687393552631725302e-01
5.800000000000000711e-01 4.494921315789479621e-01
5.810000000000001830e-01 4.642895597897526705e-01
5.820000000000000728e-01 4.793438269986893263e-01
5.830000000000001847e-01 4.812092670157080976e-01
5.840000000000000746e-01 4.860481201044388189e-01
5.850000000000001865e-01 4.822324804177534063e-01
5.860000000000000764e-01 4.938569661458335203e-01
5.870000000000001883e-01 4.951034720416127022e-01
5.880000000000000782e-01 4.952757068741893698e-01
5.890000000000001901e-01 4.911208937823794418e-01
5.900000000000000799e-01 4.807233699870641086e-01
5.910000000000001918e-01 4.856854521963826499e-01
5.920000000000000817e-01 4.499739626288678518e-01
5.930000000000001936e-01 4.419159459459289230e-01
5.940000000000000835e-01 4.144892544987162086e-01
5.950000000000001954e-01 4.209729487179483809e-01
5.960000000000000853e-01 4.514017519181610649e-01
5.970000000000001972e-01 4.642765984654733669e-01
5.980000000000000870e-01 4.659837931034483960e-01
5.990000000000001990e-01 4.696260764331220972e-01
6.000000000000000888e-01 4.740849047013981354e-01
6.010000000000002007e-01 4.782257179161381044e-01
6.020000000000000906e-01 4.824692839036759384e-01
6.030000000000002025e-01 4.855658860759497486e-01
6.040000000000000924e-01 4.866956565656565536e-01
6.050000000000002043e-01 4.855638461538456241e-01
6.060000000000000941e-01 4.816592749054221523e-01
6.070000000000002061e-01 4.748543404522596600e-01
6.080000000000000959e-01 4.659632685069000635e-01
6.090000000000002078e-01 4.594336716791971864e-01
6.100000000000000977e-01 4.549069524405503495e-01
6.110000000000002096e-01 4.437863483146017862e-01
6.120000000000000995e-01 4.204828553615928000e-01
6.130000000000002114e-01 3.750990348692261889e-01
6.140000000000001013e-01 3.224632276119351326e-01
6.150000000000002132e-01 3.209385049627783704e-01
6.160000000000001030e-01 3.133892131350654586e-01
6.170000000000002149e-01 2.969384734239766677e-01
6.180000000000001048e-01 2.660087824474607343e-01
6.190000000000002167e-01 2.437558866994983253e-01
6.200000000000001066e-01 2.133720628078805692e-01
6.210000000000002185e-01 2.398107248157398397e-01
6.220000000000001084e-01 2.728569631901845982e-01
6.230000000000002203e-01 3.091497058823645672e-01
6.240000000000001101e-01 3.222660330073420232e-01
6.250000000000002220e-01 3.832112576312648455e-01
6.260000000000001119e-01 4.138400000000037604e-01
6.270000000000002238e-01 4.222430328867236571e-01
6.280000000000001137e-01 4.336060753341460794e-01
6.290000000000002256e-01 4.546078181818135611e-01
6.300000000000001155e-01 3.676058787878590528e-01
6.310000000000002274e-01 2.710865175332438093e-01
6.320000000000001172e-01 3.880639371980940666e-01
6.330000000000002292e-01 2.795000723763818584e-01
6.340000000000001190e-01 3.560985198555914888e-01
6.350000000000002309e-01 3.937807142857425169e-01
6.360000000000001208e-01 4.399987695078025896e-01
6.370000000000002327e-01 4.775494784172787943e-01
6.380000000000001226e-01 4.771574193548383525e-01
6.390000000000002345e-01 4.749446360381858745e-01
6.400000000000001243e-01 4.735964260143195603e-01
6.410000000000002363e-01 4.694567202380940940e-01
6.420000000000001261e-01 4.637527942925084301e-01
6.430000000000002380e-01 4.621662811387904912e-01
6.440000000000001279e-01 4.645332464454979271e-01
6.450000000000002398e-01 4.658650650887574129e-01
6.460000000000001297e-01 4.653018890200706914e-01
6.470000000000002416e-01 4.642342680047222836e-01
6.480000000000001315e-01 4.602039764705870284e-01
6.490000000000002434e-01 4.516390705882330492e-01
6.500000000000001332e-01 4.461259683098595108e-01
6.510000000000002451e-01 4.473809484777516721e-01
6.520000000000001350e-01 4.481093852459018811e-01
6.530000000000002469e-01 4.444909532163728305e-01
6.540000000000001368e-01 4.360504545454537140e-01
6.550000000000002487e-01 4.268437077997636053e-01
6.560000000000001386e-01 4.153442441860453194e-01
6.570000000000002505e-01 4.077596167247369841e-01
6.580000000000001403e-01 4.035942691415309591e-01
6.590000000000002522e-01 3.952776593279229145e-01
6.600000000000001421e-01 3.729498441108503037e-01
6.610000000000002540e-01 3.348532217090061658e-01
6.620000000000001439e-01 3.433780357142912076e-01
6.630000000000002558e-01 3.702473417721550697e-01
6.640000000000001457e-01 3.730900114942522494e-01
6.650000000000002576e-01 3.666349425947167395e-01
6.660000000000001474e-01 3.593604013761454996e-01
6.670000000000002593e-01 3.539832151029760898e-01
6.680000000000001492e-01 3.596727910958911756e-01
6.690000000000002611e-01 3.649043671607752892e-01
6.700000000000001510e-01 3.465916173120651145e-01
6.710000000000002629e-01 3.546889021615617921e-01
6.720000000000001528e-01 3.625024999999974518e-01
6.730000000000002647e-01 4.220534523809739702e-01
6.740000000000001545e-01 4.344513759909403583e-01
6.750000000000002665e-01 4.328024915254183869e-01
6.760000000000001563e-01 4.224319560315712985e-01
6.770000000000002682e-01 4.448277395715945493e-01
6.780000000000001581e-01 4.554039639639640424e-01
6.790000000000002700e-01 4.397309101123516029e-01
6.800000000000001599e-01 4.139075869809167862e-01
6.810000000000002718e-01 4.259692488789285081e-01
6.820000000000001616e-01 4.115046979865780719e-01
6.830000000000002736e-01 4.158402234636882633e-01
6.840000000000001634e-01 4.170271794871781013e-01
6.850000000000002753e-01 4.114062360801783447e-01
6.860000000000001652e-01 4.107584482758616096e-01
6.870000000000002771e-01 4.310557388889002528e-01
6.880000000000001670e-01 4.484935405105446860e-01
6.890000000000002789e-01 4.525099335548181667e-01
6.900000000000001688e-01 4.571301216814165902e-01
6.910000000000002807e-01 4.584573951434873229e-01
6.920000000000001705e-01 4.561487761852252021e-01
6.930000000000002824e-01 4.499983865638754743e-01
6.940000000000001723e-01 4.437037307692295873e-01
6.950000000000002842e-01 4.314481723380855782e-01
6.960000000000001741e-01 4.113655263157860453e-01
6.970000000000002860e-01 3.881429518072223583e-01
6.980000000000001759e-01 3.691609999999966307e-01
6.990000000000002878e-01 3.475051748633808391e-01
7.000000000000001776e-01 3.202168920392542972e-01
7.010000000000002895e-01 3.022037921653927817e-01
7.020000000000001794e-01 2.878769761129207350e-01
7.030000000000002913e-01 2.887105748373121616e-01
7.040000000000001812e-01 2.931769522776571102e-01
7.050000000000002931e-01 3.030732432432526324e-01
7.060000000000001830e-01 3.259167567567577972e-01
7.070000000000002949e-01 3.356931533477358065e-01
7.080000000000001847e-01 3.523128987069001905e-01
7.090000000000002967e-01 3.621704843918204242e-01
7.100000000000001865e-01 3.738944354838734663e-01
7.110000000000002984e-01 3.892665467239569410e-01
7.120000000000001883e-01 3.897417416934614853e-01
7.130000000000003002e-01 3.892494379014989070e-01
7.140000000000001901e-01 3.892684508546968014e-01
7.150000000000003020e-01 3.645217910447615672e-01
7.160000000000001918e-01 3.056512153518024522e-01
7.170000000000003038e-01 2.468324999999917391e-01
7.180000000000001936e-01 2.154528980891642909e-01
7.190000000000003055e-01 1.838892038216485281e-01
7.200000000000001954e-01 1.508041843220242206e-01
7.210000000000003073e-01 1.204595396825378362e-01
7.220000000000001972e-01 1.045223150105659693e-01
7.230000000000003091e-01 1.124264572333784906e-01
7.240000000000001990e-01 1.077731138039988712e-01
7.250000000000003109e-01 8.627364067438894613e-02
7.260000000000002007e-01 8.388418067226975638e-02
7.270000000000003126e-01 8.174533613445252034e-02
7.280000000000002025e-01 7.135874213836258806e-02
7.290000000000003144e-01 8.605555555556108904e-02
7.300000000000002043e-01 1.045940752351131459e-01
7.310000000000003162e-01 1.117519958202736891e-01
7.320000000000002061e-01 1.228720937499966082e-01
7.330000000000003180e-01 1.058809677419341733e-01
7.340000000000002078e-01 1.049630737279394765e-01
7.350000000000003197e-01 1.199374066389889554e-01
7.360000000000002096e-01 7.717897302904264123e-02
7.370000000000003215e-01 9.720947776633989679e-02
7.380000000000002114e-01 2.130977197518158228e-01
7.390000000000003233e-01 2.552861145511039487e-01
7.400000000000002132e-01 3.029845824742246063e-01
7.410000000000003251e-01 3.213378887744856027e-01
7.420000000000002149e-01 3.782974203494394727e-01
7.430000000000003268e-01 4.046116443987760602e-01
7.440000000000002167e-01 4.290755384615421164e-01
7.450000000000003286e-01 4.383346571136131353e-01
7.460000000000002185e-01 4.363306448311145558e-01
7.470000000000003304e-01 4.375907252298286698e-01
7.480000000000002203e-01 4.420507645259942331e-01
7.490000000000003322e-01 4.418547247706415271e-01
7.500000000000002220e-01 4.408566683621566451e-01
7.510000000000003340e-01 4.401208231707312568e-01
7.520000000000002238e-01 4.374439289340092962e-01
7.530000000000003357e-01 4.339072847011133383e-01
7.540000000000002256e-01 4.321984868421050452e-01
7.550000000000003375e-01 4.299568250758330490e-01
7.560000000000002274e-01 3.865943693238973466e-01
7.570000000000003393e-01 3.988499445564698265e-01
7.580000000000002292e-01 4.012906797583019047e-01
7.590000000000003411e-01 3.937381690140852597e-01
7.600000000000002309e-01 3.762566666666605775e-01
7.610000000000003428e-01 3.683325677031099032e-01
7.620000000000002327e-01 3.548562725450852273e-01
7.630000000000003446e-01 3.428565499999972066e-01
7.640000000000002345e-01 3.352520329670311550e-01
7.650000000000003464e-01 3.332981736526949290e-01
7.660000000000002363e-01 3.282013346613523730e-01
7.670000000000003482e-01 3.267924179104484961e-01
7.680000000000002380e-01 3.298858250497028743e-01
7.690000000000003499e-01 3.320162400793655877e-01
7.700000000000002398e-01 3.303696825396816306e-01
7.710000000000003517e-01 3.246948219584541717e-01
7.720000000000002416e-01 3.124406973293732404e-01
7.730000000000003535e-01 2.939448223099631607e-01
7.740000000000002434e-01 2.852255128205126167e-01
7.750000000000003553e-01 2.823021456692897946e-01
7.760000000000002451e-01 2.724409390363777272e-01
7.770000000000003570e-01 2.618259037328064531e-01
7.780000000000002469e-01 2.488490333660400844e-01
7.790000000000003588e-01 2.339675171400539266e-01
7.800000000000002487e-01 2.134951565557654807e-01
7.810000000000003606e-01 1.923208691406199100e-01
7.820000000000002505e-01 1.838798780487798656e-01
7.830000000000003624e-01 1.756863060428798251e-01
7.840000000000002522e-01 1.716515238558941059e-01
7.850000000000003642e-01 1.804195626822161780e-01
7.860000000000002540e-01 1.791632007759440537e-01
7.870000000000003659e-01 1.775320174587808053e-01
7.880000000000002558e-01 1.860431461761889171e-01
7.890000000000003677e-01 1.961065860735030364e-01
7.900000000000002576e-01 1.993636148648632034e-01
7.910000000000003695e-01 1.915115139826385482e-01
7.920000000000002593e-01 1.800578633301220810e-01
7.930000000000003713e-01 1.672851251203014422e-01
7.940000000000002611e-01 1.503939337175807245e-01
7.950000000000003730e-01 1.564215771812078326e-01
7.960000000000002629e-01 1.558846644295300565e-01
7.970000000000003748e-01 1.479785536398441070e-01
7.980000000000002647e-01 1.401644976076535654e-01
7.990000000000003766e-01 1.443792454632302213e-01
8.000000000000002665e-01 1.605514599236692874e-01
8.010000000000003784e-01 1.636116348903715323e-01
8.020000000000002682e-01 1.581869885823005972e-01
8.030000000000003801e-01 1.619071482889765934e-01
8.040000000000002700e-01 1.680735280151960387e-01
8.050000000000003819e-01 1.553037251184738732e-01
8.060000000000002718e-01 1.515621496212163077e-01
8.070000000000003837e-01 1.602713894139897455e-01
8.080000000000002736e-01 1.533891359773312257e-01
8.090000000000003855e-01 1.532754009434088294e-01
8.100000000000002753e-01 1.868731732580120319e-01
8.110000000000003872e-01 2.153604186265349885e-01
8.120000000000002771e-01 2.334248591549394625e-01
8.130000000000003890e-01 2.645783724202677711e-01
8.140000000000002789e-01 2.770787113402112811e-01
8.150000000000003908e-01 2.945013917525838298e-01
8.160000000000002807e-01 3.017781057062695060e-01
8.170000000000003926e-01 3.257106308411310547e-01
8.180000000000002824e-01 3.306046781716420746e-01
8.190000000000003944e-01 3.439225396085811570e-01
8.200000000000002842e-01 3.543287430167620378e-01
8.210000000000003961e-01 3.612083828996310308e-01
8.220000000000002860e-01 3.466952553388939484e-01
8.230000000000003979e-01 3.493073911028903855e-01
8.240000000000002878e-01 3.694759629629592590e-01
8.250000000000003997e-01 3.497101803885140359e-01
8.260000000000002895e-01 3.261554016620548668e-01
8.270000000000004015e-01 3.432342619926272431e-01
8.280000000000002913e-01 3.624694198895063724e-01
8.290000000000004032e-01 3.750384806629880607e-01
8.300000000000002931e-01 3.716171343146263406e-01
8.310000000000004050e-01 3.702559090909086637e-01
8.320000000000002949e-01 3.758319082568827296e-01
8.330000000000004068e-01 3.692400458295092003e-01
8.340000000000002967e-01 3.451257136321951857e-01
8.350000000000004086e-01 3.035309597806013504e-01
8.360000000000002984e-01 2.585272810218875450e-01
8.370000000000004103e-01 2.239775478577828438e-01
8.380000000000003002e-01 1.960398952641092818e-01
8.390000000000004121e-01 1.754815622161716993e-01
8.400000000000003020e-01 1.844286648501293202e-01
8.410000000000004139e-01 1.627302089009901309e-01
8.420000000000003038e-01 1.676650362647347792e-01
8.430000000000004157e-01 1.922164583333460519e-01
8.440000000000003055e-01 1.921408589511721943e-01
8.450000000000004174e-01 2.077947018970320858e-01
8.460000000000003073e-01 2.293324977457208702e-01
8.470000000000004192e-01 2.371713693693696667e-01
8.480000000000003091e-01 2.419003327338179743e-01
8.490000000000004210e-01 2.526232524707980875e-01
8.500000000000003109e-01 2.484969973069974802e-01
8.510000000000004228e-01 2.350813779174096008e-01
8.520000000000003126e-01 2.202478629032219026e-01
8.530000000000004245e-01 1.980033765652854660e-01
8.540000000000003144e-01 1.748395308310916885e-01
8.550000000000004263e-01 1.568293749999934983e-01
8.560000000000003162e-01 1.411607397504399675e-01
8.570000000000004281e-01 1.241411264470089482e-01
8.580000000000003180e-01 1.083114222222194140e-01
8.590000000000004299e-01 9.848818827708234747e-02
8.600000000000003197e-01 8.797309058614277699e-02
8.610000000000004317e-01 7.241840425531190228e-02
8.620000000000003215e-01 6.156644818423049476e-02
8.630000000000004334e-01 5.954034482758658459e-02
8.640000000000003233e-01 6.056522968197915885e-02
8.650000000000004352e-01 6.304095238095409892e-02
8.660000000000003251e-01 6.737797356828366391e-02
8.670000000000004370e-01 7.424913368514252099e-02
8.680000000000003268e-01 8.800538664323709348e-02
8.690000000000004388e-01 9.948166080844074444e-02
8.700000000000003286e-01 9.758881578947282975e-02
8.710000000000004405e-01 1.090446362839681271e-01
8.720000000000003304e-01 1.137628196147106863e-01
8.730000000000004423e-01 1.132904978165939075e-01
8.740000000000003322e-01 1.103713187772899645e-01
8.750000000000004441e-01 1.027672972972946269e-01
8.760000000000003340e-01 9.854006092254684324e-02
8.770000000000004459e-01 1.145409312445668515e-01
8.780000000000003357e-01 1.137227391304341112e-01
8.790000000000004476e-01 9.311348958332144043e-02
8.800000000000003375e-01 6.443515177796046989e-02
8.810000000000004494e-01 3.940398268397415915e-02
8.820000000000003393e-01 2.330895761245306216e-02
8.830000000000004512e-01 1.483375647668297957e-02
8.840000000000003411e-01 1.276121761657956870e-02
8.850000000000004530e-01 9.860345125106542707e-03
8.860000000000003428e-01 1.342481481481655817e-02
8.870000000000004547e-01 1.206983218588431918e-02
8.880000000000003446e-01 1.076811855670156866e-02
8.890000000000004565e-01 1.277787124463648609e-02
8.900000000000003464e-01 1.522172236503869722e-02
8.910000000000004583e-01 1.561154965753451355e-02
8.920000000000003482e-01 1.621942636986323932e-02
8.930000000000004601e-01 1.386973931623792025e-02
8.940000000000003499e-01 1.312946626814697620e-02
8.950000000000004619e-01 1.431804347826183543e-02
8.960000000000003517e-01 1.716415744681005009e-02
8.970000000000004636e-01 2.141869897959352773e-02
8.980000000000003535e-01 2.520696428571570641e-02
8.990000000000004654e-01 2.569524617996625168e-02
9.000000000000003553e-01 2.961097540288538943e-02
9.010000000000004672e-01 3.664453813559705175e-02
9.020000000000003570e-01 4.589163567202388105e-02
9.030000000000004690e-01 5.755742603550986075e-02
9.040000000000003588e-01 7.273994940978563417e-02
9.050000000000004707e-01 8.526946037100097131e-02
9.060000000000003606e-01 1.023538500421288522e-01
9.070000000000004725e-01 1.196758249158327014e-01
9.080000000000003624e-01 1.359164285714338782e-01
9.090000000000004743e-01 1.508416610738318453e-01
9.100000000000003642e-01 1.618286588432494844e-01
9.110000000000004761e-01 1.539619362950507275e-01
9.120000000000003659e-01 1.466267489539719304e-01
9.130000000000004778e-01 1.392347324414680565e-01
9.140000000000003677e-01 1.426509849749627301e-01
9.150000000000004796e-01 1.528976396997533127e-01
9.160000000000003695e-01 1.607515070774398758e-01
9.170000000000004814e-01 1.732452622814378562e-01
9.180000000000003713e-01 1.862646134663391573e-01
9.190000000000004832e-01 1.962794559800710992e-01
9.200000000000003730e-01 2.071459087136979793e-01
9.210000000000004849e-01 2.197469039735166774e-01
9.220000000000003748e-01 2.322333250620384204e-01
9.230000000000004867e-01 2.411704631927258369e-01
9.240000000000003766e-01 2.552678223140549263e-01
9.250000000000004885e-01 2.696800742574325671e-01
9.260000000000003784e-01 2.755630560131786533e-01
9.270000000000004903e-01 2.814172139917830440e-01
9.280000000000003801e-01 3.060768323746961284e-01
9.290000000000004921e-01 3.181516064092083651e-01
9.300000000000003819e-01 3.249585344827608524e-01
9.310000000000004938e-01 3.376971352459099407e-01
9.320000000000003837e-01 3.394263461538392090e-01
9.330000000000004956e-01 3.251331316435005503e-01
9.340000000000003855e-01 3.272631398201152342e-01
9.350000000000004974e-01 3.331181224489823123e-01
9.360000000000003872e-01 3.390471084828732828e-01
9.370000000000004992e-01 3.401677198697052318e-01
9.380000000000003890e-01 3.437106666666742694e-01
9.390000000000005009e-01 3.621727091795324815e-01
9.400000000000003908e-01 3.688786393176302636e-01
9.410000000000005027e-01 3.536909448499497843e-01
9.420000000000003926e-01 3.323229959514075738e-01
9.430000000000005045e-01 3.138765453074373601e-01
9.440000000000003944e-01 3.034128334680658567e-01
9.450000000000005063e-01 2.983966653193185214e-01
9.460000000000003961e-01 2.791587419354764621e-01
9.470000000000005080e-01 2.555538235293993710e-01
9.480000000000003979e-01 2.435040177133681871e-01
9.490000000000005098e-01 2.509166144578387492e-01
9.500000000000003997e-01 2.642017550200856935e-01
9.510000000000005116e-01 2.388942208835207470e-01
9.520000000000004015e-01 2.322504807692321038e-01
9.530000000000005134e-01 2.412597077662215761e-01
9.540000000000004032e-01 2.530165627497970027e-01
9.550000000000005151e-01 2.448431015187809701e-01
9.560000000000004050e-01 2.259924920127725501e-01
9.570000000000005169e-01 2.127577272727223801e-01
9.580000000000004068e-01 2.042711066878956649e-01
9.590000000000005187e-01 1.964676610978431937e-01
9.600000000000004086e-01 1.804772076372252454e-01
9.610000000000005205e-01 1.592804527402593706e-01
9.620000000000004103e-01 1.357670023790543690e-01
9.630000000000005222e-01 1.145343700475347642e-01
9.640000000000004121e-01 9.888382120252665886e-02
9.650000000000005240e-01 8.746768196201945567e-02
9.660000000000004139e-01 8.069744865718551929e-02
9.670000000000005258e-01 7.760500394632932619e-02
9.680000000000004157e-01 7.577394011032180521e-02
9.690000000000005276e-01 7.207494099133965326e-02
9.700000000000004174e-01 6.142191188040473093e-02
9.710000000000005294e-01 5.616143867924310723e-02
9.720000000000004192e-01 6.009934850863941219e-02
9.730000000000005311e-01 6.821629411764680573e-02
9.740000000000004210e-01 6.778492156862725437e-02
9.750000000000005329e-01 6.956005086072089560e-02
9.760000000000004228e-01 7.382634089132365796e-02
9.770000000000005347e-01 7.482312499999728417e-02
9.780000000000004245e-01 7.037104442712333041e-02
9.790000000000005365e-01 6.909279033515128288e-02
9.800000000000004263e-01 6.140123831775351482e-02
9.810000000000005382e-01 5.541259143968676332e-02
9.820000000000004281e-01 4.960024844720067883e-02
9.830000000000005400e-01 3.911499999999876187e-02
9.840000000000004299e-01 3.688846780449859392e-02
9.850000000000005418e-01 3.731150000000084399e-02
9.860000000000004317e-01 3.721459783449238695e-02
9.870000000000005436e-01 3.419070324574505215e-02
9.880000000000004334e-01 2.618838485316489495e-02
9.890000000000005453e-01 2.516567129629651220e-02
9.900000000000004352e-01 2.691332690825123247e-02
9.910000000000005471e-01 2.954444957659837709e-02
9.920000000000004370e-01 3.122266358737564931e-02
9.930000000000005489e-01 3.210198308993128524e-02
9.940000000000004388e-01 3.179737145049845587e-02
9.950000000000005507e-01 3.094949386503033362e-02
9.960000000000004405e-01 3.039442572741305262e-02
9.970000000000005524e-01 3.302459418070578800e-02
9.980000000000004423e-01 3.615831804281481598e-02
9.990000000000005542e-01 5.305751908398928518e-02
