# Model: CoolTLusty
# Metallicity: 3.0 x solar
# col 0 - wavelength (microns)
# col 1 - geometric albedo
4.299999999999999933e-01 4.567134751773049284e-01
4.309999999999999942e-01 4.570680851063829708e-01
4.319999999999999951e-01 4.574215547703180396e-01
4.329999999999999960e-01 4.577744268077601486e-01
4.339999999999999969e-01 4.581400702987697970e-01
4.349999999999999978e-01 4.585778947368421288e-01
4.359999999999999987e-01 4.589281961471103344e-01
4.369999999999999996e-01 4.592778359511343611e-01
4.380000000000000004e-01 4.596267826086956609e-01
4.390000000000000013e-01 4.599746086956522095e-01
4.400000000000000022e-01 4.603220103986135348e-01
4.410000000000000031e-01 4.605685121107266355e-01
4.420000000000000040e-01 4.610212068965517385e-01
4.430000000000000049e-01 4.614589655172414151e-01
4.440000000000000058e-01 4.619546391752577530e-01
4.450000000000000067e-01 4.623465753424657598e-01
4.460000000000000075e-01 4.627835616438356059e-01
4.470000000000000084e-01 4.631964102564102848e-01
4.480000000000000093e-01 4.636078364565587862e-01
4.490000000000000102e-01 4.640122241086587773e-01
4.500000000000000111e-01 4.644276740237691103e-01
4.510000000000000120e-01 4.648355329949238612e-01
4.520000000000000129e-01 4.652286677908937795e-01
4.530000000000000138e-01 4.656489038785834866e-01
4.540000000000000147e-01 4.660021848739495653e-01
4.550000000000000155e-01 4.664381909547738458e-01
4.560000000000000164e-01 4.667731993299832349e-01
4.570000000000000173e-01 4.672075125208681179e-01
4.580000000000000182e-01 4.675410000000000399e-01
4.590000000000000191e-01 4.678740432612312761e-01
4.600000000000000200e-01 4.683061359867329854e-01
4.610000000000000209e-01 4.687561258278145626e-01
4.620000000000000218e-01 4.692523966942148683e-01
4.630000000000000226e-01 4.696981878088962170e-01
4.640000000000000235e-01 4.701273026315789805e-01
4.650000000000000244e-01 4.705339901477832987e-01
4.660000000000000253e-01 4.709837970540098340e-01
4.670000000000000262e-01 4.714110929853180809e-01
4.680000000000000271e-01 4.718060358890701633e-01
4.690000000000000280e-01 4.722630894308943450e-01
4.700000000000000289e-01 4.726824390243902774e-01
4.710000000000000298e-01 4.730689320388349328e-01
4.720000000000000306e-01 4.735362459546925695e-01
4.730000000000000315e-01 4.739390322580644965e-01
4.740000000000000324e-01 4.743225080385852221e-01
4.750000000000000333e-01 4.747048154093098105e-01
4.760000000000000342e-01 4.751242375601926193e-01
4.770000000000000351e-01 4.755444799999999916e-01
4.780000000000000360e-01 4.758642172523961933e-01
4.790000000000000369e-01 4.762831210191083020e-01
4.800000000000000377e-01 4.766012718600954323e-01
4.810000000000000386e-01 4.769190476190476313e-01
4.820000000000000395e-01 4.772360759493671223e-01
4.830000000000000404e-01 4.776284360189573808e-01
4.840000000000000413e-01 4.777660883280757109e-01
4.850000000000000422e-01 4.775170078740156865e-01
4.860000000000000431e-01 4.777919937205651890e-01
4.870000000000000440e-01 4.790328638497652891e-01
4.880000000000000449e-01 4.799098591549296744e-01
4.890000000000000457e-01 4.805547581903276133e-01
4.900000000000000466e-01 4.810224299065420928e-01
4.910000000000000475e-01 4.813889751552795082e-01
4.920000000000000484e-01 4.818548136645962598e-01
4.930000000000000493e-01 4.822196290571870159e-01
4.940000000000000502e-01 4.825888717156104901e-01
4.950000000000000511e-01 4.830465331278890884e-01
4.960000000000000520e-01 4.834083076923077482e-01
4.970000000000000528e-01 4.838130568356375227e-01
4.980000000000000537e-01 4.842199081163859331e-01
4.990000000000000546e-01 4.845889908256881262e-01
5.000000000000000000e-01 4.849471755725190958e-01
5.010000000000001119e-01 4.853363774733638336e-01
5.020000000000000018e-01 4.857407294832826739e-01
5.030000000000001137e-01 4.860444613050076135e-01
5.040000000000000036e-01 4.864475037821482384e-01
5.050000000000001155e-01 4.867500756429652409e-01
5.060000000000000053e-01 4.870778280542986116e-01
5.070000000000001172e-01 4.873766566265060329e-01
5.080000000000000071e-01 4.876270270270270379e-01
5.090000000000001190e-01 4.878541229385308098e-01
5.100000000000000089e-01 4.881803892215568763e-01
5.110000000000001208e-01 4.887050746268657431e-01
5.120000000000000107e-01 4.894019374068555028e-01
5.130000000000001226e-01 4.899976190476191262e-01
5.140000000000000124e-01 4.905689910979228463e-01
5.150000000000001243e-01 4.910137777777778267e-01
5.160000000000000142e-01 4.913580502215657564e-01
5.170000000000001261e-01 4.917341211225997322e-01
5.180000000000000160e-01 4.921291176470588558e-01
5.190000000000001279e-01 4.924232352941176893e-01
5.200000000000000178e-01 4.927170337738620010e-01
5.210000000000001297e-01 4.930103953147877416e-01
5.220000000000000195e-01 4.933043859649123286e-01
5.230000000000001315e-01 4.936950437317784712e-01
5.240000000000000213e-01 4.940798833819242120e-01
5.250000000000001332e-01 4.945552325581396014e-01
5.260000000000000231e-01 4.949680696661828971e-01
5.270000000000001350e-01 4.953578871201158029e-01
5.280000000000000249e-01 4.955735549132948004e-01
5.290000000000001368e-01 4.961360230547550709e-01
5.300000000000000266e-01 4.963621037463977204e-01
5.310000000000001386e-01 4.968117816091954797e-01
5.320000000000000284e-01 4.970494978479196302e-01
5.330000000000001403e-01 4.971928366762177753e-01
5.340000000000000302e-01 4.973358571428571628e-01
5.350000000000001421e-01 4.974000000000000088e-01
5.360000000000000320e-01 4.973367521367521027e-01
5.370000000000001439e-01 4.969099431818181367e-01
5.380000000000000338e-01 4.961439093484419915e-01
5.390000000000001457e-01 4.927886685552405610e-01
5.400000000000000355e-01 4.931610169491527085e-01
5.410000000000001474e-01 4.907263751763036308e-01
5.420000000000000373e-01 4.852302816901408189e-01
5.430000000000001492e-01 4.886595505617962742e-01
5.440000000000000391e-01 4.590322580645125328e-01
5.450000000000001510e-01 4.838865546218626412e-01
5.460000000000000409e-01 4.849198324022336859e-01
5.470000000000001528e-01 4.860545327754557943e-01
5.480000000000000426e-01 4.876742698191933734e-01
5.490000000000001545e-01 5.017958275382481403e-01
5.500000000000000444e-01 5.035090152565881993e-01
5.510000000000001563e-01 5.040091412742383481e-01
5.520000000000000462e-01 5.044312154696132255e-01
5.530000000000001581e-01 5.048037241379310647e-01
5.540000000000000480e-01 5.049415977961432267e-01
5.550000000000001599e-01 5.045246217331497141e-01
5.560000000000000497e-01 4.987838134430726544e-01
5.570000000000001616e-01 4.986832876712330442e-01
5.580000000000000515e-01 4.944813953488370606e-01
5.590000000000001634e-01 5.060271857923497318e-01
5.600000000000000533e-01 5.058455040871934205e-01
5.610000000000001652e-01 5.069964625850342799e-01
5.620000000000000551e-01 5.074356852103120152e-01
5.630000000000001670e-01 5.076425474254743220e-01
5.640000000000000568e-01 5.079067567567567831e-01
5.650000000000001688e-01 5.080418918918918614e-01
5.660000000000000586e-01 5.081768194070080957e-01
5.670000000000001705e-01 5.081999999999999851e-01
5.680000000000000604e-01 5.081540322580645475e-01
5.690000000000001723e-01 5.080999999999999961e-01
5.700000000000000622e-01 5.079432396251672976e-01
5.710000000000001741e-01 5.078399732620322293e-01
5.720000000000000639e-01 5.080185333333333553e-01
5.730000000000001759e-01 5.076113182423434012e-01
5.740000000000000657e-01 5.064297872340425277e-01
5.750000000000001776e-01 5.061838196286473357e-01
5.760000000000000675e-01 5.065794701986755522e-01
5.770000000000001794e-01 5.065067460317457249e-01
5.780000000000000693e-01 5.051775429326287314e-01
5.790000000000001812e-01 4.948657894736864238e-01
5.800000000000000711e-01 5.071371052631580278e-01
5.810000000000001830e-01 5.092103810775300277e-01
5.820000000000000728e-01 5.114081258191349733e-01
5.830000000000001847e-01 5.119157068062829552e-01
5.840000000000000746e-01 5.126973890339425743e-01
5.850000000000001865e-01 5.124146214099215557e-01
5.860000000000000764e-01 5.140067708333334595e-01
5.870000000000001883e-01 5.144136540962288562e-01
5.880000000000000782e-01 5.146732814526588928e-01
5.890000000000001901e-01 5.142878238341965780e-01
5.900000000000000799e-01 5.134747736093143722e-01
5.910000000000001918e-01 5.134246770025838735e-01
5.920000000000000817e-01 5.080478092783510258e-01
5.930000000000001936e-01 5.091714285714264987e-01
5.940000000000000835e-01 5.048143958868894776e-01
5.950000000000001954e-01 5.052897435897435452e-01
5.960000000000000853e-01 5.098864450127880144e-01
5.970000000000001972e-01 5.111084398976981635e-01
5.980000000000000870e-01 5.115149425287357499e-01
5.990000000000001990e-01 5.130122292993634092e-01
6.000000000000000888e-01 5.144266836086405226e-01
6.010000000000002007e-01 5.153878017789075283e-01
6.020000000000000906e-01 5.162757921419518503e-01
6.030000000000002025e-01 5.169265822784810949e-01
6.040000000000000924e-01 5.172353535353535481e-01
6.050000000000002043e-01 5.172999999999999821e-01
6.060000000000000941e-01 5.170370744010087671e-01
6.070000000000002061e-01 5.164059045226129241e-01
6.080000000000000959e-01 5.154488080301128372e-01
6.090000000000002078e-01 5.147067669172931126e-01
6.100000000000000977e-01 5.142415519399248236e-01
6.110000000000002096e-01 5.126202247191002925e-01
6.120000000000000995e-01 5.085087281795505065e-01
6.130000000000002114e-01 4.977267745952641542e-01
6.140000000000001013e-01 4.807425373134310287e-01
6.150000000000002132e-01 4.799869727047141321e-01
6.160000000000001030e-01 4.762701363073098548e-01
6.170000000000002149e-01 4.686600741656348212e-01
6.180000000000001048e-01 4.521835599505533709e-01
6.190000000000002167e-01 4.397596059113235145e-01
6.200000000000001066e-01 4.214384236453206922e-01
6.210000000000002185e-01 4.412800982801058369e-01
6.220000000000001084e-01 4.594050306748471146e-01
6.230000000000002203e-01 4.742296568627496489e-01
6.240000000000001101e-01 4.840376528117378840e-01
6.250000000000002220e-01 5.002007326007341659e-01
6.260000000000001119e-01 5.078487804878060174e-01
6.270000000000002238e-01 5.115825822168091896e-01
6.280000000000001137e-01 5.129586877278253798e-01
6.290000000000002256e-01 5.158549090909082535e-01
6.300000000000001155e-01 4.918519999999942938e-01
6.310000000000002274e-01 4.644088270858500178e-01
6.320000000000001172e-01 5.018053140096702114e-01
6.330000000000002292e-01 4.657778045838439906e-01
6.340000000000001190e-01 4.895193742478922694e-01
6.350000000000002309e-01 4.982974789916052027e-01
6.360000000000001208e-01 5.141200480192079647e-01
6.370000000000002327e-01 5.208384892086351803e-01
6.380000000000001226e-01 5.212569892473117861e-01
6.390000000000002345e-01 5.209662291169451231e-01
6.400000000000001243e-01 5.207406921241048980e-01
6.410000000000002363e-01 5.203109523809522630e-01
6.420000000000001261e-01 5.198351961950059552e-01
6.430000000000002380e-01 5.195999999999999508e-01
6.440000000000001279e-01 5.195999999999999508e-01
6.450000000000002398e-01 5.195999999999999508e-01
6.460000000000001297e-01 5.193393152302242521e-01
6.470000000000002416e-01 5.176185360094445187e-01
6.480000000000001315e-01 5.148978823529412052e-01
6.490000000000002434e-01 5.146438823529411177e-01
6.500000000000001332e-01 5.153066901408454026e-01
6.510000000000002451e-01 5.163113583138170259e-01
6.520000000000001350e-01 5.172121779859487622e-01
6.530000000000002469e-01 5.174495906432746706e-01
6.540000000000001368e-01 5.159317016317012117e-01
6.550000000000002487e-01 5.116713620488930747e-01
6.560000000000001386e-01 5.097105813953489717e-01
6.570000000000002505e-01 5.082583042973274345e-01
6.580000000000001403e-01 5.066088167053365288e-01
6.590000000000002522e-01 5.062724217844726260e-01
6.600000000000001421e-01 5.008060046189368730e-01
6.610000000000002540e-01 4.934999999999999942e-01
6.620000000000001439e-01 4.956535714285725258e-01
6.630000000000002558e-01 5.014769850402770457e-01
6.640000000000001457e-01 5.026508045977010619e-01
6.650000000000002576e-01 5.019599311136622166e-01
6.660000000000001474e-01 4.991361238532104339e-01
6.670000000000002593e-01 4.973818077803207616e-01
6.680000000000001492e-01 4.990132420091326626e-01
6.690000000000002611e-01 5.004608893956669080e-01
6.700000000000001510e-01 4.966902050113879974e-01
6.710000000000002629e-01 4.983811149033021137e-01
6.720000000000001528e-01 4.993124999999993263e-01
6.730000000000002647e-01 5.139357142857196026e-01
6.740000000000001545e-01 5.167029445073613170e-01
6.750000000000002665e-01 5.162829378531065272e-01
6.760000000000001563e-01 5.144726042841042402e-01
6.770000000000002682e-01 5.180220969560325184e-01
6.780000000000001581e-01 5.202180180180180358e-01
6.790000000000002700e-01 5.177883146067402409e-01
6.800000000000001599e-01 5.130928170594830640e-01
6.810000000000002718e-01 5.150323991031398041e-01
6.820000000000001616e-01 5.122167785234900128e-01
6.830000000000002736e-01 5.128975418994417002e-01
6.840000000000001634e-01 5.135432552954288798e-01
6.850000000000002753e-01 5.120701559020043314e-01
6.860000000000001652e-01 5.117000000000000437e-01
6.870000000000002771e-01 5.161367777777801091e-01
6.880000000000001670e-01 5.195026637069923847e-01
6.890000000000002789e-01 5.198652270210410986e-01
6.900000000000001688e-01 5.205527654867256881e-01
6.910000000000002807e-01 5.208399558498890691e-01
6.920000000000001705e-01 5.184814773980145342e-01
6.930000000000002824e-01 5.130862334801756797e-01
6.940000000000001723e-01 5.112152747252745044e-01
6.950000000000002842e-01 5.093479692645439538e-01
6.960000000000001741e-01 5.081302631578946682e-01
6.970000000000002860e-01 5.045966046002174910e-01
6.980000000000001759e-01 4.949730054644785882e-01
6.990000000000002878e-01 4.874154098360636289e-01
7.000000000000001776e-01 4.830227917121041048e-01
7.010000000000002895e-01 4.721793253536423762e-01
7.020000000000001794e-01 4.631686210640617585e-01
7.030000000000002913e-01 4.689893709327569993e-01
7.040000000000001812e-01 4.738136659436006926e-01
7.050000000000002931e-01 4.772285405405442549e-01
7.060000000000001830e-01 4.854274594594595316e-01
7.070000000000002949e-01 4.879248380129602158e-01
7.080000000000001847e-01 4.947556034482775145e-01
7.090000000000002967e-01 4.972068891280943537e-01
7.100000000000001865e-01 5.002618279569900350e-01
7.110000000000002984e-01 5.051493018259948231e-01
7.120000000000001883e-01 5.053817792068594494e-01
7.130000000000003002e-01 5.054907922912206253e-01
7.140000000000001901e-01 5.046448717948704976e-01
7.150000000000003020e-01 4.966505330490359471e-01
7.160000000000001918e-01 4.762825159914661488e-01
7.170000000000003038e-01 4.445851063829722172e-01
7.180000000000001936e-01 4.208216560509500659e-01
7.190000000000003055e-01 3.972709129511607928e-01
7.200000000000001954e-01 3.653271186440580909e-01
7.210000000000003073e-01 3.276568253968187294e-01
7.220000000000001972e-01 2.934090909090822930e-01
7.230000000000003091e-01 3.039537486800581445e-01
7.240000000000001990e-01 2.983230769230688639e-01
7.250000000000003109e-01 2.603135932560485810e-01
7.260000000000002007e-01 2.630071428571472136e-01
7.270000000000003126e-01 2.646279411764694278e-01
7.280000000000002025e-01 2.517943396226387520e-01
7.290000000000003144e-01 2.736777777777858467e-01
7.300000000000002043e-01 3.016423197492215102e-01
7.310000000000003162e-01 3.095683385579957592e-01
7.320000000000002061e-01 3.215593749999979267e-01
7.330000000000003180e-01 3.115387096774206999e-01
7.340000000000002078e-01 3.171080996884784176e-01
7.350000000000003197e-01 3.221446058090995934e-01
7.360000000000002096e-01 2.463688796680522097e-01
7.370000000000003215e-01 2.870835573940589414e-01
7.380000000000002114e-01 4.092724922440574287e-01
7.390000000000003233e-01 4.373959752322132966e-01
7.400000000000002132e-01 4.720717525773175383e-01
7.410000000000003251e-01 4.740889804325529866e-01
7.420000000000002149e-01 4.928055498458385753e-01
7.430000000000003268e-01 5.004853031860262425e-01
7.440000000000002167e-01 5.094676923076933983e-01
7.450000000000003286e-01 5.119722620266119462e-01
7.460000000000002185e-01 5.117479017400204944e-01
7.470000000000003304e-01 5.123516853932588155e-01
7.480000000000002203e-01 5.131609582059124541e-01
7.490000000000003322e-01 5.131293577981649312e-01
7.500000000000002220e-01 5.127321464903356052e-01
7.510000000000003340e-01 5.125999999999999446e-01
7.520000000000002238e-01 5.122448730964465069e-01
7.530000000000003357e-01 5.109094224924005667e-01
7.540000000000002256e-01 5.097671052631577160e-01
7.550000000000003375e-01 5.101299292214360737e-01
7.560000000000002274e-01 5.049341069626616108e-01
7.570000000000003393e-01 5.057539314516149576e-01
7.580000000000002292e-01 5.048842900302104031e-01
7.590000000000003411e-01 5.029690140845068935e-01
7.600000000000002309e-01 4.979999999999983884e-01
7.610000000000003428e-01 4.961360080240724835e-01
7.620000000000002327e-01 4.924331663326639297e-01
7.630000000000003446e-01 4.886828999999990319e-01
7.640000000000002345e-01 4.859174825174818468e-01
7.650000000000003464e-01 4.852682634730540179e-01
7.660000000000002363e-01 4.833980079681266528e-01
7.670000000000003482e-01 4.826650746268658088e-01
7.680000000000002380e-01 4.833913518886682747e-01
7.690000000000003499e-01 4.837000000000000188e-01
7.700000000000002398e-01 4.827372023809519685e-01
7.710000000000003517e-01 4.804302670623134541e-01
7.720000000000002416e-01 4.758593471810075859e-01
7.730000000000003535e-01 4.686446199407670599e-01
7.740000000000002434e-01 4.648639053254435827e-01
7.750000000000003553e-01 4.629320866141722335e-01
7.760000000000002451e-01 4.575669616519154048e-01
7.770000000000003570e-01 4.523849705304505142e-01
7.780000000000002469e-01 4.459865554465135551e-01
7.790000000000003588e-01 4.371162585700259506e-01
7.800000000000002487e-01 4.223977495107577584e-01
7.810000000000003606e-01 4.061033203124956303e-01
7.820000000000002505e-01 3.987393170731701741e-01
7.830000000000003624e-01 3.912261208576950366e-01
7.840000000000002522e-01 3.868274586173345297e-01
7.850000000000003642e-01 3.936551020408166068e-01
7.860000000000002540e-01 3.927576139670211908e-01
7.870000000000003659e-01 3.921470417070830883e-01
7.880000000000002558e-01 3.989719264278819844e-01
7.890000000000003677e-01 4.050883945841398104e-01
7.900000000000002576e-01 4.048337837837821529e-01
7.910000000000003695e-01 3.979909353905473068e-01
7.920000000000002593e-01 3.910654475457157053e-01
7.930000000000003713e-01 3.849538017324298234e-01
7.940000000000002611e-01 3.710795389048986981e-01
7.950000000000003730e-01 3.692712368168739601e-01
7.960000000000002629e-01 3.681207094918501066e-01
7.970000000000003748e-01 3.615157088122583073e-01
7.980000000000002647e-01 3.562529186602858000e-01
7.990000000000003766e-01 3.580028653295138086e-01
8.000000000000002665e-01 3.711545801526760502e-01
8.010000000000003784e-01 3.775471877979042490e-01
8.020000000000002682e-01 3.685515699333929418e-01
8.030000000000003801e-01 3.658933460076053135e-01
8.040000000000002700e-01 3.710784425451111312e-01
8.050000000000003819e-01 3.604099526066263381e-01
8.060000000000002718e-01 3.597327651515204172e-01
8.070000000000003837e-01 3.724801512287363447e-01
8.080000000000002736e-01 3.714353163361626686e-01
8.090000000000003855e-01 3.734693396226511641e-01
8.100000000000002753e-01 3.963822975517931058e-01
8.110000000000003872e-01 4.095744120413941647e-01
8.120000000000002771e-01 4.148732394366224652e-01
8.130000000000003890e-01 4.235423076923092722e-01
8.140000000000002789e-01 4.277510777881945447e-01
8.150000000000003908e-01 4.389975632614849244e-01
8.160000000000002807e-01 4.426907390084200422e-01
8.170000000000003926e-01 4.469250467289735407e-01
8.180000000000002824e-01 4.400507462686540916e-01
8.190000000000003944e-01 4.495685927306679597e-01
8.200000000000002842e-01 4.556597765363135100e-01
8.210000000000003961e-01 4.570219330855022077e-01
8.220000000000002860e-01 4.459006499535678181e-01
8.230000000000003979e-01 4.428755329008413066e-01
8.240000000000002878e-01 4.541348148148154351e-01
8.250000000000003997e-01 4.483555966697403972e-01
8.260000000000002895e-01 4.335714681440483442e-01
8.270000000000004015e-01 4.446132841328406249e-01
8.280000000000002913e-01 4.432184162062633992e-01
8.290000000000004032e-01 4.497561694291000167e-01
8.300000000000002931e-01 4.461211591536326515e-01
8.310000000000004050e-01 4.416909090909072466e-01
8.320000000000002949e-01 4.488200000000027723e-01
8.330000000000004068e-01 4.509821264894587900e-01
8.340000000000002967e-01 4.458842634949656270e-01
8.350000000000004086e-01 4.395972577696506400e-01
8.360000000000002984e-01 4.276715328467096122e-01
8.370000000000004103e-01 4.100485870556017653e-01
8.380000000000003002e-01 3.974052823315071259e-01
8.390000000000004121e-01 3.843559491371516534e-01
8.400000000000003020e-01 3.914324250681148198e-01
8.410000000000004139e-01 3.755377838328726181e-01
8.420000000000003038e-01 3.818515865820515387e-01
8.430000000000004157e-01 3.991920289855159787e-01
8.440000000000003055e-01 3.980616636528002128e-01
8.450000000000004174e-01 4.108411020776981948e-01
8.460000000000003073e-01 4.269932371505885116e-01
8.470000000000004192e-01 4.316113513513514799e-01
8.480000000000003091e-01 4.341356115107941616e-01
8.490000000000004210e-01 4.399220125786151847e-01
8.500000000000003109e-01 4.370055655296204988e-01
8.510000000000004228e-01 4.292856373429054795e-01
8.520000000000003126e-01 4.215790322580624805e-01
8.530000000000004245e-01 4.078237924865770747e-01
8.540000000000003144e-01 3.899887399463745075e-01
8.550000000000004263e-01 3.734499999999934539e-01
8.560000000000003162e-01 3.564978609625603645e-01
8.570000000000004281e-01 3.359799643811116066e-01
8.580000000000003180e-01 3.147542222222178276e-01
8.590000000000004299e-01 2.991046181172209995e-01
8.600000000000003197e-01 2.808097690941335767e-01
8.610000000000004317e-01 2.515320921985678693e-01
8.620000000000003215e-01 2.284237378210732805e-01
8.630000000000004334e-01 2.239032714412032277e-01
8.640000000000003233e-01 2.262595406360432826e-01
8.650000000000004352e-01 2.316708994709030800e-01
8.660000000000003251e-01 2.408546255506644473e-01
8.670000000000004370e-01 2.546827616534855232e-01
8.680000000000003268e-01 2.800265377855944426e-01
8.690000000000004388e-01 2.995344463971963966e-01
8.700000000000003286e-01 2.919263157894708138e-01
8.710000000000004405e-01 3.090095530236740551e-01
8.720000000000003304e-01 3.081230297723240863e-01
8.730000000000004423e-01 2.998487336244531343e-01
8.740000000000003322e-01 2.945112663755424243e-01
8.750000000000004441e-01 2.829027027026958518e-01
8.760000000000003340e-01 2.714906875544063625e-01
8.770000000000004459e-01 3.042147954743384952e-01
8.780000000000003357e-01 3.079212173913046802e-01
8.790000000000004476e-01 2.726617187499789652e-01
8.800000000000003375e-01 2.136006938421287082e-01
8.810000000000004494e-01 1.550446753246534359e-01
8.820000000000003393e-01 1.116610726643478962e-01
8.830000000000004512e-01 8.348670120897590252e-02
8.840000000000003411e-01 7.243316062175771120e-02
8.850000000000004530e-01 5.665789473683498223e-02
8.860000000000003428e-01 7.495977605513390318e-02
8.870000000000004547e-01 7.035722891565360237e-02
8.880000000000003446e-01 6.497225085910904308e-02
8.890000000000004565e-01 7.445072961374002429e-02
8.900000000000003464e-01 8.614627249357409422e-02
8.910000000000004583e-01 8.849999999999999534e-02
8.920000000000003482e-01 8.849999999999999534e-02
8.930000000000004601e-01 7.897170940170394893e-02
8.940000000000003499e-01 7.726097352690106113e-02
8.950000000000004619e-01 8.325217391304770564e-02
8.960000000000003517e-01 9.517957446809129085e-02
8.970000000000004636e-01 1.121556122449044457e-01
8.980000000000003535e-01 1.266964285714340110e-01
8.990000000000004654e-01 1.284066213921908894e-01
9.000000000000003553e-01 1.413785411365616751e-01
9.010000000000004672e-01 1.633514406779778272e-01
9.020000000000003570e-01 1.894935756551234252e-01
9.030000000000004690e-01 2.182739644970568549e-01
9.040000000000003588e-01 2.518525295109703133e-01
9.050000000000004707e-01 2.753769814502642910e-01
9.060000000000003606e-01 3.017552653749035474e-01
9.070000000000004725e-01 3.236641414141504525e-01
9.080000000000003624e-01 3.437715966386624689e-01
9.090000000000004743e-01 3.611993288590656936e-01
9.100000000000003642e-01 3.707484492875090520e-01
9.110000000000004761e-01 3.668088013411548443e-01
9.120000000000003659e-01 3.617659414225920522e-01
9.130000000000004778e-01 3.532692307692261724e-01
9.140000000000003677e-01 3.552654424040108117e-01
9.150000000000004796e-01 3.637839032527124261e-01
9.160000000000003695e-01 3.678988343047485121e-01
9.170000000000004814e-01 3.748097418817683546e-01
9.180000000000003713e-01 3.836208645054065558e-01
9.190000000000004832e-01 3.938892857142912152e-01
9.200000000000003730e-01 4.062448132780138721e-01
9.210000000000004849e-01 4.167466887417241583e-01
9.220000000000003748e-01 4.203032258064506865e-01
9.230000000000004867e-01 4.181526881720418753e-01
9.240000000000003766e-01 4.239885950413246896e-01
9.250000000000004885e-01 4.291221122112233166e-01
9.260000000000003784e-01 4.318593904448109200e-01
9.270000000000004903e-01 4.354420576131740050e-01
9.280000000000003801e-01 4.444756778964656929e-01
9.290000000000004921e-01 4.415997534921926038e-01
9.300000000000003819e-01 4.401396551724133244e-01
9.310000000000004938e-01 4.466570491803333320e-01
9.320000000000003837e-01 4.468076923076869100e-01
9.330000000000004956e-01 4.352506950122648210e-01
9.340000000000003855e-01 4.350053965658216559e-01
9.350000000000004974e-01 4.384329795918383565e-01
9.360000000000003872e-01 4.421252854812411925e-01
9.370000000000004992e-01 4.430846091205203896e-01
9.380000000000003890e-01 4.446982926829303739e-01
9.390000000000005009e-01 4.532681559707568142e-01
9.400000000000003908e-01 4.557051990251836382e-01
9.410000000000005027e-01 4.488278183292738754e-01
9.420000000000003926e-01 4.393255060728702976e-01
9.430000000000005045e-01 4.314134304207096759e-01
9.440000000000003944e-01 4.276458367016975348e-01
9.450000000000005063e-01 4.272416329830232562e-01
9.460000000000003961e-01 4.217022580645139462e-01
9.470000000000005080e-01 4.134058823529364601e-01
9.480000000000003979e-01 4.090723027375213205e-01
9.490000000000005098e-01 4.133706024096448495e-01
9.500000000000003997e-01 4.246959036144624111e-01
9.510000000000005116e-01 4.143072289156569110e-01
9.520000000000004015e-01 4.069923076923056549e-01
9.530000000000005134e-01 4.077304243394759831e-01
9.540000000000004032e-01 4.143953637090325159e-01
9.550000000000005151e-01 4.138358113509190139e-01
9.560000000000004050e-01 4.059501597444059584e-01
9.570000000000005169e-01 4.021545454545446541e-01
9.580000000000004068e-01 3.971259554140089132e-01
9.590000000000005187e-01 3.879019093078714397e-01
9.600000000000004086e-01 3.798669053301479970e-01
9.610000000000005205e-01 3.630305003971318611e-01
9.620000000000004103e-01 3.399890563045098180e-01
9.630000000000005222e-01 3.161580031695608861e-01
9.640000000000004121e-01 2.958075949367011681e-01
9.650000000000005240e-01 2.780860759493579693e-01
9.660000000000004139e-01 2.667184834123180193e-01
9.670000000000005258e-01 2.614062352012618273e-01
9.680000000000004157e-01 2.578892828999185816e-01
9.690000000000005276e-01 2.501496459480594958e-01
9.700000000000004174e-01 2.262314712824449181e-01
9.710000000000005294e-01 2.139971698113155851e-01
9.720000000000004192e-01 2.230183673469508243e-01
9.730000000000005311e-01 2.414872941176456622e-01
9.740000000000004210e-01 2.390559215686263450e-01
9.750000000000005329e-01 2.399173708920193104e-01
9.760000000000004228e-01 2.482338545738908275e-01
9.770000000000005347e-01 2.504374999999942064e-01
9.780000000000004245e-01 2.413763834762278349e-01
9.790000000000005365e-01 2.419219797349964063e-01
9.800000000000004263e-01 2.277166666666600170e-01
9.810000000000005382e-01 2.138221011673092642e-01
9.820000000000004281e-01 1.971490683229696617e-01
9.830000000000005400e-01 1.684999999999967357e-01
9.840000000000004299e-01 1.626039565554666666e-01
9.850000000000005418e-01 1.624983720930245346e-01
9.860000000000004317e-01 1.614556844547538617e-01
9.870000000000005436e-01 1.533950540958126108e-01
9.880000000000004334e-01 1.283564142194633106e-01
9.890000000000005453e-01 1.254870370370379240e-01
9.900000000000004352e-01 1.316754047802670968e-01
9.910000000000005471e-01 1.401235565819879125e-01
9.920000000000004370e-01 1.431258660508096525e-01
9.930000000000005489e-01 1.440240584166030402e-01
9.940000000000004388e-01 1.432177283192625494e-01
9.950000000000005507e-01 1.417371165644166209e-01
9.960000000000004405e-01 1.409863705972470294e-01
9.970000000000005524e-01 1.494090352220563689e-01
9.980000000000004423e-01 1.600486238532156935e-01
9.990000000000005542e-01 1.922526717557589970e-01
