# Model: CoolTLusty
# Metallicity: 12.0 x solar
# col 0 - wavelength (microns)
# col 1 - geometric albedo
4.299999999999999933e-01 4.566641489361701889e-01
4.309999999999999942e-01 4.570280851063829863e-01
4.319999999999999951e-01 4.573715547703180451e-01
4.329999999999999960e-01 4.577207054673721465e-01
4.339999999999999969e-01 4.580567135325131489e-01
4.349999999999999978e-01 4.584078947368421253e-01
4.359999999999999987e-01 4.587517863397548301e-01
4.369999999999999996e-01 4.590878359511343376e-01
4.380000000000000004e-01 4.595481217391303996e-01
4.390000000000000013e-01 4.598958782608695839e-01
4.400000000000000022e-01 4.599311958405545853e-01
4.410000000000000031e-01 4.599050865051902970e-01
4.420000000000000040e-01 4.605025172413793055e-01
4.430000000000000049e-01 4.612081896551724070e-01
4.440000000000000058e-01 4.618264948453608687e-01
4.450000000000000067e-01 4.623075342465753357e-01
4.460000000000000075e-01 4.627190410958904043e-01
4.470000000000000084e-01 4.631264102564102703e-01
4.480000000000000093e-01 4.635342419080068499e-01
4.490000000000000102e-01 4.639422241086587628e-01
4.500000000000000111e-01 4.643500848896434663e-01
4.510000000000000120e-01 4.647103553299492540e-01
4.520000000000000129e-01 4.651386677908937450e-01
4.530000000000000138e-01 4.654676391231029053e-01
4.540000000000000147e-01 4.658821848739496119e-01
4.550000000000000155e-01 4.662081909547738379e-01
4.560000000000000164e-01 4.666211390284756844e-01
4.570000000000000173e-01 4.669467612687813185e-01
4.580000000000000182e-01 4.672243499999999550e-01
4.590000000000000191e-01 4.673322129783694101e-01
4.600000000000000200e-01 4.677534991708126588e-01
4.610000000000000209e-01 4.684736092715232059e-01
4.620000000000000218e-01 4.690192231404958778e-01
4.630000000000000226e-01 4.695172817133443366e-01
4.640000000000000235e-01 4.699873026315789515e-01
4.650000000000000244e-01 4.703783908045977014e-01
4.660000000000000253e-01 4.707237970540097960e-01
4.670000000000000262e-01 4.711566394779772016e-01
4.680000000000000271e-01 4.716460358890701143e-01
4.690000000000000280e-01 4.721030894308943515e-01
4.700000000000000289e-01 4.725130243902438965e-01
4.710000000000000298e-01 4.729033009708737967e-01
4.720000000000000306e-01 4.732725566343042312e-01
4.730000000000000315e-01 4.736693548387096442e-01
4.740000000000000324e-01 4.740875884244373228e-01
4.750000000000000333e-01 4.743944943820224691e-01
4.760000000000000342e-01 4.747880256821829792e-01
4.770000000000000351e-01 4.750800319999999854e-01
4.780000000000000360e-01 4.753513738019169432e-01
4.790000000000000369e-01 4.754749363057324540e-01
4.800000000000000377e-01 4.755501907790142813e-01
4.810000000000000386e-01 4.756038095238095398e-01
4.820000000000000395e-01 4.755788607594936823e-01
4.830000000000000404e-01 4.757480726698262163e-01
4.840000000000000413e-01 4.750788012618295530e-01
4.850000000000000422e-01 4.725056220472439450e-01
4.860000000000000431e-01 4.724524489795918769e-01
4.870000000000000440e-01 4.760413302034430805e-01
4.880000000000000449e-01 4.785398591549296365e-01
4.890000000000000457e-01 4.799021372854914702e-01
4.900000000000000466e-01 4.805739875389408722e-01
4.910000000000000475e-01 4.809660093167702488e-01
4.920000000000000484e-01 4.814248136645962739e-01
4.930000000000000493e-01 4.817896290571870299e-01
4.940000000000000502e-01 4.822438639876353017e-01
4.950000000000000511e-01 4.826016486902928171e-01
4.960000000000000520e-01 4.829577538461538588e-01
4.970000000000000528e-01 4.833374039938556077e-01
4.980000000000000537e-01 4.837179173047472802e-01
4.990000000000000546e-01 4.839933944954128431e-01
5.000000000000000000e-01 4.842783053435114615e-01
5.010000000000001119e-01 4.845459208523592021e-01
5.020000000000000018e-01 4.848105471124619648e-01
5.030000000000001137e-01 4.849733383915022511e-01
5.040000000000000036e-01 4.851442511346444886e-01
5.050000000000001155e-01 4.852350226928895949e-01
5.060000000000000053e-01 4.852570286576168845e-01
5.070000000000001172e-01 4.851510090361444982e-01
5.080000000000000071e-01 4.848289189189189385e-01
5.090000000000001190e-01 4.845406446776611697e-01
5.100000000000000089e-01 4.846303892215569342e-01
5.110000000000001208e-01 4.854754029850747443e-01
5.120000000000000107e-01 4.871226825633383495e-01
5.130000000000001226e-01 4.885375595238097279e-01
5.140000000000000124e-01 4.895311869436201890e-01
5.150000000000001243e-01 4.900909037037037841e-01
5.160000000000000142e-01 4.905067651403249296e-01
5.170000000000001261e-01 4.907740029542097537e-01
5.180000000000000160e-01 4.909972794117647421e-01
5.190000000000001279e-01 4.910030294117647132e-01
5.200000000000000178e-01 4.909134067547724078e-01
5.210000000000001297e-01 4.909665592972181636e-01
5.220000000000000195e-01 4.910442397660818581e-01
5.230000000000001315e-01 4.915248396501458727e-01
5.240000000000000213e-01 4.920851895043732438e-01
5.250000000000001332e-01 4.927585174418604996e-01
5.260000000000000231e-01 4.933509288824383665e-01
5.270000000000001350e-01 4.938373661360347389e-01
5.280000000000000249e-01 4.938579335260115388e-01
5.290000000000001368e-01 4.944581988472622758e-01
5.300000000000000266e-01 4.945183141210374722e-01
5.310000000000001386e-01 4.946970402298849767e-01
5.320000000000000284e-01 4.943316068866571156e-01
5.330000000000001403e-01 4.938636389684813444e-01
5.340000000000000302e-01 4.934016714285713867e-01
5.350000000000001421e-01 4.926397860199713263e-01
5.360000000000000320e-01 4.908800284900283750e-01
5.370000000000001439e-01 4.882966193181814130e-01
5.380000000000000338e-01 4.850696317280455139e-01
5.390000000000001457e-01 4.796280453257785181e-01
5.400000000000000355e-01 4.763977401129941280e-01
5.410000000000001474e-01 4.689178843441447753e-01
5.420000000000000373e-01 4.583905211267604307e-01
5.430000000000001492e-01 4.586695505617967017e-01
5.440000000000000391e-01 4.453525806451598679e-01
5.450000000000001510e-01 4.696322408963682915e-01
5.460000000000000409e-01 4.779790502793295204e-01
5.470000000000001528e-01 4.841165411436563759e-01
5.480000000000000426e-01 4.873690403337969657e-01
5.490000000000001545e-01 4.994049513212802105e-01
5.500000000000000444e-01 5.016569348127601913e-01
5.510000000000001563e-01 5.022827839335181066e-01
5.520000000000000462e-01 5.027477762430938579e-01
5.530000000000001581e-01 5.028807448275861569e-01
5.540000000000000480e-01 5.028001652892561957e-01
5.550000000000001599e-01 5.018122420907837888e-01
5.560000000000000497e-01 4.958090809327845294e-01
5.570000000000001616e-01 4.952705205479453476e-01
5.580000000000000515e-01 4.910619562243501157e-01
5.590000000000001634e-01 5.032017486338797863e-01
5.600000000000000533e-01 5.029355177111716202e-01
5.610000000000001652e-01 5.042359455782317035e-01
5.620000000000000551e-01 5.046106648575304776e-01
5.630000000000001670e-01 5.047271273712736761e-01
5.640000000000000568e-01 5.046991891891891013e-01
5.650000000000001688e-01 5.044159459459458539e-01
5.660000000000000586e-01 5.038228571428571279e-01
5.670000000000001705e-01 5.031737096774192564e-01
5.680000000000000604e-01 5.022866129032257376e-01
5.690000000000001723e-01 5.015527382550334368e-01
5.700000000000000622e-01 5.004325568942435964e-01
5.710000000000001741e-01 4.993096122994651886e-01
5.720000000000000639e-01 4.985627066666665219e-01
5.730000000000001759e-01 4.967637017310247982e-01
5.740000000000000657e-01 4.935469148936168504e-01
5.750000000000001776e-01 4.906833687002649658e-01
5.760000000000000675e-01 4.903013245033114864e-01
5.770000000000001794e-01 4.913005555555554071e-01
5.780000000000000693e-01 4.914879920739763097e-01
5.790000000000001812e-01 4.839821842105287431e-01
5.800000000000000711e-01 4.981304210526317777e-01
5.810000000000001830e-01 5.025540473061766988e-01
5.820000000000000728e-01 5.061645347313238341e-01
5.830000000000001847e-01 5.074781151832463699e-01
5.840000000000000746e-01 5.088539947780680306e-01
5.850000000000001865e-01 5.089262140992166783e-01
5.860000000000000764e-01 5.109067708333334679e-01
5.870000000000001883e-01 5.113477503250976053e-01
5.880000000000000782e-01 5.115206485084305976e-01
5.890000000000001901e-01 5.108833937823827887e-01
5.900000000000000799e-01 5.091293531694697228e-01
5.910000000000001918e-01 5.088594832041342109e-01
5.920000000000000817e-01 5.029275386597940045e-01
5.930000000000001936e-01 5.010014671814645437e-01
5.940000000000000835e-01 4.953712596401028678e-01
5.950000000000001954e-01 4.942094871794868727e-01
5.960000000000000853e-01 4.969770076726345853e-01
5.970000000000001972e-01 4.988705882352942877e-01
5.980000000000000870e-01 4.997820689655172455e-01
5.990000000000001990e-01 5.015577324840769791e-01
6.000000000000000888e-01 5.037673697585770549e-01
6.010000000000002007e-01 5.059362642947907718e-01
6.020000000000000906e-01 5.081870595690749504e-01
6.030000000000002025e-01 5.098193670886077555e-01
6.040000000000000924e-01 5.104971717171716827e-01
6.050000000000002043e-01 5.101523076923075717e-01
6.060000000000000941e-01 5.084840226986127032e-01
6.070000000000002061e-01 5.053685050251248700e-01
6.080000000000000959e-01 5.011930363864487425e-01
6.090000000000002078e-01 4.980180701754382544e-01
6.100000000000000977e-01 4.958121777221525806e-01
6.110000000000002096e-01 4.899989887640422426e-01
6.120000000000000995e-01 4.771041147132151772e-01
6.130000000000002114e-01 4.553607098381009521e-01
6.140000000000001013e-01 4.298316044776093192e-01
6.150000000000002132e-01 4.184467866004943915e-01
6.160000000000001030e-01 4.095688599752150827e-01
6.170000000000002149e-01 3.964349196538902165e-01
6.180000000000001048e-01 3.728598640296624245e-01
6.190000000000002167e-01 3.574965270935944739e-01
6.200000000000001066e-01 3.549171059113309101e-01
6.210000000000002185e-01 3.692826535626577700e-01
6.220000000000001084e-01 3.895933128834372927e-01
6.230000000000002203e-01 4.142511764705951172e-01
6.240000000000001101e-01 4.383144132029367923e-01
6.250000000000002220e-01 4.648823199023240926e-01
6.260000000000001119e-01 4.824668292682948167e-01
6.270000000000002238e-01 4.922024116930587279e-01
6.280000000000001137e-01 4.995951397326859889e-01
6.290000000000002256e-01 5.060087272727270546e-01
6.300000000000001155e-01 4.942904242424214223e-01
6.310000000000002274e-01 4.802585247883905395e-01
6.320000000000001172e-01 5.007121256038692403e-01
6.330000000000002292e-01 4.838080337756374139e-01
6.340000000000001190e-01 4.960730685920569649e-01
6.350000000000002309e-01 5.013439495798365231e-01
6.360000000000001208e-01 5.085598439375749180e-01
6.370000000000002327e-01 5.131385971223038078e-01
6.380000000000001226e-01 5.126649462365588938e-01
6.390000000000002345e-01 5.110186515513123195e-01
6.400000000000001243e-01 5.095612529832933557e-01
6.410000000000002363e-01 5.070284166666660930e-01
6.420000000000001261e-01 5.041850178359094103e-01
6.430000000000002380e-01 5.034016014234877767e-01
6.440000000000001279e-01 5.047012559241708107e-01
6.450000000000002398e-01 5.054253017751479948e-01
6.460000000000001297e-01 5.052440377804013893e-01
6.470000000000002416e-01 5.049835301062572945e-01
6.480000000000001315e-01 5.031420941176464323e-01
6.490000000000002434e-01 4.990650117647050799e-01
6.500000000000001332e-01 4.966783450704225222e-01
6.510000000000002451e-01 4.963559484777516628e-01
6.520000000000001350e-01 4.967136885245902467e-01
6.530000000000002469e-01 4.948463040935663915e-01
6.540000000000001368e-01 4.900299999999995215e-01
6.550000000000002487e-01 4.845302328288685900e-01
6.560000000000001386e-01 4.784288372093019603e-01
6.570000000000002505e-01 4.764235540069682862e-01
6.580000000000001403e-01 4.747663109048721464e-01
6.590000000000002522e-01 4.714237775202770320e-01
6.600000000000001421e-01 4.670316281755189647e-01
6.610000000000002540e-01 4.603774133949181113e-01
6.620000000000001439e-01 4.575896428571428753e-01
6.630000000000002558e-01 4.569242117376289825e-01
6.640000000000001457e-01 4.553688045977009602e-01
6.650000000000002576e-01 4.519273363949471989e-01
6.660000000000001474e-01 4.437197477064204199e-01
6.670000000000002593e-01 4.403260640732272746e-01
6.680000000000001492e-01 4.435983904109594422e-01
6.690000000000002611e-01 4.490345267958966158e-01
6.700000000000001510e-01 4.539745330296134362e-01
6.710000000000002629e-01 4.638956427758861301e-01
6.720000000000001528e-01 4.741775000000016393e-01
6.730000000000002647e-01 4.909873809523861432e-01
6.740000000000001545e-01 4.980757531143838457e-01
6.750000000000002665e-01 5.029624067796611975e-01
6.760000000000001563e-01 5.047512626832028060e-01
6.770000000000002682e-01 5.094670011273966237e-01
6.780000000000001581e-01 5.113336936936937471e-01
6.790000000000002700e-01 5.074596179775262561e-01
6.800000000000001599e-01 4.992648260381581382e-01
6.810000000000002718e-01 4.964404932735422271e-01
6.820000000000001616e-01 4.880550335570456588e-01
6.830000000000002736e-01 4.829262569832410978e-01
6.840000000000001634e-01 4.860967447045710377e-01
6.850000000000002753e-01 4.879797327394214124e-01
6.860000000000001652e-01 4.902403448275866604e-01
6.870000000000002771e-01 4.952399888888908697e-01
6.880000000000001670e-01 4.993546947835741934e-01
6.890000000000002789e-01 5.019283720930239889e-01
6.900000000000001688e-01 5.048664601769915494e-01
6.910000000000002807e-01 5.050633554083882037e-01
6.920000000000001705e-01 5.039086438809257107e-01
6.930000000000002824e-01 5.003317290748890978e-01
6.940000000000001723e-01 4.965443626373620134e-01
6.950000000000002842e-01 4.896846432491742118e-01
6.960000000000001741e-01 4.777721052631558329e-01
6.970000000000002860e-01 4.633253997809378411e-01
6.980000000000001759e-01 4.506053442622927618e-01
6.990000000000002878e-01 4.346682076502678682e-01
7.000000000000001776e-01 4.140238167938899982e-01
7.010000000000002895e-01 3.988827094668079276e-01
7.020000000000001794e-01 3.863519761129207697e-01
7.030000000000002913e-01 3.870801518438195532e-01
7.040000000000001812e-01 3.909933839479390327e-01
7.050000000000002931e-01 3.989183783783862292e-01
7.060000000000001830e-01 4.176794594594602228e-01
7.070000000000002949e-01 4.250390496760286796e-01
7.080000000000001847e-01 4.377286853448303927e-01
7.090000000000002967e-01 4.454739289558676263e-01
7.100000000000001865e-01 4.536246774193565812e-01
7.110000000000002984e-01 4.636556713211627545e-01
7.120000000000001883e-01 4.647564523043942741e-01
7.130000000000003002e-01 4.654045503211994284e-01
7.140000000000001901e-01 4.646256623931594443e-01
7.150000000000003020e-01 4.471733901918883980e-01
7.160000000000001918e-01 4.086599573560694143e-01
7.170000000000003038e-01 3.610375531914781777e-01
7.180000000000001936e-01 3.230167515923497712e-01
7.190000000000003055e-01 2.934180254776990182e-01
7.200000000000001954e-01 2.683897245762660866e-01
7.210000000000003073e-01 2.493858095238065953e-01
7.220000000000001972e-01 2.382707822410124743e-01
7.230000000000003091e-01 2.294911615628282553e-01
7.240000000000001990e-01 2.098346786090571903e-01
7.250000000000003109e-01 1.781244573234880835e-01
7.260000000000002007e-01 1.651359663865535343e-01
7.270000000000003126e-01 1.550802100840298903e-01
7.280000000000002025e-01 1.607247798742156564e-01
7.290000000000003144e-01 1.782222222222275831e-01
7.300000000000002043e-01 1.959233855799405732e-01
7.310000000000003162e-01 2.173463531870496179e-01
7.320000000000002061e-01 2.368106875000018652e-01
7.330000000000003180e-01 2.473987096774258876e-01
7.340000000000002078e-01 2.668256905503689214e-01
7.350000000000003197e-01 2.864937344398333918e-01
7.360000000000002096e-01 2.871869087136960652e-01
7.370000000000003215e-01 3.107129162358036600e-01
7.380000000000002114e-01 3.648950051706364994e-01
7.390000000000003233e-01 3.957058513931994148e-01
7.400000000000002132e-01 4.270688350515495224e-01
7.410000000000003251e-01 4.471483419155606875e-01
7.420000000000002149e-01 4.698888386433737185e-01
7.430000000000003268e-01 4.831313257965096919e-01
7.440000000000002167e-01 4.930378461538474366e-01
7.450000000000003286e-01 4.965079426816788599e-01
7.460000000000002185e-01 4.966988126919139601e-01
7.470000000000003304e-01 4.969815321756898552e-01
7.480000000000002203e-01 4.978244648318044252e-01
7.490000000000003322e-01 4.975824770642198192e-01
7.500000000000002220e-01 4.971995218718210374e-01
7.510000000000003340e-01 4.975465853658538329e-01
7.520000000000002238e-01 4.973889543147206882e-01
7.530000000000003357e-01 4.970612360688956288e-01
7.540000000000002256e-01 4.968553947368420376e-01
7.550000000000003375e-01 4.951347826086947013e-01
7.560000000000002274e-01 4.867332189707334611e-01
7.570000000000003393e-01 4.843743649193557599e-01
7.580000000000002292e-01 4.797712688821731963e-01
7.590000000000003411e-01 4.718585915492931604e-01
7.600000000000002309e-01 4.577066666666628203e-01
7.610000000000003428e-01 4.516252958876628698e-01
7.620000000000002327e-01 4.407593787575111999e-01
7.630000000000003446e-01 4.318957999999979980e-01
7.640000000000002345e-01 4.257329770229754673e-01
7.650000000000003464e-01 4.237710778443114501e-01
7.660000000000002363e-01 4.204032270916320257e-01
7.670000000000003482e-01 4.192962985074630278e-01
7.680000000000002380e-01 4.211737972167004518e-01
7.690000000000003499e-01 4.225488293650797589e-01
7.700000000000002398e-01 4.211298015873009004e-01
7.710000000000003517e-01 4.171867359050426272e-01
7.720000000000002416e-01 4.079587240356055133e-01
7.730000000000003535e-01 3.922316189535967612e-01
7.740000000000002434e-01 3.846292110453647384e-01
7.750000000000003553e-01 3.820884645669277435e-01
7.760000000000002451e-01 3.733472074729563550e-01
7.770000000000003570e-01 3.636150491159106379e-01
7.780000000000002469e-01 3.527575956820371839e-01
7.790000000000003588e-01 3.383819882468110940e-01
7.800000000000002487e-01 3.167683953033193500e-01
7.810000000000003606e-01 2.956009960937448500e-01
7.820000000000002505e-01 2.865826829268283693e-01
7.830000000000003624e-01 2.783244639376170615e-01
7.840000000000002522e-01 2.772489678675799096e-01
7.850000000000003642e-01 2.902418658892140790e-01
7.860000000000002540e-01 2.927284772065957830e-01
7.870000000000003659e-01 2.955820174587808213e-01
7.880000000000002558e-01 3.029384511132642843e-01
7.890000000000003677e-01 3.092647582205040324e-01
7.900000000000002576e-01 3.108506081081069961e-01
7.910000000000003695e-01 3.044307039537081927e-01
7.920000000000002593e-01 2.908707603464835700e-01
7.930000000000003713e-01 2.779735033686206447e-01
7.940000000000002611e-01 2.694154755043209892e-01
7.950000000000003730e-01 2.620174784276112501e-01
7.960000000000002629e-01 2.583166155321179325e-01
7.970000000000003748e-01 2.536692145593854031e-01
7.980000000000002647e-01 2.507769377990423654e-01
7.990000000000003766e-01 2.534822540592179818e-01
8.000000000000002665e-01 2.642763167938965707e-01
8.010000000000003784e-01 2.722985033365133978e-01
8.020000000000002682e-01 2.757603710751670989e-01
8.030000000000003801e-01 2.835759695817529624e-01
8.040000000000002700e-01 2.914107787274471950e-01
8.050000000000003819e-01 2.952560000000007401e-01
8.060000000000002718e-01 3.041532007575800112e-01
8.070000000000003837e-01 3.163948771266580917e-01
8.080000000000002736e-01 3.210812747875348427e-01
8.090000000000003855e-01 3.233906132075507478e-01
8.100000000000002753e-01 3.339490207156341484e-01
8.110000000000003872e-01 3.467603480715009678e-01
8.120000000000002771e-01 3.596688732394414112e-01
8.130000000000003890e-01 3.750804596622928089e-01
8.140000000000002789e-01 3.843110684161227808e-01
8.150000000000003908e-01 3.937206279287758237e-01
8.160000000000002807e-01 4.030577829747453156e-01
8.170000000000003926e-01 4.140665887850509264e-01
8.180000000000002824e-01 4.187689272388069872e-01
8.190000000000003944e-01 4.251028052190151119e-01
8.200000000000002842e-01 4.326512290502816382e-01
8.210000000000003961e-01 4.377131226765814120e-01
8.220000000000002860e-01 4.351636397400160949e-01
8.230000000000003979e-01 4.367512048192820351e-01
8.240000000000002878e-01 4.435742962962960223e-01
8.250000000000003997e-01 4.401907770582756396e-01
8.260000000000002895e-01 4.344628808864279823e-01
8.270000000000004015e-01 4.389074169741710163e-01
8.280000000000002913e-01 4.422198342541446836e-01
8.290000000000004032e-01 4.458109944751393883e-01
8.300000000000002931e-01 4.466457681692734272e-01
8.310000000000004050e-01 4.467627272727272558e-01
8.320000000000002949e-01 4.465419082568806708e-01
8.330000000000004068e-01 4.397968285976130431e-01
8.340000000000002967e-01 4.223755077767543109e-01
8.350000000000004086e-01 3.921144606946834754e-01
8.360000000000002984e-01 3.565186131386769985e-01
8.370000000000004103e-01 3.248930902461147907e-01
8.380000000000003002e-01 2.966387340619228152e-01
8.390000000000004121e-01 2.742458673932841040e-01
8.400000000000003020e-01 2.844970572207005666e-01
8.410000000000004139e-01 2.596650862851849761e-01
8.420000000000003038e-01 2.656307434270198664e-01
8.430000000000004157e-01 2.943195833333481781e-01
8.440000000000003055e-01 2.953415370705211873e-01
8.450000000000004174e-01 3.112600813008263856e-01
8.460000000000003073e-01 3.333746077547382058e-01
8.470000000000004192e-01 3.421002882882891449e-01
8.480000000000003091e-01 3.471753776978460659e-01
8.490000000000004210e-01 3.566537106918228894e-01
8.500000000000003109e-01 3.537351256732456095e-01
8.510000000000004228e-01 3.414640305206416704e-01
8.520000000000003126e-01 3.253137903225763461e-01
8.530000000000004245e-01 3.007510286225295593e-01
8.540000000000003144e-01 2.744715013404739890e-01
8.550000000000004263e-01 2.532753571428492667e-01
8.560000000000003162e-01 2.336774509803848099e-01
8.570000000000004281e-01 2.111584238646372902e-01
8.580000000000003180e-01 1.892574222222182245e-01
8.590000000000004299e-01 1.751307282415561217e-01
8.600000000000003197e-01 1.595534635879176377e-01
8.610000000000004317e-01 1.352444680850950209e-01
8.620000000000003215e-01 1.177512134632363733e-01
8.630000000000004334e-01 1.143097082228121952e-01
8.640000000000003233e-01 1.159470318021207508e-01
8.650000000000004352e-01 1.200949206349234966e-01
8.660000000000003251e-01 1.272788546255534947e-01
8.670000000000004370e-01 1.383738698329033678e-01
8.680000000000003268e-01 1.600068365553652394e-01
8.690000000000004388e-01 1.770191388400775834e-01
8.700000000000003286e-01 1.873223684210555129e-01
8.710000000000004405e-01 2.032621209465458045e-01
8.720000000000003304e-01 2.172270928196189943e-01
8.730000000000004423e-01 2.254569606986920327e-01
8.740000000000003322e-01 2.279584803493446277e-01
8.750000000000004441e-01 2.265091891891879428e-01
8.760000000000003340e-01 2.238561183637937935e-01
8.770000000000004459e-01 2.215149521322880288e-01
8.780000000000003357e-01 2.108386086956488270e-01
8.790000000000004476e-01 1.837213020833188271e-01
8.800000000000003375e-01 1.361503729401371543e-01
8.810000000000004494e-01 8.611307359305488129e-02
8.820000000000003393e-01 5.078756920414417841e-02
8.830000000000004512e-01 3.260875647668298044e-02
8.840000000000003411e-01 3.053621761657956957e-02
8.850000000000004530e-01 3.982902502157453090e-02
8.860000000000003428e-01 3.595543496985125625e-02
8.870000000000004547e-01 2.690608433734440613e-02
8.880000000000003446e-01 2.528139175257962737e-02
8.890000000000004565e-01 3.084662660944372317e-02
8.900000000000003464e-01 3.385218508997420855e-02
8.910000000000004583e-01 3.362863013698695613e-02
8.920000000000003482e-01 3.513547945205535566e-02
8.930000000000004601e-01 3.308339316239185951e-02
8.940000000000003499e-01 3.153213492741210183e-02
8.950000000000004619e-01 3.219086956521844539e-02
8.960000000000003517e-01 3.660537021276900893e-02
8.970000000000004636e-01 4.503260204081963036e-02
8.980000000000003535e-01 5.245607142857421079e-02
8.990000000000004654e-01 5.349745331069654525e-02
9.000000000000003553e-01 6.090334181510054234e-02
9.010000000000004672e-01 7.401214406780372290e-02
9.020000000000003570e-01 9.080332206255921357e-02
9.030000000000004690e-01 1.110812426035618222e-01
9.040000000000003588e-01 1.363907925801090826e-01
9.050000000000004707e-01 1.567617875210890743e-01
9.060000000000003606e-01 1.825885593934375994e-01
9.070000000000004725e-01 2.067788552188657425e-01
9.080000000000003624e-01 2.280548739495865396e-01
9.090000000000004743e-01 2.469073489932965271e-01
9.100000000000003642e-01 2.608114333612707725e-01
9.110000000000004761e-01 2.517502430846562111e-01
9.120000000000003659e-01 2.418554728033432411e-01
9.130000000000004778e-01 2.392328093645483822e-01
9.140000000000003677e-01 2.445978964941605549e-01
9.150000000000004796e-01 2.527482235196022997e-01
9.160000000000003695e-01 2.595431806827697696e-01
9.170000000000004814e-01 2.749719900083335000e-01
9.180000000000003713e-01 2.908619950124749498e-01
9.190000000000004832e-01 3.018146096345563079e-01
9.200000000000003730e-01 3.125808464730339131e-01
9.210000000000004849e-01 3.252835761589477070e-01
9.220000000000003748e-01 3.391356823821389255e-01
9.230000000000004867e-01 3.509884532671689872e-01
9.240000000000003766e-01 3.646594132231455454e-01
9.250000000000004885e-01 3.762995049505001854e-01
9.260000000000003784e-01 3.827308896210881994e-01
9.270000000000004903e-01 3.885073991769623092e-01
9.280000000000003801e-01 4.028143221035378474e-01
9.290000000000004921e-01 4.156902465078118336e-01
9.300000000000003819e-01 4.224494827586228740e-01
9.310000000000004938e-01 4.299438770491846307e-01
9.320000000000003837e-01 4.347888461538461646e-01
9.330000000000004956e-01 4.369700899427688134e-01
9.340000000000003855e-01 4.481148160261692603e-01
9.350000000000004974e-01 4.520724081632670477e-01
9.360000000000003872e-01 4.561362398042429489e-01
9.370000000000004992e-01 4.593788762214995325e-01
9.380000000000003890e-01 4.608806666666663276e-01
9.390000000000005009e-01 4.601215515840769155e-01
9.400000000000003908e-01 4.581150528025987878e-01
9.410000000000005027e-01 4.515576723438730067e-01
9.420000000000003926e-01 4.406545748987799604e-01
9.430000000000005045e-01 4.280642880258838101e-01
9.440000000000003944e-01 4.167934923201256359e-01
9.450000000000005063e-01 4.077150767987021696e-01
9.460000000000003961e-01 3.874076935483793949e-01
9.470000000000005080e-01 3.639111764705760810e-01
9.480000000000003979e-01 3.526311916264121549e-01
9.490000000000005098e-01 3.600611325301251164e-01
9.500000000000003997e-01 3.682860321285174043e-01
9.510000000000005116e-01 3.441862088353287996e-01
9.520000000000004015e-01 3.396375000000022570e-01
9.530000000000005134e-01 3.492540032025698848e-01
9.540000000000004032e-01 3.595733972821708591e-01
9.550000000000005151e-01 3.505006554756150416e-01
9.560000000000004050e-01 3.349006389776300607e-01
9.570000000000005169e-01 3.200009090909022857e-01
9.580000000000004068e-01 3.089650159235642346e-01
9.590000000000005187e-01 3.003023866348347171e-01
9.600000000000004086e-01 2.819252983293484283e-01
9.610000000000005205e-01 2.565973312152374231e-01
9.620000000000004103e-01 2.267641871530403086e-01
9.630000000000005222e-01 1.987486133121908471e-01
9.640000000000004121e-01 1.771917721518911082e-01
9.650000000000005240e-01 1.597234177215100526e-01
9.660000000000004139e-01 1.490764770932030414e-01
9.670000000000005258e-01 1.451888239936858227e-01
9.680000000000004157e-01 1.437043183609124364e-01
9.690000000000005276e-01 1.385712037765438054e-01
9.700000000000004174e-01 1.198929976396461289e-01
9.710000000000005294e-01 1.103294811320714303e-01
9.720000000000004192e-01 1.162044113029910841e-01
9.730000000000005311e-01 1.294895294117648088e-01
9.740000000000004210e-01 1.296463921568627997e-01
9.750000000000005329e-01 1.342444992175300111e-01
9.760000000000004228e-01 1.410159030492605381e-01
9.770000000000005347e-01 1.427824999999964817e-01
9.780000000000004245e-01 1.373174590802806461e-01
9.790000000000005365e-01 1.374421667965706195e-01
9.800000000000004263e-01 1.294506542056037546e-01
9.810000000000005382e-01 1.159887782101085008e-01
9.820000000000004281e-01 9.873503105589283291e-02
9.830000000000005400e-01 7.968999999999752670e-02
9.840000000000004299e-01 7.525245151279859324e-02
9.850000000000005418e-01 7.706202325581640311e-02
9.860000000000004317e-01 7.736918020108037031e-02
9.870000000000005436e-01 7.074931993816710452e-02
9.880000000000004334e-01 5.480650695517061410e-02
9.890000000000005453e-01 5.270699074074112339e-02
9.900000000000004352e-01 5.605050886661801235e-02
9.910000000000005471e-01 6.146800615858630246e-02
9.920000000000004370e-01 6.614852963818530773e-02
9.930000000000005489e-01 6.893972328977857056e-02
9.940000000000004388e-01 6.800602455870942420e-02
9.950000000000005507e-01 6.547457055214638000e-02
9.960000000000004405e-01 6.401509954058422214e-02
9.970000000000005524e-01 6.945920367534733075e-02
9.980000000000004423e-01 7.598813455657775495e-02
9.990000000000005542e-01 1.175855725191337076e-01
