# Model: CoolTLusty
# Metallicity: 21.0 x solar
# col 0 - wavelength (microns)
# col 1 - geometric albedo
4.299999999999999933e-01 4.564421808510638057e-01
4.309999999999999942e-01 4.568480851063829173e-01
4.319999999999999951e-01 4.571465547703180143e-01
4.329999999999999960e-01 4.574789594356260536e-01
4.339999999999999969e-01 4.577417135325131392e-01
4.349999999999999978e-01 4.580928947368421156e-01
4.359999999999999987e-01 4.584079422066549836e-01
4.369999999999999996e-01 4.586828359511343489e-01
4.380000000000000004e-01 4.591941478260869736e-01
4.390000000000000013e-01 4.595415913043477962e-01
4.400000000000000022e-01 4.591715771230502341e-01
4.410000000000000031e-01 4.587196712802767973e-01
4.420000000000000040e-01 4.594866034482758543e-01
4.430000000000000049e-01 4.606220258620689623e-01
4.440000000000000058e-01 4.614678865979381372e-01
4.450000000000000067e-01 4.620270547945205530e-01
4.460000000000000075e-01 4.624040410958904501e-01
4.470000000000000084e-01 4.628114102564102605e-01
4.480000000000000093e-01 4.632030664395229702e-01
4.490000000000000102e-01 4.636272241086587531e-01
4.500000000000000111e-01 4.640009337860781513e-01
4.510000000000000120e-01 4.643503553299492270e-01
4.520000000000000129e-01 4.647336677908937563e-01
4.530000000000000138e-01 4.650253035413153824e-01
4.540000000000000147e-01 4.653421848739495714e-01
4.550000000000000155e-01 4.656231909547738912e-01
4.560000000000000164e-01 4.659971691792295090e-01
4.570000000000000173e-01 4.662233806343907272e-01
4.580000000000000182e-01 4.663416750000000111e-01
4.590000000000000191e-01 4.661855740432612749e-01
4.600000000000000200e-01 4.665890215588723300e-01
4.610000000000000209e-01 4.676522847682119122e-01
4.620000000000000218e-01 4.684199421487603154e-01
4.630000000000000226e-01 4.689322817133443344e-01
4.640000000000000235e-01 4.693573026315789876e-01
4.650000000000000244e-01 4.696781937602627632e-01
4.660000000000000253e-01 4.700037970540097976e-01
4.670000000000000262e-01 4.704366394779772031e-01
4.680000000000000271e-01 4.709260358890701714e-01
4.690000000000000280e-01 4.713830894308942976e-01
4.700000000000000289e-01 4.717506585365853766e-01
4.710000000000000298e-01 4.721579611650485453e-01
4.720000000000000306e-01 4.724544012944983939e-01
4.730000000000000315e-01 4.728143548387096495e-01
4.740000000000000324e-01 4.732142122186495103e-01
4.750000000000000333e-01 4.734480497592295500e-01
4.760000000000000342e-01 4.737250722311396323e-01
4.770000000000000351e-01 4.738900160000000250e-01
4.780000000000000360e-01 4.739435782747604131e-01
4.790000000000000369e-01 4.738251273885349946e-01
4.800000000000000377e-01 4.735231875993640149e-01
4.810000000000000386e-01 4.731030952380952392e-01
4.820000000000000395e-01 4.726213924050632897e-01
4.830000000000000404e-01 4.724717456556081774e-01
4.840000000000000413e-01 4.706594321766560673e-01
4.850000000000000422e-01 4.652451732283461316e-01
4.860000000000000431e-01 4.646725353218211785e-01
4.870000000000000440e-01 4.713575978090769891e-01
4.880000000000000449e-01 4.759304929577466980e-01
4.890000000000000457e-01 4.782332059282372039e-01
4.900000000000000466e-01 4.791223520249221490e-01
4.910000000000000475e-01 4.795126630434782822e-01
4.920000000000000484e-01 4.799398136645963153e-01
4.930000000000000493e-01 4.803046290571870713e-01
4.940000000000000502e-01 4.807163678516229166e-01
4.950000000000000511e-01 4.810496687211094358e-01
4.960000000000000520e-01 4.813802615384615846e-01
4.970000000000000528e-01 4.816469662058371903e-01
4.980000000000000537e-01 4.819089586523736535e-01
4.990000000000000546e-01 4.820466972477064349e-01
5.000000000000000000e-01 4.822391526717557664e-01
5.010000000000001119e-01 4.823388660578386555e-01
5.020000000000000018e-01 4.824247264437690474e-01
5.030000000000001137e-01 4.822783232169953749e-01
5.040000000000000036e-01 4.820864977307110499e-01
5.050000000000001155e-01 4.819049546142207818e-01
5.060000000000000053e-01 4.814636576168929150e-01
5.070000000000001172e-01 4.808805496987951233e-01
5.080000000000000071e-01 4.798022972972973421e-01
5.090000000000001190e-01 4.788735457271363072e-01
5.100000000000000089e-01 4.785553892215568816e-01
5.110000000000001208e-01 4.798122537313435076e-01
5.120000000000000107e-01 4.825926378539494577e-01
5.130000000000001226e-01 4.850128273809527490e-01
5.140000000000000124e-01 4.865575816023738343e-01
5.150000000000001243e-01 4.872879703703704157e-01
5.160000000000000142e-01 4.876630576070901113e-01
5.170000000000001261e-01 4.878034711964549519e-01
5.180000000000000160e-01 4.877695220588235125e-01
5.190000000000001279e-01 4.874166617647058275e-01
5.200000000000000178e-01 4.868854111600587342e-01
5.210000000000001297e-01 4.865176866764274743e-01
5.220000000000000195e-01 4.862735818713450064e-01
5.230000000000001315e-01 4.867312244897959994e-01
5.240000000000000213e-01 4.871892419825072928e-01
5.250000000000001332e-01 4.882732994186047559e-01
5.260000000000000231e-01 4.889174818577649018e-01
5.270000000000001350e-01 4.892450217076699803e-01
5.280000000000000249e-01 4.880566401734103277e-01
5.290000000000001368e-01 4.896890417867433842e-01
5.300000000000000266e-01 4.890917939481267962e-01
5.310000000000001386e-01 4.897602298850572411e-01
5.320000000000000284e-01 4.886193185078909207e-01
5.330000000000001403e-01 4.873355444126073466e-01
5.340000000000000302e-01 4.860819071428570948e-01
5.350000000000001421e-01 4.842373680456487084e-01
5.360000000000000320e-01 4.807734900284898472e-01
5.370000000000001439e-01 4.757427698863628263e-01
5.380000000000000338e-01 4.691931728045329320e-01
5.390000000000001457e-01 4.517981586402255445e-01
5.400000000000000355e-01 4.505761299435031564e-01
5.410000000000001474e-01 4.376291114245369762e-01
5.420000000000000373e-01 4.127070915492954684e-01
5.430000000000001492e-01 4.243325280898819774e-01
5.440000000000000391e-01 3.513214516128953524e-01
5.450000000000001510e-01 4.186140896358885310e-01
5.460000000000000409e-01 4.227987430167576832e-01
5.470000000000001528e-01 4.307382566248330602e-01
5.480000000000000426e-01 4.353357719054243846e-01
5.490000000000001545e-01 4.868366203059827368e-01
5.500000000000000444e-01 4.949690360610268236e-01
5.510000000000001563e-01 4.959869598337952046e-01
5.520000000000000462e-01 4.969722997237568940e-01
5.530000000000001581e-01 4.969273379310344407e-01
5.540000000000000480e-01 4.962380991735537150e-01
5.550000000000001599e-01 4.917803988995860243e-01
5.560000000000000497e-01 4.616499451303151536e-01
5.570000000000001616e-01 4.579629315068499129e-01
5.580000000000000515e-01 4.382659986320103784e-01
5.590000000000001634e-01 4.938426092896172070e-01
5.600000000000000533e-01 4.908227316076289037e-01
5.610000000000001652e-01 4.958525986394571872e-01
5.620000000000000551e-01 4.971374898236092243e-01
5.630000000000001670e-01 4.968784688346882805e-01
5.640000000000000568e-01 4.966259459459458347e-01
5.650000000000001688e-01 4.958647297297295031e-01
5.660000000000000586e-01 4.945084636118597388e-01
5.670000000000001705e-01 4.929654838709673914e-01
5.680000000000000604e-01 4.911106451612901602e-01
5.690000000000001723e-01 4.893736845637580157e-01
5.700000000000000622e-01 4.857260508701469748e-01
5.710000000000001741e-01 4.835487232620324094e-01
5.720000000000000639e-01 4.830444866666664949e-01
5.730000000000001759e-01 4.794140745672428872e-01
5.740000000000000657e-01 4.735319680851060031e-01
5.750000000000001776e-01 4.681514986737395634e-01
5.760000000000000675e-01 4.687728476821194645e-01
5.770000000000001794e-01 4.669548412698395490e-01
5.780000000000000693e-01 4.619325033025098448e-01
5.790000000000001812e-01 4.148364868421149931e-01
5.800000000000000711e-01 4.689474473684214773e-01
5.810000000000001830e-01 4.795953547963223151e-01
5.820000000000000728e-01 4.900721100917431183e-01
5.830000000000001847e-01 4.917168062827234065e-01
5.840000000000000746e-01 4.951704699738904702e-01
5.850000000000001865e-01 4.929099738903386929e-01
5.860000000000000764e-01 5.006768880208334327e-01
5.870000000000001883e-01 5.016011833550066967e-01
5.880000000000000782e-01 5.017736835278858720e-01
5.890000000000001901e-01 4.990258937823807694e-01
5.900000000000000799e-01 4.920857632600262876e-01
5.910000000000001918e-01 4.949550645994832410e-01
5.920000000000000817e-01 4.711553930412383240e-01
5.930000000000001936e-01 4.655501544401431935e-01
5.940000000000000835e-01 4.468420565552708723e-01
5.950000000000001954e-01 4.502675641025637998e-01
5.960000000000000853e-01 4.696318542199505175e-01
5.970000000000001972e-01 4.781141943734017463e-01
5.980000000000000870e-01 4.795031034482759580e-01
5.990000000000001990e-01 4.823987388535040388e-01
6.000000000000000888e-01 4.859578907242697032e-01
6.010000000000002007e-01 4.893099364675992380e-01
6.020000000000000906e-01 4.927563941698355765e-01
6.030000000000002025e-01 4.952672784810128737e-01
6.040000000000000924e-01 4.962162626262626164e-01
6.050000000000002043e-01 4.953992307692304253e-01
6.060000000000000941e-01 4.923891740226983837e-01
6.070000000000002061e-01 4.870600062814057774e-01
6.080000000000000959e-01 4.800551756587195795e-01
6.090000000000002078e-01 4.748674310776936358e-01
6.100000000000000977e-01 4.712690425531912974e-01
6.110000000000002096e-01 4.622714044943779244e-01
6.120000000000000995e-01 4.431313591022417175e-01
6.130000000000002114e-01 4.072037048567760387e-01
6.140000000000001013e-01 3.654105783582047295e-01
6.150000000000002132e-01 3.599418176178647566e-01
6.160000000000001030e-01 3.518610718711253083e-01
6.170000000000002149e-01 3.367370519159421094e-01
6.180000000000001048e-01 3.087492150803414215e-01
6.190000000000002167e-01 2.892521428571367403e-01
6.200000000000001066e-01 2.699900800492607278e-01
6.210000000000002185e-01 2.915994963145069896e-01
6.220000000000001084e-01 3.195515030674856427e-01
6.230000000000002203e-01 3.511902941176567872e-01
6.240000000000001101e-01 3.686853850855798531e-01
6.250000000000002220e-01 4.158796825396884889e-01
6.260000000000001119e-01 4.412907317073201385e-01
6.270000000000002238e-01 4.502267844092576743e-01
6.280000000000001137e-01 4.600017010935620876e-01
6.290000000000002256e-01 4.751681818181789918e-01
6.300000000000001155e-01 4.182796969696840339e-01
6.310000000000002274e-01 3.547553204353024459e-01
6.320000000000001172e-01 4.331232125604042027e-01
6.330000000000002292e-01 3.612232569360840362e-01
6.340000000000001190e-01 4.120883393501776348e-01
6.350000000000002309e-01 4.368060084033800750e-01
6.360000000000001208e-01 4.674231992797114876e-01
6.370000000000002327e-01 4.917851258992887997e-01
6.380000000000001226e-01 4.913604301075265579e-01
6.390000000000002345e-01 4.893742422434364525e-01
6.400000000000001243e-01 4.879823568019091007e-01
6.410000000000002363e-01 4.844853988095228492e-01
6.420000000000001261e-01 4.799256837098687667e-01
6.430000000000002380e-01 4.786604092526694498e-01
6.440000000000001279e-01 4.806004502369671250e-01
6.450000000000002398e-01 4.816891597633136124e-01
6.460000000000001297e-01 4.812787485242029373e-01
6.470000000000002416e-01 4.805339728453362769e-01
6.480000000000001315e-01 4.773792235294107567e-01
6.490000000000002434e-01 4.706094470588219059e-01
6.500000000000001332e-01 4.663469190140847043e-01
6.510000000000002451e-01 4.669709484777516684e-01
6.520000000000001350e-01 4.675511065573771941e-01
6.530000000000002469e-01 4.646330935672502993e-01
6.540000000000001368e-01 4.576422727272720370e-01
6.550000000000002487e-01 4.499183178114055659e-01
6.560000000000001386e-01 4.405780813953479313e-01
6.570000000000002505e-01 4.352251916376295160e-01
6.580000000000001403e-01 4.320630858468674784e-01
6.590000000000002522e-01 4.257361066048645504e-01
6.600000000000001421e-01 4.105825577367177570e-01
6.610000000000002540e-01 3.850628983833709329e-01
6.620000000000001439e-01 3.890626785714318969e-01
6.630000000000002558e-01 4.049180897583445904e-01
6.640000000000001457e-01 4.060015287356317226e-01
6.650000000000002576e-01 4.007519001148089344e-01
6.660000000000001474e-01 3.931041399082554344e-01
6.670000000000002593e-01 3.885203546910765415e-01
6.680000000000001492e-01 3.932430308219184711e-01
6.690000000000002611e-01 3.985564310148237976e-01
6.700000000000001510e-01 3.895447835990844543e-01
6.710000000000002629e-01 3.983715984072915273e-01
6.720000000000001528e-01 4.071724999999991046e-01
6.730000000000002647e-01 4.496270238095388949e-01
6.740000000000001545e-01 4.599011268403176977e-01
6.750000000000002665e-01 4.608664576271154778e-01
6.760000000000001563e-01 4.553596786922238793e-01
6.770000000000002682e-01 4.706834441939154456e-01
6.780000000000001581e-01 4.777758558558559132e-01
6.790000000000002700e-01 4.668223932584213975e-01
6.800000000000001599e-01 4.480504826038133048e-01
6.810000000000002718e-01 4.541577466367739402e-01
6.820000000000001616e-01 4.421248322147651177e-01
6.830000000000002736e-01 4.426746368715094304e-01
6.840000000000001634e-01 4.446550055741353424e-01
6.850000000000002753e-01 4.420356347438755829e-01
6.860000000000001652e-01 4.425512068965516410e-01
6.870000000000002771e-01 4.567294388888964995e-01
6.880000000000001670e-01 4.688380022197565222e-01
6.890000000000002789e-01 4.722773089701004512e-01
6.900000000000001688e-01 4.762246570796465628e-01
6.910000000000002807e-01 4.770997792494476308e-01
6.920000000000001705e-01 4.752527232635053722e-01
6.930000000000002824e-01 4.701317235682809237e-01
6.940000000000001723e-01 4.648399835164825356e-01
6.950000000000002842e-01 4.547427607025210095e-01
6.960000000000001741e-01 4.379281578947339937e-01
6.970000000000002860e-01 4.182159309967085625e-01
6.980000000000001759e-01 4.017387377049151387e-01
6.990000000000002878e-01 3.823703879781356063e-01
7.000000000000001776e-01 3.577396619411085665e-01
7.010000000000002895e-01 3.408753590859588956e-01
7.020000000000001794e-01 3.272669761129207155e-01
7.030000000000002913e-01 3.280584056399151183e-01
7.040000000000001812e-01 3.323035249457698126e-01
7.050000000000002931e-01 3.414112972973060156e-01
7.060000000000001830e-01 3.626218378378387452e-01
7.070000000000002949e-01 3.714315118790529335e-01
7.080000000000001847e-01 3.864792133620723047e-01
7.090000000000002967e-01 3.954918622174393161e-01
7.100000000000001865e-01 4.057865322580667122e-01
7.110000000000002984e-01 4.190221965628392886e-01
7.120000000000001883e-01 4.197476259378345453e-01
7.130000000000003002e-01 4.197114828693790378e-01
7.140000000000001901e-01 4.194113354700818030e-01
7.150000000000003020e-01 3.975824307036123217e-01
7.160000000000001918e-01 3.468547121535092148e-01
7.170000000000003038e-01 2.925145212765862812e-01
7.180000000000001936e-01 2.584784394904384719e-01
7.190000000000003055e-01 2.277007324840686908e-01
7.200000000000001954e-01 1.978384004237209448e-01
7.210000000000003073e-01 1.720300476190453065e-01
7.220000000000001972e-01 1.580217019027445602e-01
7.230000000000003091e-01 1.592523389651583909e-01
7.240000000000001990e-01 1.485977397260221933e-01
7.250000000000003109e-01 1.230139673340286122e-01
7.260000000000002007e-01 1.163848949579832787e-01
7.270000000000003126e-01 1.110792857142834655e-01
7.280000000000002025e-01 1.071051572327038209e-01
7.290000000000003144e-01 1.229222222222276645e-01
7.300000000000002043e-01 1.411257993730440918e-01
7.310000000000003162e-01 1.539897387669840467e-01
7.320000000000002061e-01 1.684475312499987276e-01
7.330000000000003180e-01 1.624880645161308479e-01
7.340000000000002078e-01 1.697081204569112489e-01
7.350000000000003197e-01 1.865599377593267494e-01
7.360000000000002096e-01 1.611821473029039775e-01
7.370000000000003215e-01 1.826108531541253688e-01
7.380000000000002114e-01 2.738166339193440768e-01
7.390000000000003233e-01 3.114540092879421462e-01
7.400000000000002132e-01 3.526182835051546172e-01
7.410000000000003251e-01 3.716620700309156700e-01
7.420000000000002149e-01 4.149339876670131710e-01
7.430000000000003268e-01 4.360195169578694463e-01
7.440000000000002167e-01 4.546604615384642334e-01
7.450000000000003286e-01 4.616039713408394141e-01
7.460000000000002185e-01 4.604779119754343064e-01
7.470000000000003304e-01 4.613470480081731107e-01
7.480000000000002203e-01 4.643602446483182655e-01
7.490000000000003322e-01 4.641458256880728883e-01
7.500000000000002220e-01 4.633938097660224575e-01
7.510000000000003340e-01 4.630911280487803316e-01
7.520000000000002238e-01 4.614219390862938641e-01
7.530000000000003357e-01 4.591688652482262545e-01
7.540000000000002256e-01 4.580612499999998644e-01
7.550000000000003375e-01 4.560280080889776988e-01
7.560000000000002274e-01 4.266499091826317924e-01
7.570000000000003393e-01 4.330597127016242442e-01
7.580000000000002292e-01 4.326829154078504214e-01
7.590000000000003411e-01 4.249863380281684311e-01
7.600000000000002309e-01 4.088366666666614635e-01
7.610000000000003428e-01 4.016496589769310566e-01
7.620000000000002327e-01 3.892175150300556385e-01
7.630000000000003446e-01 3.784722499999975120e-01
7.640000000000002345e-01 3.714444105894088577e-01
7.650000000000003464e-01 3.694873353293415263e-01
7.660000000000002363e-01 3.650820916334642230e-01
7.670000000000003482e-01 3.637939701492542977e-01
7.680000000000002380e-01 3.664010139165018720e-01
7.690000000000003499e-01 3.682292757936512229e-01
7.700000000000002398e-01 3.666737301587292830e-01
7.710000000000003517e-01 3.616915875370895761e-01
7.720000000000002416e-01 3.506479080118661273e-01
7.730000000000003535e-01 3.332595409674166120e-01
7.740000000000002434e-01 3.249869921104534543e-01
7.750000000000003553e-01 3.222166732283449631e-01
7.760000000000002451e-01 3.128034464110091561e-01
7.770000000000003570e-01 3.025415618860480826e-01
7.780000000000002469e-01 2.904124582924389464e-01
7.790000000000003588e-01 2.757333055827567714e-01
7.800000000000002487e-01 2.548044520547870229e-01
7.810000000000003606e-01 2.336329199218698804e-01
7.820000000000002505e-01 2.249609999999993004e-01
7.830000000000003624e-01 2.167415692007747252e-01
7.840000000000002522e-01 2.138905014605683719e-01
7.850000000000003642e-01 2.243484839650153051e-01
7.860000000000002540e-01 2.245893113482047010e-01
7.870000000000003659e-01 2.247520174587808173e-01
7.880000000000002558e-01 2.328012681510190640e-01
7.890000000000003677e-01 2.413698549323034237e-01
7.900000000000002576e-01 2.439584121621606871e-01
7.910000000000003695e-01 2.366791899710664060e-01
7.920000000000002593e-01 2.243830221366666655e-01
7.930000000000003713e-01 2.115604764196290788e-01
7.940000000000002611e-01 1.980025504322768248e-01
7.950000000000003730e-01 1.986599376797691940e-01
7.960000000000002629e-01 1.968574448705651680e-01
7.970000000000003748e-01 1.902548180076606421e-01
7.980000000000002647e-01 1.844094736842090687e-01
7.990000000000003766e-01 1.880204489016253366e-01
8.000000000000002665e-01 2.020414026717601841e-01
8.010000000000003784e-01 2.070863822688282785e-01
8.020000000000002682e-01 2.052163415794472090e-01
8.030000000000003801e-01 2.105746768060871299e-01
8.040000000000002700e-01 2.174084283000964901e-01
8.050000000000003819e-01 2.112846350710846088e-01
8.060000000000002718e-01 2.125985700757617725e-01
8.070000000000003837e-01 2.227207844990570784e-01
8.080000000000002736e-01 2.204659915014126614e-01
8.090000000000003855e-01 2.213214858490655523e-01
8.100000000000002753e-01 2.457035122410608785e-01
8.110000000000003872e-01 2.679203904045213691e-01
8.120000000000002771e-01 2.839224647887402253e-01
8.130000000000003890e-01 3.087792073170777529e-01
8.140000000000002789e-01 3.199716541705758810e-01
8.150000000000003908e-01 3.341890862230605386e-01
8.160000000000002807e-01 3.422899766136597854e-01
8.170000000000003926e-01 3.610530140186989367e-01
8.180000000000002824e-01 3.658703777985080063e-01
8.190000000000003944e-01 3.763946458527547279e-01
8.200000000000002842e-01 3.856577374301698447e-01
8.210000000000003961e-01 3.918102788104111944e-01
8.220000000000002860e-01 3.820826090993427737e-01
8.230000000000003979e-01 3.842849165894470231e-01
8.240000000000002878e-01 3.991152962962939976e-01
8.250000000000003997e-01 3.859024190564186996e-01
8.260000000000002895e-01 3.694783933518041019e-01
8.270000000000004015e-01 3.815035239852447857e-01
8.280000000000002913e-01 3.943695856353616747e-01
8.290000000000004032e-01 4.033474861878486584e-01
8.300000000000002931e-01 4.016285878564851419e-01
8.310000000000004050e-01 4.008586363636361671e-01
8.320000000000002949e-01 4.041159082568818728e-01
8.330000000000004068e-01 3.974627589367507041e-01
8.340000000000002967e-01 3.760256312900188136e-01
8.350000000000004086e-01 3.389643601462342115e-01
8.360000000000002984e-01 2.977238138686033042e-01
8.370000000000004103e-01 2.643437648131156115e-01
8.380000000000003002e-01 2.362794307832346841e-01
8.390000000000004121e-01 2.149872842870166612e-01
8.400000000000003020e-01 2.244560217983578021e-01
8.410000000000004139e-01 2.015041598546680746e-01
8.420000000000003038e-01 2.068513191296487697e-01
8.430000000000004157e-01 2.330577083333469079e-01
8.440000000000003055e-01 2.334211301989117804e-01
8.450000000000004174e-01 2.491808536585498057e-01
8.460000000000003073e-01 2.709493417493278322e-01
8.470000000000004192e-01 2.791429369369374802e-01
8.480000000000003091e-01 2.840103507194292054e-01
8.490000000000004210e-01 2.942354357592080749e-01
8.500000000000003109e-01 2.905922486534967542e-01
8.510000000000004228e-01 2.776344389587024342e-01
8.520000000000003126e-01 2.622742338709636578e-01
8.530000000000004245e-01 2.391024373881830978e-01
8.540000000000003144e-01 2.146923190348446198e-01
8.550000000000004263e-01 1.954077678571358168e-01
8.560000000000003162e-01 1.781674242424178822e-01
8.570000000000004281e-01 1.589480454140602961e-01
8.580000000000003180e-01 1.406898222222189299e-01
8.590000000000004299e-01 1.291452042628718488e-01
8.600000000000003197e-01 1.166052397868527074e-01
8.610000000000004317e-01 9.754882978722514975e-02
8.620000000000003215e-01 8.404035429583284200e-02
8.630000000000004334e-01 8.144809018567682191e-02
8.640000000000003233e-01 8.271795053003579146e-02
8.650000000000004352e-01 8.586253968254185798e-02
8.660000000000003251e-01 9.133832599119159901e-02
8.670000000000004370e-01 9.989902814424685140e-02
8.680000000000003268e-01 1.168059666080883408e-01
8.690000000000004388e-01 1.304966520210954772e-01
8.700000000000003286e-01 1.334822368421059169e-01
8.710000000000004405e-01 1.467316301489992036e-01
8.720000000000003304e-01 1.551485288966740206e-01
8.730000000000004423e-01 1.581570829694331493e-01
8.740000000000003322e-01 1.574061834061118159e-01
8.750000000000004441e-01 1.522640540540519394e-01
8.760000000000003340e-01 1.486664838990456317e-01
8.770000000000004459e-01 1.573305395996553169e-01
8.780000000000003357e-01 1.525690869565199947e-01
8.790000000000004476e-01 1.293566145833203729e-01
8.800000000000003375e-01 9.312124024283113810e-02
8.810000000000004494e-01 5.808761904760644662e-02
8.820000000000003393e-01 3.430040224912950936e-02
8.830000000000004512e-01 2.194375647668297957e-02
8.840000000000003411e-01 1.987121761657956870e-02
8.850000000000004530e-01 2.184781708369373451e-02
8.860000000000003428e-01 2.243706287683043185e-02
8.870000000000004547e-01 1.800433304646835084e-02
8.880000000000003446e-01 1.657342783505279249e-02
8.890000000000004565e-01 2.000537339055937988e-02
8.900000000000003464e-01 2.267390745501289898e-02
8.910000000000004583e-01 2.281838184931548816e-02
8.920000000000003482e-01 2.378584760274008586e-02
8.930000000000004601e-01 2.155520085469949179e-02
8.940000000000003499e-01 2.049053373185302090e-02
8.950000000000004619e-01 2.146717391304447942e-02
8.960000000000003517e-01 2.494064255319363224e-02
8.970000000000004636e-01 3.086426020408396254e-02
8.980000000000003535e-01 3.610660714285909845e-02
8.990000000000004654e-01 3.681612903225837258e-02
9.000000000000003553e-01 4.212792196777144504e-02
9.010000000000004672e-01 5.159158050847971466e-02
9.020000000000003570e-01 6.385631022823801128e-02
9.030000000000004690e-01 7.896695266273064118e-02
9.040000000000003588e-01 9.820028667791498578e-02
9.050000000000004707e-01 1.138663912310362153e-01
9.060000000000003606e-01 1.344477337826523455e-01
9.070000000000004725e-01 1.545170370370458901e-01
9.080000000000003624e-01 1.727718067226949317e-01
9.090000000000004743e-01 1.892679362416177236e-01
9.100000000000003642e-01 2.014217686504579941e-01
9.110000000000004761e-01 1.930772590108929543e-01
9.120000000000003659e-01 1.847182384937204602e-01
9.130000000000004778e-01 1.792339632107001757e-01
9.140000000000003677e-01 1.834297495826418545e-01
9.150000000000004796e-01 1.928378732276928853e-01
9.160000000000003695e-01 2.002681765195718500e-01
9.170000000000004814e-01 2.139359533721961193e-01
9.180000000000003713e-01 2.281035660847934854e-01
9.190000000000004832e-01 2.384935174418651993e-01
9.200000000000003730e-01 2.493198838174323362e-01
9.210000000000004849e-01 2.619615728476891170e-01
9.220000000000003748e-01 2.749942679900786446e-01
9.230000000000004867e-01 2.850976592225030748e-01
9.240000000000003766e-01 2.990244586776911184e-01
9.250000000000004885e-01 3.123278465346596144e-01
9.260000000000003784e-01 3.184301894563424939e-01
9.270000000000004903e-01 3.242532880658547390e-01
9.280000000000003801e-01 3.447718282662328715e-01
9.290000000000004921e-01 3.571670624486497081e-01
9.300000000000003819e-01 3.639549137931056277e-01
9.310000000000004938e-01 3.745958319672198500e-01
9.320000000000003837e-01 3.775713461538420246e-01
9.330000000000004956e-01 3.698679149632078667e-01
9.340000000000003855e-01 3.756038103025368668e-01
9.350000000000004974e-01 3.806998367346961509e-01
9.360000000000003872e-01 3.858827610114211604e-01
9.370000000000004992e-01 3.878521824104229632e-01
9.380000000000003890e-01 3.905786666666711260e-01
9.390000000000005009e-01 4.013522461413502329e-01
9.400000000000003908e-01 4.045732047116176733e-01
9.410000000000005027e-01 3.928376358475190178e-01
9.420000000000003926e-01 3.756556275303564729e-01
9.430000000000005045e-01 3.595516423948159068e-01
9.440000000000003944e-01 3.487650970088897462e-01
9.450000000000005063e-01 3.421240299110719363e-01
9.460000000000003961e-01 3.224583225806376130e-01
9.470000000000005080e-01 2.988967647058700106e-01
9.480000000000003979e-01 2.871548872785857354e-01
9.490000000000005098e-01 2.945744216867532406e-01
9.500000000000003997e-01 3.058354658634583334e-01
9.510000000000005116e-01 2.810110160642439459e-01
9.520000000000004015e-01 2.752052884615401318e-01
9.530000000000005134e-01 2.844574259407608996e-01
9.540000000000004032e-01 2.956392965627465674e-01
9.550000000000005151e-01 2.871061231015145654e-01
9.560000000000004050e-01 2.695557507987155210e-01
9.570000000000005169e-01 2.556549999999943035e-01
9.580000000000004068e-01 2.461486703821630651e-01
9.590000000000005187e-01 2.380015513126397808e-01
9.600000000000004086e-01 2.210564439140745019e-01
9.610000000000005205e-01 1.982072041302505583e-01
9.620000000000004103e-01 1.721658762886487393e-01
9.630000000000005222e-01 1.482200673533971835e-01
9.640000000000004121e-01 1.302070015822724414e-01
9.650000000000005240e-01 1.163699762658156750e-01
9.660000000000004139e-01 1.080490600315925226e-01
9.670000000000005258e-01 1.046385319652719109e-01
9.680000000000004157e-01 1.029460914105580494e-01
9.690000000000005276e-01 9.867344610542130856e-02
9.700000000000004174e-01 8.481034618410128456e-02
9.710000000000005294e-01 7.782865566037443228e-02
9.720000000000004192e-01 8.254137362638007402e-02
9.730000000000005311e-01 9.272558823529400418e-02
9.740000000000004210e-01 9.252950980392148084e-02
9.750000000000005329e-01 9.543383020344455014e-02
9.760000000000004228e-01 1.007021657544984045e-01
9.770000000000005347e-01 1.020068749999969715e-01
9.780000000000004245e-01 9.714961028838624280e-02
9.790000000000005365e-01 9.643254091971900643e-02
9.800000000000004263e-01 8.862100467289360517e-02
9.810000000000005382e-01 7.964306614785544858e-02
9.820000000000004281e-01 6.925416149067753491e-02
9.830000000000005400e-01 5.534499999999827058e-02
9.840000000000004299e-01 5.223406128781859364e-02
9.850000000000005418e-01 5.321170930232706903e-02
9.860000000000004317e-01 5.327643078112757891e-02
9.870000000000005436e-01 4.881414992271386477e-02
9.880000000000004334e-01 3.763563369396718400e-02
9.890000000000005453e-01 3.618219907407435598e-02
9.900000000000004352e-01 3.856819969159794304e-02
9.910000000000005471e-01 4.231387220939354654e-02
9.920000000000004370e-01 4.519301000769950644e-02
9.930000000000005489e-01 4.683707916987019798e-02
9.940000000000004388e-01 4.628083269378283765e-02
9.950000000000005507e-01 4.475952453987674245e-02
9.960000000000004405e-01 4.384269525268152251e-02
9.970000000000005524e-01 4.759843797856240510e-02
9.980000000000004423e-01 5.209024464831998880e-02
9.990000000000005542e-01 7.886874045804705136e-02
